8.689999999999999503e+00 9.273076923076924771e+00 9.522307692307693472e+00 9.500769230769229523e+00 9.959230769230769553e+00 1.010307692307692307e+01 1.032384615384615145e+01 1.013153846153846516e+01 6.783551345091414220e-01
8.688461538461536904e+00 8.689999999999999503e+00 9.273076923076924771e+00 9.522307692307693472e+00 9.500769230769229523e+00 9.959230769230769553e+00 1.010307692307692307e+01 1.032384615384615145e+01 6.681773475015910790e-01
8.677692307692307594e+00 8.688461538461536904e+00 8.689999999999999503e+00 9.273076923076924771e+00 9.522307692307693472e+00 9.500769230769229523e+00 9.959230769230769553e+00 1.010307692307692307e+01 6.666469858888822708e-01
8.017692307692307452e+00 8.677692307692307594e+00 8.688461538461536904e+00 8.689999999999999503e+00 9.273076923076924771e+00 9.522307692307693472e+00 9.500769230769229523e+00 9.959230769230769553e+00 6.635365559398372914e-01
8.192142857142856727e+00 8.017692307692307452e+00 8.677692307692307594e+00 8.688461538461536904e+00 8.689999999999999503e+00 9.273076923076924771e+00 9.522307692307693472e+00 9.500769230769229523e+00 6.728876859175099145e-01
7.723333333333333606e+00 8.192142857142856727e+00 8.017692307692307452e+00 8.677692307692307594e+00 8.688461538461536904e+00 8.689999999999999503e+00 9.273076923076924771e+00 9.522307692307693472e+00 6.616152564032460326e-01
7.453076923076922711e+00 7.723333333333333606e+00 8.192142857142856727e+00 8.017692307692307452e+00 8.677692307692307594e+00 8.688461538461536904e+00 8.689999999999999503e+00 9.273076923076924771e+00 6.614509459941441127e-01
7.087692307692306848e+00 7.453076923076922711e+00 7.723333333333333606e+00 8.192142857142856727e+00 8.017692307692307452e+00 8.677692307692307594e+00 8.688461538461536904e+00 8.689999999999999503e+00 6.534073806513756022e-01
7.046428571428571708e+00 7.087692307692306848e+00 7.453076923076922711e+00 7.723333333333333606e+00 8.192142857142856727e+00 8.017692307692307452e+00 8.677692307692307594e+00 8.688461538461536904e+00 6.429355750364517119e-01
7.295833333333333393e+00 7.046428571428571708e+00 7.087692307692306848e+00 7.453076923076922711e+00 7.723333333333333606e+00 8.192142857142856727e+00 8.017692307692307452e+00 8.677692307692307594e+00 6.571416295948505626e-01
8.427692307692307594e+00 7.295833333333333393e+00 7.046428571428571708e+00 7.087692307692306848e+00 7.453076923076922711e+00 7.723333333333333606e+00 8.192142857142856727e+00 8.017692307692307452e+00 7.254755676204959203e-01
8.594285714285716082e+00 8.427692307692307594e+00 7.295833333333333393e+00 7.046428571428571708e+00 7.087692307692306848e+00 7.453076923076922711e+00 7.723333333333333606e+00 8.192142857142856727e+00 7.984507288724411733e-01
9.105384615384615188e+00 8.594285714285716082e+00 8.427692307692307594e+00 7.295833333333333393e+00 7.046428571428571708e+00 7.087692307692306848e+00 7.453076923076922711e+00 7.723333333333333606e+00 8.913984709642550630e-01
8.785384615384616680e+00 9.105384615384615188e+00 8.594285714285716082e+00 8.427692307692307594e+00 7.295833333333333393e+00 7.046428571428571708e+00 7.087692307692306848e+00 7.453076923076922711e+00 9.169762972859777372e-01
7.917692307692306919e+00 8.785384615384616680e+00 9.105384615384615188e+00 8.594285714285716082e+00 8.427692307692307594e+00 7.295833333333333393e+00 7.046428571428571708e+00 7.087692307692306848e+00 8.643836519749544811e-01
7.696153846153847233e+00 7.917692307692306919e+00 8.785384615384616680e+00 9.105384615384615188e+00 8.594285714285716082e+00 8.427692307692307594e+00 7.295833333333333393e+00 7.046428571428571708e+00 7.779315177483047128e-01
7.339230769230768558e+00 7.696153846153847233e+00 7.917692307692306919e+00 8.785384615384616680e+00 9.105384615384615188e+00 8.594285714285716082e+00 8.427692307692307594e+00 7.295833333333333393e+00 6.867409371384232131e-01
7.272307692307691696e+00 7.339230769230768558e+00 7.696153846153847233e+00 7.917692307692306919e+00 8.785384615384616680e+00 9.105384615384615188e+00 8.594285714285716082e+00 8.427692307692307594e+00 6.389555123290086014e-01
8.102307692307693543e+00 7.272307692307691696e+00 7.339230769230768558e+00 7.696153846153847233e+00 7.917692307692306919e+00 8.785384615384616680e+00 9.105384615384615188e+00 8.594285714285716082e+00 6.602334978359126749e-01
8.146923076923076934e+00 8.102307692307693543e+00 7.272307692307691696e+00 7.339230769230768558e+00 7.696153846153847233e+00 7.917692307692306919e+00 8.785384615384616680e+00 9.105384615384615188e+00 7.020387547065846112e-01
7.703076923076921823e+00 8.146923076923076934e+00 8.102307692307693543e+00 7.272307692307691696e+00 7.339230769230768558e+00 7.696153846153847233e+00 7.917692307692306919e+00 8.785384615384616680e+00 7.546776539020844110e-01
7.793076923076923457e+00 7.703076923076921823e+00 8.146923076923076934e+00 8.102307692307693543e+00 7.272307692307691696e+00 7.339230769230768558e+00 7.696153846153847233e+00 7.917692307692306919e+00 7.822258417529840413e-01
7.926923076923075406e+00 7.793076923076923457e+00 7.703076923076921823e+00 8.146923076923076934e+00 8.102307692307693543e+00 7.272307692307691696e+00 7.339230769230768558e+00 7.696153846153847233e+00 7.702425821465609390e-01
7.469999999999999751e+00 7.926923076923075406e+00 7.793076923076923457e+00 7.703076923076921823e+00 8.146923076923076934e+00 8.102307692307693543e+00 7.272307692307691696e+00 7.339230769230768558e+00 7.514394675839377591e-01
7.205384615384615721e+00 7.469999999999999751e+00 7.926923076923075406e+00 7.793076923076923457e+00 7.703076923076921823e+00 8.146923076923076934e+00 8.102307692307693543e+00 7.272307692307691696e+00 7.238618446984627086e-01
7.049999999999998934e+00 7.205384615384615721e+00 7.469999999999999751e+00 7.926923076923075406e+00 7.793076923076923457e+00 7.703076923076921823e+00 8.146923076923076934e+00 8.102307692307693543e+00 6.843635658726888726e-01
7.097692307692307523e+00 7.049999999999998934e+00 7.205384615384615721e+00 7.469999999999999751e+00 7.926923076923075406e+00 7.793076923076923457e+00 7.703076923076921823e+00 8.146923076923076934e+00 6.763724080797252070e-01
6.872307692307692228e+00 7.097692307692307523e+00 7.049999999999998934e+00 7.205384615384615721e+00 7.469999999999999751e+00 7.926923076923075406e+00 7.793076923076923457e+00 7.703076923076921823e+00 6.804113443390353844e-01
6.764285714285713347e+00 6.872307692307692228e+00 7.097692307692307523e+00 7.049999999999998934e+00 7.205384615384615721e+00 7.469999999999999751e+00 7.926923076923075406e+00 7.793076923076923457e+00 6.821524378339683947e-01
6.877500000000001279e+00 6.764285714285713347e+00 6.872307692307692228e+00 7.097692307692307523e+00 7.049999999999998934e+00 7.205384615384615721e+00 7.469999999999999751e+00 7.926923076923075406e+00 6.918211432129146576e-01
7.181538461538461426e+00 6.877500000000001279e+00 6.764285714285713347e+00 6.872307692307692228e+00 7.097692307692307523e+00 7.049999999999998934e+00 7.205384615384615721e+00 7.469999999999999751e+00 7.224532006557627950e-01
7.786153846153845315e+00 7.181538461538461426e+00 6.877500000000001279e+00 6.764285714285713347e+00 6.872307692307692228e+00 7.097692307692307523e+00 7.049999999999998934e+00 7.205384615384615721e+00 7.739555228517701613e-01
7.840714285714285303e+00 7.786153846153845315e+00 7.181538461538461426e+00 6.877500000000001279e+00 6.764285714285713347e+00 6.872307692307692228e+00 7.097692307692307523e+00 7.049999999999998934e+00 8.209103098043404323e-01
8.256923076923076366e+00 7.840714285714285303e+00 7.786153846153845315e+00 7.181538461538461426e+00 6.877500000000001279e+00 6.764285714285713347e+00 6.872307692307692228e+00 7.097692307692307523e+00 8.649853890628402819e-01
8.316153846153843787e+00 8.256923076923076366e+00 7.840714285714285303e+00 7.786153846153845315e+00 7.181538461538461426e+00 6.877500000000001279e+00 6.764285714285713347e+00 6.872307692307692228e+00 8.815033116064437957e-01
8.019999999999999574e+00 8.316153846153843787e+00 8.256923076923076366e+00 7.840714285714285303e+00 7.786153846153845315e+00 7.181538461538461426e+00 6.877500000000001279e+00 6.764285714285713347e+00 8.596129193333875707e-01
7.620769230769231406e+00 8.019999999999999574e+00 8.316153846153843787e+00 8.256923076923076366e+00 7.840714285714285303e+00 7.786153846153845315e+00 7.181538461538461426e+00 6.877500000000001279e+00 8.070133550256485266e-01
7.006923076923076366e+00 7.620769230769231406e+00 8.019999999999999574e+00 8.316153846153843787e+00 8.256923076923076366e+00 7.840714285714285303e+00 7.786153846153845315e+00 7.181538461538461426e+00 7.290343462642534522e-01
7.129999999999999893e+00 7.006923076923076366e+00 7.620769230769231406e+00 8.019999999999999574e+00 8.316153846153843787e+00 8.256923076923076366e+00 7.840714285714285303e+00 7.786153846153845315e+00 6.757058830555646711e-01
6.963846153846152909e+00 7.129999999999999893e+00 7.006923076923076366e+00 7.620769230769231406e+00 8.019999999999999574e+00 8.316153846153843787e+00 8.256923076923076366e+00 7.840714285714285303e+00 6.505797948483386106e-01
6.770769230769230873e+00 6.963846153846152909e+00 7.129999999999999893e+00 7.006923076923076366e+00 7.620769230769231406e+00 8.019999999999999574e+00 8.316153846153843787e+00 8.256923076923076366e+00 6.476909116958785573e-01
6.971538461538461462e+00 6.770769230769230873e+00 6.963846153846152909e+00 7.129999999999999893e+00 7.006923076923076366e+00 7.620769230769231406e+00 8.019999999999999574e+00 8.316153846153843787e+00 6.687203438253050969e-01
6.813076923076921254e+00 6.971538461538461462e+00 6.770769230769230873e+00 6.963846153846152909e+00 7.129999999999999893e+00 7.006923076923076366e+00 7.620769230769231406e+00 8.019999999999999574e+00 6.902947482627675990e-01
6.289230769230768736e+00 6.813076923076921254e+00 6.971538461538461462e+00 6.770769230769230873e+00 6.963846153846152909e+00 7.129999999999999893e+00 7.006923076923076366e+00 7.620769230769231406e+00 6.989126359205098948e-01
6.075384615384616716e+00 6.289230769230768736e+00 6.813076923076921254e+00 6.971538461538461462e+00 6.770769230769230873e+00 6.963846153846152909e+00 7.129999999999999893e+00 7.006923076923076366e+00 6.880744073082549761e-01
5.840769230769231157e+00 6.075384615384616716e+00 6.289230769230768736e+00 6.813076923076921254e+00 6.971538461538461462e+00 6.770769230769230873e+00 6.963846153846152909e+00 7.129999999999999893e+00 6.540193992317683280e-01
5.506923076923076366e+00 5.840769230769231157e+00 6.075384615384616716e+00 6.289230769230768736e+00 6.813076923076921254e+00 6.971538461538461462e+00 6.770769230769230873e+00 6.963846153846152909e+00 6.331236897274634678e-01
6.033846153846154969e+00 5.506923076923076366e+00 5.840769230769231157e+00 6.075384615384616716e+00 6.289230769230768736e+00 6.813076923076921254e+00 6.971538461538461462e+00 6.770769230769230873e+00 6.474869620035532680e-01
5.919285714285714484e+00 6.033846153846154969e+00 5.506923076923076366e+00 5.840769230769231157e+00 6.075384615384616716e+00 6.289230769230768736e+00 6.813076923076921254e+00 6.971538461538461462e+00 6.677081669874516123e-01
5.597500000000000142e+00 5.919285714285714484e+00 6.033846153846154969e+00 5.506923076923076366e+00 5.840769230769231157e+00 6.075384615384616716e+00 6.289230769230768736e+00 6.813076923076921254e+00 7.015072386106084856e-01
6.106153846153845599e+00 5.597500000000000142e+00 5.919285714285714484e+00 6.033846153846154969e+00 5.506923076923076366e+00 5.840769230769231157e+00 6.075384615384616716e+00 6.289230769230768736e+00 7.431979961257193512e-01
5.894285714285714128e+00 6.106153846153845599e+00 5.597500000000000142e+00 5.919285714285714484e+00 6.033846153846154969e+00 5.506923076923076366e+00 5.840769230769231157e+00 6.075384615384616716e+00 7.502236974018307025e-01
5.736153846153846381e+00 5.894285714285714128e+00 6.106153846153845599e+00 5.597500000000000142e+00 5.919285714285714484e+00 6.033846153846154969e+00 5.506923076923076366e+00 5.840769230769231157e+00 7.612002593880800028e-01
5.768461538461538751e+00 5.736153846153846381e+00 5.894285714285714128e+00 6.106153846153845599e+00 5.597500000000000142e+00 5.919285714285714484e+00 6.033846153846154969e+00 5.506923076923076366e+00 7.545856939455137802e-01
5.708461538461539142e+00 5.768461538461538751e+00 5.736153846153846381e+00 5.894285714285714128e+00 6.106153846153845599e+00 5.597500000000000142e+00 5.919285714285714484e+00 6.033846153846154969e+00 7.276168931387158034e-01
5.763846153846154508e+00 5.708461538461539142e+00 5.768461538461538751e+00 5.736153846153846381e+00 5.894285714285714128e+00 6.106153846153845599e+00 5.597500000000000142e+00 5.919285714285714484e+00 7.331123901465725901e-01
6.226153846153845706e+00 5.763846153846154508e+00 5.708461538461539142e+00 5.768461538461538751e+00 5.736153846153846381e+00 5.894285714285714128e+00 6.106153846153845599e+00 5.597500000000000142e+00 7.584807873212922047e-01
6.246923076923075691e+00 6.226153846153845706e+00 5.763846153846154508e+00 5.708461538461539142e+00 5.768461538461538751e+00 5.736153846153846381e+00 5.894285714285714128e+00 6.106153846153845599e+00 7.758723865803942576e-01
6.602307692307691767e+00 6.246923076923075691e+00 6.226153846153845706e+00 5.763846153846154508e+00 5.708461538461539142e+00 5.768461538461538751e+00 5.736153846153846381e+00 5.894285714285714128e+00 8.255111115338337191e-01
6.560000000000000497e+00 6.602307692307691767e+00 6.246923076923075691e+00 6.226153846153845706e+00 5.763846153846154508e+00 5.708461538461539142e+00 5.768461538461538751e+00 5.736153846153846381e+00 8.447271509876128626e-01
6.243846153846153157e+00 6.560000000000000497e+00 6.602307692307691767e+00 6.246923076923075691e+00 6.226153846153845706e+00 5.763846153846154508e+00 5.708461538461539142e+00 5.768461538461538751e+00 8.269577474022353769e-01
6.214615384615384208e+00 6.243846153846153157e+00 6.560000000000000497e+00 6.602307692307691767e+00 6.246923076923075691e+00 6.226153846153845706e+00 5.763846153846154508e+00 5.708461538461539142e+00 7.942433100966943549e-01
6.358461538461538609e+00 6.214615384615384208e+00 6.243846153846153157e+00 6.560000000000000497e+00 6.602307692307691767e+00 6.246923076923075691e+00 6.226153846153845706e+00 5.763846153846154508e+00 7.575485429376606072e-01
6.551538461538461533e+00 6.358461538461538609e+00 6.214615384615384208e+00 6.243846153846153157e+00 6.560000000000000497e+00 6.602307692307691767e+00 6.246923076923075691e+00 6.226153846153845706e+00 7.460241253075677870e-01
6.224615384615384883e+00 6.551538461538461533e+00 6.358461538461538609e+00 6.214615384615384208e+00 6.243846153846153157e+00 6.560000000000000497e+00 6.602307692307691767e+00 6.246923076923075691e+00 7.458994272691836791e-01
5.872307692307692228e+00 6.224615384615384883e+00 6.551538461538461533e+00 6.358461538461538609e+00 6.214615384615384208e+00 6.243846153846153157e+00 6.560000000000000497e+00 6.602307692307691767e+00 7.278650133605549799e-01
6.086923076923076437e+00 5.872307692307692228e+00 6.224615384615384883e+00 6.551538461538461533e+00 6.358461538461538609e+00 6.214615384615384208e+00 6.243846153846153157e+00 6.560000000000000497e+00 7.165504698393452276e-01
6.322307692307692406e+00 6.086923076923076437e+00 5.872307692307692228e+00 6.224615384615384883e+00 6.551538461538461533e+00 6.358461538461538609e+00 6.214615384615384208e+00 6.243846153846153157e+00 7.206404075320658187e-01
5.841428571428570748e+00 6.322307692307692406e+00 6.086923076923076437e+00 5.872307692307692228e+00 6.224615384615384883e+00 6.551538461538461533e+00 6.358461538461538609e+00 6.214615384615384208e+00 7.199689610626066605e-01
5.059999999999999609e+00 5.841428571428570748e+00 6.322307692307692406e+00 6.086923076923076437e+00 5.872307692307692228e+00 6.224615384615384883e+00 6.551538461538461533e+00 6.358461538461538609e+00 6.887587173661798845e-01
5.012307692307691909e+00 5.059999999999999609e+00 5.841428571428570748e+00 6.322307692307692406e+00 6.086923076923076437e+00 5.872307692307692228e+00 6.224615384615384883e+00 6.551538461538461533e+00 6.433591598102108566e-01
5.162307692307692264e+00 5.012307692307691909e+00 5.059999999999999609e+00 5.841428571428570748e+00 6.322307692307692406e+00 6.086923076923076437e+00 5.872307692307692228e+00 6.224615384615384883e+00 6.216648879402348893e-01
4.922142857142857153e+00 5.162307692307692264e+00 5.012307692307691909e+00 5.059999999999999609e+00 5.841428571428570748e+00 6.322307692307692406e+00 6.086923076923076437e+00 5.872307692307692228e+00 6.258250994219178853e-01
4.995833333333333570e+00 4.922142857142857153e+00 5.162307692307692264e+00 5.012307692307691909e+00 5.059999999999999609e+00 5.841428571428570748e+00 6.322307692307692406e+00 6.086923076923076437e+00 6.469265267190565938e-01
4.922307692307692051e+00 4.995833333333333570e+00 4.922142857142857153e+00 5.162307692307692264e+00 5.012307692307691909e+00 5.059999999999999609e+00 5.841428571428570748e+00 6.322307692307692406e+00 6.673976680438320486e-01
4.447142857142856620e+00 4.922307692307692051e+00 4.995833333333333570e+00 4.922142857142857153e+00 5.162307692307692264e+00 5.012307692307691909e+00 5.059999999999999609e+00 5.841428571428570748e+00 6.815929931036400768e-01
4.436153846153846558e+00 4.447142857142856620e+00 4.922307692307692051e+00 4.995833333333333570e+00 4.922142857142857153e+00 5.162307692307692264e+00 5.012307692307691909e+00 5.059999999999999609e+00 6.849119402049322902e-01
4.846923076923077112e+00 4.436153846153846558e+00 4.447142857142856620e+00 4.922307692307692051e+00 4.995833333333333570e+00 4.922142857142857153e+00 5.162307692307692264e+00 5.012307692307691909e+00 6.833473785054630101e-01
4.650769230769229878e+00 4.846923076923077112e+00 4.436153846153846558e+00 4.447142857142856620e+00 4.922307692307692051e+00 4.995833333333333570e+00 4.922142857142857153e+00 5.162307692307692264e+00 6.966020428671559905e-01
4.291538461538461746e+00 4.650769230769229878e+00 4.846923076923077112e+00 4.436153846153846558e+00 4.447142857142856620e+00 4.922307692307692051e+00 4.995833333333333570e+00 4.922142857142857153e+00 7.149336692325991560e-01
4.002307692307692122e+00 4.291538461538461746e+00 4.650769230769229878e+00 4.846923076923077112e+00 4.436153846153846558e+00 4.447142857142856620e+00 4.922307692307692051e+00 4.995833333333333570e+00 6.884907192332438974e-01
3.922307692307692495e+00 4.002307692307692122e+00 4.291538461538461746e+00 4.650769230769229878e+00 4.846923076923077112e+00 4.436153846153846558e+00 4.447142857142856620e+00 4.922307692307692051e+00 6.549328965817906578e-01
3.794615384615384279e+00 3.922307692307692495e+00 4.002307692307692122e+00 4.291538461538461746e+00 4.650769230769229878e+00 4.846923076923077112e+00 4.436153846153846558e+00 4.447142857142856620e+00 6.375734603956548785e-01
3.553846153846152767e+00 3.794615384615384279e+00 3.922307692307692495e+00 4.002307692307692122e+00 4.291538461538461746e+00 4.650769230769229878e+00 4.846923076923077112e+00 4.436153846153846558e+00 6.184105009918540174e-01
3.359230769230769464e+00 3.553846153846152767e+00 3.794615384615384279e+00 3.922307692307692495e+00 4.002307692307692122e+00 4.291538461538461746e+00 4.650769230769229878e+00 4.846923076923077112e+00 6.018418435730034100e-01
3.496923076923077023e+00 3.359230769230769464e+00 3.553846153846152767e+00 3.794615384615384279e+00 3.922307692307692495e+00 4.002307692307692122e+00 4.291538461538461746e+00 4.650769230769229878e+00 6.171842933369818818e-01
3.672307692307692051e+00 3.496923076923077023e+00 3.359230769230769464e+00 3.553846153846152767e+00 3.794615384615384279e+00 3.922307692307692495e+00 4.002307692307692122e+00 4.291538461538461746e+00 6.575862400307485034e-01
4.439999999999999503e+00 3.672307692307692051e+00 3.496923076923077023e+00 3.359230769230769464e+00 3.553846153846152767e+00 3.794615384615384279e+00 3.922307692307692495e+00 4.002307692307692122e+00 7.601108033240997486e-01
4.293076923076923457e+00 4.439999999999999503e+00 3.672307692307692051e+00 3.496923076923077023e+00 3.359230769230769464e+00 3.553846153846152767e+00 3.794615384615384279e+00 3.922307692307692495e+00 8.479415321520585858e-01
4.364615384615384563e+00 4.293076923076923457e+00 4.439999999999999503e+00 3.672307692307692051e+00 3.496923076923077023e+00 3.359230769230769464e+00 3.553846153846152767e+00 3.794615384615384279e+00 9.220729990252356512e-01
4.227692307692307416e+00 4.364615384615384563e+00 4.293076923076923457e+00 4.439999999999999503e+00 3.672307692307692051e+00 3.496923076923077023e+00 3.359230769230769464e+00 3.553846153846152767e+00 9.150051892718633617e-01
4.134285714285715230e+00 4.227692307692307416e+00 4.364615384615384563e+00 4.293076923076923457e+00 4.439999999999999503e+00 3.672307692307692051e+00 3.496923076923077023e+00 3.359230769230769464e+00 8.502272176664488201e-01
3.963571428571428079e+00 4.134285714285715230e+00 4.227692307692307416e+00 4.364615384615384563e+00 4.293076923076923457e+00 4.439999999999999503e+00 3.672307692307692051e+00 3.496923076923077023e+00 7.750792959761181322e-01
3.716666666666666341e+00 3.963571428571428079e+00 4.134285714285715230e+00 4.227692307692307416e+00 4.364615384615384563e+00 4.293076923076923457e+00 4.439999999999999503e+00 3.672307692307692051e+00 7.045035068290882441e-01
3.819230769230768541e+00 3.716666666666666341e+00 3.963571428571428079e+00 4.134285714285715230e+00 4.227692307692307416e+00 4.364615384615384563e+00 4.293076923076923457e+00 4.439999999999999503e+00 6.637352716693833976e-01
3.954615384615385310e+00 3.819230769230768541e+00 3.716666666666666341e+00 3.963571428571428079e+00 4.134285714285715230e+00 4.227692307692307416e+00 4.364615384615384563e+00 4.293076923076923457e+00 6.751313390883636467e-01
3.897857142857142687e+00 3.954615384615385310e+00 3.819230769230768541e+00 3.716666666666666341e+00 3.963571428571428079e+00 4.134285714285715230e+00 4.227692307692307416e+00 4.364615384615384563e+00 6.993162387534936908e-01
3.738461538461538503e+00 3.897857142857142687e+00 3.954615384615385310e+00 3.819230769230768541e+00 3.716666666666666341e+00 3.963571428571428079e+00 4.134285714285715230e+00 4.227692307692307416e+00 7.225269863740930720e-01
3.589230769230769447e+00 3.738461538461538503e+00 3.897857142857142687e+00 3.954615384615385310e+00 3.819230769230768541e+00 3.716666666666666341e+00 3.963571428571428079e+00 4.134285714285715230e+00 7.180328560232333013e-01
3.444999999999999840e+00 3.589230769230769447e+00 3.738461538461538503e+00 3.897857142857142687e+00 3.954615384615385310e+00 3.819230769230768541e+00 3.716666666666666341e+00 3.963571428571428079e+00 6.970773637610171436e-01
3.842307692307691980e+00 3.444999999999999840e+00 3.589230769230769447e+00 3.738461538461538503e+00 3.897857142857142687e+00 3.954615384615385310e+00 3.819230769230768541e+00 3.716666666666666341e+00 7.068025065311441812e-01
4.173076923076923350e+00 3.842307692307691980e+00 3.444999999999999840e+00 3.589230769230769447e+00 3.738461538461538503e+00 3.897857142857142687e+00 3.954615384615385310e+00 3.819230769230768541e+00 7.436899434867095815e-01
3.979999999999999538e+00 4.173076923076923350e+00 3.842307692307691980e+00 3.444999999999999840e+00 3.589230769230769447e+00 3.738461538461538503e+00 3.897857142857142687e+00 3.954615384615385310e+00 7.902012096467700975e-01
