-1.000000000000000000e+08 -1.000000000000000000e+08 -1.000000000000000000e+08 -1.000000000000000000e+08 -1.000000000000000000e+08 -1.000000000000000000e+08 -1.000000000000000000e+08 -1.000000000000000000e+08
3.435766666666666424e+04 -1.000000000000000000e+08 -1.000000000000000000e+08 -1.000000000000000000e+08 -1.000000000000000000e+08 -1.000000000000000000e+08 -1.000000000000000000e+08 -1.000000000000000000e+08
3.459466666666666424e+04 3.435766666666666424e+04 -1.000000000000000000e+08 -1.000000000000000000e+08 -1.000000000000000000e+08 -1.000000000000000000e+08 -1.000000000000000000e+08 -1.000000000000000000e+08
3.462300000000000000e+04 3.459466666666666424e+04 3.435766666666666424e+04 -1.000000000000000000e+08 -1.000000000000000000e+08 -1.000000000000000000e+08 -1.000000000000000000e+08 -1.000000000000000000e+08
3.458033333333333576e+04 3.462300000000000000e+04 3.459466666666666424e+04 3.435766666666666424e+04 -1.000000000000000000e+08 -1.000000000000000000e+08 -1.000000000000000000e+08 -1.000000000000000000e+08
3.471033333333333576e+04 3.458033333333333576e+04 3.462300000000000000e+04 3.459466666666666424e+04 3.435766666666666424e+04 -1.000000000000000000e+08 -1.000000000000000000e+08 -1.000000000000000000e+08
3.560933333333333576e+04 3.471033333333333576e+04 3.458033333333333576e+04 3.462300000000000000e+04 3.459466666666666424e+04 3.435766666666666424e+04 -1.000000000000000000e+08 -1.000000000000000000e+08
3.585400000000000000e+04 3.560933333333333576e+04 3.471033333333333576e+04 3.458033333333333576e+04 3.462300000000000000e+04 3.459466666666666424e+04 3.435766666666666424e+04 -1.000000000000000000e+08
3.633233333333333576e+04 3.585400000000000000e+04 3.560933333333333576e+04 3.471033333333333576e+04 3.458033333333333576e+04 3.462300000000000000e+04 3.459466666666666424e+04 3.435766666666666424e+04
3.721500000000000000e+04 3.633233333333333576e+04 3.585400000000000000e+04 3.560933333333333576e+04 3.471033333333333576e+04 3.458033333333333576e+04 3.462300000000000000e+04 3.459466666666666424e+04
3.723833333333333576e+04 3.721500000000000000e+04 3.633233333333333576e+04 3.585400000000000000e+04 3.560933333333333576e+04 3.471033333333333576e+04 3.458033333333333576e+04 3.462300000000000000e+04
3.761433333333333576e+04 3.723833333333333576e+04 3.721500000000000000e+04 3.633233333333333576e+04 3.585400000000000000e+04 3.560933333333333576e+04 3.471033333333333576e+04 3.458033333333333576e+04
3.793666666666666424e+04 3.761433333333333576e+04 3.723833333333333576e+04 3.721500000000000000e+04 3.633233333333333576e+04 3.585400000000000000e+04 3.560933333333333576e+04 3.471033333333333576e+04
3.841466666666666424e+04 3.793666666666666424e+04 3.761433333333333576e+04 3.723833333333333576e+04 3.721500000000000000e+04 3.633233333333333576e+04 3.585400000000000000e+04 3.560933333333333576e+04
3.915633333333333576e+04 3.841466666666666424e+04 3.793666666666666424e+04 3.761433333333333576e+04 3.723833333333333576e+04 3.721500000000000000e+04 3.633233333333333576e+04 3.585400000000000000e+04
3.969866666666666424e+04 3.915633333333333576e+04 3.841466666666666424e+04 3.793666666666666424e+04 3.761433333333333576e+04 3.723833333333333576e+04 3.721500000000000000e+04 3.633233333333333576e+04
4.015966666666666424e+04 3.969866666666666424e+04 3.915633333333333576e+04 3.841466666666666424e+04 3.793666666666666424e+04 3.761433333333333576e+04 3.723833333333333576e+04 3.721500000000000000e+04
4.025866666666666424e+04 4.015966666666666424e+04 3.969866666666666424e+04 3.915633333333333576e+04 3.841466666666666424e+04 3.793666666666666424e+04 3.761433333333333576e+04 3.723833333333333576e+04
4.007933333333333576e+04 4.025866666666666424e+04 4.015966666666666424e+04 3.969866666666666424e+04 3.915633333333333576e+04 3.841466666666666424e+04 3.793666666666666424e+04 3.761433333333333576e+04
4.051300000000000000e+04 4.007933333333333576e+04 4.025866666666666424e+04 4.015966666666666424e+04 3.969866666666666424e+04 3.915633333333333576e+04 3.841466666666666424e+04 3.793666666666666424e+04
4.102666666666666424e+04 4.051300000000000000e+04 4.007933333333333576e+04 4.025866666666666424e+04 4.015966666666666424e+04 3.969866666666666424e+04 3.915633333333333576e+04 3.841466666666666424e+04
4.104000000000000000e+04 4.102666666666666424e+04 4.051300000000000000e+04 4.007933333333333576e+04 4.025866666666666424e+04 4.015966666666666424e+04 3.969866666666666424e+04 3.915633333333333576e+04
4.104933333333333576e+04 4.104000000000000000e+04 4.102666666666666424e+04 4.051300000000000000e+04 4.007933333333333576e+04 4.025866666666666424e+04 4.015966666666666424e+04 3.969866666666666424e+04
4.130433333333333576e+04 4.104933333333333576e+04 4.104000000000000000e+04 4.102666666666666424e+04 4.051300000000000000e+04 4.007933333333333576e+04 4.025866666666666424e+04 4.015966666666666424e+04
4.189100000000000000e+04 4.130433333333333576e+04 4.104933333333333576e+04 4.104000000000000000e+04 4.102666666666666424e+04 4.051300000000000000e+04 4.007933333333333576e+04 4.025866666666666424e+04
4.200366666666666424e+04 4.189100000000000000e+04 4.130433333333333576e+04 4.104933333333333576e+04 4.104000000000000000e+04 4.102666666666666424e+04 4.051300000000000000e+04 4.007933333333333576e+04
4.236766666666666424e+04 4.200366666666666424e+04 4.189100000000000000e+04 4.130433333333333576e+04 4.104933333333333576e+04 4.104000000000000000e+04 4.102666666666666424e+04 4.051300000000000000e+04
4.253033333333333576e+04 4.236766666666666424e+04 4.200366666666666424e+04 4.189100000000000000e+04 4.130433333333333576e+04 4.104933333333333576e+04 4.104000000000000000e+04 4.102666666666666424e+04
4.277566666666666424e+04 4.253033333333333576e+04 4.236766666666666424e+04 4.200366666666666424e+04 4.189100000000000000e+04 4.130433333333333576e+04 4.104933333333333576e+04 4.104000000000000000e+04
4.285866666666666424e+04 4.277566666666666424e+04 4.253033333333333576e+04 4.236766666666666424e+04 4.200366666666666424e+04 4.189100000000000000e+04 4.130433333333333576e+04 4.104933333333333576e+04
4.308700000000000000e+04 4.285866666666666424e+04 4.277566666666666424e+04 4.253033333333333576e+04 4.236766666666666424e+04 4.200366666666666424e+04 4.189100000000000000e+04 4.130433333333333576e+04
4.372066666666666424e+04 4.308700000000000000e+04 4.285866666666666424e+04 4.277566666666666424e+04 4.253033333333333576e+04 4.236766666666666424e+04 4.200366666666666424e+04 4.189100000000000000e+04
4.450766666666666424e+04 4.372066666666666424e+04 4.308700000000000000e+04 4.285866666666666424e+04 4.277566666666666424e+04 4.253033333333333576e+04 4.236766666666666424e+04 4.200366666666666424e+04
4.555033333333333576e+04 4.450766666666666424e+04 4.372066666666666424e+04 4.308700000000000000e+04 4.285866666666666424e+04 4.277566666666666424e+04 4.253033333333333576e+04 4.236766666666666424e+04
4.584700000000000000e+04 4.555033333333333576e+04 4.450766666666666424e+04 4.372066666666666424e+04 4.308700000000000000e+04 4.285866666666666424e+04 4.277566666666666424e+04 4.253033333333333576e+04
4.636800000000000000e+04 4.584700000000000000e+04 4.555033333333333576e+04 4.450766666666666424e+04 4.372066666666666424e+04 4.308700000000000000e+04 4.285866666666666424e+04 4.277566666666666424e+04
4.693633333333333576e+04 4.636800000000000000e+04 4.584700000000000000e+04 4.555033333333333576e+04 4.450766666666666424e+04 4.372066666666666424e+04 4.308700000000000000e+04 4.285866666666666424e+04
4.721633333333333576e+04 4.693633333333333576e+04 4.636800000000000000e+04 4.584700000000000000e+04 4.555033333333333576e+04 4.450766666666666424e+04 4.372066666666666424e+04 4.308700000000000000e+04
4.695566666666666424e+04 4.721633333333333576e+04 4.693633333333333576e+04 4.636800000000000000e+04 4.584700000000000000e+04 4.555033333333333576e+04 4.450766666666666424e+04 4.372066666666666424e+04
4.634433333333333576e+04 4.695566666666666424e+04 4.721633333333333576e+04 4.693633333333333576e+04 4.636800000000000000e+04 4.584700000000000000e+04 4.555033333333333576e+04 4.450766666666666424e+04
4.515900000000000000e+04 4.634433333333333576e+04 4.695566666666666424e+04 4.721633333333333576e+04 4.693633333333333576e+04 4.636800000000000000e+04 4.584700000000000000e+04 4.555033333333333576e+04
4.444000000000000000e+04 4.515900000000000000e+04 4.634433333333333576e+04 4.695566666666666424e+04 4.721633333333333576e+04 4.693633333333333576e+04 4.636800000000000000e+04 4.584700000000000000e+04
4.440066666666666424e+04 4.444000000000000000e+04 4.515900000000000000e+04 4.634433333333333576e+04 4.695566666666666424e+04 4.721633333333333576e+04 4.693633333333333576e+04 4.636800000000000000e+04
4.454300000000000000e+04 4.440066666666666424e+04 4.444000000000000000e+04 4.515900000000000000e+04 4.634433333333333576e+04 4.695566666666666424e+04 4.721633333333333576e+04 4.693633333333333576e+04
4.495000000000000000e+04 4.454300000000000000e+04 4.440066666666666424e+04 4.444000000000000000e+04 4.515900000000000000e+04 4.634433333333333576e+04 4.695566666666666424e+04 4.721633333333333576e+04
4.569733333333333576e+04 4.495000000000000000e+04 4.454300000000000000e+04 4.440066666666666424e+04 4.444000000000000000e+04 4.515900000000000000e+04 4.634433333333333576e+04 4.695566666666666424e+04
4.576966666666666424e+04 4.569733333333333576e+04 4.495000000000000000e+04 4.454300000000000000e+04 4.440066666666666424e+04 4.444000000000000000e+04 4.515900000000000000e+04 4.634433333333333576e+04
4.523100000000000000e+04 4.576966666666666424e+04 4.569733333333333576e+04 4.495000000000000000e+04 4.454300000000000000e+04 4.440066666666666424e+04 4.444000000000000000e+04 4.515900000000000000e+04
4.462166666666666424e+04 4.523100000000000000e+04 4.576966666666666424e+04 4.569733333333333576e+04 4.495000000000000000e+04 4.454300000000000000e+04 4.440066666666666424e+04 4.444000000000000000e+04
4.515566666666666424e+04 4.462166666666666424e+04 4.523100000000000000e+04 4.576966666666666424e+04 4.569733333333333576e+04 4.495000000000000000e+04 4.454300000000000000e+04 4.440066666666666424e+04
4.597433333333333576e+04 4.515566666666666424e+04 4.462166666666666424e+04 4.523100000000000000e+04 4.576966666666666424e+04 4.569733333333333576e+04 4.495000000000000000e+04 4.454300000000000000e+04
4.665833333333333576e+04 4.597433333333333576e+04 4.515566666666666424e+04 4.462166666666666424e+04 4.523100000000000000e+04 4.576966666666666424e+04 4.569733333333333576e+04 4.495000000000000000e+04
4.762833333333333576e+04 4.665833333333333576e+04 4.597433333333333576e+04 4.515566666666666424e+04 4.462166666666666424e+04 4.523100000000000000e+04 4.576966666666666424e+04 4.569733333333333576e+04
4.874600000000000000e+04 4.762833333333333576e+04 4.665833333333333576e+04 4.597433333333333576e+04 4.515566666666666424e+04 4.462166666666666424e+04 4.523100000000000000e+04 4.576966666666666424e+04
4.961400000000000000e+04 4.874600000000000000e+04 4.762833333333333576e+04 4.665833333333333576e+04 4.597433333333333576e+04 4.515566666666666424e+04 4.462166666666666424e+04 4.523100000000000000e+04
5.018833333333333576e+04 4.961400000000000000e+04 4.874600000000000000e+04 4.762833333333333576e+04 4.665833333333333576e+04 4.597433333333333576e+04 4.515566666666666424e+04 4.462166666666666424e+04
5.062033333333333576e+04 5.018833333333333576e+04 4.961400000000000000e+04 4.874600000000000000e+04 4.762833333333333576e+04 4.665833333333333576e+04 4.597433333333333576e+04 4.515566666666666424e+04
5.079433333333333576e+04 5.062033333333333576e+04 5.018833333333333576e+04 4.961400000000000000e+04 4.874600000000000000e+04 4.762833333333333576e+04 4.665833333333333576e+04 4.597433333333333576e+04
5.138766666666666424e+04 5.079433333333333576e+04 5.062033333333333576e+04 5.018833333333333576e+04 4.961400000000000000e+04 4.874600000000000000e+04 4.762833333333333576e+04 4.665833333333333576e+04
5.202333333333333576e+04 5.138766666666666424e+04 5.079433333333333576e+04 5.062033333333333576e+04 5.018833333333333576e+04 4.961400000000000000e+04 4.874600000000000000e+04 4.762833333333333576e+04
5.184800000000000000e+04 5.202333333333333576e+04 5.138766666666666424e+04 5.079433333333333576e+04 5.062033333333333576e+04 5.018833333333333576e+04 4.961400000000000000e+04 4.874600000000000000e+04
5.199366666666666424e+04 5.184800000000000000e+04 5.202333333333333576e+04 5.138766666666666424e+04 5.079433333333333576e+04 5.062033333333333576e+04 5.018833333333333576e+04 4.961400000000000000e+04
5.203500000000000000e+04 5.199366666666666424e+04 5.184800000000000000e+04 5.202333333333333576e+04 5.138766666666666424e+04 5.079433333333333576e+04 5.062033333333333576e+04 5.018833333333333576e+04
5.251966666666666424e+04 5.203500000000000000e+04 5.199366666666666424e+04 5.184800000000000000e+04 5.202333333333333576e+04 5.138766666666666424e+04 5.079433333333333576e+04 5.062033333333333576e+04
5.288366666666666424e+04 5.251966666666666424e+04 5.203500000000000000e+04 5.199366666666666424e+04 5.184800000000000000e+04 5.202333333333333576e+04 5.138766666666666424e+04 5.079433333333333576e+04
5.224600000000000000e+04 5.288366666666666424e+04 5.251966666666666424e+04 5.203500000000000000e+04 5.199366666666666424e+04 5.184800000000000000e+04 5.202333333333333576e+04 5.138766666666666424e+04
5.129666666666666424e+04 5.224600000000000000e+04 5.288366666666666424e+04 5.251966666666666424e+04 5.203500000000000000e+04 5.199366666666666424e+04 5.184800000000000000e+04 5.202333333333333576e+04
5.139266666666666424e+04 5.129666666666666424e+04 5.224600000000000000e+04 5.288366666666666424e+04 5.251966666666666424e+04 5.203500000000000000e+04 5.199366666666666424e+04 5.184800000000000000e+04
5.067000000000000000e+04 5.139266666666666424e+04 5.129666666666666424e+04 5.224600000000000000e+04 5.288366666666666424e+04 5.251966666666666424e+04 5.203500000000000000e+04 5.199366666666666424e+04
4.923400000000000000e+04 5.067000000000000000e+04 5.139266666666666424e+04 5.129666666666666424e+04 5.224600000000000000e+04 5.288366666666666424e+04 5.251966666666666424e+04 5.203500000000000000e+04
4.694733333333333576e+04 4.923400000000000000e+04 5.067000000000000000e+04 5.139266666666666424e+04 5.129666666666666424e+04 5.224600000000000000e+04 5.288366666666666424e+04 5.251966666666666424e+04
4.489166666666666424e+04 4.694733333333333576e+04 4.923400000000000000e+04 5.067000000000000000e+04 5.139266666666666424e+04 5.129666666666666424e+04 5.224600000000000000e+04 5.288366666666666424e+04
4.362966666666666424e+04 4.489166666666666424e+04 4.694733333333333576e+04 4.923400000000000000e+04 5.067000000000000000e+04 5.139266666666666424e+04 5.129666666666666424e+04 5.224600000000000000e+04
4.356133333333333576e+04 4.362966666666666424e+04 4.489166666666666424e+04 4.694733333333333576e+04 4.923400000000000000e+04 5.067000000000000000e+04 5.139266666666666424e+04 5.129666666666666424e+04
4.428666666666666424e+04 4.356133333333333576e+04 4.362966666666666424e+04 4.489166666666666424e+04 4.694733333333333576e+04 4.923400000000000000e+04 5.067000000000000000e+04 5.139266666666666424e+04
4.498633333333333576e+04 4.428666666666666424e+04 4.356133333333333576e+04 4.362966666666666424e+04 4.489166666666666424e+04 4.694733333333333576e+04 4.923400000000000000e+04 5.067000000000000000e+04
4.536766666666666424e+04 4.498633333333333576e+04 4.428666666666666424e+04 4.356133333333333576e+04 4.362966666666666424e+04 4.489166666666666424e+04 4.694733333333333576e+04 4.923400000000000000e+04
4.611833333333333576e+04 4.536766666666666424e+04 4.498633333333333576e+04 4.428666666666666424e+04 4.356133333333333576e+04 4.362966666666666424e+04 4.489166666666666424e+04 4.694733333333333576e+04
4.632700000000000000e+04 4.611833333333333576e+04 4.536766666666666424e+04 4.498633333333333576e+04 4.428666666666666424e+04 4.356133333333333576e+04 4.362966666666666424e+04 4.489166666666666424e+04
4.644333333333333576e+04 4.632700000000000000e+04 4.611833333333333576e+04 4.536766666666666424e+04 4.498633333333333576e+04 4.428666666666666424e+04 4.356133333333333576e+04 4.362966666666666424e+04
4.686533333333333576e+04 4.644333333333333576e+04 4.632700000000000000e+04 4.611833333333333576e+04 4.536766666666666424e+04 4.498633333333333576e+04 4.428666666666666424e+04 4.356133333333333576e+04
4.654866666666666424e+04 4.686533333333333576e+04 4.644333333333333576e+04 4.632700000000000000e+04 4.611833333333333576e+04 4.536766666666666424e+04 4.498633333333333576e+04 4.428666666666666424e+04
4.730600000000000000e+04 4.654866666666666424e+04 4.686533333333333576e+04 4.644333333333333576e+04 4.632700000000000000e+04 4.611833333333333576e+04 4.536766666666666424e+04 4.498633333333333576e+04
4.814633333333333576e+04 4.730600000000000000e+04 4.654866666666666424e+04 4.686533333333333576e+04 4.644333333333333576e+04 4.632700000000000000e+04 4.611833333333333576e+04 4.536766666666666424e+04
4.861233333333333576e+04 4.814633333333333576e+04 4.730600000000000000e+04 4.654866666666666424e+04 4.686533333333333576e+04 4.644333333333333576e+04 4.632700000000000000e+04 4.611833333333333576e+04
4.873933333333333576e+04 4.861233333333333576e+04 4.814633333333333576e+04 4.730600000000000000e+04 4.654866666666666424e+04 4.686533333333333576e+04 4.644333333333333576e+04 4.632700000000000000e+04
4.853200000000000000e+04 4.873933333333333576e+04 4.861233333333333576e+04 4.814633333333333576e+04 4.730600000000000000e+04 4.654866666666666424e+04 4.686533333333333576e+04 4.644333333333333576e+04
4.859033333333333576e+04 4.853200000000000000e+04 4.873933333333333576e+04 4.861233333333333576e+04 4.814633333333333576e+04 4.730600000000000000e+04 4.654866666666666424e+04 4.686533333333333576e+04
4.907600000000000000e+04 4.859033333333333576e+04 4.853200000000000000e+04 4.873933333333333576e+04 4.861233333333333576e+04 4.814633333333333576e+04 4.730600000000000000e+04 4.654866666666666424e+04
4.989933333333333576e+04 4.907600000000000000e+04 4.859033333333333576e+04 4.853200000000000000e+04 4.873933333333333576e+04 4.861233333333333576e+04 4.814633333333333576e+04 4.730600000000000000e+04
5.044433333333333576e+04 4.989933333333333576e+04 4.907600000000000000e+04 4.859033333333333576e+04 4.853200000000000000e+04 4.873933333333333576e+04 4.861233333333333576e+04 4.814633333333333576e+04
5.088166666666666424e+04 5.044433333333333576e+04 4.989933333333333576e+04 4.907600000000000000e+04 4.859033333333333576e+04 4.853200000000000000e+04 4.873933333333333576e+04 4.861233333333333576e+04
5.136133333333333576e+04 5.088166666666666424e+04 5.044433333333333576e+04 4.989933333333333576e+04 4.907600000000000000e+04 4.859033333333333576e+04 4.853200000000000000e+04 4.873933333333333576e+04
5.202233333333333576e+04 5.136133333333333576e+04 5.088166666666666424e+04 5.044433333333333576e+04 4.989933333333333576e+04 4.907600000000000000e+04 4.859033333333333576e+04 4.853200000000000000e+04
5.323066666666666424e+04 5.202233333333333576e+04 5.136133333333333576e+04 5.088166666666666424e+04 5.044433333333333576e+04 4.989933333333333576e+04 4.907600000000000000e+04 4.859033333333333576e+04
5.287233333333333576e+04 5.323066666666666424e+04 5.202233333333333576e+04 5.136133333333333576e+04 5.088166666666666424e+04 5.044433333333333576e+04 4.989933333333333576e+04 4.907600000000000000e+04
5.309133333333333576e+04 5.287233333333333576e+04 5.323066666666666424e+04 5.202233333333333576e+04 5.136133333333333576e+04 5.088166666666666424e+04 5.044433333333333576e+04 4.989933333333333576e+04
5.327433333333333576e+04 5.309133333333333576e+04 5.287233333333333576e+04 5.323066666666666424e+04 5.202233333333333576e+04 5.136133333333333576e+04 5.088166666666666424e+04 5.044433333333333576e+04
5.328433333333333576e+04 5.327433333333333576e+04 5.309133333333333576e+04 5.287233333333333576e+04 5.323066666666666424e+04 5.202233333333333576e+04 5.136133333333333576e+04 5.088166666666666424e+04
5.403800000000000000e+04 5.328433333333333576e+04 5.327433333333333576e+04 5.309133333333333576e+04 5.287233333333333576e+04 5.323066666666666424e+04 5.202233333333333576e+04 5.136133333333333576e+04
5.438033333333333576e+04 5.403800000000000000e+04 5.328433333333333576e+04 5.327433333333333576e+04 5.309133333333333576e+04 5.287233333333333576e+04 5.323066666666666424e+04 5.202233333333333576e+04
5.491700000000000000e+04 5.438033333333333576e+04 5.403800000000000000e+04 5.328433333333333576e+04 5.327433333333333576e+04 5.309133333333333576e+04 5.287233333333333576e+04 5.323066666666666424e+04
5.524566666666666424e+04 5.491700000000000000e+04 5.438033333333333576e+04 5.403800000000000000e+04 5.328433333333333576e+04 5.327433333333333576e+04 5.309133333333333576e+04 5.287233333333333576e+04
