1.589410869565217297e+02 1.128488043478261034e+02 8.455483516483519679e+01 1.209094444444444321e+02 1.388489130434782908e+02 1.219118478260869125e+02 8.060560439560438795e+01 9.569466666666669141e+01
1.532521978021977702e+02 1.589410869565217297e+02 1.128488043478261034e+02 8.455483516483519679e+01 1.209094444444444321e+02 1.388489130434782908e+02 1.219118478260869125e+02 8.060560439560438795e+01
1.062736263736263851e+02 1.532521978021977702e+02 1.589410869565217297e+02 1.128488043478261034e+02 8.455483516483519679e+01 1.209094444444444321e+02 1.388489130434782908e+02 1.219118478260869125e+02
1.516116304347826258e+02 1.062736263736263851e+02 1.532521978021977702e+02 1.589410869565217297e+02 1.128488043478261034e+02 8.455483516483519679e+01 1.209094444444444321e+02 1.388489130434782908e+02
1.499322826086957434e+02 1.516116304347826258e+02 1.062736263736263851e+02 1.532521978021977702e+02 1.589410869565217297e+02 1.128488043478261034e+02 8.455483516483519679e+01 1.209094444444444321e+02
1.231352222222222395e+02 1.499322826086957434e+02 1.516116304347826258e+02 1.062736263736263851e+02 1.532521978021977702e+02 1.589410869565217297e+02 1.128488043478261034e+02 8.455483516483519679e+01
1.350451648351647975e+02 1.231352222222222395e+02 1.499322826086957434e+02 1.516116304347826258e+02 1.062736263736263851e+02 1.532521978021977702e+02 1.589410869565217297e+02 1.128488043478261034e+02
1.336160869565217695e+02 1.350451648351647975e+02 1.231352222222222395e+02 1.499322826086957434e+02 1.516116304347826258e+02 1.062736263736263851e+02 1.532521978021977702e+02 1.589410869565217297e+02
9.006163043478262864e+01 1.336160869565217695e+02 1.350451648351647975e+02 1.231352222222222395e+02 1.499322826086957434e+02 1.516116304347826258e+02 1.062736263736263851e+02 1.532521978021977702e+02
8.678822222222223104e+01 9.006163043478262864e+01 1.336160869565217695e+02 1.350451648351647975e+02 1.231352222222222395e+02 1.499322826086957434e+02 1.516116304347826258e+02 1.062736263736263851e+02
1.015046153846153487e+02 8.678822222222223104e+01 9.006163043478262864e+01 1.336160869565217695e+02 1.350451648351647975e+02 1.231352222222222395e+02 1.499322826086957434e+02 1.516116304347826258e+02
9.307173913043479274e+01 1.015046153846153487e+02 8.678822222222223104e+01 9.006163043478262864e+01 1.336160869565217695e+02 1.350451648351647975e+02 1.231352222222222395e+02 1.499322826086957434e+02
9.634586956521738443e+01 9.307173913043479274e+01 1.015046153846153487e+02 8.678822222222223104e+01 9.006163043478262864e+01 1.336160869565217695e+02 1.350451648351647975e+02 1.231352222222222395e+02
1.222897777777777719e+02 9.634586956521738443e+01 9.307173913043479274e+01 1.015046153846153487e+02 8.678822222222223104e+01 9.006163043478262864e+01 1.336160869565217695e+02 1.350451648351647975e+02
7.563967032967032367e+01 1.222897777777777719e+02 9.634586956521738443e+01 9.307173913043479274e+01 1.015046153846153487e+02 8.678822222222223104e+01 9.006163043478262864e+01 1.336160869565217695e+02
6.349619565217390971e+01 7.563967032967032367e+01 1.222897777777777719e+02 9.634586956521738443e+01 9.307173913043479274e+01 1.015046153846153487e+02 8.678822222222223104e+01 9.006163043478262864e+01
9.525293478260867630e+01 6.349619565217390971e+01 7.563967032967032367e+01 1.222897777777777719e+02 9.634586956521738443e+01 9.307173913043479274e+01 1.015046153846153487e+02 8.678822222222223104e+01
9.597439560439563877e+01 9.525293478260867630e+01 6.349619565217390971e+01 7.563967032967032367e+01 1.222897777777777719e+02 9.634586956521738443e+01 9.307173913043479274e+01 1.015046153846153487e+02
7.080802197802194087e+01 9.597439560439563877e+01 9.525293478260867630e+01 6.349619565217390971e+01 7.563967032967032367e+01 1.222897777777777719e+02 9.634586956521738443e+01 9.307173913043479274e+01
6.917489130434783817e+01 7.080802197802194087e+01 9.597439560439563877e+01 9.525293478260867630e+01 6.349619565217390971e+01 7.563967032967032367e+01 1.222897777777777719e+02 9.634586956521738443e+01
6.569260869565215444e+01 6.917489130434783817e+01 7.080802197802194087e+01 9.597439560439563877e+01 9.525293478260867630e+01 6.349619565217390971e+01 7.563967032967032367e+01 1.222897777777777719e+02
6.721722222222223309e+01 6.569260869565215444e+01 6.917489130434783817e+01 7.080802197802194087e+01 9.597439560439563877e+01 9.525293478260867630e+01 6.349619565217390971e+01 7.563967032967032367e+01
7.138692307692309669e+01 6.721722222222223309e+01 6.569260869565215444e+01 6.917489130434783817e+01 7.080802197802194087e+01 9.597439560439563877e+01 9.525293478260867630e+01 6.349619565217390971e+01
5.893684782608698214e+01 7.138692307692309669e+01 6.721722222222223309e+01 6.569260869565215444e+01 6.917489130434783817e+01 7.080802197802194087e+01 9.597439560439563877e+01 9.525293478260867630e+01
7.318510869565220389e+01 5.893684782608698214e+01 7.138692307692309669e+01 6.721722222222223309e+01 6.569260869565215444e+01 6.917489130434783817e+01 7.080802197802194087e+01 9.597439560439563877e+01
8.914455555555556998e+01 7.318510869565220389e+01 5.893684782608698214e+01 7.138692307692309669e+01 6.721722222222223309e+01 6.569260869565215444e+01 6.917489130434783817e+01 7.080802197802194087e+01
6.901175824175824403e+01 8.914455555555556998e+01 7.318510869565220389e+01 5.893684782608698214e+01 7.138692307692309669e+01 6.721722222222223309e+01 6.569260869565215444e+01 6.917489130434783817e+01
1.141785869565217837e+02 6.901175824175824403e+01 8.914455555555556998e+01 7.318510869565220389e+01 5.893684782608698214e+01 7.138692307692309669e+01 6.721722222222223309e+01 6.569260869565215444e+01
9.762413043478262864e+01 1.141785869565217837e+02 6.901175824175824403e+01 8.914455555555556998e+01 7.318510869565220389e+01 5.893684782608698214e+01 7.138692307692309669e+01 6.721722222222223309e+01
7.062788888888889005e+01 9.762413043478262864e+01 1.141785869565217837e+02 6.901175824175824403e+01 8.914455555555556998e+01 7.318510869565220389e+01 5.893684782608698214e+01 7.138692307692309669e+01
4.991978021978020763e+01 7.062788888888889005e+01 9.762413043478262864e+01 1.141785869565217837e+02 6.901175824175824403e+01 8.914455555555556998e+01 7.318510869565220389e+01 5.893684782608698214e+01
6.094750000000001222e+01 4.991978021978020763e+01 7.062788888888889005e+01 9.762413043478262864e+01 1.141785869565217837e+02 6.901175824175824403e+01 8.914455555555556998e+01 7.318510869565220389e+01
6.130184782608698413e+01 6.094750000000001222e+01 4.991978021978020763e+01 7.062788888888889005e+01 9.762413043478262864e+01 1.141785869565217837e+02 6.901175824175824403e+01 8.914455555555556998e+01
5.787186813186813339e+01 6.130184782608698413e+01 6.094750000000001222e+01 4.991978021978020763e+01 7.062788888888889005e+01 9.762413043478262864e+01 1.141785869565217837e+02 6.901175824175824403e+01
6.827417582417582764e+01 5.787186813186813339e+01 6.130184782608698413e+01 6.094750000000001222e+01 4.991978021978020763e+01 7.062788888888889005e+01 9.762413043478262864e+01 1.141785869565217837e+02
5.637565217391302497e+01 6.827417582417582764e+01 5.787186813186813339e+01 6.130184782608698413e+01 6.094750000000001222e+01 4.991978021978020763e+01 7.062788888888889005e+01 9.762413043478262864e+01
1.098393478260869358e+02 5.637565217391302497e+01 6.827417582417582764e+01 5.787186813186813339e+01 6.130184782608698413e+01 6.094750000000001222e+01 4.991978021978020763e+01 7.062788888888889005e+01
1.233474444444444487e+02 1.098393478260869358e+02 5.637565217391302497e+01 6.827417582417582764e+01 5.787186813186813339e+01 6.130184782608698413e+01 6.094750000000001222e+01 4.991978021978020763e+01
9.074868131868133503e+01 1.233474444444444487e+02 1.098393478260869358e+02 5.637565217391302497e+01 6.827417582417582764e+01 5.787186813186813339e+01 6.130184782608698413e+01 6.094750000000001222e+01
1.346954347826087144e+02 9.074868131868133503e+01 1.233474444444444487e+02 1.098393478260869358e+02 5.637565217391302497e+01 6.827417582417582764e+01 5.787186813186813339e+01 6.130184782608698413e+01
1.729882608695651527e+02 1.346954347826087144e+02 9.074868131868133503e+01 1.233474444444444487e+02 1.098393478260869358e+02 5.637565217391302497e+01 6.827417582417582764e+01 5.787186813186813339e+01
1.083032222222222316e+02 1.729882608695651527e+02 1.346954347826087144e+02 9.074868131868133503e+01 1.233474444444444487e+02 1.098393478260869358e+02 5.637565217391302497e+01 6.827417582417582764e+01
8.381571428571427873e+01 1.083032222222222316e+02 1.729882608695651527e+02 1.346954347826087144e+02 9.074868131868133503e+01 1.233474444444444487e+02 1.098393478260869358e+02 5.637565217391302497e+01
1.266659782608695508e+02 8.381571428571427873e+01 1.083032222222222316e+02 1.729882608695651527e+02 1.346954347826087144e+02 9.074868131868133503e+01 1.233474444444444487e+02 1.098393478260869358e+02
1.344988043478260522e+02 1.266659782608695508e+02 8.381571428571427873e+01 1.083032222222222316e+02 1.729882608695651527e+02 1.346954347826087144e+02 9.074868131868133503e+01 1.233474444444444487e+02
1.966336666666666133e+02 1.344988043478260522e+02 1.266659782608695508e+02 8.381571428571427873e+01 1.083032222222222316e+02 1.729882608695651527e+02 1.346954347826087144e+02 9.074868131868133503e+01
1.138378021978022332e+02 1.966336666666666133e+02 1.344988043478260522e+02 1.266659782608695508e+02 8.381571428571427873e+01 1.083032222222222316e+02 1.729882608695651527e+02 1.346954347826087144e+02
8.940249999999998920e+01 1.138378021978022332e+02 1.966336666666666133e+02 1.344988043478260522e+02 1.266659782608695508e+02 8.381571428571427873e+01 1.083032222222222316e+02 1.729882608695651527e+02
6.700489130434782226e+01 8.940249999999998920e+01 1.138378021978022332e+02 1.966336666666666133e+02 1.344988043478260522e+02 1.266659782608695508e+02 8.381571428571427873e+01 1.083032222222222316e+02
7.975527472527471673e+01 6.700489130434782226e+01 8.940249999999998920e+01 1.138378021978022332e+02 1.966336666666666133e+02 1.344988043478260522e+02 1.266659782608695508e+02 8.381571428571427873e+01
7.203186813186812287e+01 7.975527472527471673e+01 6.700489130434782226e+01 8.940249999999998920e+01 1.138378021978022332e+02 1.966336666666666133e+02 1.344988043478260522e+02 1.266659782608695508e+02
6.873684782608694377e+01 7.203186813186812287e+01 7.975527472527471673e+01 6.700489130434782226e+01 8.940249999999998920e+01 1.138378021978022332e+02 1.966336666666666133e+02 1.344988043478260522e+02
7.158956521739128220e+01 6.873684782608694377e+01 7.203186813186812287e+01 7.975527472527471673e+01 6.700489130434782226e+01 8.940249999999998920e+01 1.138378021978022332e+02 1.966336666666666133e+02
6.210888888888887749e+01 7.158956521739128220e+01 6.873684782608694377e+01 7.203186813186812287e+01 7.975527472527471673e+01 6.700489130434782226e+01 8.940249999999998920e+01 1.138378021978022332e+02
6.648043956043957792e+01 6.210888888888887749e+01 7.158956521739128220e+01 6.873684782608694377e+01 7.203186813186812287e+01 7.975527472527471673e+01 6.700489130434782226e+01 8.940249999999998920e+01
6.384369565217393472e+01 6.648043956043957792e+01 6.210888888888887749e+01 7.158956521739128220e+01 6.873684782608694377e+01 7.203186813186812287e+01 7.975527472527471673e+01 6.700489130434782226e+01
5.735804347826084637e+01 6.384369565217393472e+01 6.648043956043957792e+01 6.210888888888887749e+01 7.158956521739128220e+01 6.873684782608694377e+01 7.203186813186812287e+01 7.975527472527471673e+01
5.804911111111110955e+01 5.735804347826084637e+01 6.384369565217393472e+01 6.648043956043957792e+01 6.210888888888887749e+01 7.158956521739128220e+01 6.873684782608694377e+01 7.203186813186812287e+01
6.838516483516485778e+01 5.804911111111110955e+01 5.735804347826084637e+01 6.384369565217393472e+01 6.648043956043957792e+01 6.210888888888887749e+01 7.158956521739128220e+01 6.873684782608694377e+01
6.191163043478263006e+01 6.838516483516485778e+01 5.804911111111110955e+01 5.735804347826084637e+01 6.384369565217393472e+01 6.648043956043957792e+01 6.210888888888887749e+01 7.158956521739128220e+01
4.371804347826086712e+01 6.191163043478263006e+01 6.838516483516485778e+01 5.804911111111110955e+01 5.735804347826084637e+01 6.384369565217393472e+01 6.648043956043957792e+01 6.210888888888887749e+01
5.662933333333332797e+01 4.371804347826086712e+01 6.191163043478263006e+01 6.838516483516485778e+01 5.804911111111110955e+01 5.735804347826084637e+01 6.384369565217393472e+01 6.648043956043957792e+01
5.038043956043956939e+01 5.662933333333332797e+01 4.371804347826086712e+01 6.191163043478263006e+01 6.838516483516485778e+01 5.804911111111110955e+01 5.735804347826084637e+01 6.384369565217393472e+01
6.671728260869565474e+01 5.038043956043956939e+01 5.662933333333332797e+01 4.371804347826086712e+01 6.191163043478263006e+01 6.838516483516485778e+01 5.804911111111110955e+01 5.735804347826084637e+01
7.626282608695649401e+01 6.671728260869565474e+01 5.038043956043956939e+01 5.662933333333332797e+01 4.371804347826086712e+01 6.191163043478263006e+01 6.838516483516485778e+01 5.804911111111110955e+01
1.411625274725274721e+02 7.626282608695649401e+01 6.671728260869565474e+01 5.038043956043956939e+01 5.662933333333332797e+01 4.371804347826086712e+01 6.191163043478263006e+01 6.838516483516485778e+01
9.445241758241756713e+01 1.411625274725274721e+02 7.626282608695649401e+01 6.671728260869565474e+01 5.038043956043956939e+01 5.662933333333332797e+01 4.371804347826086712e+01 6.191163043478263006e+01
1.250863043478261147e+02 9.445241758241756713e+01 1.411625274725274721e+02 7.626282608695649401e+01 6.671728260869565474e+01 5.038043956043956939e+01 5.662933333333332797e+01 4.371804347826086712e+01
2.096803260869566827e+02 1.250863043478261147e+02 9.445241758241756713e+01 1.411625274725274721e+02 7.626282608695649401e+01 6.671728260869565474e+01 5.038043956043956939e+01 5.662933333333332797e+01
2.138644444444443877e+02 2.096803260869566827e+02 1.250863043478261147e+02 9.445241758241756713e+01 1.411625274725274721e+02 7.626282608695649401e+01 6.671728260869565474e+01 5.038043956043956939e+01
1.230971428571427992e+02 2.138644444444443877e+02 2.096803260869566827e+02 1.250863043478261147e+02 9.445241758241756713e+01 1.411625274725274721e+02 7.626282608695649401e+01 6.671728260869565474e+01
1.026279347826087189e+02 1.230971428571427992e+02 2.138644444444443877e+02 2.096803260869566827e+02 1.250863043478261147e+02 9.445241758241756713e+01 1.411625274725274721e+02 7.626282608695649401e+01
1.076023913043478046e+02 1.026279347826087189e+02 1.230971428571427992e+02 2.138644444444443877e+02 2.096803260869566827e+02 1.250863043478261147e+02 9.445241758241756713e+01 1.411625274725274721e+02
1.391006666666666547e+02 1.076023913043478046e+02 1.026279347826087189e+02 1.230971428571427992e+02 2.138644444444443877e+02 2.096803260869566827e+02 1.250863043478261147e+02 9.445241758241756713e+01
1.115265934065934204e+02 1.391006666666666547e+02 1.076023913043478046e+02 1.026279347826087189e+02 1.230971428571427992e+02 2.138644444444443877e+02 2.096803260869566827e+02 1.250863043478261147e+02
1.837418478260869108e+02 1.115265934065934204e+02 1.391006666666666547e+02 1.076023913043478046e+02 1.026279347826087189e+02 1.230971428571427992e+02 2.138644444444443877e+02 2.096803260869566827e+02
1.857309782608694775e+02 1.837418478260869108e+02 1.115265934065934204e+02 1.391006666666666547e+02 1.076023913043478046e+02 1.026279347826087189e+02 1.230971428571427992e+02 2.138644444444443877e+02
1.334538888888889403e+02 1.857309782608694775e+02 1.837418478260869108e+02 1.115265934065934204e+02 1.391006666666666547e+02 1.076023913043478046e+02 1.026279347826087189e+02 1.230971428571427992e+02
1.115654945054945131e+02 1.334538888888889403e+02 1.857309782608694775e+02 1.837418478260869108e+02 1.115265934065934204e+02 1.391006666666666547e+02 1.076023913043478046e+02 1.026279347826087189e+02
2.252320652173912947e+02 1.115654945054945131e+02 1.334538888888889403e+02 1.857309782608694775e+02 1.837418478260869108e+02 1.115265934065934204e+02 1.391006666666666547e+02 1.076023913043478046e+02
1.513493478260869836e+02 2.252320652173912947e+02 1.115654945054945131e+02 1.334538888888889403e+02 1.857309782608694775e+02 1.837418478260869108e+02 1.115265934065934204e+02 1.391006666666666547e+02
1.198575824175823641e+02 1.513493478260869836e+02 2.252320652173912947e+02 1.115654945054945131e+02 1.334538888888889403e+02 1.857309782608694775e+02 1.837418478260869108e+02 1.115265934065934204e+02
1.281828571428571024e+02 1.198575824175823641e+02 1.513493478260869836e+02 2.252320652173912947e+02 1.115654945054945131e+02 1.334538888888889403e+02 1.857309782608694775e+02 1.837418478260869108e+02
1.560490217391304100e+02 1.281828571428571024e+02 1.198575824175823641e+02 1.513493478260869836e+02 2.252320652173912947e+02 1.115654945054945131e+02 1.334538888888889403e+02 1.857309782608694775e+02
1.937309782608695912e+02 1.560490217391304100e+02 1.281828571428571024e+02 1.198575824175823641e+02 1.513493478260869836e+02 2.252320652173912947e+02 1.115654945054945131e+02 1.334538888888889403e+02
1.629185555555555993e+02 1.937309782608695912e+02 1.560490217391304100e+02 1.281828571428571024e+02 1.198575824175823641e+02 1.513493478260869836e+02 2.252320652173912947e+02 1.115654945054945131e+02
8.301967032967033333e+01 1.629185555555555993e+02 1.937309782608695912e+02 1.560490217391304100e+02 1.281828571428571024e+02 1.198575824175823641e+02 1.513493478260869836e+02 2.252320652173912947e+02
1.007676086956521999e+02 8.301967032967033333e+01 1.629185555555555993e+02 1.937309782608695912e+02 1.560490217391304100e+02 1.281828571428571024e+02 1.198575824175823641e+02 1.513493478260869836e+02
1.173726086956522181e+02 1.007676086956521999e+02 8.301967032967033333e+01 1.629185555555555993e+02 1.937309782608695912e+02 1.560490217391304100e+02 1.281828571428571024e+02 1.198575824175823641e+02
8.403400000000002024e+01 1.173726086956522181e+02 1.007676086956521999e+02 8.301967032967033333e+01 1.629185555555555993e+02 1.937309782608695912e+02 1.560490217391304100e+02 1.281828571428571024e+02
6.703472527472526110e+01 8.403400000000002024e+01 1.173726086956522181e+02 1.007676086956521999e+02 8.301967032967033333e+01 1.629185555555555993e+02 1.937309782608695912e+02 1.560490217391304100e+02
6.133597826086953120e+01 6.703472527472526110e+01 8.403400000000002024e+01 1.173726086956522181e+02 1.007676086956521999e+02 8.301967032967033333e+01 1.629185555555555993e+02 1.937309782608695912e+02
6.362684782608695855e+01 6.133597826086953120e+01 6.703472527472526110e+01 8.403400000000002024e+01 1.173726086956522181e+02 1.007676086956521999e+02 8.301967032967033333e+01 1.629185555555555993e+02
7.058955555555557737e+01 6.362684782608695855e+01 6.133597826086953120e+01 6.703472527472526110e+01 8.403400000000002024e+01 1.173726086956522181e+02 1.007676086956521999e+02 8.301967032967033333e+01
6.527835164835164505e+01 7.058955555555557737e+01 6.362684782608695855e+01 6.133597826086953120e+01 6.703472527472526110e+01 8.403400000000002024e+01 1.173726086956522181e+02 1.007676086956521999e+02
7.904206521739129698e+01 6.527835164835164505e+01 7.058955555555557737e+01 6.362684782608695855e+01 6.133597826086953120e+01 6.703472527472526110e+01 8.403400000000002024e+01 1.173726086956522181e+02
6.420782608695651561e+01 7.904206521739129698e+01 6.527835164835164505e+01 7.058955555555557737e+01 6.362684782608695855e+01 6.133597826086953120e+01 6.703472527472526110e+01 8.403400000000002024e+01
7.421241758241758646e+01 6.420782608695651561e+01 7.904206521739129698e+01 6.527835164835164505e+01 7.058955555555557737e+01 6.362684782608695855e+01 6.133597826086953120e+01 6.703472527472526110e+01
8.014439560439559784e+01 7.421241758241758646e+01 6.420782608695651561e+01 7.904206521739129698e+01 6.527835164835164505e+01 7.058955555555557737e+01 6.362684782608695855e+01 6.133597826086953120e+01
7.236130434782607779e+01 8.014439560439559784e+01 7.421241758241758646e+01 6.420782608695651561e+01 7.904206521739129698e+01 6.527835164835164505e+01 7.058955555555557737e+01 6.362684782608695855e+01
1.061385869565217632e+02 7.236130434782607779e+01 8.014439560439559784e+01 7.421241758241758646e+01 6.420782608695651561e+01 7.904206521739129698e+01 6.527835164835164505e+01 7.058955555555557737e+01
1.256734444444444563e+02 1.061385869565217632e+02 7.236130434782607779e+01 8.014439560439559784e+01 7.421241758241758646e+01 6.420782608695651561e+01 7.904206521739129698e+01 6.527835164835164505e+01
9.615780219780214111e+01 1.256734444444444563e+02 1.061385869565217632e+02 7.236130434782607779e+01 8.014439560439559784e+01 7.421241758241758646e+01 6.420782608695651561e+01 7.904206521739129698e+01
