1.589410869565217297e+02 1.128488043478260892e+02 8.455483516483516837e+01 1.209094444444444463e+02 1.388489130434782624e+02 1.219118478260869693e+02 8.060560439560438795e+01 9.569466666666667720e+01 8.153202880936735175e-01
1.532521978021977986e+02 1.589410869565217297e+02 1.128488043478260892e+02 8.455483516483516837e+01 1.209094444444444463e+02 1.388489130434782624e+02 1.219118478260869693e+02 8.060560439560438795e+01 9.194556154118094238e-01
1.062736263736263709e+02 1.532521978021977986e+02 1.589410869565217297e+02 1.128488043478260892e+02 8.455483516483516837e+01 1.209094444444444463e+02 1.388489130434782624e+02 1.219118478260869693e+02 8.975642121293011533e-01
1.516116304347826258e+02 1.062736263736263709e+02 1.532521978021977986e+02 1.589410869565217297e+02 1.128488043478260892e+02 8.455483516483516837e+01 1.209094444444444463e+02 1.388489130434782624e+02 8.993255286048671415e-01
1.499322826086956582e+02 1.516116304347826258e+02 1.062736263736263709e+02 1.532521978021977986e+02 1.589410869565217297e+02 1.128488043478260892e+02 8.455483516483516837e+01 1.209094444444444463e+02 8.545080677585333850e-01
1.231352222222221968e+02 1.499322826086956582e+02 1.516116304347826258e+02 1.062736263736263709e+02 1.532521978021977986e+02 1.589410869565217297e+02 1.128488043478260892e+02 8.455483516483516837e+01 8.333628305800798719e-01
1.350451648351648259e+02 1.231352222222221968e+02 1.499322826086956582e+02 1.516116304347826258e+02 1.062736263736263709e+02 1.532521978021977986e+02 1.589410869565217297e+02 1.128488043478260892e+02 7.681170682053970467e-01
1.336160869565217126e+02 1.350451648351648259e+02 1.231352222222221968e+02 1.499322826086956582e+02 1.516116304347826258e+02 1.062736263736263709e+02 1.532521978021977986e+02 1.589410869565217297e+02 6.872675349906560704e-01
9.006163043478261443e+01 1.336160869565217126e+02 1.350451648351648259e+02 1.231352222222221968e+02 1.499322826086956582e+02 1.516116304347826258e+02 1.062736263736263709e+02 1.532521978021977986e+02 6.393552502124294490e-01
8.678822222222221683e+01 9.006163043478261443e+01 1.336160869565217126e+02 1.350451648351648259e+02 1.231352222222221968e+02 1.499322826086956582e+02 1.516116304347826258e+02 1.062736263736263709e+02 5.847336374237078749e-01
1.015046153846153913e+02 8.678822222222221683e+01 9.006163043478261443e+01 1.336160869565217126e+02 1.350451648351648259e+02 1.231352222222221968e+02 1.499322826086956582e+02 1.516116304347826258e+02 4.973063845744400968e-01
9.307173913043480695e+01 1.015046153846153913e+02 8.678822222222221683e+01 9.006163043478261443e+01 1.336160869565217126e+02 1.350451648351648259e+02 1.231352222222221968e+02 1.499322826086956582e+02 5.193827599100211412e-01
9.634586956521741286e+01 9.307173913043480695e+01 1.015046153846153913e+02 8.678822222222221683e+01 9.006163043478261443e+01 1.336160869565217126e+02 1.350451648351648259e+02 1.231352222222221968e+02 6.037508166706475610e-01
1.222897777777777719e+02 9.634586956521741286e+01 9.307173913043480695e+01 1.015046153846153913e+02 8.678822222222221683e+01 9.006163043478261443e+01 1.336160869565217126e+02 1.350451648351648259e+02 6.996624401969956386e-01
7.563967032967032367e+01 1.222897777777777719e+02 9.634586956521741286e+01 9.307173913043480695e+01 1.015046153846153913e+02 8.678822222222221683e+01 9.006163043478261443e+01 1.336160869565217126e+02 7.143115305267210280e-01
6.349619565217393102e+01 7.563967032967032367e+01 1.222897777777777719e+02 9.634586956521741286e+01 9.307173913043480695e+01 1.015046153846153913e+02 8.678822222222221683e+01 9.006163043478261443e+01 7.038427518350163226e-01
9.525293478260870472e+01 6.349619565217393102e+01 7.563967032967032367e+01 1.222897777777777719e+02 9.634586956521741286e+01 9.307173913043480695e+01 1.015046153846153913e+02 8.678822222222221683e+01 6.205515443349493010e-01
9.597439560439562456e+01 9.525293478260870472e+01 6.349619565217393102e+01 7.563967032967032367e+01 1.222897777777777719e+02 9.634586956521741286e+01 9.307173913043480695e+01 1.015046153846153913e+02 6.164475496689125755e-01
7.080802197802196929e+01 9.597439560439562456e+01 9.525293478260870472e+01 6.349619565217393102e+01 7.563967032967032367e+01 1.222897777777777719e+02 9.634586956521741286e+01 9.307173913043480695e+01 6.764872683626106387e-01
6.917489130434782396e+01 7.080802197802196929e+01 9.597439560439562456e+01 9.525293478260870472e+01 6.349619565217393102e+01 7.563967032967032367e+01 1.222897777777777719e+02 9.634586956521741286e+01 6.595195539576886867e-01
6.569260869565216865e+01 6.917489130434782396e+01 7.080802197802196929e+01 9.597439560439562456e+01 9.525293478260870472e+01 6.349619565217393102e+01 7.563967032967032367e+01 1.222897777777777719e+02 5.766410834612821779e-01
6.721722222222223309e+01 6.569260869565216865e+01 6.917489130434782396e+01 7.080802197802196929e+01 9.597439560439562456e+01 9.525293478260870472e+01 6.349619565217393102e+01 7.563967032967032367e+01 6.117047069510607171e-01
7.138692307692308248e+01 6.721722222222223309e+01 6.569260869565216865e+01 6.917489130434782396e+01 7.080802197802196929e+01 9.597439560439562456e+01 9.525293478260870472e+01 6.349619565217393102e+01 6.275789711908443813e-01
5.893684782608695372e+01 7.138692307692308248e+01 6.721722222222223309e+01 6.569260869565216865e+01 6.917489130434782396e+01 7.080802197802196929e+01 9.597439560439562456e+01 9.525293478260870472e+01 5.964217499336305073e-01
7.318510869565217547e+01 5.893684782608695372e+01 7.138692307692308248e+01 6.721722222222223309e+01 6.569260869565216865e+01 6.917489130434782396e+01 7.080802197802196929e+01 9.597439560439562456e+01 6.746525284332588468e-01
8.914455555555555577e+01 7.318510869565217547e+01 5.893684782608695372e+01 7.138692307692308248e+01 6.721722222222223309e+01 6.569260869565216865e+01 6.917489130434782396e+01 7.080802197802196929e+01 8.108185973421594417e-01
6.901175824175824403e+01 8.914455555555555577e+01 7.318510869565217547e+01 5.893684782608695372e+01 7.138692307692308248e+01 6.721722222222223309e+01 6.569260869565216865e+01 6.917489130434782396e+01 8.459429943455605283e-01
1.141785869565217411e+02 6.901175824175824403e+01 8.914455555555555577e+01 7.318510869565217547e+01 5.893684782608695372e+01 7.138692307692308248e+01 6.721722222222223309e+01 6.569260869565216865e+01 1.034574989173092208e+00
9.762413043478261443e+01 1.141785869565217411e+02 6.901175824175824403e+01 8.914455555555555577e+01 7.318510869565217547e+01 5.893684782608695372e+01 7.138692307692308248e+01 6.721722222222223309e+01 1.037264134283042871e+00
7.062788888888887584e+01 9.762413043478261443e+01 1.141785869565217411e+02 6.901175824175824403e+01 8.914455555555555577e+01 7.318510869565217547e+01 5.893684782608695372e+01 7.138692307692308248e+01 9.650684815346949330e-01
4.991978021978021474e+01 7.062788888888887584e+01 9.762413043478261443e+01 1.141785869565217411e+02 6.901175824175824403e+01 8.914455555555555577e+01 7.318510869565217547e+01 5.893684782608695372e+01 7.515953547044806893e-01
6.094749999999999801e+01 4.991978021978021474e+01 7.062788888888887584e+01 9.762413043478261443e+01 1.141785869565217411e+02 6.901175824175824403e+01 8.914455555555555577e+01 7.318510869565217547e+01 5.252812113482019374e-01
6.130184782608694860e+01 6.094749999999999801e+01 4.991978021978021474e+01 7.062788888888887584e+01 9.762413043478261443e+01 1.141785869565217411e+02 6.901175824175824403e+01 8.914455555555555577e+01 4.653734968780617876e-01
5.787186813186813339e+01 6.130184782608694860e+01 6.094749999999999801e+01 4.991978021978021474e+01 7.062788888888887584e+01 9.762413043478261443e+01 1.141785869565217411e+02 6.901175824175824403e+01 5.125199296987558162e-01
6.827417582417581343e+01 5.787186813186813339e+01 6.130184782608694860e+01 6.094749999999999801e+01 4.991978021978021474e+01 7.062788888888887584e+01 9.762413043478261443e+01 1.141785869565217411e+02 5.640068415631159793e-01
5.637565217391304628e+01 6.827417582417581343e+01 5.787186813186813339e+01 6.130184782608694860e+01 6.094749999999999801e+01 4.991978021978021474e+01 7.062788888888887584e+01 9.762413043478261443e+01 6.539200135157370308e-01
1.098393478260869500e+02 5.637565217391304628e+01 6.827417582417581343e+01 5.787186813186813339e+01 6.130184782608694860e+01 6.094749999999999801e+01 4.991978021978021474e+01 7.062788888888887584e+01 9.657827710757556083e-01
1.233474444444444487e+02 1.098393478260869500e+02 5.637565217391304628e+01 6.827417582417581343e+01 5.787186813186813339e+01 6.130184782608694860e+01 6.094749999999999801e+01 4.991978021978021474e+01 1.258742786093316246e+00
9.074868131868130661e+01 1.233474444444444487e+02 1.098393478260869500e+02 5.637565217391304628e+01 6.827417582417581343e+01 5.787186813186813339e+01 6.130184782608694860e+01 6.094749999999999801e+01 1.304112251298681580e+00
1.346954347826086860e+02 9.074868131868130661e+01 1.233474444444444487e+02 1.098393478260869500e+02 5.637565217391304628e+01 6.827417582417581343e+01 5.787186813186813339e+01 6.130184782608694860e+01 1.430508124386109303e+00
1.729882608695652380e+02 1.346954347826086860e+02 9.074868131868130661e+01 1.233474444444444487e+02 1.098393478260869500e+02 5.637565217391304628e+01 6.827417582417581343e+01 5.787186813186813339e+01 1.362809393411384074e+00
1.083032222222222316e+02 1.729882608695652380e+02 1.346954347826086860e+02 9.074868131868130661e+01 1.233474444444444487e+02 1.098393478260869500e+02 5.637565217391304628e+01 6.827417582417581343e+01 1.162505161048424052e+00
8.381571428571426452e+01 1.083032222222222316e+02 1.729882608695652380e+02 1.346954347826086860e+02 9.074868131868130661e+01 1.233474444444444487e+02 1.098393478260869500e+02 5.637565217391304628e+01 9.600223938883825081e-01
1.266659782608695508e+02 8.381571428571426452e+01 1.083032222222222316e+02 1.729882608695652380e+02 1.346954347826086860e+02 9.074868131868130661e+01 1.233474444444444487e+02 1.098393478260869500e+02 6.950794395879673626e-01
1.344988043478261091e+02 1.266659782608695508e+02 8.381571428571426452e+01 1.083032222222222316e+02 1.729882608695652380e+02 1.346954347826086860e+02 9.074868131868130661e+01 1.233474444444444487e+02 6.611610544054172811e-01
1.966336666666666417e+02 1.344988043478261091e+02 1.266659782608695508e+02 8.381571428571426452e+01 1.083032222222222316e+02 1.729882608695652380e+02 1.346954347826086860e+02 9.074868131868130661e+01 9.034266588026530487e-01
1.138378021978022190e+02 1.966336666666666417e+02 1.344988043478261091e+02 1.266659782608695508e+02 8.381571428571426452e+01 1.083032222222222316e+02 1.729882608695652380e+02 1.346954347826086860e+02 8.902919764331092001e-01
8.940250000000000341e+01 1.138378021978022190e+02 1.966336666666666417e+02 1.344988043478261091e+02 1.266659782608695508e+02 8.381571428571426452e+01 1.083032222222222316e+02 1.729882608695652380e+02 8.131268411405158103e-01
6.700489130434782226e+01 8.940250000000000341e+01 1.138378021978022190e+02 1.966336666666666417e+02 1.344988043478261091e+02 1.266659782608695508e+02 8.381571428571426452e+01 1.083032222222222316e+02 5.961943526866769760e-01
7.975527472527471673e+01 6.700489130434782226e+01 8.940250000000000341e+01 1.138378021978022190e+02 1.966336666666666417e+02 1.344988043478261091e+02 1.266659782608695508e+02 8.381571428571426452e+01 4.360348785505699376e-01
7.203186813186813708e+01 7.975527472527471673e+01 6.700489130434782226e+01 8.940250000000000341e+01 1.138378021978022190e+02 1.966336666666666417e+02 1.344988043478261091e+02 1.266659782608695508e+02 3.827469541997055580e-01
6.873684782608695798e+01 7.203186813186813708e+01 7.975527472527471673e+01 6.700489130434782226e+01 8.940250000000000341e+01 1.138378021978022190e+02 1.966336666666666417e+02 1.344988043478261091e+02 4.126781934595689094e-01
7.158956521739129641e+01 6.873684782608695798e+01 7.203186813186813708e+01 7.975527472527471673e+01 6.700489130434782226e+01 8.940250000000000341e+01 1.138378021978022190e+02 1.966336666666666417e+02 4.548466407293761393e-01
6.210888888888889170e+01 7.158956521739129641e+01 6.873684782608695798e+01 7.203186813186813708e+01 7.975527472527471673e+01 6.700489130434782226e+01 8.940250000000000341e+01 1.138378021978022190e+02 5.783858031893486240e-01
6.648043956043957792e+01 6.210888888888889170e+01 7.158956521739129641e+01 6.873684782608695798e+01 7.203186813186813708e+01 7.975527472527471673e+01 6.700489130434782226e+01 8.940250000000000341e+01 6.495212324623127476e-01
6.384369565217392051e+01 6.648043956043957792e+01 6.210888888888889170e+01 7.158956521739129641e+01 6.873684782608695798e+01 7.203186813186813708e+01 7.975527472527471673e+01 6.700489130434782226e+01 6.692650239909333498e-01
5.735804347826086769e+01 6.384369565217392051e+01 6.648043956043957792e+01 6.210888888888889170e+01 7.158956521739129641e+01 6.873684782608695798e+01 7.203186813186813708e+01 7.975527472527471673e+01 6.424973264668518702e-01
5.804911111111110955e+01 5.735804347826086769e+01 6.384369565217392051e+01 6.648043956043957792e+01 6.210888888888889170e+01 7.158956521739129641e+01 6.873684782608695798e+01 7.203186813186813708e+01 6.530866704371043330e-01
6.838516483516484357e+01 5.804911111111110955e+01 5.735804347826086769e+01 6.384369565217392051e+01 6.648043956043957792e+01 6.210888888888889170e+01 7.158956521739129641e+01 6.873684782608695798e+01 6.834569014229802120e-01
6.191163043478259453e+01 6.838516483516484357e+01 5.804911111111110955e+01 5.735804347826086769e+01 6.384369565217392051e+01 6.648043956043957792e+01 6.210888888888889170e+01 7.158956521739129641e+01 7.133704235949646089e-01
4.371804347826087422e+01 6.191163043478259453e+01 6.838516483516484357e+01 5.804911111111110955e+01 5.735804347826086769e+01 6.384369565217392051e+01 6.648043956043957792e+01 6.210888888888889170e+01 6.966415590206880282e-01
5.662933333333332797e+01 4.371804347826087422e+01 6.191163043478259453e+01 6.838516483516484357e+01 5.804911111111110955e+01 5.735804347826086769e+01 6.384369565217392051e+01 6.648043956043957792e+01 6.603107295661366782e-01
5.038043956043956939e+01 5.662933333333332797e+01 4.371804347826087422e+01 6.191163043478259453e+01 6.838516483516484357e+01 5.804911111111110955e+01 5.735804347826086769e+01 6.384369565217392051e+01 6.086667818707326427e-01
6.671728260869565474e+01 5.038043956043956939e+01 5.662933333333332797e+01 4.371804347826087422e+01 6.191163043478259453e+01 6.838516483516484357e+01 5.804911111111110955e+01 5.735804347826086769e+01 7.070584563330705175e-01
7.626282608695650822e+01 6.671728260869565474e+01 5.038043956043956939e+01 5.662933333333332797e+01 4.371804347826087422e+01 6.191163043478259453e+01 6.838516483516484357e+01 5.804911111111110955e+01 8.332209650542868884e-01
1.411625274725274721e+02 7.626282608695650822e+01 6.671728260869565474e+01 5.038043956043956939e+01 5.662933333333332797e+01 4.371804347826087422e+01 6.191163043478259453e+01 6.838516483516484357e+01 1.231952377568526824e+00
9.445241758241758134e+01 1.411625274725274721e+02 7.626282608695650822e+01 6.671728260869565474e+01 5.038043956043956939e+01 5.662933333333332797e+01 4.371804347826087422e+01 6.191163043478259453e+01 1.466697622785124944e+00
1.250863043478260863e+02 9.445241758241758134e+01 1.411625274725274721e+02 7.626282608695650822e+01 6.671728260869565474e+01 5.038043956043956939e+01 5.662933333333332797e+01 4.371804347826087422e+01 1.658815264604963424e+00
2.096803260869565690e+02 1.250863043478260863e+02 9.445241758241758134e+01 1.411625274725274721e+02 7.626282608695650822e+01 6.671728260869565474e+01 5.038043956043956939e+01 5.662933333333332797e+01 1.716945683114227128e+00
2.138644444444444446e+02 2.096803260869565690e+02 1.250863043478260863e+02 9.445241758241758134e+01 1.411625274725274721e+02 7.626282608695650822e+01 6.671728260869565474e+01 5.038043956043956939e+01 1.640039550886774222e+00
1.230971428571428845e+02 2.138644444444444446e+02 2.096803260869565690e+02 1.250863043478260863e+02 9.445241758241758134e+01 1.411625274725274721e+02 7.626282608695650822e+01 6.671728260869565474e+01 1.443869664891736848e+00
1.026279347826087047e+02 1.230971428571428845e+02 2.138644444444444446e+02 2.096803260869565690e+02 1.250863043478260863e+02 9.445241758241758134e+01 1.411625274725274721e+02 7.626282608695650822e+01 1.006008380875534902e+00
1.076023913043478331e+02 1.026279347826087047e+02 1.230971428571428845e+02 2.138644444444444446e+02 2.096803260869565690e+02 1.250863043478260863e+02 9.445241758241758134e+01 1.411625274725274721e+02 5.843938220793782889e-01
1.391006666666666547e+02 1.076023913043478331e+02 1.026279347826087047e+02 1.230971428571428845e+02 2.138644444444444446e+02 2.096803260869565690e+02 1.250863043478260863e+02 9.445241758241758134e+01 5.432125017179760817e-01
1.115265934065934204e+02 1.391006666666666547e+02 1.076023913043478331e+02 1.026279347826087047e+02 1.230971428571428845e+02 2.138644444444444446e+02 2.096803260869565690e+02 1.250863043478260863e+02 5.332955232769461817e-01
1.837418478260869676e+02 1.115265934065934204e+02 1.391006666666666547e+02 1.076023913043478331e+02 1.026279347826087047e+02 1.230971428571428845e+02 2.138644444444444446e+02 2.096803260869565690e+02 6.690116738408034003e-01
1.857309782608695627e+02 1.837418478260869676e+02 1.115265934065934204e+02 1.391006666666666547e+02 1.076023913043478331e+02 1.026279347826087047e+02 1.230971428571428845e+02 2.138644444444444446e+02 8.790323974543228225e-01
1.334538888888888835e+02 1.857309782608695627e+02 1.837418478260869676e+02 1.115265934065934204e+02 1.391006666666666547e+02 1.076023913043478331e+02 1.026279347826087047e+02 1.230971428571428845e+02 1.064557076656008405e+00
1.115654945054945131e+02 1.334538888888888835e+02 1.857309782608695627e+02 1.837418478260869676e+02 1.115265934065934204e+02 1.391006666666666547e+02 1.076023913043478331e+02 1.026279347826087047e+02 9.346713053899977641e-01
2.252320652173913231e+02 1.115654945054945131e+02 1.334538888888888835e+02 1.857309782608695627e+02 1.837418478260869676e+02 1.115265934065934204e+02 1.391006666666666547e+02 1.076023913043478331e+02 8.676682248101668105e-01
1.513493478260869836e+02 2.252320652173913231e+02 1.115654945054945131e+02 1.334538888888888835e+02 1.857309782608695627e+02 1.837418478260869676e+02 1.115265934065934204e+02 1.391006666666666547e+02 7.872066436430864567e-01
1.198575824175823925e+02 1.513493478260869836e+02 2.252320652173913231e+02 1.115654945054945131e+02 1.334538888888888835e+02 1.857309782608695627e+02 1.837418478260869676e+02 1.115265934065934204e+02 8.079360769786506635e-01
1.281828571428571308e+02 1.198575824175823925e+02 1.513493478260869836e+02 2.252320652173913231e+02 1.115654945054945131e+02 1.334538888888888835e+02 1.857309782608695627e+02 1.837418478260869676e+02 6.499509370893897797e-01
1.560490217391304384e+02 1.281828571428571308e+02 1.198575824175823925e+02 1.513493478260869836e+02 2.252320652173913231e+02 1.115654945054945131e+02 1.334538888888888835e+02 1.857309782608695627e+02 6.160065342390976806e-01
1.937309782608695912e+02 1.560490217391304384e+02 1.281828571428571308e+02 1.198575824175823925e+02 1.513493478260869836e+02 2.252320652173913231e+02 1.115654945054945131e+02 1.334538888888888835e+02 7.689225301541852131e-01
1.629185555555555709e+02 1.937309782608695912e+02 1.560490217391304384e+02 1.281828571428571308e+02 1.198575824175823925e+02 1.513493478260869836e+02 2.252320652173913231e+02 1.115654945054945131e+02 8.432479759874106362e-01
8.301967032967033333e+01 1.629185555555555709e+02 1.937309782608695912e+02 1.560490217391304384e+02 1.281828571428571308e+02 1.198575824175823925e+02 1.513493478260869836e+02 2.252320652173913231e+02 7.038966093056246986e-01
1.007676086956521573e+02 8.301967032967033333e+01 1.629185555555555709e+02 1.937309782608695912e+02 1.560490217391304384e+02 1.281828571428571308e+02 1.198575824175823925e+02 1.513493478260869836e+02 6.242016742161832221e-01
1.173726086956522039e+02 1.007676086956521573e+02 8.301967032967033333e+01 1.629185555555555709e+02 1.937309782608695912e+02 1.560490217391304384e+02 1.281828571428571308e+02 1.198575824175823925e+02 5.037631164675616668e-01
8.403400000000002024e+01 1.173726086956522039e+02 1.007676086956521573e+02 8.301967032967033333e+01 1.629185555555555709e+02 1.937309782608695912e+02 1.560490217391304384e+02 1.281828571428571308e+02 4.714978643537319769e-01
6.703472527472528952e+01 8.403400000000002024e+01 1.173726086956522039e+02 1.007676086956521573e+02 8.301967032967033333e+01 1.629185555555555709e+02 1.937309782608695912e+02 1.560490217391304384e+02 4.506179638393282283e-01
6.133597826086956672e+01 6.703472527472528952e+01 8.403400000000002024e+01 1.173726086956522039e+02 1.007676086956521573e+02 8.301967032967033333e+01 1.629185555555555709e+02 1.937309782608695912e+02 3.930241213930625310e-01
6.362684782608695855e+01 6.133597826086956672e+01 6.703472527472528952e+01 8.403400000000002024e+01 1.173726086956522039e+02 1.007676086956521573e+02 8.301967032967033333e+01 1.629185555555555709e+02 4.137178835675336397e-01
7.058955555555554895e+01 6.362684782608695855e+01 6.133597826086956672e+01 6.703472527472528952e+01 8.403400000000002024e+01 1.173726086956522039e+02 1.007676086956521573e+02 8.301967032967033333e+01 5.076725978169353004e-01
6.527835164835164505e+01 7.058955555555554895e+01 6.362684782608695855e+01 6.133597826086956672e+01 6.703472527472528952e+01 8.403400000000002024e+01 1.173726086956522039e+02 1.007676086956521573e+02 5.403302357452604010e-01
7.904206521739131119e+01 6.527835164835164505e+01 7.058955555555554895e+01 6.362684782608695855e+01 6.133597826086956672e+01 6.703472527472528952e+01 8.403400000000002024e+01 1.173726086956522039e+02 6.516821031963500044e-01
6.420782608695651561e+01 7.904206521739131119e+01 6.527835164835164505e+01 7.058955555555554895e+01 6.362684782608695855e+01 6.133597826086956672e+01 6.703472527472528952e+01 8.403400000000002024e+01 7.554507516405856160e-01
7.421241758241757225e+01 6.420782608695651561e+01 7.904206521739131119e+01 6.527835164835164505e+01 7.058955555555554895e+01 6.362684782608695855e+01 6.133597826086956672e+01 6.703472527472528952e+01 8.281530324918257024e-01
8.014439560439561205e+01 7.421241758241757225e+01 6.420782608695651561e+01 7.904206521739131119e+01 6.527835164835164505e+01 7.058955555555554895e+01 6.362684782608695855e+01 6.133597826086956672e+01 8.379558517363778769e-01
7.236130434782609200e+01 8.014439560439561205e+01 7.421241758241757225e+01 6.420782608695651561e+01 7.904206521739131119e+01 6.527835164835164505e+01 7.058955555555554895e+01 6.362684782608695855e+01 8.139610315550999120e-01
1.061385869565217632e+02 7.236130434782609200e+01 8.014439560439561205e+01 7.421241758241757225e+01 6.420782608695651561e+01 7.904206521739131119e+01 6.527835164835164505e+01 7.058955555555554895e+01 9.266492079368199297e-01
1.256734444444444563e+02 1.061385869565217632e+02 7.236130434782609200e+01 8.014439560439561205e+01 7.421241758241757225e+01 6.420782608695651561e+01 7.904206521739131119e+01 6.527835164835164505e+01 1.075803300356982906e+00
9.615780219780218374e+01 1.256734444444444563e+02 1.061385869565217632e+02 7.236130434782609200e+01 8.014439560439561205e+01 7.421241758241757225e+01 6.420782608695651561e+01 7.904206521739131119e+01 1.102024345048010057e+00
