9.429000000000000000e+05 9.365990000000000000e+05 9.277660000000000000e+05 9.172360000000000000e+05 9.050480000000000000e+05 8.932720000000000000e+05 8.807510000000000000e+05 8.682440000000000000e+05 7.913774220783889035e-01
9.474290000000000000e+05 9.429000000000000000e+05 9.365990000000000000e+05 9.277660000000000000e+05 9.172360000000000000e+05 9.050480000000000000e+05 8.932720000000000000e+05 8.807510000000000000e+05 7.860641485835330178e-01
9.545810000000000000e+05 9.474290000000000000e+05 9.429000000000000000e+05 9.365990000000000000e+05 9.277660000000000000e+05 9.172360000000000000e+05 9.050480000000000000e+05 8.932720000000000000e+05 7.808560429190721797e-01
9.630150000000000000e+05 9.545810000000000000e+05 9.474290000000000000e+05 9.429000000000000000e+05 9.365990000000000000e+05 9.277660000000000000e+05 9.172360000000000000e+05 9.050480000000000000e+05 7.771352792196924986e-01
9.738740000000000000e+05 9.630150000000000000e+05 9.545810000000000000e+05 9.474290000000000000e+05 9.429000000000000000e+05 9.365990000000000000e+05 9.277660000000000000e+05 9.172360000000000000e+05 7.763375550174372863e-01
9.857830000000000000e+05 9.738740000000000000e+05 9.630150000000000000e+05 9.545810000000000000e+05 9.474290000000000000e+05 9.429000000000000000e+05 9.365990000000000000e+05 9.277660000000000000e+05 7.784048447090494705e-01
9.977410000000000000e+05 9.857830000000000000e+05 9.738740000000000000e+05 9.630150000000000000e+05 9.545810000000000000e+05 9.474290000000000000e+05 9.429000000000000000e+05 9.365990000000000000e+05 7.820682166828110127e-01
1.009297000000000000e+06 9.977410000000000000e+05 9.857830000000000000e+05 9.738740000000000000e+05 9.630150000000000000e+05 9.545810000000000000e+05 9.474290000000000000e+05 9.429000000000000000e+05 7.859453639449306417e-01
1.021572000000000000e+06 1.009297000000000000e+06 9.977410000000000000e+05 9.857830000000000000e+05 9.738740000000000000e+05 9.630150000000000000e+05 9.545810000000000000e+05 9.474290000000000000e+05 7.889267209165961026e-01
1.033169000000000000e+06 1.021572000000000000e+06 1.009297000000000000e+06 9.977410000000000000e+05 9.857830000000000000e+05 9.738740000000000000e+05 9.630150000000000000e+05 9.545810000000000000e+05 7.902600114049818103e-01
1.046766000000000000e+06 1.033169000000000000e+06 1.021572000000000000e+06 1.009297000000000000e+06 9.977410000000000000e+05 9.857830000000000000e+05 9.738740000000000000e+05 9.630150000000000000e+05 7.911174154355676835e-01
1.062432000000000000e+06 1.046766000000000000e+06 1.033169000000000000e+06 1.021572000000000000e+06 1.009297000000000000e+06 9.977410000000000000e+05 9.857830000000000000e+05 9.738740000000000000e+05 7.921877028609459748e-01
1.079923000000000000e+06 1.062432000000000000e+06 1.046766000000000000e+06 1.033169000000000000e+06 1.021572000000000000e+06 1.009297000000000000e+06 9.977410000000000000e+05 9.857830000000000000e+05 7.944217220386743383e-01
1.099521000000000000e+06 1.079923000000000000e+06 1.062432000000000000e+06 1.046766000000000000e+06 1.033169000000000000e+06 1.021572000000000000e+06 1.009297000000000000e+06 9.977410000000000000e+05 7.981418979220681331e-01
1.116078000000000000e+06 1.099521000000000000e+06 1.079923000000000000e+06 1.062432000000000000e+06 1.046766000000000000e+06 1.033169000000000000e+06 1.021572000000000000e+06 1.009297000000000000e+06 8.016733466251371176e-01
1.131259000000000000e+06 1.116078000000000000e+06 1.099521000000000000e+06 1.079923000000000000e+06 1.062432000000000000e+06 1.046766000000000000e+06 1.033169000000000000e+06 1.021572000000000000e+06 8.037721013684397953e-01
1.144277000000000000e+06 1.131259000000000000e+06 1.116078000000000000e+06 1.099521000000000000e+06 1.079923000000000000e+06 1.062432000000000000e+06 1.046766000000000000e+06 1.033169000000000000e+06 8.032641054972539107e-01
1.156013000000000000e+06 1.144277000000000000e+06 1.131259000000000000e+06 1.116078000000000000e+06 1.099521000000000000e+06 1.079923000000000000e+06 1.062432000000000000e+06 1.046766000000000000e+06 8.001481587877934398e-01
1.168345000000000000e+06 1.156013000000000000e+06 1.144277000000000000e+06 1.131259000000000000e+06 1.116078000000000000e+06 1.099521000000000000e+06 1.079923000000000000e+06 1.062432000000000000e+06 7.959319901036128186e-01
1.182337000000000000e+06 1.168345000000000000e+06 1.156013000000000000e+06 1.144277000000000000e+06 1.131259000000000000e+06 1.116078000000000000e+06 1.099521000000000000e+06 1.079923000000000000e+06 7.921546152836564936e-01
1.197384000000000000e+06 1.182337000000000000e+06 1.168345000000000000e+06 1.156013000000000000e+06 1.144277000000000000e+06 1.131259000000000000e+06 1.116078000000000000e+06 1.099521000000000000e+06 7.900154415309270650e-01
1.214240000000000000e+06 1.197384000000000000e+06 1.182337000000000000e+06 1.168345000000000000e+06 1.156013000000000000e+06 1.144277000000000000e+06 1.131259000000000000e+06 1.116078000000000000e+06 7.902937070256641494e-01
1.231658000000000000e+06 1.214240000000000000e+06 1.197384000000000000e+06 1.182337000000000000e+06 1.168345000000000000e+06 1.156013000000000000e+06 1.144277000000000000e+06 1.131259000000000000e+06 7.920360773530867871e-01
1.248466000000000000e+06 1.231658000000000000e+06 1.214240000000000000e+06 1.197384000000000000e+06 1.182337000000000000e+06 1.168345000000000000e+06 1.156013000000000000e+06 1.144277000000000000e+06 7.943208430409814946e-01
1.265454000000000000e+06 1.248466000000000000e+06 1.231658000000000000e+06 1.214240000000000000e+06 1.197384000000000000e+06 1.182337000000000000e+06 1.168345000000000000e+06 1.156013000000000000e+06 7.962404542950916042e-01
1.281947000000000000e+06 1.265454000000000000e+06 1.248466000000000000e+06 1.231658000000000000e+06 1.214240000000000000e+06 1.197384000000000000e+06 1.182337000000000000e+06 1.168345000000000000e+06 7.970649093107414762e-01
1.300142000000000000e+06 1.281947000000000000e+06 1.265454000000000000e+06 1.248466000000000000e+06 1.231658000000000000e+06 1.214240000000000000e+06 1.197384000000000000e+06 1.182337000000000000e+06 7.973159505547371406e-01
1.319343000000000000e+06 1.300142000000000000e+06 1.281947000000000000e+06 1.265454000000000000e+06 1.248466000000000000e+06 1.231658000000000000e+06 1.214240000000000000e+06 1.197384000000000000e+06 7.975537578795963700e-01
1.339652000000000000e+06 1.319343000000000000e+06 1.300142000000000000e+06 1.281947000000000000e+06 1.265454000000000000e+06 1.248466000000000000e+06 1.231658000000000000e+06 1.214240000000000000e+06 7.982423951846620014e-01
1.360197000000000000e+06 1.339652000000000000e+06 1.319343000000000000e+06 1.300142000000000000e+06 1.281947000000000000e+06 1.265454000000000000e+06 1.248466000000000000e+06 1.231658000000000000e+06 7.994374965813197953e-01
1.385083000000000000e+06 1.360197000000000000e+06 1.339652000000000000e+06 1.319343000000000000e+06 1.300142000000000000e+06 1.281947000000000000e+06 1.265454000000000000e+06 1.248466000000000000e+06 8.015943456928745769e-01
1.412774000000000000e+06 1.385083000000000000e+06 1.360197000000000000e+06 1.339652000000000000e+06 1.319343000000000000e+06 1.300142000000000000e+06 1.281947000000000000e+06 1.265454000000000000e+06 8.047504822053360707e-01
1.445391000000000000e+06 1.412774000000000000e+06 1.385083000000000000e+06 1.360197000000000000e+06 1.339652000000000000e+06 1.319343000000000000e+06 1.300142000000000000e+06 1.281947000000000000e+06 8.096126679137369830e-01
1.481171000000000000e+06 1.445391000000000000e+06 1.412774000000000000e+06 1.385083000000000000e+06 1.360197000000000000e+06 1.339652000000000000e+06 1.319343000000000000e+06 1.300142000000000000e+06 8.157667858419870299e-01
1.508918000000000000e+06 1.481171000000000000e+06 1.445391000000000000e+06 1.412774000000000000e+06 1.385083000000000000e+06 1.360197000000000000e+06 1.339652000000000000e+06 1.319343000000000000e+06 8.207354362981158502e-01
1.528140000000000000e+06 1.508918000000000000e+06 1.481171000000000000e+06 1.445391000000000000e+06 1.412774000000000000e+06 1.385083000000000000e+06 1.360197000000000000e+06 1.339652000000000000e+06 8.218389633785436743e-01
1.538730000000000000e+06 1.528140000000000000e+06 1.508918000000000000e+06 1.481171000000000000e+06 1.445391000000000000e+06 1.412774000000000000e+06 1.385083000000000000e+06 1.360197000000000000e+06 8.166026435523147109e-01
1.570810000000000000e+06 1.538730000000000000e+06 1.528140000000000000e+06 1.508918000000000000e+06 1.481171000000000000e+06 1.445391000000000000e+06 1.412774000000000000e+06 1.385083000000000000e+06 8.101573277567557518e-01
1.598725000000000000e+06 1.570810000000000000e+06 1.538730000000000000e+06 1.528140000000000000e+06 1.508918000000000000e+06 1.481171000000000000e+06 1.445391000000000000e+06 1.412774000000000000e+06 8.050719069315388499e-01
1.615953000000000000e+06 1.598725000000000000e+06 1.570810000000000000e+06 1.538730000000000000e+06 1.528140000000000000e+06 1.508918000000000000e+06 1.481171000000000000e+06 1.445391000000000000e+06 8.024468359821719243e-01
1.630427000000000000e+06 1.615953000000000000e+06 1.598725000000000000e+06 1.570810000000000000e+06 1.538730000000000000e+06 1.528140000000000000e+06 1.508918000000000000e+06 1.481171000000000000e+06 7.999236910799627509e-01
1.640168000000000000e+06 1.630427000000000000e+06 1.615953000000000000e+06 1.598725000000000000e+06 1.570810000000000000e+06 1.538730000000000000e+06 1.528140000000000000e+06 1.508918000000000000e+06 7.950004213713016687e-01
1.652512000000000000e+06 1.640168000000000000e+06 1.630427000000000000e+06 1.615953000000000000e+06 1.598725000000000000e+06 1.570810000000000000e+06 1.538730000000000000e+06 1.528140000000000000e+06 7.894142538850507096e-01
1.669276000000000000e+06 1.652512000000000000e+06 1.640168000000000000e+06 1.630427000000000000e+06 1.615953000000000000e+06 1.598725000000000000e+06 1.570810000000000000e+06 1.538730000000000000e+06 7.845959769255266281e-01
1.686319000000000000e+06 1.669276000000000000e+06 1.652512000000000000e+06 1.640168000000000000e+06 1.630427000000000000e+06 1.615953000000000000e+06 1.598725000000000000e+06 1.570810000000000000e+06 7.805756466536729610e-01
1.701964000000000000e+06 1.686319000000000000e+06 1.669276000000000000e+06 1.652512000000000000e+06 1.640168000000000000e+06 1.630427000000000000e+06 1.615953000000000000e+06 1.598725000000000000e+06 7.798529067319139862e-01
1.716489000000000000e+06 1.701964000000000000e+06 1.686319000000000000e+06 1.669276000000000000e+06 1.652512000000000000e+06 1.640168000000000000e+06 1.630427000000000000e+06 1.615953000000000000e+06 7.806583820916156435e-01
1.735005000000000000e+06 1.716489000000000000e+06 1.701964000000000000e+06 1.686319000000000000e+06 1.669276000000000000e+06 1.652512000000000000e+06 1.640168000000000000e+06 1.630427000000000000e+06 7.817291562095224355e-01
1.755423000000000000e+06 1.735005000000000000e+06 1.716489000000000000e+06 1.701964000000000000e+06 1.686319000000000000e+06 1.669276000000000000e+06 1.652512000000000000e+06 1.640168000000000000e+06 7.831981980288119649e-01
1.783255000000000000e+06 1.755423000000000000e+06 1.735005000000000000e+06 1.716489000000000000e+06 1.701964000000000000e+06 1.686319000000000000e+06 1.669276000000000000e+06 1.652512000000000000e+06 7.859354990431547394e-01
1.813170000000000000e+06 1.783255000000000000e+06 1.755423000000000000e+06 1.735005000000000000e+06 1.716489000000000000e+06 1.701964000000000000e+06 1.686319000000000000e+06 1.669276000000000000e+06 7.900516795865633046e-01
1.846081000000000000e+06 1.813170000000000000e+06 1.783255000000000000e+06 1.755423000000000000e+06 1.735005000000000000e+06 1.716489000000000000e+06 1.701964000000000000e+06 1.686319000000000000e+06 7.957139538321205130e-01
1.884290000000000000e+06 1.846081000000000000e+06 1.813170000000000000e+06 1.783255000000000000e+06 1.755423000000000000e+06 1.735005000000000000e+06 1.716489000000000000e+06 1.701964000000000000e+06 8.023789959618641277e-01
1.922025000000000000e+06 1.884290000000000000e+06 1.846081000000000000e+06 1.813170000000000000e+06 1.783255000000000000e+06 1.755423000000000000e+06 1.735005000000000000e+06 1.716489000000000000e+06 8.086204459632753139e-01
1.959330000000000000e+06 1.922025000000000000e+06 1.884290000000000000e+06 1.846081000000000000e+06 1.813170000000000000e+06 1.783255000000000000e+06 1.755423000000000000e+06 1.735005000000000000e+06 8.135691540377654185e-01
2.000928000000000000e+06 1.959330000000000000e+06 1.922025000000000000e+06 1.884290000000000000e+06 1.846081000000000000e+06 1.813170000000000000e+06 1.783255000000000000e+06 1.755423000000000000e+06 8.172188139116126626e-01
2.045542000000000000e+06 2.000928000000000000e+06 1.959330000000000000e+06 1.922025000000000000e+06 1.884290000000000000e+06 1.846081000000000000e+06 1.813170000000000000e+06 1.783255000000000000e+06 8.197034556441861186e-01
2.082213000000000000e+06 2.045542000000000000e+06 2.000928000000000000e+06 1.959330000000000000e+06 1.922025000000000000e+06 1.884290000000000000e+06 1.846081000000000000e+06 1.813170000000000000e+06 8.209267723304569664e-01
2.119070000000000000e+06 2.082213000000000000e+06 2.045542000000000000e+06 2.000928000000000000e+06 1.959330000000000000e+06 1.922025000000000000e+06 1.884290000000000000e+06 1.846081000000000000e+06 8.206844282098435528e-01
2.152752000000000000e+06 2.119070000000000000e+06 2.082213000000000000e+06 2.045542000000000000e+06 2.000928000000000000e+06 1.959330000000000000e+06 1.922025000000000000e+06 1.884290000000000000e+06 8.181259610899169754e-01
2.190041000000000000e+06 2.152752000000000000e+06 2.119070000000000000e+06 2.082213000000000000e+06 2.045542000000000000e+06 2.000928000000000000e+06 1.959330000000000000e+06 1.922025000000000000e+06 8.150864833671278564e-01
2.227439000000000000e+06 2.190041000000000000e+06 2.152752000000000000e+06 2.119070000000000000e+06 2.082213000000000000e+06 2.045542000000000000e+06 2.000928000000000000e+06 1.959330000000000000e+06 8.123419188371729938e-01
2.253666000000000000e+06 2.227439000000000000e+06 2.190041000000000000e+06 2.152752000000000000e+06 2.119070000000000000e+06 2.082213000000000000e+06 2.045542000000000000e+06 2.000928000000000000e+06 8.088440572844506349e-01
2.276470000000000000e+06 2.253666000000000000e+06 2.227439000000000000e+06 2.190041000000000000e+06 2.152752000000000000e+06 2.119070000000000000e+06 2.082213000000000000e+06 2.045542000000000000e+06 8.045137272984104193e-01
2.299826000000000000e+06 2.276470000000000000e+06 2.253666000000000000e+06 2.227439000000000000e+06 2.190041000000000000e+06 2.152752000000000000e+06 2.119070000000000000e+06 2.082213000000000000e+06 7.993798276138929237e-01
2.327744000000000000e+06 2.299826000000000000e+06 2.276470000000000000e+06 2.253666000000000000e+06 2.227439000000000000e+06 2.190041000000000000e+06 2.152752000000000000e+06 2.119070000000000000e+06 7.945448322546505571e-01
2.353002000000000000e+06 2.327744000000000000e+06 2.299826000000000000e+06 2.276470000000000000e+06 2.253666000000000000e+06 2.227439000000000000e+06 2.190041000000000000e+06 2.152752000000000000e+06 7.910984465142275601e-01
2.379699000000000000e+06 2.353002000000000000e+06 2.327744000000000000e+06 2.299826000000000000e+06 2.276470000000000000e+06 2.253666000000000000e+06 2.227439000000000000e+06 2.190041000000000000e+06 7.890867243296985079e-01
2.393049000000000000e+06 2.379699000000000000e+06 2.353002000000000000e+06 2.327744000000000000e+06 2.299826000000000000e+06 2.276470000000000000e+06 2.253666000000000000e+06 2.227439000000000000e+06 7.867323087494967337e-01
2.385637000000000000e+06 2.393049000000000000e+06 2.379699000000000000e+06 2.353002000000000000e+06 2.327744000000000000e+06 2.299826000000000000e+06 2.276470000000000000e+06 2.253666000000000000e+06 7.816788396570057973e-01
2.366950000000000000e+06 2.385637000000000000e+06 2.393049000000000000e+06 2.379699000000000000e+06 2.353002000000000000e+06 2.327744000000000000e+06 2.299826000000000000e+06 2.276470000000000000e+06 7.719135335023865618e-01
2.355166000000000000e+06 2.366950000000000000e+06 2.385637000000000000e+06 2.393049000000000000e+06 2.379699000000000000e+06 2.353002000000000000e+06 2.327744000000000000e+06 2.299826000000000000e+06 7.593533349622035855e-01
2.365772000000000000e+06 2.355166000000000000e+06 2.366950000000000000e+06 2.385637000000000000e+06 2.393049000000000000e+06 2.379699000000000000e+06 2.353002000000000000e+06 2.327744000000000000e+06 7.497638439290277290e-01
2.369828000000000000e+06 2.365772000000000000e+06 2.355166000000000000e+06 2.366950000000000000e+06 2.385637000000000000e+06 2.393049000000000000e+06 2.379699000000000000e+06 2.353002000000000000e+06 7.455028378090388097e-01
2.374946000000000000e+06 2.369828000000000000e+06 2.365772000000000000e+06 2.355166000000000000e+06 2.366950000000000000e+06 2.385637000000000000e+06 2.393049000000000000e+06 2.379699000000000000e+06 7.464877613228301234e-01
2.382463000000000000e+06 2.374946000000000000e+06 2.369828000000000000e+06 2.365772000000000000e+06 2.355166000000000000e+06 2.366950000000000000e+06 2.385637000000000000e+06 2.393049000000000000e+06 7.501721433622130508e-01
2.399128000000000000e+06 2.382463000000000000e+06 2.374946000000000000e+06 2.369828000000000000e+06 2.365772000000000000e+06 2.355166000000000000e+06 2.366950000000000000e+06 2.385637000000000000e+06 7.554249342245890064e-01
2.419384000000000000e+06 2.399128000000000000e+06 2.382463000000000000e+06 2.374946000000000000e+06 2.369828000000000000e+06 2.365772000000000000e+06 2.355166000000000000e+06 2.366950000000000000e+06 7.613862585850537101e-01
2.442911000000000000e+06 2.419384000000000000e+06 2.399128000000000000e+06 2.382463000000000000e+06 2.374946000000000000e+06 2.369828000000000000e+06 2.365772000000000000e+06 2.355166000000000000e+06 7.671290865388679103e-01
2.462550000000000000e+06 2.442911000000000000e+06 2.419384000000000000e+06 2.399128000000000000e+06 2.382463000000000000e+06 2.374946000000000000e+06 2.369828000000000000e+06 2.365772000000000000e+06 7.716041352115013963e-01
2.477727000000000000e+06 2.462550000000000000e+06 2.442911000000000000e+06 2.419384000000000000e+06 2.399128000000000000e+06 2.382463000000000000e+06 2.374946000000000000e+06 2.369828000000000000e+06 7.750267809390045670e-01
2.501247000000000000e+06 2.477727000000000000e+06 2.462550000000000000e+06 2.442911000000000000e+06 2.419384000000000000e+06 2.399128000000000000e+06 2.382463000000000000e+06 2.374946000000000000e+06 7.771079147373918250e-01
2.524393000000000000e+06 2.501247000000000000e+06 2.477727000000000000e+06 2.462550000000000000e+06 2.442911000000000000e+06 2.419384000000000000e+06 2.399128000000000000e+06 2.382463000000000000e+06 7.780439337420620438e-01
2.546493000000000000e+06 2.524393000000000000e+06 2.501247000000000000e+06 2.477727000000000000e+06 2.462550000000000000e+06 2.442911000000000000e+06 2.419384000000000000e+06 2.399128000000000000e+06 7.787077360251822844e-01
2.564691000000000000e+06 2.546493000000000000e+06 2.524393000000000000e+06 2.501247000000000000e+06 2.477727000000000000e+06 2.462550000000000000e+06 2.442911000000000000e+06 2.419384000000000000e+06 7.789360792249218068e-01
2.586442000000000000e+06 2.564691000000000000e+06 2.546493000000000000e+06 2.524393000000000000e+06 2.501247000000000000e+06 2.477727000000000000e+06 2.462550000000000000e+06 2.442911000000000000e+06 7.787623672976755618e-01
2.614974000000000000e+06 2.586442000000000000e+06 2.564691000000000000e+06 2.546493000000000000e+06 2.524393000000000000e+06 2.501247000000000000e+06 2.477727000000000000e+06 2.462550000000000000e+06 7.792666746070632255e-01
2.640691000000000000e+06 2.614974000000000000e+06 2.586442000000000000e+06 2.564691000000000000e+06 2.546493000000000000e+06 2.524393000000000000e+06 2.501247000000000000e+06 2.477727000000000000e+06 7.803200243585483031e-01
2.673466000000000000e+06 2.640691000000000000e+06 2.614974000000000000e+06 2.586442000000000000e+06 2.564691000000000000e+06 2.546493000000000000e+06 2.524393000000000000e+06 2.501247000000000000e+06 7.822105819337497046e-01
2.706109000000000000e+06 2.673466000000000000e+06 2.640691000000000000e+06 2.614974000000000000e+06 2.586442000000000000e+06 2.564691000000000000e+06 2.546493000000000000e+06 2.524393000000000000e+06 7.846068374554967528e-01
2.731901000000000000e+06 2.706109000000000000e+06 2.673466000000000000e+06 2.640691000000000000e+06 2.614974000000000000e+06 2.586442000000000000e+06 2.564691000000000000e+06 2.546493000000000000e+06 7.865597424509822577e-01
2.762630000000000000e+06 2.731901000000000000e+06 2.706109000000000000e+06 2.673466000000000000e+06 2.640691000000000000e+06 2.614974000000000000e+06 2.586442000000000000e+06 2.564691000000000000e+06 7.880079924680002401e-01
2.791519000000000000e+06 2.762630000000000000e+06 2.731901000000000000e+06 2.706109000000000000e+06 2.673466000000000000e+06 2.640691000000000000e+06 2.614974000000000000e+06 2.586442000000000000e+06 7.879789337204924360e-01
2.811731000000000000e+06 2.791519000000000000e+06 2.762630000000000000e+06 2.731901000000000000e+06 2.706109000000000000e+06 2.673466000000000000e+06 2.640691000000000000e+06 2.614974000000000000e+06 7.866188257152636476e-01
2.829621000000000000e+06 2.811731000000000000e+06 2.791519000000000000e+06 2.762630000000000000e+06 2.731901000000000000e+06 2.706109000000000000e+06 2.673466000000000000e+06 2.640691000000000000e+06 7.842950169951787842e-01
2.854363000000000000e+06 2.829621000000000000e+06 2.811731000000000000e+06 2.791519000000000000e+06 2.762630000000000000e+06 2.731901000000000000e+06 2.706109000000000000e+06 2.673466000000000000e+06 7.812793989685220541e-01
2.870469000000000000e+06 2.854363000000000000e+06 2.829621000000000000e+06 2.811731000000000000e+06 2.791519000000000000e+06 2.762630000000000000e+06 2.731901000000000000e+06 2.706109000000000000e+06 7.782322835759563073e-01
2.880948000000000000e+06 2.870469000000000000e+06 2.854363000000000000e+06 2.829621000000000000e+06 2.811731000000000000e+06 2.791519000000000000e+06 2.762630000000000000e+06 2.731901000000000000e+06 7.754505157382363123e-01
2.908342000000000000e+06 2.880948000000000000e+06 2.870469000000000000e+06 2.854363000000000000e+06 2.829621000000000000e+06 2.811731000000000000e+06 2.791519000000000000e+06 2.762630000000000000e+06 7.735034814431260841e-01
2.927616000000000000e+06 2.908342000000000000e+06 2.880948000000000000e+06 2.870469000000000000e+06 2.854363000000000000e+06 2.829621000000000000e+06 2.811731000000000000e+06 2.791519000000000000e+06 7.722800820821115186e-01
2.949957000000000000e+06 2.927616000000000000e+06 2.908342000000000000e+06 2.880948000000000000e+06 2.870469000000000000e+06 2.854363000000000000e+06 2.829621000000000000e+06 2.811731000000000000e+06 7.729872224486248333e-01
2.986159000000000000e+06 2.949957000000000000e+06 2.927616000000000000e+06 2.908342000000000000e+06 2.880948000000000000e+06 2.870469000000000000e+06 2.854363000000000000e+06 2.829621000000000000e+06 7.751133519497916957e-01
3.020685000000000000e+06 2.986159000000000000e+06 2.949957000000000000e+06 2.927616000000000000e+06 2.908342000000000000e+06 2.880948000000000000e+06 2.870469000000000000e+06 2.854363000000000000e+06 7.778970033494521097e-01
