6.427126666666667631e+01 6.459636666666666827e+01 6.347826666666666284e+01 6.297283333333333388e+01 6.424963333333333537e+01 6.556903333333333705e+01 6.484649999999999181e+01 6.453740000000000521e+01 7.420678833298590682e-01
6.437713333333333310e+01 6.427126666666667631e+01 6.459636666666666827e+01 6.347826666666666284e+01 6.297283333333333388e+01 6.424963333333333537e+01 6.556903333333333705e+01 6.484649999999999181e+01 7.500631376841410125e-01
6.537040000000000362e+01 6.437713333333333310e+01 6.427126666666667631e+01 6.459636666666666827e+01 6.347826666666666284e+01 6.297283333333333388e+01 6.424963333333333537e+01 6.556903333333333705e+01 7.570881361606838222e-01
6.613596666666667545e+01 6.537040000000000362e+01 6.437713333333333310e+01 6.427126666666667631e+01 6.459636666666666827e+01 6.347826666666666284e+01 6.297283333333333388e+01 6.424963333333333537e+01 7.672766357314674268e-01
6.677089999999999748e+01 6.613596666666667545e+01 6.537040000000000362e+01 6.437713333333333310e+01 6.427126666666667631e+01 6.459636666666666827e+01 6.347826666666666284e+01 6.297283333333333388e+01 7.765872252225387573e-01
6.732053333333333001e+01 6.677089999999999748e+01 6.613596666666667545e+01 6.537040000000000362e+01 6.437713333333333310e+01 6.427126666666667631e+01 6.459636666666666827e+01 6.347826666666666284e+01 7.799354713140268514e-01
6.730253333333332932e+01 6.732053333333333001e+01 6.677089999999999748e+01 6.613596666666667545e+01 6.537040000000000362e+01 6.437713333333333310e+01 6.427126666666667631e+01 6.459636666666666827e+01 7.787399682024319647e-01
6.794253333333334410e+01 6.730253333333332932e+01 6.732053333333333001e+01 6.677089999999999748e+01 6.613596666666667545e+01 6.537040000000000362e+01 6.437713333333333310e+01 6.427126666666667631e+01 7.786349740788911511e-01
6.869069999999999254e+01 6.794253333333334410e+01 6.730253333333332932e+01 6.732053333333333001e+01 6.677089999999999748e+01 6.613596666666667545e+01 6.537040000000000362e+01 6.437713333333333310e+01 7.764414632561520424e-01
6.961579999999999302e+01 6.869069999999999254e+01 6.794253333333334410e+01 6.730253333333332932e+01 6.732053333333333001e+01 6.677089999999999748e+01 6.613596666666667545e+01 6.537040000000000362e+01 7.765464673778672555e-01
7.070106666666667650e+01 6.961579999999999302e+01 6.869069999999999254e+01 6.794253333333334410e+01 6.730253333333332932e+01 6.732053333333333001e+01 6.677089999999999748e+01 6.613596666666667545e+01 7.812492757819748945e-01
7.191330000000000666e+01 7.070106666666667650e+01 6.961579999999999302e+01 6.869069999999999254e+01 6.794253333333334410e+01 6.730253333333332932e+01 6.732053333333333001e+01 6.677089999999999748e+01 7.879740275330920918e-01
7.320340000000000202e+01 7.191330000000000666e+01 7.070106666666667650e+01 6.961579999999999302e+01 6.869069999999999254e+01 6.794253333333334410e+01 6.730253333333332932e+01 6.732053333333333001e+01 7.956230571111774230e-01
7.400646666666666817e+01 7.320340000000000202e+01 7.191330000000000666e+01 7.070106666666667650e+01 6.961579999999999302e+01 6.869069999999999254e+01 6.794253333333334410e+01 6.730253333333332932e+01 8.010305674237899742e-01
7.391243333333333965e+01 7.400646666666666817e+01 7.320340000000000202e+01 7.191330000000000666e+01 7.070106666666667650e+01 6.961579999999999302e+01 6.869069999999999254e+01 6.794253333333334410e+01 7.984192820295062942e-01
7.525156666666664762e+01 7.391243333333333965e+01 7.400646666666666817e+01 7.320340000000000202e+01 7.191330000000000666e+01 7.070106666666667650e+01 6.961579999999999302e+01 6.869069999999999254e+01 7.944246695332706221e-01
7.553833333333334110e+01 7.525156666666664762e+01 7.391243333333333965e+01 7.400646666666666817e+01 7.320340000000000202e+01 7.191330000000000666e+01 7.070106666666667650e+01 6.961579999999999302e+01 7.872316348684522680e-01
7.602883333333333837e+01 7.553833333333334110e+01 7.525156666666664762e+01 7.391243333333333965e+01 7.400646666666666817e+01 7.320340000000000202e+01 7.191330000000000666e+01 7.070106666666667650e+01 7.826078955670487947e-01
7.738083333333332803e+01 7.602883333333333837e+01 7.553833333333334110e+01 7.525156666666664762e+01 7.391243333333333965e+01 7.400646666666666817e+01 7.320340000000000202e+01 7.191330000000000666e+01 7.812975624804632258e-01
7.901449999999999818e+01 7.738083333333332803e+01 7.602883333333333837e+01 7.553833333333334110e+01 7.525156666666664762e+01 7.391243333333333965e+01 7.400646666666666817e+01 7.320340000000000202e+01 7.842262520672089732e-01
7.984359999999999502e+01 7.901449999999999818e+01 7.738083333333332803e+01 7.602883333333333837e+01 7.553833333333334110e+01 7.525156666666664762e+01 7.391243333333333965e+01 7.400646666666666817e+01 7.908670026906917672e-01
8.117470000000000141e+01 7.984359999999999502e+01 7.901449999999999818e+01 7.738083333333332803e+01 7.602883333333333837e+01 7.553833333333334110e+01 7.525156666666664762e+01 7.391243333333333965e+01 7.981640302218980798e-01
8.233400000000000318e+01 8.117470000000000141e+01 7.984359999999999502e+01 7.901449999999999818e+01 7.738083333333332803e+01 7.602883333333333837e+01 7.553833333333334110e+01 7.525156666666664762e+01 7.999758272721625429e-01
8.424283333333333701e+01 8.233400000000000318e+01 8.117470000000000141e+01 7.984359999999999502e+01 7.901449999999999818e+01 7.738083333333332803e+01 7.602883333333333837e+01 7.553833333333334110e+01 8.044860440259230527e-01
8.690633333333333610e+01 8.424283333333333701e+01 8.233400000000000318e+01 8.117470000000000141e+01 7.984359999999999502e+01 7.901449999999999818e+01 7.738083333333332803e+01 7.602883333333333837e+01 8.117493821808697829e-01
8.751889999999998793e+01 8.690633333333333610e+01 8.424283333333333701e+01 8.233400000000000318e+01 8.117470000000000141e+01 7.984359999999999502e+01 7.901449999999999818e+01 7.738083333333332803e+01 8.149242486853904843e-01
8.763403333333333478e+01 8.751889999999998793e+01 8.690633333333333610e+01 8.424283333333333701e+01 8.233400000000000318e+01 8.117470000000000141e+01 7.984359999999999502e+01 7.901449999999999818e+01 8.129226293361060396e-01
8.879820000000000846e+01 8.763403333333333478e+01 8.751889999999998793e+01 8.690633333333333610e+01 8.424283333333333701e+01 8.233400000000000318e+01 8.117470000000000141e+01 7.984359999999999502e+01 8.057236096506926737e-01
9.022613333333333685e+01 8.879820000000000846e+01 8.763403333333333478e+01 8.751889999999998793e+01 8.690633333333333610e+01 8.424283333333333701e+01 8.233400000000000318e+01 8.117470000000000141e+01 7.968089001543466887e-01
9.103496666666666215e+01 9.022613333333333685e+01 8.879820000000000846e+01 8.763403333333333478e+01 8.751889999999998793e+01 8.690633333333333610e+01 8.424283333333333701e+01 8.233400000000000318e+01 7.919579568530473734e-01
9.179186666666664962e+01 9.103496666666666215e+01 9.022613333333333685e+01 8.879820000000000846e+01 8.763403333333333478e+01 8.751889999999998793e+01 8.690633333333333610e+01 8.424283333333333701e+01 7.884819834088983015e-01
9.267279999999999518e+01 9.179186666666664962e+01 9.103496666666666215e+01 9.022613333333333685e+01 8.879820000000000846e+01 8.763403333333333478e+01 8.751889999999998793e+01 8.690633333333333610e+01 7.852180999615797630e-01
9.440650000000000830e+01 9.267279999999999518e+01 9.179186666666664962e+01 9.103496666666666215e+01 9.022613333333333685e+01 8.879820000000000846e+01 8.763403333333333478e+01 8.751889999999998793e+01 7.873773754347869192e-01
9.509543333333333237e+01 9.440650000000000830e+01 9.267279999999999518e+01 9.179186666666664962e+01 9.103496666666666215e+01 9.022613333333333685e+01 8.879820000000000846e+01 8.763403333333333478e+01 7.888733365639095663e-01
9.644643333333333146e+01 9.509543333333333237e+01 9.440650000000000830e+01 9.267279999999999518e+01 9.179186666666664962e+01 9.103496666666666215e+01 9.022613333333333685e+01 8.879820000000000846e+01 7.902375147793269106e-01
9.651476666666667370e+01 9.644643333333333146e+01 9.509543333333333237e+01 9.440650000000000830e+01 9.267279999999999518e+01 9.179186666666664962e+01 9.103496666666666215e+01 9.022613333333333685e+01 7.876301305176476308e-01
9.627609999999999957e+01 9.651476666666667370e+01 9.644643333333333146e+01 9.509543333333333237e+01 9.440650000000000830e+01 9.267279999999999518e+01 9.179186666666664962e+01 9.103496666666666215e+01 7.819208008085656303e-01
9.479629999999998802e+01 9.627609999999999957e+01 9.651476666666667370e+01 9.644643333333333146e+01 9.509543333333333237e+01 9.440650000000000830e+01 9.267279999999999518e+01 9.179186666666664962e+01 7.690183205309423231e-01
9.351686666666667236e+01 9.479629999999998802e+01 9.627609999999999957e+01 9.651476666666667370e+01 9.644643333333333146e+01 9.509543333333333237e+01 9.440650000000000830e+01 9.267279999999999518e+01 7.516464786481826810e-01
9.285566666666666436e+01 9.351686666666667236e+01 9.479629999999998802e+01 9.627609999999999957e+01 9.651476666666667370e+01 9.644643333333333146e+01 9.509543333333333237e+01 9.440650000000000830e+01 7.351527737662557627e-01
9.117719999999998493e+01 9.285566666666666436e+01 9.351686666666667236e+01 9.479629999999998802e+01 9.627609999999999957e+01 9.651476666666667370e+01 9.644643333333333146e+01 9.509543333333333237e+01 7.221600172489427427e-01
9.176973333333334892e+01 9.117719999999998493e+01 9.285566666666666436e+01 9.351686666666667236e+01 9.479629999999998802e+01 9.627609999999999957e+01 9.651476666666667370e+01 9.644643333333333146e+01 7.181730973539813823e-01
9.370663333333334322e+01 9.176973333333334892e+01 9.117719999999998493e+01 9.285566666666666436e+01 9.351686666666667236e+01 9.479629999999998802e+01 9.627609999999999957e+01 9.651476666666667370e+01 7.259266301826071688e-01
9.443796666666666795e+01 9.370663333333334322e+01 9.176973333333334892e+01 9.117719999999998493e+01 9.285566666666666436e+01 9.351686666666667236e+01 9.479629999999998802e+01 9.627609999999999957e+01 7.416031018387849727e-01
9.359649999999999181e+01 9.443796666666666795e+01 9.370663333333334322e+01 9.176973333333334892e+01 9.117719999999998493e+01 9.285566666666666436e+01 9.351686666666667236e+01 9.479629999999998802e+01 7.566647010518263716e-01
9.427640000000000953e+01 9.359649999999999181e+01 9.443796666666666795e+01 9.370663333333334322e+01 9.176973333333334892e+01 9.117719999999998493e+01 9.285566666666666436e+01 9.351686666666667236e+01 7.644083026943973014e-01
9.387729999999999109e+01 9.427640000000000953e+01 9.359649999999999181e+01 9.443796666666666795e+01 9.370663333333334322e+01 9.176973333333334892e+01 9.117719999999998493e+01 9.285566666666666436e+01 7.624984021599099382e-01
9.478779999999999006e+01 9.387729999999999109e+01 9.427640000000000953e+01 9.359649999999999181e+01 9.443796666666666795e+01 9.370663333333334322e+01 9.176973333333334892e+01 9.117719999999998493e+01 7.624574386229596712e-01
9.510853333333334092e+01 9.478779999999999006e+01 9.387729999999999109e+01 9.427640000000000953e+01 9.359649999999999181e+01 9.443796666666666795e+01 9.370663333333334322e+01 9.176973333333334892e+01 7.597467275603340120e-01
9.576246666666668261e+01 9.510853333333334092e+01 9.478779999999999006e+01 9.387729999999999109e+01 9.427640000000000953e+01 9.359649999999999181e+01 9.443796666666666795e+01 9.370663333333334322e+01 7.596954928959424036e-01
9.659896666666666931e+01 9.576246666666668261e+01 9.510853333333334092e+01 9.478779999999999006e+01 9.387729999999999109e+01 9.427640000000000953e+01 9.359649999999999181e+01 9.443796666666666795e+01 7.641653622810217206e-01
9.759106666666666285e+01 9.659896666666666931e+01 9.576246666666668261e+01 9.510853333333334092e+01 9.478779999999999006e+01 9.387729999999999109e+01 9.427640000000000953e+01 9.359649999999999181e+01 7.700484413259750527e-01
9.806746666666667522e+01 9.759106666666666285e+01 9.659896666666666931e+01 9.576246666666668261e+01 9.510853333333334092e+01 9.478779999999999006e+01 9.387729999999999109e+01 9.427640000000000953e+01 7.730656638834664252e-01
9.921559999999999491e+01 9.806746666666667522e+01 9.759106666666666285e+01 9.659896666666666931e+01 9.576246666666668261e+01 9.510853333333334092e+01 9.478779999999999006e+01 9.387729999999999109e+01 7.769330330720406463e-01
1.005816999999999979e+02 9.921559999999999491e+01 9.806746666666667522e+01 9.759106666666666285e+01 9.659896666666666931e+01 9.576246666666668261e+01 9.510853333333334092e+01 9.478779999999999006e+01 7.792248912666521754e-01
1.006100333333333339e+02 1.005816999999999979e+02 9.921559999999999491e+01 9.806746666666667522e+01 9.759106666666666285e+01 9.659896666666666931e+01 9.576246666666668261e+01 9.510853333333334092e+01 7.801551113412237282e-01
1.002951666666666739e+02 1.006100333333333339e+02 1.005816999999999979e+02 9.921559999999999491e+01 9.806746666666667522e+01 9.759106666666666285e+01 9.659896666666666931e+01 9.576246666666668261e+01 7.769881086016278138e-01
1.009364999999999810e+02 1.002951666666666739e+02 1.006100333333333339e+02 1.005816999999999979e+02 9.921559999999999491e+01 9.806746666666667522e+01 9.759106666666666285e+01 9.659896666666666931e+01 7.710407177402481826e-01
1.022849666666666621e+02 1.009364999999999810e+02 1.002951666666666739e+02 1.006100333333333339e+02 1.005816999999999979e+02 9.921559999999999491e+01 9.806746666666667522e+01 9.759106666666666285e+01 7.675108261141676547e-01
1.038257666666666523e+02 1.022849666666666621e+02 1.009364999999999810e+02 1.002951666666666739e+02 1.006100333333333339e+02 1.005816999999999979e+02 9.921559999999999491e+01 9.806746666666667522e+01 7.705562141779939145e-01
1.025889999999999986e+02 1.038257666666666523e+02 1.022849666666666621e+02 1.009364999999999810e+02 1.002951666666666739e+02 1.006100333333333339e+02 1.005816999999999979e+02 9.921559999999999491e+01 7.703963247879245246e-01
1.031875333333333202e+02 1.025889999999999986e+02 1.038257666666666523e+02 1.022849666666666621e+02 1.009364999999999810e+02 1.002951666666666739e+02 1.006100333333333339e+02 1.005816999999999979e+02 7.693446752847870052e-01
1.052476333333333400e+02 1.031875333333333202e+02 1.025889999999999986e+02 1.038257666666666523e+02 1.022849666666666621e+02 1.009364999999999810e+02 1.002951666666666739e+02 1.006100333333333339e+02 7.696204985235652885e-01
1.064083666666666659e+02 1.052476333333333400e+02 1.031875333333333202e+02 1.025889999999999986e+02 1.038257666666666523e+02 1.022849666666666621e+02 1.009364999999999810e+02 1.002951666666666739e+02 7.729210937367024803e-01
1.050684666666666658e+02 1.064083666666666659e+02 1.052476333333333400e+02 1.031875333333333202e+02 1.025889999999999986e+02 1.038257666666666523e+02 1.022849666666666621e+02 1.009364999999999810e+02 7.731846963081961954e-01
1.041420000000000101e+02 1.050684666666666658e+02 1.064083666666666659e+02 1.052476333333333400e+02 1.031875333333333202e+02 1.025889999999999986e+02 1.038257666666666523e+02 1.022849666666666621e+02 7.662748010823027256e-01
1.037067666666666668e+02 1.041420000000000101e+02 1.050684666666666658e+02 1.064083666666666659e+02 1.052476333333333400e+02 1.031875333333333202e+02 1.025889999999999986e+02 1.038257666666666523e+02 7.542901858969405238e-01
1.014034666666666880e+02 1.037067666666666668e+02 1.041420000000000101e+02 1.050684666666666658e+02 1.064083666666666659e+02 1.052476333333333400e+02 1.031875333333333202e+02 1.025889999999999986e+02 7.408436301403118485e-01
9.574410000000000309e+01 1.014034666666666880e+02 1.037067666666666668e+02 1.041420000000000101e+02 1.050684666666666658e+02 1.064083666666666659e+02 1.052476333333333400e+02 1.031875333333333202e+02 7.164699587850154039e-01
9.019706666666667161e+01 9.574410000000000309e+01 1.014034666666666880e+02 1.037067666666666668e+02 1.041420000000000101e+02 1.050684666666666658e+02 1.064083666666666659e+02 1.052476333333333400e+02 6.827453743443883116e-01
8.764746666666667352e+01 9.019706666666667161e+01 9.574410000000000309e+01 1.014034666666666880e+02 1.037067666666666668e+02 1.041420000000000101e+02 1.050684666666666658e+02 1.064083666666666659e+02 6.524491548651771833e-01
9.025333333333333030e+01 8.764746666666667352e+01 9.019706666666667161e+01 9.574410000000000309e+01 1.014034666666666880e+02 1.037067666666666668e+02 1.041420000000000101e+02 1.050684666666666658e+02 6.470781369761796631e-01
9.030933333333332769e+01 9.025333333333333030e+01 8.764746666666667352e+01 9.019706666666667161e+01 9.574410000000000309e+01 1.014034666666666880e+02 1.037067666666666668e+02 1.041420000000000101e+02 6.622532385066859373e-01
9.204626666666666779e+01 9.030933333333332769e+01 9.025333333333333030e+01 8.764746666666667352e+01 9.019706666666667161e+01 9.574410000000000309e+01 1.014034666666666880e+02 1.037067666666666668e+02 6.971179065803965180e-01
9.410376666666667234e+01 9.204626666666666779e+01 9.030933333333332769e+01 9.025333333333333030e+01 8.764746666666667352e+01 9.019706666666667161e+01 9.574410000000000309e+01 1.014034666666666880e+02 7.372405089778334419e-01
9.646540000000000248e+01 9.410376666666667234e+01 9.204626666666666779e+01 9.030933333333332769e+01 9.025333333333333030e+01 8.764746666666667352e+01 9.019706666666667161e+01 9.574410000000000309e+01 7.767532589011401090e-01
9.544749999999999091e+01 9.646540000000000248e+01 9.410376666666667234e+01 9.204626666666666779e+01 9.030933333333332769e+01 9.025333333333333030e+01 8.764746666666667352e+01 9.019706666666667161e+01 7.980215427219840008e-01
9.600939999999998520e+01 9.544749999999999091e+01 9.646540000000000248e+01 9.410376666666667234e+01 9.204626666666666779e+01 9.030933333333332769e+01 9.025333333333333030e+01 8.764746666666667352e+01 7.992149480203543099e-01
9.636676666666666335e+01 9.600939999999998520e+01 9.544749999999999091e+01 9.646540000000000248e+01 9.410376666666667234e+01 9.204626666666666779e+01 9.030933333333332769e+01 9.025333333333333030e+01 7.848750988625883274e-01
9.865716666666666868e+01 9.636676666666666335e+01 9.600939999999998520e+01 9.544749999999999091e+01 9.646540000000000248e+01 9.410376666666667234e+01 9.204626666666666779e+01 9.030933333333332769e+01 7.804076300286840739e-01
9.810610000000001207e+01 9.865716666666666868e+01 9.636676666666666335e+01 9.600939999999998520e+01 9.544749999999999091e+01 9.646540000000000248e+01 9.410376666666667234e+01 9.204626666666666779e+01 7.753471908733361451e-01
9.902096666666666636e+01 9.810610000000001207e+01 9.865716666666666868e+01 9.636676666666666335e+01 9.600939999999998520e+01 9.544749999999999091e+01 9.646540000000000248e+01 9.410376666666667234e+01 7.742514428771092305e-01
9.976149999999999807e+01 9.902096666666666636e+01 9.810610000000001207e+01 9.865716666666666868e+01 9.636676666666666335e+01 9.600939999999998520e+01 9.544749999999999091e+01 9.646540000000000248e+01 7.725657387078062044e-01
1.010058999999999969e+02 9.976149999999999807e+01 9.902096666666666636e+01 9.810610000000001207e+01 9.865716666666666868e+01 9.636676666666666335e+01 9.600939999999998520e+01 9.544749999999999091e+01 7.756875394855717865e-01
1.002116666666666589e+02 1.010058999999999969e+02 9.976149999999999807e+01 9.902096666666666636e+01 9.810610000000001207e+01 9.865716666666666868e+01 9.636676666666666335e+01 9.600939999999998520e+01 7.734478721123353440e-01
1.009313000000000073e+02 1.002116666666666589e+02 1.010058999999999969e+02 9.976149999999999807e+01 9.902096666666666636e+01 9.810610000000001207e+01 9.865716666666666868e+01 9.636676666666666335e+01 7.704911288423761384e-01
1.015350666666666513e+02 1.009313000000000073e+02 1.002116666666666589e+02 1.010058999999999969e+02 9.976149999999999807e+01 9.902096666666666636e+01 9.810610000000001207e+01 9.865716666666666868e+01 7.652162767187813408e-01
1.029229000000000127e+02 1.015350666666666513e+02 1.009313000000000073e+02 1.002116666666666589e+02 1.010058999999999969e+02 9.976149999999999807e+01 9.902096666666666636e+01 9.810610000000001207e+01 7.675132283819980916e-01
1.022609666666666612e+02 1.029229000000000127e+02 1.015350666666666513e+02 1.009313000000000073e+02 1.002116666666666589e+02 1.010058999999999969e+02 9.976149999999999807e+01 9.902096666666666636e+01 7.667972694335608574e-01
1.030792000000000002e+02 1.022609666666666612e+02 1.029229000000000127e+02 1.015350666666666513e+02 1.009313000000000073e+02 1.002116666666666589e+02 1.010058999999999969e+02 9.976149999999999807e+01 7.669945645426248237e-01
1.044803666666666686e+02 1.030792000000000002e+02 1.022609666666666612e+02 1.029229000000000127e+02 1.015350666666666513e+02 1.009313000000000073e+02 1.002116666666666589e+02 1.010058999999999969e+02 7.674829433390051303e-01
1.062805666666666724e+02 1.044803666666666686e+02 1.030792000000000002e+02 1.022609666666666612e+02 1.029229000000000127e+02 1.015350666666666513e+02 1.009313000000000073e+02 1.002116666666666589e+02 7.737658065875588909e-01
1.057236333333333391e+02 1.062805666666666724e+02 1.044803666666666686e+02 1.030792000000000002e+02 1.022609666666666612e+02 1.029229000000000127e+02 1.015350666666666513e+02 1.009313000000000073e+02 7.763630210113948715e-01
1.054717333333333471e+02 1.057236333333333391e+02 1.062805666666666724e+02 1.044803666666666686e+02 1.030792000000000002e+02 1.022609666666666612e+02 1.029229000000000127e+02 1.015350666666666513e+02 7.747129806350184777e-01
1.049639333333333298e+02 1.054717333333333471e+02 1.057236333333333391e+02 1.062805666666666724e+02 1.044803666666666686e+02 1.030792000000000002e+02 1.022609666666666612e+02 1.029229000000000127e+02 7.659947426581307228e-01
1.064888333333333321e+02 1.049639333333333298e+02 1.054717333333333471e+02 1.057236333333333391e+02 1.062805666666666724e+02 1.044803666666666686e+02 1.030792000000000002e+02 1.022609666666666612e+02 7.616526368231182342e-01
1.039316000000000031e+02 1.064888333333333321e+02 1.049639333333333298e+02 1.054717333333333471e+02 1.057236333333333391e+02 1.062805666666666724e+02 1.044803666666666686e+02 1.030792000000000002e+02 7.516959082818797100e-01
1.034591333333333267e+02 1.039316000000000031e+02 1.064888333333333321e+02 1.049639333333333298e+02 1.054717333333333471e+02 1.057236333333333391e+02 1.062805666666666724e+02 1.044803666666666686e+02 7.438674731640850801e-01
1.031508000000000038e+02 1.034591333333333267e+02 1.039316000000000031e+02 1.064888333333333321e+02 1.049639333333333298e+02 1.054717333333333471e+02 1.057236333333333391e+02 1.062805666666666724e+02 7.351141732519562710e-01
1.042119000000000142e+02 1.031508000000000038e+02 1.034591333333333267e+02 1.039316000000000031e+02 1.064888333333333321e+02 1.049639333333333298e+02 1.054717333333333471e+02 1.057236333333333391e+02 7.354151333449636674e-01
1.028620999999999981e+02 1.042119000000000142e+02 1.031508000000000038e+02 1.034591333333333267e+02 1.039316000000000031e+02 1.064888333333333321e+02 1.049639333333333298e+02 1.054717333333333471e+02 7.371279636911524102e-01
1.032496666666666556e+02 1.028620999999999981e+02 1.042119000000000142e+02 1.031508000000000038e+02 1.034591333333333267e+02 1.039316000000000031e+02 1.064888333333333321e+02 1.049639333333333298e+02 7.409060106380227495e-01
1.044698333333333267e+02 1.032496666666666556e+02 1.028620999999999981e+02 1.042119000000000142e+02 1.031508000000000038e+02 1.034591333333333267e+02 1.039316000000000031e+02 1.064888333333333321e+02 7.447457663154984919e-01
