-1.000000000000000000e+08 -1.000000000000000000e+08 -1.000000000000000000e+08 -1.000000000000000000e+08 -1.000000000000000000e+08 -1.000000000000000000e+08 -1.000000000000000000e+08 -1.000000000000000000e+08 7.500000000000000000e-01
-1.000000000000000000e+08 -1.000000000000000000e+08 -1.000000000000000000e+08 -1.000000000000000000e+08 -1.000000000000000000e+08 -1.000000000000000000e+08 -1.000000000000000000e+08 -1.000000000000000000e+08 7.500000000000000000e-01
-1.000000000000000000e+08 -1.000000000000000000e+08 -1.000000000000000000e+08 -1.000000000000000000e+08 -1.000000000000000000e+08 -1.000000000000000000e+08 -1.000000000000000000e+08 -1.000000000000000000e+08 7.500000000000000000e-01
-1.000000000000000000e+08 -1.000000000000000000e+08 -1.000000000000000000e+08 -1.000000000000000000e+08 -1.000000000000000000e+08 -1.000000000000000000e+08 -1.000000000000000000e+08 -1.000000000000000000e+08 7.500000000000000000e-01
-1.000000000000000000e+08 -1.000000000000000000e+08 -1.000000000000000000e+08 -1.000000000000000000e+08 -1.000000000000000000e+08 -1.000000000000000000e+08 -1.000000000000000000e+08 -1.000000000000000000e+08 7.500000000000000000e-01
-1.000000000000000000e+08 -1.000000000000000000e+08 -1.000000000000000000e+08 -1.000000000000000000e+08 -1.000000000000000000e+08 -1.000000000000000000e+08 -1.000000000000000000e+08 -1.000000000000000000e+08 7.500000000000000000e-01
-1.000000000000000000e+08 -1.000000000000000000e+08 -1.000000000000000000e+08 -1.000000000000000000e+08 -1.000000000000000000e+08 -1.000000000000000000e+08 -1.000000000000000000e+08 -1.000000000000000000e+08 7.500000000000000000e-01
-1.000000000000000000e+08 -1.000000000000000000e+08 -1.000000000000000000e+08 -1.000000000000000000e+08 -1.000000000000000000e+08 -1.000000000000000000e+08 -1.000000000000000000e+08 -1.000000000000000000e+08 7.500000000000000000e-01
-1.000000000000000000e+08 -1.000000000000000000e+08 -1.000000000000000000e+08 -1.000000000000000000e+08 -1.000000000000000000e+08 -1.000000000000000000e+08 -1.000000000000000000e+08 -1.000000000000000000e+08 7.500000000000000000e-01
-1.000000000000000000e+08 -1.000000000000000000e+08 -1.000000000000000000e+08 -1.000000000000000000e+08 -1.000000000000000000e+08 -1.000000000000000000e+08 -1.000000000000000000e+08 -1.000000000000000000e+08 7.500000000000000000e-01
-1.000000000000000000e+08 -1.000000000000000000e+08 -1.000000000000000000e+08 -1.000000000000000000e+08 -1.000000000000000000e+08 -1.000000000000000000e+08 -1.000000000000000000e+08 -1.000000000000000000e+08 7.500000000000000000e-01
-1.000000000000000000e+08 -1.000000000000000000e+08 -1.000000000000000000e+08 -1.000000000000000000e+08 -1.000000000000000000e+08 -1.000000000000000000e+08 -1.000000000000000000e+08 -1.000000000000000000e+08 7.500000000000000000e-01
-1.000000000000000000e+08 -1.000000000000000000e+08 -1.000000000000000000e+08 -1.000000000000000000e+08 -1.000000000000000000e+08 -1.000000000000000000e+08 -1.000000000000000000e+08 -1.000000000000000000e+08 7.500000000000000000e-01
-1.000000000000000000e+08 -1.000000000000000000e+08 -1.000000000000000000e+08 -1.000000000000000000e+08 -1.000000000000000000e+08 -1.000000000000000000e+08 -1.000000000000000000e+08 -1.000000000000000000e+08 7.500000000000000000e-01
-1.000000000000000000e+08 -1.000000000000000000e+08 -1.000000000000000000e+08 -1.000000000000000000e+08 -1.000000000000000000e+08 -1.000000000000000000e+08 -1.000000000000000000e+08 -1.000000000000000000e+08 7.500000000000000000e-01
-1.000000000000000000e+08 -1.000000000000000000e+08 -1.000000000000000000e+08 -1.000000000000000000e+08 -1.000000000000000000e+08 -1.000000000000000000e+08 -1.000000000000000000e+08 -1.000000000000000000e+08 7.500000000000000000e-01
-1.000000000000000000e+08 -1.000000000000000000e+08 -1.000000000000000000e+08 -1.000000000000000000e+08 -1.000000000000000000e+08 -1.000000000000000000e+08 -1.000000000000000000e+08 -1.000000000000000000e+08 7.500000000000000000e-01
-1.000000000000000000e+08 -1.000000000000000000e+08 -1.000000000000000000e+08 -1.000000000000000000e+08 -1.000000000000000000e+08 -1.000000000000000000e+08 -1.000000000000000000e+08 -1.000000000000000000e+08 7.500000000000000000e-01
-1.000000000000000000e+08 -1.000000000000000000e+08 -1.000000000000000000e+08 -1.000000000000000000e+08 -1.000000000000000000e+08 -1.000000000000000000e+08 -1.000000000000000000e+08 -1.000000000000000000e+08 7.500000000000000000e-01
-1.000000000000000000e+08 -1.000000000000000000e+08 -1.000000000000000000e+08 -1.000000000000000000e+08 -1.000000000000000000e+08 -1.000000000000000000e+08 -1.000000000000000000e+08 -1.000000000000000000e+08 7.500000000000000000e-01
5.196999999999999886e+01 -1.000000000000000000e+08 -1.000000000000000000e+08 -1.000000000000000000e+08 -1.000000000000000000e+08 -1.000000000000000000e+08 -1.000000000000000000e+08 -1.000000000000000000e+08 4.999998700750000191e-01
-1.000000000000000000e+08 5.196999999999999886e+01 -1.000000000000000000e+08 -1.000000000000000000e+08 -1.000000000000000000e+08 -1.000000000000000000e+08 -1.000000000000000000e+08 -1.000000000000000000e+08 4.999998700750000191e-01
-1.000000000000000000e+08 -1.000000000000000000e+08 5.196999999999999886e+01 -1.000000000000000000e+08 -1.000000000000000000e+08 -1.000000000000000000e+08 -1.000000000000000000e+08 -1.000000000000000000e+08 4.999998700750000191e-01
-1.000000000000000000e+08 -1.000000000000000000e+08 -1.000000000000000000e+08 5.196999999999999886e+01 -1.000000000000000000e+08 -1.000000000000000000e+08 -1.000000000000000000e+08 -1.000000000000000000e+08 7.500000000000000000e-01
-1.000000000000000000e+08 -1.000000000000000000e+08 -1.000000000000000000e+08 -1.000000000000000000e+08 5.196999999999999886e+01 -1.000000000000000000e+08 -1.000000000000000000e+08 -1.000000000000000000e+08 1.000000173233363432e+00
-1.000000000000000000e+08 -1.000000000000000000e+08 -1.000000000000000000e+08 -1.000000000000000000e+08 -1.000000000000000000e+08 5.196999999999999886e+01 -1.000000000000000000e+08 -1.000000000000000000e+08 1.000000173233363432e+00
-1.000000000000000000e+08 -1.000000000000000000e+08 -1.000000000000000000e+08 -1.000000000000000000e+08 -1.000000000000000000e+08 -1.000000000000000000e+08 5.196999999999999886e+01 -1.000000000000000000e+08 1.000000173233363432e+00
-1.000000000000000000e+08 -1.000000000000000000e+08 -1.000000000000000000e+08 -1.000000000000000000e+08 -1.000000000000000000e+08 -1.000000000000000000e+08 -1.000000000000000000e+08 5.196999999999999886e+01 1.000000173233363432e+00
-1.000000000000000000e+08 -1.000000000000000000e+08 -1.000000000000000000e+08 -1.000000000000000000e+08 -1.000000000000000000e+08 -1.000000000000000000e+08 -1.000000000000000000e+08 -1.000000000000000000e+08 7.500000000000000000e-01
-1.000000000000000000e+08 -1.000000000000000000e+08 -1.000000000000000000e+08 -1.000000000000000000e+08 -1.000000000000000000e+08 -1.000000000000000000e+08 -1.000000000000000000e+08 -1.000000000000000000e+08 7.500000000000000000e-01
3.160999999999999943e+01 -1.000000000000000000e+08 -1.000000000000000000e+08 -1.000000000000000000e+08 -1.000000000000000000e+08 -1.000000000000000000e+08 -1.000000000000000000e+08 -1.000000000000000000e+08 4.999999209749999562e-01
-1.000000000000000000e+08 3.160999999999999943e+01 -1.000000000000000000e+08 -1.000000000000000000e+08 -1.000000000000000000e+08 -1.000000000000000000e+08 -1.000000000000000000e+08 -1.000000000000000000e+08 4.999999209749999562e-01
3.482999999999999829e+01 -1.000000000000000000e+08 3.160999999999999943e+01 -1.000000000000000000e+08 -1.000000000000000000e+08 -1.000000000000000000e+08 -1.000000000000000000e+08 -1.000000000000000000e+08 2.499998338999999958e-01
-1.000000000000000000e+08 3.482999999999999829e+01 -1.000000000000000000e+08 3.160999999999999943e+01 -1.000000000000000000e+08 -1.000000000000000000e+08 -1.000000000000000000e+08 -1.000000000000000000e+08 4.999999129250000673e-01
2.767999999999999972e+01 -1.000000000000000000e+08 3.482999999999999829e+01 -1.000000000000000000e+08 3.160999999999999943e+01 -1.000000000000000000e+08 -1.000000000000000000e+08 -1.000000000000000000e+08 3.333331600888706503e-01
-1.000000000000000000e+08 2.767999999999999972e+01 -1.000000000000000000e+08 3.482999999999999829e+01 -1.000000000000000000e+08 3.160999999999999943e+01 -1.000000000000000000e+08 -1.000000000000000000e+08 6.666666446444421412e-01
5.577000000000000313e+01 -1.000000000000000000e+08 2.767999999999999972e+01 -1.000000000000000000e+08 3.482999999999999829e+01 -1.000000000000000000e+08 3.160999999999999943e+01 -1.000000000000000000e+08 4.999997488499165477e-01
-1.000000000000000000e+08 5.577000000000000313e+01 -1.000000000000000000e+08 2.767999999999999972e+01 -1.000000000000000000e+08 3.482999999999999829e+01 -1.000000000000000000e+08 3.160999999999999943e+01 1.000000053350017737e+00
5.975999999999999801e+01 -1.000000000000000000e+08 5.577000000000000313e+01 -1.000000000000000000e+08 2.767999999999999972e+01 -1.000000000000000000e+08 3.482999999999999829e+01 -1.000000000000000000e+08 4.999995786248682683e-01
5.752999999999999403e+01 5.975999999999999801e+01 -1.000000000000000000e+08 5.577000000000000313e+01 -1.000000000000000000e+08 2.767999999999999972e+01 -1.000000000000000000e+08 3.482999999999999829e+01 4.999995698248655418e-01
6.063333333333333286e+01 5.752999999999999403e+01 5.975999999999999801e+01 -1.000000000000000000e+08 5.577000000000000313e+01 -1.000000000000000000e+08 2.767999999999999972e+01 -1.000000000000000000e+08 -8.896170378593755869e-07
5.960999999999999233e+01 6.063333333333333286e+01 5.752999999999999403e+01 5.975999999999999801e+01 -1.000000000000000000e+08 5.577000000000000313e+01 -1.000000000000000000e+08 2.767999999999999972e+01 -8.888670375464379376e-07
5.703666666666666174e+01 5.960999999999999233e+01 6.063333333333333286e+01 5.752999999999999403e+01 5.975999999999999801e+01 -1.000000000000000000e+08 5.577000000000000313e+01 -1.000000000000000000e+08 -8.864005120292556187e-07
6.457333333333333769e+01 5.703666666666666174e+01 5.960999999999999233e+01 6.063333333333333286e+01 5.752999999999999403e+01 5.975999999999999801e+01 -1.000000000000000000e+08 5.577000000000000313e+01 -1.812203136198747528e-06
7.585999999999999943e+01 6.457333333333333769e+01 5.703666666666666174e+01 5.960999999999999233e+01 6.063333333333333286e+01 5.752999999999999403e+01 5.975999999999999801e+01 -1.000000000000000000e+08 -1.974703513458314551e-06
7.657000000000000739e+01 7.585999999999999943e+01 6.457333333333333769e+01 5.703666666666666174e+01 5.960999999999999233e+01 6.063333333333333286e+01 5.752999999999999403e+01 5.975999999999999801e+01 9.135700252596128390e-01
7.271666666666665435e+01 7.657000000000000739e+01 7.585999999999999943e+01 6.457333333333333769e+01 5.703666666666666174e+01 5.960999999999999233e+01 6.063333333333333286e+01 5.752999999999999403e+01 9.588461593061056165e-01
6.721999999999999886e+01 7.271666666666665435e+01 7.657000000000000739e+01 7.585999999999999943e+01 6.457333333333333769e+01 5.703666666666666174e+01 5.960999999999999233e+01 6.063333333333333286e+01 8.951981917415513523e-01
6.743666666666666742e+01 6.721999999999999886e+01 7.271666666666665435e+01 7.657000000000000739e+01 7.585999999999999943e+01 6.457333333333333769e+01 5.703666666666666174e+01 5.960999999999999233e+01 8.066490327265184446e-01
6.795000000000000284e+01 6.743666666666666742e+01 6.721999999999999886e+01 7.271666666666665435e+01 7.657000000000000739e+01 7.585999999999999943e+01 6.457333333333333769e+01 5.703666666666666174e+01 7.393324575487764116e-01
6.157666666666667510e+01 6.795000000000000284e+01 6.743666666666666742e+01 6.721999999999999886e+01 7.271666666666665435e+01 7.657000000000000739e+01 7.585999999999999943e+01 6.457333333333333769e+01 6.798403055824014940e-01
6.325333333333333030e+01 6.157666666666667510e+01 6.795000000000000284e+01 6.743666666666666742e+01 6.721999999999999886e+01 7.271666666666665435e+01 7.657000000000000739e+01 7.585999999999999943e+01 6.593774940143656282e-01
6.414000000000000057e+01 6.325333333333333030e+01 6.157666666666667510e+01 6.795000000000000284e+01 6.743666666666666742e+01 6.721999999999999886e+01 7.271666666666665435e+01 7.657000000000000739e+01 6.655201155160067605e-01
6.128000000000000114e+01 6.414000000000000057e+01 6.325333333333333030e+01 6.157666666666667510e+01 6.795000000000000284e+01 6.743666666666666742e+01 6.721999999999999886e+01 7.271666666666665435e+01 6.852791263605216843e-01
6.473000000000000398e+01 6.128000000000000114e+01 6.414000000000000057e+01 6.325333333333333030e+01 6.157666666666667510e+01 6.795000000000000284e+01 6.743666666666666742e+01 6.721999999999999886e+01 7.197653144911992928e-01
6.555666666666667197e+01 6.473000000000000398e+01 6.128000000000000114e+01 6.414000000000000057e+01 6.325333333333333030e+01 6.157666666666667510e+01 6.795000000000000284e+01 6.743666666666666742e+01 7.361813873054505741e-01
6.503666666666667595e+01 6.555666666666667197e+01 6.473000000000000398e+01 6.128000000000000114e+01 6.414000000000000057e+01 6.325333333333333030e+01 6.157666666666667510e+01 6.795000000000000284e+01 7.602496237479891006e-01
6.704999999999999716e+01 6.503666666666667595e+01 6.555666666666667197e+01 6.473000000000000398e+01 6.128000000000000114e+01 6.414000000000000057e+01 6.325333333333333030e+01 6.157666666666667510e+01 7.897835497835496987e-01
6.951333333333333542e+01 6.704999999999999716e+01 6.503666666666667595e+01 6.555666666666667197e+01 6.473000000000000398e+01 6.128000000000000114e+01 6.414000000000000057e+01 6.325333333333333030e+01 7.955696452296077137e-01
6.864333333333333087e+01 6.951333333333333542e+01 6.704999999999999716e+01 6.503666666666667595e+01 6.555666666666667197e+01 6.473000000000000398e+01 6.128000000000000114e+01 6.414000000000000057e+01 8.025080821774948081e-01
7.288333333333333997e+01 6.864333333333333087e+01 6.951333333333333542e+01 6.704999999999999716e+01 6.503666666666667595e+01 6.555666666666667197e+01 6.473000000000000398e+01 6.128000000000000114e+01 8.224367051610137480e-01
7.612666666666666515e+01 7.288333333333333997e+01 6.864333333333333087e+01 6.951333333333333542e+01 6.704999999999999716e+01 6.503666666666667595e+01 6.555666666666667197e+01 6.473000000000000398e+01 8.295558491716636951e-01
6.779000000000000625e+01 7.612666666666666515e+01 7.288333333333333997e+01 6.864333333333333087e+01 6.951333333333333542e+01 6.704999999999999716e+01 6.503666666666667595e+01 6.555666666666667197e+01 8.115088524835614159e-01
6.512666666666667936e+01 6.779000000000000625e+01 7.612666666666666515e+01 7.288333333333333997e+01 6.864333333333333087e+01 6.951333333333333542e+01 6.704999999999999716e+01 6.503666666666667595e+01 7.735374292304466604e-01
6.223666666666667169e+01 6.512666666666667936e+01 6.779000000000000625e+01 7.612666666666666515e+01 7.288333333333333997e+01 6.864333333333333087e+01 6.951333333333333542e+01 6.704999999999999716e+01 7.017632181428075100e-01
6.111333333333332263e+01 6.223666666666667169e+01 6.512666666666667936e+01 6.779000000000000625e+01 7.612666666666666515e+01 7.288333333333333997e+01 6.864333333333333087e+01 6.951333333333333542e+01 6.563319791062102171e-01
6.493999999999999773e+01 6.111333333333332263e+01 6.223666666666667169e+01 6.512666666666667936e+01 6.779000000000000625e+01 7.612666666666666515e+01 7.288333333333333997e+01 6.864333333333333087e+01 6.596405591302417770e-01
6.807999999999999829e+01 6.493999999999999773e+01 6.111333333333332263e+01 6.223666666666667169e+01 6.512666666666667936e+01 6.779000000000000625e+01 7.612666666666666515e+01 7.288333333333333997e+01 6.885951429449737038e-01
6.967333333333333201e+01 6.807999999999999829e+01 6.493999999999999773e+01 6.111333333333332263e+01 6.223666666666667169e+01 6.512666666666667936e+01 6.779000000000000625e+01 7.612666666666666515e+01 7.471738916740390257e-01
7.524666666666666970e+01 6.967333333333333201e+01 6.807999999999999829e+01 6.493999999999999773e+01 6.111333333333332263e+01 6.223666666666667169e+01 6.512666666666667936e+01 6.779000000000000625e+01 8.311654526534858478e-01
7.936333333333332973e+01 7.524666666666666970e+01 6.967333333333333201e+01 6.807999999999999829e+01 6.493999999999999773e+01 6.111333333333332263e+01 6.223666666666667169e+01 6.512666666666667936e+01 8.850378165077277259e-01
7.470666666666666345e+01 7.936333333333332973e+01 7.524666666666666970e+01 6.967333333333333201e+01 6.807999999999999829e+01 6.493999999999999773e+01 6.111333333333332263e+01 6.223666666666667169e+01 8.944754326429250613e-01
6.914999999999999147e+01 7.470666666666666345e+01 7.936333333333332973e+01 7.524666666666666970e+01 6.967333333333333201e+01 6.807999999999999829e+01 6.493999999999999773e+01 6.111333333333332263e+01 8.461499583027973781e-01
6.507999999999999829e+01 6.914999999999999147e+01 7.470666666666666345e+01 7.936333333333332973e+01 7.524666666666666970e+01 6.967333333333333201e+01 6.807999999999999829e+01 6.493999999999999773e+01 7.517329879350459487e-01
6.448333333333333428e+01 6.507999999999999829e+01 6.914999999999999147e+01 7.470666666666666345e+01 7.936333333333332973e+01 7.524666666666666970e+01 6.967333333333333201e+01 6.807999999999999829e+01 6.796793943608978594e-01
6.634666666666664980e+01 6.448333333333333428e+01 6.507999999999999829e+01 6.914999999999999147e+01 7.470666666666666345e+01 7.936333333333332973e+01 7.524666666666666970e+01 6.967333333333333201e+01 6.552393056623966316e-01
6.781666666666667709e+01 6.634666666666664980e+01 6.448333333333333428e+01 6.507999999999999829e+01 6.914999999999999147e+01 7.470666666666666345e+01 7.936333333333332973e+01 7.524666666666666970e+01 6.655572928300200752e-01
6.773333333333333428e+01 6.781666666666667709e+01 6.634666666666664980e+01 6.448333333333333428e+01 6.507999999999999829e+01 6.914999999999999147e+01 7.470666666666666345e+01 7.936333333333332973e+01 7.003006127876053588e-01
6.403666666666667595e+01 6.773333333333333428e+01 6.781666666666667709e+01 6.634666666666664980e+01 6.448333333333333428e+01 6.507999999999999829e+01 6.914999999999999147e+01 7.470666666666666345e+01 7.299636700558361779e-01
6.339999999999999858e+01 6.403666666666667595e+01 6.773333333333333428e+01 6.781666666666667709e+01 6.634666666666664980e+01 6.448333333333333428e+01 6.507999999999999829e+01 6.914999999999999147e+01 7.363238512035013006e-01
6.948999999999999488e+01 6.339999999999999858e+01 6.403666666666667595e+01 6.773333333333333428e+01 6.781666666666667709e+01 6.634666666666664980e+01 6.448333333333333428e+01 6.507999999999999829e+01 7.467074496321950416e-01
7.142333333333333201e+01 6.948999999999999488e+01 6.339999999999999858e+01 6.403666666666667595e+01 6.773333333333333428e+01 6.781666666666667709e+01 6.634666666666664980e+01 6.448333333333333428e+01 7.669995244888254682e-01
7.109666666666667822e+01 7.142333333333333201e+01 6.948999999999999488e+01 6.339999999999999858e+01 6.403666666666667595e+01 6.773333333333333428e+01 6.781666666666667709e+01 6.634666666666664980e+01 7.972298821759838949e-01
6.847333333333332916e+01 7.109666666666667822e+01 7.142333333333333201e+01 6.948999999999999488e+01 6.339999999999999858e+01 6.403666666666667595e+01 6.773333333333333428e+01 6.781666666666667709e+01 8.022966943824781927e-01
6.110666666666666202e+01 6.847333333333332916e+01 7.109666666666667822e+01 7.142333333333333201e+01 6.948999999999999488e+01 6.339999999999999858e+01 6.403666666666667595e+01 6.773333333333333428e+01 7.582432806871709507e-01
6.120666666666667055e+01 6.110666666666666202e+01 6.847333333333332916e+01 7.109666666666667822e+01 7.142333333333333201e+01 6.948999999999999488e+01 6.339999999999999858e+01 6.403666666666667595e+01 7.109620520464566829e-01
6.198666666666665748e+01 6.120666666666667055e+01 6.110666666666666202e+01 6.847333333333332916e+01 7.109666666666667822e+01 7.142333333333333201e+01 6.948999999999999488e+01 6.339999999999999858e+01 6.691841254856396581e-01
5.765333333333332888e+01 6.198666666666665748e+01 6.120666666666667055e+01 6.110666666666666202e+01 6.847333333333332916e+01 7.109666666666667822e+01 7.142333333333333201e+01 6.948999999999999488e+01 6.447679600689285584e-01
5.307666666666666089e+01 5.765333333333332888e+01 6.198666666666665748e+01 6.120666666666667055e+01 6.110666666666666202e+01 6.847333333333332916e+01 7.109666666666667822e+01 7.142333333333333201e+01 6.347543795173341552e-01
4.833999999999999631e+01 5.307666666666666089e+01 5.765333333333332888e+01 6.198666666666665748e+01 6.120666666666667055e+01 6.110666666666666202e+01 6.847333333333332916e+01 7.109666666666667822e+01 6.074078788264494211e-01
4.959000000000000341e+01 4.833999999999999631e+01 5.307666666666666089e+01 5.765333333333332888e+01 6.198666666666665748e+01 6.120666666666667055e+01 6.110666666666666202e+01 6.847333333333332916e+01 5.973995147167423525e-01
4.689999999999999858e+01 4.959000000000000341e+01 4.833999999999999631e+01 5.307666666666666089e+01 5.765333333333332888e+01 6.198666666666665748e+01 6.120666666666667055e+01 6.110666666666666202e+01 5.985865042845728290e-01
4.550666666666666771e+01 4.689999999999999858e+01 4.959000000000000341e+01 4.833999999999999631e+01 5.307666666666666089e+01 5.765333333333332888e+01 6.198666666666665748e+01 6.120666666666667055e+01 6.070222437550765182e-01
4.742999999999999972e+01 4.550666666666666771e+01 4.689999999999999858e+01 4.959000000000000341e+01 4.833999999999999631e+01 5.307666666666666089e+01 5.765333333333332888e+01 6.198666666666665748e+01 6.325828972963193353e-01
4.905333333333333456e+01 4.742999999999999972e+01 4.550666666666666771e+01 4.689999999999999858e+01 4.959000000000000341e+01 4.833999999999999631e+01 5.307666666666666089e+01 5.765333333333332888e+01 6.804849995207514768e-01
4.882333333333333059e+01 4.905333333333333456e+01 4.742999999999999972e+01 4.550666666666666771e+01 4.689999999999999858e+01 4.959000000000000341e+01 4.833999999999999631e+01 5.307666666666666089e+01 7.342181499696827096e-01
4.796333333333333115e+01 4.882333333333333059e+01 4.905333333333333456e+01 4.742999999999999972e+01 4.550666666666666771e+01 4.689999999999999858e+01 4.959000000000000341e+01 4.833999999999999631e+01 7.662212570708043513e-01
4.914999999999999858e+01 4.796333333333333115e+01 4.882333333333333059e+01 4.905333333333333456e+01 4.742999999999999972e+01 4.550666666666666771e+01 4.689999999999999858e+01 4.959000000000000341e+01 7.704124727247131377e-01
5.046999999999999886e+01 4.914999999999999858e+01 4.796333333333333115e+01 4.882333333333333059e+01 4.905333333333333456e+01 4.742999999999999972e+01 4.550666666666666771e+01 4.689999999999999858e+01 7.813189334180387080e-01
5.071999999999999886e+01 5.046999999999999886e+01 4.914999999999999858e+01 4.796333333333333115e+01 4.882333333333333059e+01 4.905333333333333456e+01 4.742999999999999972e+01 4.550666666666666771e+01 7.878904339319404704e-01
4.421666666666666856e+01 5.071999999999999886e+01 5.046999999999999886e+01 4.914999999999999858e+01 4.796333333333333115e+01 4.882333333333333059e+01 4.905333333333333456e+01 4.742999999999999972e+01 7.523499077283937186e-01
4.017999999999999972e+01 4.421666666666666856e+01 5.071999999999999886e+01 5.046999999999999886e+01 4.914999999999999858e+01 4.796333333333333115e+01 4.882333333333333059e+01 4.905333333333333456e+01 6.929415183684632940e-01
3.809666666666666401e+01 4.017999999999999972e+01 4.421666666666666856e+01 5.071999999999999886e+01 5.046999999999999886e+01 4.914999999999999858e+01 4.796333333333333115e+01 4.882333333333333059e+01 6.236719731170021763e-01
