5.160999999999999943e+01 -1.000000000000000000e+08 6.456999999999999318e+01 -1.000000000000000000e+08 5.939999999999999858e+01 -1.000000000000000000e+08 6.060999999999999943e+01 -1.000000000000000000e+08 4.999997191248314876e-01
-1.000000000000000000e+08 5.160999999999999943e+01 -1.000000000000000000e+08 6.456999999999999318e+01 -1.000000000000000000e+08 5.939999999999999858e+01 -1.000000000000000000e+08 6.060999999999999943e+01 1.000000342000205267e+00
5.146000000000000085e+01 -1.000000000000000000e+08 5.160999999999999943e+01 -1.000000000000000000e+08 6.456999999999999318e+01 -1.000000000000000000e+08 5.939999999999999858e+01 -1.000000000000000000e+08 4.999997945748727024e-01
-1.000000000000000000e+08 5.146000000000000085e+01 -1.000000000000000000e+08 5.160999999999999943e+01 -1.000000000000000000e+08 6.456999999999999318e+01 -1.000000000000000000e+08 5.939999999999999858e+01 1.000000362550224731e+00
5.507999999999999829e+01 -1.000000000000000000e+08 5.146000000000000085e+01 -1.000000000000000000e+08 5.160999999999999943e+01 -1.000000000000000000e+08 6.456999999999999318e+01 -1.000000000000000000e+08 4.999997577498593304e-01
-1.000000000000000000e+08 5.507999999999999829e+01 -1.000000000000000000e+08 5.146000000000000085e+01 -1.000000000000000000e+08 5.160999999999999943e+01 -1.000000000000000000e+08 6.456999999999999318e+01 1.000000305500177600e+00
5.714000000000000057e+01 -1.000000000000000000e+08 5.507999999999999829e+01 -1.000000000000000000e+08 5.146000000000000085e+01 -1.000000000000000000e+08 5.160999999999999943e+01 -1.000000000000000000e+08 4.999996965748436106e-01
-1.000000000000000000e+08 5.714000000000000057e+01 -1.000000000000000000e+08 5.507999999999999829e+01 -1.000000000000000000e+08 5.146000000000000085e+01 -1.000000000000000000e+08 5.160999999999999943e+01 1.000000229650118477e+00
5.500000000000000000e+01 -1.000000000000000000e+08 5.714000000000000057e+01 -1.000000000000000000e+08 5.507999999999999829e+01 -1.000000000000000000e+08 5.146000000000000085e+01 -1.000000000000000000e+08 4.999997056498431958e-01
-1.000000000000000000e+08 5.500000000000000000e+01 -1.000000000000000000e+08 5.714000000000000057e+01 -1.000000000000000000e+08 5.507999999999999829e+01 -1.000000000000000000e+08 5.146000000000000085e+01 1.000000257700137229e+00
5.797999999999999687e+01 -1.000000000000000000e+08 5.500000000000000000e+01 -1.000000000000000000e+08 5.714000000000000057e+01 -1.000000000000000000e+08 5.507999999999999829e+01 -1.000000000000000000e+08 4.999997156498404149e-01
-1.000000000000000000e+08 5.797999999999999687e+01 -1.000000000000000000e+08 5.500000000000000000e+01 -1.000000000000000000e+08 5.714000000000000057e+01 -1.000000000000000000e+08 5.507999999999999829e+01 1.000000271200152113e+00
6.551999999999999602e+01 -1.000000000000000000e+08 5.797999999999999687e+01 -1.000000000000000000e+08 5.500000000000000000e+01 -1.000000000000000000e+08 5.714000000000000057e+01 -1.000000000000000000e+08 4.999996628498108997e-01
-1.000000000000000000e+08 6.551999999999999602e+01 -1.000000000000000000e+08 5.797999999999999687e+01 -1.000000000000000000e+08 5.500000000000000000e+01 -1.000000000000000000e+08 5.714000000000000057e+01 1.000000233100130753e+00
6.470999999999999375e+01 -1.000000000000000000e+08 6.551999999999999602e+01 -1.000000000000000000e+08 5.797999999999999687e+01 -1.000000000000000000e+08 5.500000000000000000e+01 -1.000000000000000000e+08 4.999996312997918024e-01
-1.000000000000000000e+08 6.470999999999999375e+01 -1.000000000000000000e+08 6.551999999999999602e+01 -1.000000000000000000e+08 5.797999999999999687e+01 -1.000000000000000000e+08 5.500000000000000000e+01 1.000000241350136543e+00
7.065000000000000568e+01 -1.000000000000000000e+08 6.470999999999999375e+01 -1.000000000000000000e+08 6.551999999999999602e+01 -1.000000000000000000e+08 5.797999999999999687e+01 -1.000000000000000000e+08 4.999996319497727049e-01
-1.000000000000000000e+08 7.065000000000000568e+01 -1.000000000000000000e+08 6.470999999999999375e+01 -1.000000000000000000e+08 6.551999999999999602e+01 -1.000000000000000000e+08 5.797999999999999687e+01 1.000000264250163085e+00
6.049000000000000199e+01 -1.000000000000000000e+08 7.065000000000000568e+01 -1.000000000000000000e+08 6.470999999999999375e+01 -1.000000000000000000e+08 6.551999999999999602e+01 -1.000000000000000000e+08 4.999996698747850021e-01
-1.000000000000000000e+08 6.049000000000000199e+01 -1.000000000000000000e+08 7.065000000000000568e+01 -1.000000000000000000e+08 6.470999999999999375e+01 -1.000000000000000000e+08 6.551999999999999602e+01 1.000000348700226915e+00
5.861999999999999744e+01 -1.000000000000000000e+08 6.049000000000000199e+01 -1.000000000000000000e+08 7.065000000000000568e+01 -1.000000000000000000e+08 6.470999999999999375e+01 -1.000000000000000000e+08 4.999997428498260121e-01
-1.000000000000000000e+08 5.861999999999999744e+01 -1.000000000000000000e+08 6.049000000000000199e+01 -1.000000000000000000e+08 7.065000000000000568e+01 -1.000000000000000000e+08 6.470999999999999375e+01 1.000000383700259787e+00
4.954999999999999716e+01 -1.000000000000000000e+08 5.861999999999999744e+01 -1.000000000000000000e+08 6.049000000000000199e+01 -1.000000000000000000e+08 7.065000000000000568e+01 -1.000000000000000000e+08 4.999997869998603073e-01
-1.000000000000000000e+08 4.954999999999999716e+01 -1.000000000000000000e+08 5.861999999999999744e+01 -1.000000000000000000e+08 6.049000000000000199e+01 -1.000000000000000000e+08 7.065000000000000568e+01 1.000000407950267567e+00
3.561999999999999744e+01 -1.000000000000000000e+08 4.954999999999999716e+01 -1.000000000000000000e+08 5.861999999999999744e+01 -1.000000000000000000e+08 6.049000000000000199e+01 -1.000000000000000000e+08 4.999998719249237333e-01
-1.000000000000000000e+08 3.561999999999999744e+01 -1.000000000000000000e+08 4.954999999999999716e+01 -1.000000000000000000e+08 5.861999999999999744e+01 -1.000000000000000000e+08 6.049000000000000199e+01 1.000000417450248591e+00
4.596999999999999886e+01 -1.000000000000000000e+08 3.561999999999999744e+01 -1.000000000000000000e+08 4.954999999999999716e+01 -1.000000000000000000e+08 5.861999999999999744e+01 -1.000000000000000000e+08 4.999998624749256160e-01
-1.000000000000000000e+08 4.596999999999999886e+01 -1.000000000000000000e+08 3.561999999999999744e+01 -1.000000000000000000e+08 4.954999999999999716e+01 -1.000000000000000000e+08 5.861999999999999744e+01 1.000000311000168285e+00
5.096000000000000085e+01 -1.000000000000000000e+08 4.596999999999999886e+01 -1.000000000000000000e+08 3.561999999999999744e+01 -1.000000000000000000e+08 4.954999999999999716e+01 -1.000000000000000000e+08 4.999997282748843697e-01
-1.000000000000000000e+08 5.096000000000000085e+01 -1.000000000000000000e+08 4.596999999999999886e+01 -1.000000000000000000e+08 3.561999999999999744e+01 -1.000000000000000000e+08 4.954999999999999716e+01 1.000000171050072995e+00
3.303999999999999915e+01 -1.000000000000000000e+08 5.096000000000000085e+01 -1.000000000000000000e+08 4.596999999999999886e+01 -1.000000000000000000e+08 3.561999999999999744e+01 -1.000000000000000000e+08 4.999997839749119044e-01
-1.000000000000000000e+08 3.303999999999999915e+01 -1.000000000000000000e+08 5.096000000000000085e+01 -1.000000000000000000e+08 4.596999999999999886e+01 -1.000000000000000000e+08 3.561999999999999744e+01 1.000000242750098911e+00
2.878999999999999915e+01 -1.000000000000000000e+08 3.303999999999999915e+01 -1.000000000000000000e+08 5.096000000000000085e+01 -1.000000000000000000e+08 4.596999999999999886e+01 -1.000000000000000000e+08 4.999999331749675480e-01
-1.000000000000000000e+08 2.878999999999999915e+01 -1.000000000000000000e+08 3.303999999999999915e+01 -1.000000000000000000e+08 5.096000000000000085e+01 -1.000000000000000000e+08 4.596999999999999886e+01 1.000000340700164969e+00
3.103000000000000114e+01 -1.000000000000000000e+08 2.878999999999999915e+01 -1.000000000000000000e+08 3.303999999999999915e+01 -1.000000000000000000e+08 5.096000000000000085e+01 -1.000000000000000000e+08 4.999999108999625408e-01
-1.000000000000000000e+08 3.103000000000000114e+01 -1.000000000000000000e+08 2.878999999999999915e+01 -1.000000000000000000e+08 3.303999999999999915e+01 -1.000000000000000000e+08 5.096000000000000085e+01 1.000000264850111398e+00
5.357000000000000028e+01 -1.000000000000000000e+08 3.103000000000000114e+01 -1.000000000000000000e+08 2.878999999999999915e+01 -1.000000000000000000e+08 3.303999999999999915e+01 -1.000000000000000000e+08 4.999997315749170612e-01
-1.000000000000000000e+08 5.357000000000000028e+01 -1.000000000000000000e+08 3.103000000000000114e+01 -1.000000000000000000e+08 2.878999999999999915e+01 -1.000000000000000000e+08 3.303999999999999915e+01 1.000000041300012965e+00
5.892999999999999972e+01 -1.000000000000000000e+08 5.357000000000000028e+01 -1.000000000000000000e+08 3.103000000000000114e+01 -1.000000000000000000e+08 2.878999999999999915e+01 -1.000000000000000000e+08 4.999995870498764594e-01
5.867333333333332490e+01 5.892999999999999972e+01 -1.000000000000000000e+08 5.357000000000000028e+01 -1.000000000000000000e+08 3.103000000000000114e+01 -1.000000000000000000e+08 2.878999999999999915e+01 4.999995615332021304e-01
5.517999999999999972e+01 5.867333333333332490e+01 5.892999999999999972e+01 -1.000000000000000000e+08 5.357000000000000028e+01 -1.000000000000000000e+08 3.103000000000000114e+01 -1.000000000000000000e+08 -8.639170321035712213e-07
4.840333333333333599e+01 5.517999999999999972e+01 5.867333333333332490e+01 5.892999999999999972e+01 -1.000000000000000000e+08 5.357000000000000028e+01 -1.000000000000000000e+08 3.103000000000000114e+01 -8.112836765063284925e-07
4.992333333333332490e+01 4.840333333333333599e+01 5.517999999999999972e+01 5.867333333333332490e+01 5.892999999999999972e+01 -1.000000000000000000e+08 5.357000000000000028e+01 -1.000000000000000000e+08 -7.675337650710761662e-07
5.757333333333333059e+01 4.992333333333332490e+01 4.840333333333333599e+01 5.517999999999999972e+01 5.867333333333332490e+01 5.892999999999999972e+01 -1.000000000000000000e+08 5.357000000000000028e+01 -1.559002668596834410e-06
6.314666666666666828e+01 5.757333333333333059e+01 4.992333333333332490e+01 4.840333333333333599e+01 5.517999999999999972e+01 5.867333333333332490e+01 5.892999999999999972e+01 -1.000000000000000000e+08 -1.706436281770821881e-06
6.897333333333334338e+01 6.314666666666666828e+01 5.757333333333333059e+01 4.992333333333332490e+01 4.840333333333333599e+01 5.517999999999999972e+01 5.867333333333332490e+01 5.892999999999999972e+01 8.576164928567122647e-01
7.448999999999999488e+01 6.897333333333334338e+01 6.314666666666666828e+01 5.757333333333333059e+01 4.992333333333332490e+01 4.840333333333333599e+01 5.517999999999999972e+01 5.867333333333332490e+01 9.737487039306250702e-01
7.648000000000000398e+01 7.448999999999999488e+01 6.897333333333334338e+01 6.314666666666666828e+01 5.757333333333333059e+01 4.992333333333332490e+01 4.840333333333333599e+01 5.517999999999999972e+01 1.041990398585054711e+00
7.917666666666666231e+01 7.648000000000000398e+01 7.448999999999999488e+01 6.897333333333334338e+01 6.314666666666666828e+01 5.757333333333333059e+01 4.992333333333332490e+01 4.840333333333333599e+01 1.050674133365797180e+00
7.497000000000001307e+01 7.917666666666666231e+01 7.648000000000000398e+01 7.448999999999999488e+01 6.897333333333334338e+01 6.314666666666666828e+01 5.757333333333333059e+01 4.992333333333332490e+01 9.624817416707242002e-01
6.940666666666668050e+01 7.497000000000001307e+01 7.917666666666666231e+01 7.648000000000000398e+01 7.448999999999999488e+01 6.897333333333334338e+01 6.314666666666666828e+01 5.757333333333333059e+01 8.462052867326982364e-01
6.706666666666667709e+01 6.940666666666668050e+01 7.497000000000001307e+01 7.917666666666666231e+01 7.648000000000000398e+01 7.448999999999999488e+01 6.897333333333334338e+01 6.314666666666666828e+01 7.469120538815691157e-01
6.859333333333333371e+01 6.706666666666667709e+01 6.940666666666668050e+01 7.497000000000001307e+01 7.917666666666666231e+01 7.648000000000000398e+01 7.448999999999999488e+01 6.897333333333334338e+01 6.855665507711511397e-01
7.483666666666665890e+01 6.859333333333333371e+01 6.706666666666667709e+01 6.940666666666668050e+01 7.497000000000001307e+01 7.917666666666666231e+01 7.648000000000000398e+01 7.448999999999999488e+01 6.898891134538700509e-01
7.457999999999999829e+01 7.483666666666665890e+01 6.859333333333333371e+01 6.706666666666667709e+01 6.940666666666668050e+01 7.497000000000001307e+01 7.917666666666666231e+01 7.648000000000000398e+01 7.266192645261636551e-01
7.420666666666666345e+01 7.457999999999999829e+01 7.483666666666665890e+01 6.859333333333333371e+01 6.706666666666667709e+01 6.940666666666668050e+01 7.497000000000001307e+01 7.917666666666666231e+01 7.694698690156674958e-01
7.598333333333333428e+01 7.420666666666666345e+01 7.457999999999999829e+01 7.483666666666665890e+01 6.859333333333333371e+01 6.706666666666667709e+01 6.940666666666668050e+01 7.497000000000001307e+01 8.026448917403670169e-01
8.208666666666665890e+01 7.598333333333333428e+01 7.420666666666666345e+01 7.457999999999999829e+01 7.483666666666665890e+01 6.859333333333333371e+01 6.706666666666667709e+01 6.940666666666668050e+01 8.298460182682114716e-01
8.804000000000000625e+01 8.208666666666665890e+01 7.598333333333333428e+01 7.420666666666666345e+01 7.457999999999999829e+01 7.483666666666665890e+01 6.859333333333333371e+01 6.706666666666667709e+01 8.633116237737217258e-01
7.995333333333333314e+01 8.804000000000000625e+01 8.208666666666665890e+01 7.598333333333333428e+01 7.420666666666666345e+01 7.457999999999999829e+01 7.483666666666665890e+01 6.859333333333333371e+01 8.558033422688642311e-01
7.667333333333333201e+01 7.995333333333333314e+01 8.804000000000000625e+01 8.208666666666665890e+01 7.598333333333333428e+01 7.420666666666666345e+01 7.457999999999999829e+01 7.483666666666665890e+01 8.166262432967670293e-01
7.985000000000000853e+01 7.667333333333333201e+01 7.995333333333333314e+01 8.804000000000000625e+01 8.208666666666665890e+01 7.598333333333333428e+01 7.420666666666666345e+01 7.457999999999999829e+01 7.706421021758260714e-01
7.543999999999999773e+01 7.985000000000000853e+01 7.667333333333333201e+01 7.995333333333333314e+01 8.804000000000000625e+01 8.208666666666665890e+01 7.598333333333333428e+01 7.420666666666666345e+01 7.241687913002758936e-01
7.330333333333334167e+01 7.543999999999999773e+01 7.985000000000000853e+01 7.667333333333333201e+01 7.995333333333333314e+01 8.804000000000000625e+01 8.208666666666665890e+01 7.598333333333333428e+01 7.010703442071581915e-01
7.466666666666667140e+01 7.330333333333334167e+01 7.543999999999999773e+01 7.985000000000000853e+01 7.667333333333333201e+01 7.995333333333333314e+01 8.804000000000000625e+01 8.208666666666665890e+01 6.837267663681064755e-01
7.587333333333333485e+01 7.466666666666667140e+01 7.330333333333334167e+01 7.543999999999999773e+01 7.985000000000000853e+01 7.667333333333333201e+01 7.995333333333333314e+01 8.804000000000000625e+01 6.897745364901648468e-01
7.706333333333333258e+01 7.587333333333333485e+01 7.466666666666667140e+01 7.330333333333334167e+01 7.543999999999999773e+01 7.985000000000000853e+01 7.667333333333333201e+01 7.995333333333333314e+01 7.296927598183275965e-01
7.773333333333333428e+01 7.706333333333333258e+01 7.587333333333333485e+01 7.466666666666667140e+01 7.330333333333334167e+01 7.543999999999999773e+01 7.985000000000000853e+01 7.667333333333333201e+01 7.556344179951953732e-01
7.957000000000000739e+01 7.773333333333333428e+01 7.706333333333333258e+01 7.587333333333333485e+01 7.466666666666667140e+01 7.330333333333334167e+01 7.543999999999999773e+01 7.985000000000000853e+01 7.728241992569631069e-01
8.153333333333334565e+01 7.957000000000000739e+01 7.773333333333333428e+01 7.706333333333333258e+01 7.587333333333333485e+01 7.466666666666667140e+01 7.330333333333334167e+01 7.543999999999999773e+01 7.980286239349557720e-01
8.137666666666666515e+01 8.153333333333334565e+01 7.957000000000000739e+01 7.773333333333333428e+01 7.706333333333333258e+01 7.587333333333333485e+01 7.466666666666667140e+01 7.330333333333334167e+01 8.058312655086848908e-01
7.678666666666667595e+01 8.137666666666666515e+01 8.153333333333334565e+01 7.957000000000000739e+01 7.773333333333333428e+01 7.706333333333333258e+01 7.587333333333333485e+01 7.466666666666667140e+01 7.850241809587231723e-01
7.254000000000000625e+01 7.678666666666667595e+01 8.137666666666666515e+01 8.153333333333334565e+01 7.957000000000000739e+01 7.773333333333333428e+01 7.706333333333333258e+01 7.587333333333333485e+01 7.436285886195633799e-01
6.567333333333333201e+01 7.254000000000000625e+01 7.678666666666667595e+01 8.137666666666666515e+01 8.153333333333334565e+01 7.957000000000000739e+01 7.773333333333333428e+01 7.706333333333333258e+01 6.805951250395694263e-01
6.074333333333333229e+01 6.567333333333333201e+01 7.254000000000000625e+01 7.678666666666667595e+01 8.137666666666666515e+01 8.153333333333334565e+01 7.957000000000000739e+01 7.773333333333333428e+01 6.213253664223850059e-01
6.651333333333333542e+01 6.074333333333333229e+01 6.567333333333333201e+01 7.254000000000000625e+01 7.678666666666667595e+01 8.137666666666666515e+01 8.153333333333334565e+01 7.957000000000000739e+01 6.042910837335560004e-01
7.307999999999999829e+01 6.651333333333333542e+01 6.074333333333333229e+01 6.567333333333333201e+01 7.254000000000000625e+01 7.678666666666667595e+01 8.137666666666666515e+01 8.153333333333334565e+01 6.416180034375633667e-01
7.422333333333334338e+01 7.307999999999999829e+01 6.651333333333333542e+01 6.074333333333333229e+01 6.567333333333333201e+01 7.254000000000000625e+01 7.678666666666667595e+01 8.137666666666666515e+01 7.214355606041861213e-01
7.282333333333333769e+01 7.422333333333334338e+01 7.307999999999999829e+01 6.651333333333333542e+01 6.074333333333333229e+01 6.567333333333333201e+01 7.254000000000000625e+01 7.678666666666667595e+01 7.983027694836986043e-01
7.451000000000000512e+01 7.282333333333333769e+01 7.422333333333334338e+01 7.307999999999999829e+01 6.651333333333333542e+01 6.074333333333333229e+01 6.567333333333333201e+01 7.254000000000000625e+01 8.345826898205697120e-01
8.062666666666666515e+01 7.451000000000000512e+01 7.282333333333333769e+01 7.422333333333334338e+01 7.307999999999999829e+01 6.651333333333333542e+01 6.074333333333333229e+01 6.567333333333333201e+01 8.569602646517048283e-01
8.156666666666667709e+01 8.062666666666666515e+01 7.451000000000000512e+01 7.282333333333333769e+01 7.422333333333334338e+01 7.307999999999999829e+01 6.651333333333333542e+01 6.074333333333333229e+01 8.621187839937839437e-01
8.100666666666666060e+01 8.156666666666667709e+01 8.062666666666666515e+01 7.451000000000000512e+01 7.282333333333333769e+01 7.422333333333334338e+01 7.307999999999999829e+01 6.651333333333333542e+01 8.484510186994138614e-01
7.838666666666667027e+01 8.100666666666666060e+01 8.156666666666667709e+01 8.062666666666666515e+01 7.451000000000000512e+01 7.282333333333333769e+01 7.422333333333334338e+01 7.307999999999999829e+01 8.178208188616488128e-01
7.221333333333333826e+01 7.838666666666667027e+01 8.100666666666666060e+01 8.156666666666667709e+01 8.062666666666666515e+01 7.451000000000000512e+01 7.282333333333333769e+01 7.422333333333334338e+01 7.664442115713419046e-01
6.765666666666666629e+01 7.221333333333333826e+01 7.838666666666667027e+01 8.100666666666666060e+01 8.156666666666667709e+01 8.062666666666666515e+01 7.451000000000000512e+01 7.282333333333333769e+01 7.051304141807922532e-01
6.463666666666667027e+01 6.765666666666666629e+01 7.221333333333333826e+01 7.838666666666667027e+01 8.100666666666666060e+01 8.156666666666667709e+01 8.062666666666666515e+01 7.451000000000000512e+01 6.436897380210465647e-01
6.803666666666667595e+01 6.463666666666667027e+01 6.765666666666666629e+01 7.221333333333333826e+01 7.838666666666667027e+01 8.100666666666666060e+01 8.156666666666667709e+01 8.062666666666666515e+01 6.229424934698786220e-01
6.873000000000000398e+01 6.803666666666667595e+01 6.463666666666667027e+01 6.765666666666666629e+01 7.221333333333333826e+01 7.838666666666667027e+01 8.100666666666666060e+01 8.156666666666667709e+01 6.431049897820164674e-01
6.481666666666666288e+01 6.873000000000000398e+01 6.803666666666667595e+01 6.463666666666667027e+01 6.765666666666666629e+01 7.221333333333333826e+01 7.838666666666667027e+01 8.100666666666666060e+01 6.735985029906772503e-01
6.589666666666666117e+01 6.481666666666666288e+01 6.873000000000000398e+01 6.803666666666667595e+01 6.463666666666667027e+01 6.765666666666666629e+01 7.221333333333333826e+01 7.838666666666667027e+01 7.050124899844463222e-01
6.573666666666666458e+01 6.589666666666666117e+01 6.481666666666666288e+01 6.873000000000000398e+01 6.803666666666667595e+01 6.463666666666667027e+01 6.765666666666666629e+01 7.221333333333333826e+01 7.208028081161405032e-01
6.309666666666666401e+01 6.573666666666666458e+01 6.589666666666666117e+01 6.481666666666666288e+01 6.873000000000000398e+01 6.803666666666667595e+01 6.463666666666667027e+01 6.765666666666666629e+01 7.237419163011964418e-01
6.112999999999999545e+01 6.309666666666666401e+01 6.573666666666666458e+01 6.589666666666666117e+01 6.481666666666666288e+01 6.873000000000000398e+01 6.803666666666667595e+01 6.463666666666667027e+01 7.135577091628475532e-01
5.799000000000000199e+01 6.112999999999999545e+01 6.309666666666666401e+01 6.573666666666666458e+01 6.589666666666666117e+01 6.481666666666666288e+01 6.873000000000000398e+01 6.803666666666667595e+01 6.812347340611135671e-01
5.728666666666666885e+01 5.799000000000000199e+01 6.112999999999999545e+01 6.309666666666666401e+01 6.573666666666666458e+01 6.589666666666666117e+01 6.481666666666666288e+01 6.873000000000000398e+01 6.652336777534756385e-01
6.170666666666667055e+01 5.728666666666666885e+01 5.799000000000000199e+01 6.112999999999999545e+01 6.309666666666666401e+01 6.573666666666666458e+01 6.589666666666666117e+01 6.481666666666666288e+01 6.818940717147848884e-01
6.372333333333333627e+01 6.170666666666667055e+01 5.728666666666666885e+01 5.799000000000000199e+01 6.112999999999999545e+01 6.309666666666666401e+01 6.573666666666666458e+01 6.589666666666666117e+01 7.141275176528831814e-01
5.828333333333333144e+01 6.372333333333333627e+01 6.170666666666667055e+01 5.728666666666666885e+01 5.799000000000000199e+01 6.112999999999999545e+01 6.309666666666666401e+01 6.573666666666666458e+01 7.409189901325519134e-01
5.126333333333332831e+01 5.828333333333333144e+01 6.372333333333333627e+01 6.170666666666667055e+01 5.728666666666666885e+01 5.799000000000000199e+01 6.112999999999999545e+01 6.309666666666666401e+01 7.234554842660505525e-01
4.851666666666667282e+01 5.126333333333332831e+01 5.828333333333333144e+01 6.372333333333333627e+01 6.170666666666667055e+01 5.728666666666666885e+01 5.799000000000000199e+01 6.112999999999999545e+01 6.638155500181985857e-01
4.802666666666667084e+01 4.851666666666667282e+01 5.126333333333332831e+01 5.828333333333333144e+01 6.372333333333333627e+01 6.170666666666667055e+01 5.728666666666666885e+01 5.799000000000000199e+01 6.140530659724146023e-01
4.802333333333333343e+01 4.802666666666667084e+01 4.851666666666667282e+01 5.126333333333332831e+01 5.828333333333333144e+01 6.372333333333333627e+01 6.170666666666667055e+01 5.728666666666666885e+01 5.998616874135547228e-01
