5.000000000000000000e+00 5.000000000000000000e+00 5.000000000000000000e+00 5.000000000000000000e+00 5.000000000000000000e+00 5.009999999999999787e+00 5.009999999999999787e+00 5.009999999999999787e+00 7.488766849725411179e-01
5.000000000000000000e+00 5.000000000000000000e+00 5.000000000000000000e+00 5.000000000000000000e+00 5.000000000000000000e+00 5.000000000000000000e+00 5.009999999999999787e+00 5.009999999999999787e+00 7.492507492507493039e-01
5.000000000000000000e+00 5.000000000000000000e+00 5.000000000000000000e+00 5.000000000000000000e+00 5.000000000000000000e+00 5.000000000000000000e+00 5.000000000000000000e+00 5.009999999999999787e+00 7.496251874062969112e-01
5.000000000000000000e+00 5.000000000000000000e+00 5.000000000000000000e+00 5.000000000000000000e+00 5.000000000000000000e+00 5.000000000000000000e+00 5.000000000000000000e+00 5.000000000000000000e+00 7.500000000000000000e-01
5.000000000000000000e+00 5.000000000000000000e+00 5.000000000000000000e+00 5.000000000000000000e+00 5.000000000000000000e+00 5.000000000000000000e+00 5.000000000000000000e+00 5.000000000000000000e+00 7.500000000000000000e-01
5.000000000000000000e+00 5.000000000000000000e+00 5.000000000000000000e+00 5.000000000000000000e+00 5.000000000000000000e+00 5.000000000000000000e+00 5.000000000000000000e+00 5.000000000000000000e+00 7.500000000000000000e-01
5.000000000000000000e+00 5.000000000000000000e+00 5.000000000000000000e+00 5.000000000000000000e+00 5.000000000000000000e+00 5.000000000000000000e+00 5.000000000000000000e+00 5.000000000000000000e+00 7.500000000000000000e-01
5.000000000000000000e+00 5.000000000000000000e+00 5.000000000000000000e+00 5.000000000000000000e+00 5.000000000000000000e+00 5.000000000000000000e+00 5.000000000000000000e+00 5.000000000000000000e+00 7.500000000000000000e-01
5.000000000000000000e+00 5.000000000000000000e+00 5.000000000000000000e+00 5.000000000000000000e+00 5.000000000000000000e+00 5.000000000000000000e+00 5.000000000000000000e+00 5.000000000000000000e+00 7.500000000000000000e-01
5.000000000000000000e+00 5.000000000000000000e+00 5.000000000000000000e+00 5.000000000000000000e+00 5.000000000000000000e+00 5.000000000000000000e+00 5.000000000000000000e+00 5.000000000000000000e+00 7.500000000000000000e-01
5.000000000000000000e+00 5.000000000000000000e+00 5.000000000000000000e+00 5.000000000000000000e+00 5.000000000000000000e+00 5.000000000000000000e+00 5.000000000000000000e+00 5.000000000000000000e+00 7.500000000000000000e-01
5.000000000000000000e+00 5.000000000000000000e+00 5.000000000000000000e+00 5.000000000000000000e+00 5.000000000000000000e+00 5.000000000000000000e+00 5.000000000000000000e+00 5.000000000000000000e+00 7.500000000000000000e-01
5.000000000000000000e+00 5.000000000000000000e+00 5.000000000000000000e+00 5.000000000000000000e+00 5.000000000000000000e+00 5.000000000000000000e+00 5.000000000000000000e+00 5.000000000000000000e+00 7.500000000000000000e-01
5.000000000000000000e+00 5.000000000000000000e+00 5.000000000000000000e+00 5.000000000000000000e+00 5.000000000000000000e+00 5.000000000000000000e+00 5.000000000000000000e+00 5.000000000000000000e+00 7.500000000000000000e-01
5.000000000000000000e+00 5.000000000000000000e+00 5.000000000000000000e+00 5.000000000000000000e+00 5.000000000000000000e+00 5.000000000000000000e+00 5.000000000000000000e+00 5.000000000000000000e+00 7.500000000000000000e-01
5.000000000000000000e+00 5.000000000000000000e+00 5.000000000000000000e+00 5.000000000000000000e+00 5.000000000000000000e+00 5.000000000000000000e+00 5.000000000000000000e+00 5.000000000000000000e+00 7.500000000000000000e-01
4.980000000000000426e+00 5.000000000000000000e+00 5.000000000000000000e+00 5.000000000000000000e+00 5.000000000000000000e+00 5.000000000000000000e+00 5.000000000000000000e+00 5.000000000000000000e+00 7.489999999999999991e-01
4.969999999999999751e+00 4.980000000000000426e+00 5.000000000000000000e+00 5.000000000000000000e+00 5.000000000000000000e+00 5.000000000000000000e+00 5.000000000000000000e+00 5.000000000000000000e+00 7.474999999999999423e-01
4.969999999999999751e+00 4.969999999999999751e+00 4.980000000000000426e+00 5.000000000000000000e+00 5.000000000000000000e+00 5.000000000000000000e+00 5.000000000000000000e+00 5.000000000000000000e+00 7.459999999999999964e-01
4.959999999999999964e+00 4.969999999999999751e+00 4.969999999999999751e+00 4.980000000000000426e+00 5.000000000000000000e+00 5.000000000000000000e+00 5.000000000000000000e+00 5.000000000000000000e+00 7.449999999999998845e-01
4.950000000000000178e+00 4.959999999999999964e+00 4.969999999999999751e+00 4.969999999999999751e+00 4.980000000000000426e+00 5.000000000000000000e+00 5.000000000000000000e+00 5.000000000000000000e+00 7.447447447447447244e-01
4.950000000000000178e+00 4.950000000000000178e+00 4.959999999999999964e+00 4.969999999999999751e+00 4.969999999999999751e+00 4.980000000000000426e+00 5.000000000000000000e+00 5.000000000000000000e+00 7.448621553884712254e-01
4.940000000000000391e+00 4.950000000000000178e+00 4.950000000000000178e+00 4.959999999999999964e+00 4.969999999999999751e+00 4.969999999999999751e+00 4.980000000000000426e+00 5.000000000000000000e+00 7.449799196787147970e-01
4.940000000000000391e+00 4.940000000000000391e+00 4.950000000000000178e+00 4.950000000000000178e+00 4.959999999999999964e+00 4.969999999999999751e+00 4.969999999999999751e+00 4.980000000000000426e+00 7.459758551307847929e-01
4.929999999999999716e+00 4.940000000000000391e+00 4.940000000000000391e+00 4.950000000000000178e+00 4.950000000000000178e+00 4.959999999999999964e+00 4.969999999999999751e+00 4.969999999999999751e+00 7.460957178841312043e-01
4.929999999999999716e+00 4.929999999999999716e+00 4.940000000000000391e+00 4.940000000000000391e+00 4.950000000000000178e+00 4.950000000000000178e+00 4.959999999999999964e+00 4.969999999999999751e+00 7.463439233484620017e-01
4.929999999999999716e+00 4.929999999999999716e+00 4.929999999999999716e+00 4.940000000000000391e+00 4.940000000000000391e+00 4.950000000000000178e+00 4.950000000000000178e+00 4.959999999999999964e+00 7.469696969696969502e-01
4.919999999999999929e+00 4.929999999999999716e+00 4.929999999999999716e+00 4.929999999999999716e+00 4.940000000000000391e+00 4.940000000000000391e+00 4.950000000000000178e+00 4.950000000000000178e+00 7.472194135490393130e-01
4.919999999999999929e+00 4.919999999999999929e+00 4.929999999999999716e+00 4.929999999999999716e+00 4.929999999999999716e+00 4.940000000000000391e+00 4.940000000000000391e+00 4.950000000000000178e+00 7.474696356275303266e-01
4.919999999999999929e+00 4.919999999999999929e+00 4.919999999999999929e+00 4.929999999999999716e+00 4.929999999999999716e+00 4.929999999999999716e+00 4.940000000000000391e+00 4.940000000000000391e+00 7.477203647416412746e-01
4.969999999999999751e+00 4.919999999999999929e+00 4.919999999999999929e+00 4.919999999999999929e+00 4.929999999999999716e+00 4.929999999999999716e+00 4.929999999999999716e+00 4.940000000000000391e+00 7.506335529650278726e-01
5.000000000000000000e+00 4.969999999999999751e+00 4.919999999999999929e+00 4.919999999999999929e+00 4.919999999999999929e+00 4.929999999999999716e+00 4.929999999999999716e+00 4.929999999999999716e+00 7.554540842212074114e-01
5.019999999999999574e+00 5.000000000000000000e+00 4.969999999999999751e+00 4.919999999999999929e+00 4.919999999999999929e+00 4.919999999999999929e+00 4.929999999999999716e+00 4.929999999999999716e+00 7.609137055837562613e-01
5.059999999999999609e+00 5.019999999999999574e+00 5.000000000000000000e+00 4.969999999999999751e+00 4.919999999999999929e+00 4.919999999999999929e+00 4.919999999999999929e+00 4.929999999999999716e+00 7.658710005078720462e-01
5.080000000000000071e+00 5.059999999999999609e+00 5.019999999999999574e+00 5.000000000000000000e+00 4.969999999999999751e+00 4.919999999999999929e+00 4.919999999999999929e+00 4.919999999999999929e+00 7.683730359858084169e-01
5.099999999999999645e+00 5.080000000000000071e+00 5.059999999999999609e+00 5.019999999999999574e+00 5.000000000000000000e+00 4.969999999999999751e+00 4.919999999999999929e+00 4.919999999999999929e+00 7.693084300858151758e-01
5.110000000000000320e+00 5.099999999999999645e+00 5.080000000000000071e+00 5.059999999999999609e+00 5.019999999999999574e+00 5.000000000000000000e+00 4.969999999999999751e+00 4.919999999999999929e+00 7.679558011049725241e-01
5.129999999999999893e+00 5.110000000000000320e+00 5.099999999999999645e+00 5.080000000000000071e+00 5.059999999999999609e+00 5.019999999999999574e+00 5.000000000000000000e+00 4.969999999999999751e+00 7.650872817955113314e-01
5.139999999999999680e+00 5.129999999999999893e+00 5.110000000000000320e+00 5.099999999999999645e+00 5.080000000000000071e+00 5.059999999999999609e+00 5.019999999999999574e+00 5.000000000000000000e+00 7.628968253968253510e-01
5.150000000000000355e+00 5.139999999999999680e+00 5.129999999999999893e+00 5.110000000000000320e+00 5.099999999999999645e+00 5.080000000000000071e+00 5.059999999999999609e+00 5.019999999999999574e+00 7.611056268509377443e-01
5.150000000000000355e+00 5.150000000000000355e+00 5.139999999999999680e+00 5.129999999999999893e+00 5.110000000000000320e+00 5.099999999999999645e+00 5.080000000000000071e+00 5.059999999999999609e+00 7.587223587223587140e-01
5.129999999999999893e+00 5.150000000000000355e+00 5.150000000000000355e+00 5.139999999999999680e+00 5.129999999999999893e+00 5.110000000000000320e+00 5.099999999999999645e+00 5.080000000000000071e+00 7.556317335945151870e-01
5.120000000000000107e+00 5.129999999999999893e+00 5.150000000000000355e+00 5.150000000000000355e+00 5.139999999999999680e+00 5.129999999999999893e+00 5.110000000000000320e+00 5.099999999999999645e+00 7.519531250000001110e-01
5.099999999999999645e+00 5.120000000000000107e+00 5.129999999999999893e+00 5.150000000000000355e+00 5.150000000000000355e+00 5.139999999999999680e+00 5.129999999999999893e+00 5.110000000000000320e+00 7.476863127131027076e-01
5.070000000000000284e+00 5.099999999999999645e+00 5.120000000000000107e+00 5.129999999999999893e+00 5.150000000000000355e+00 5.150000000000000355e+00 5.139999999999999680e+00 5.129999999999999893e+00 7.433155080213903476e-01
5.049999999999999822e+00 5.070000000000000284e+00 5.099999999999999645e+00 5.120000000000000107e+00 5.129999999999999893e+00 5.150000000000000355e+00 5.150000000000000355e+00 5.139999999999999680e+00 7.399124939231891407e-01
5.030000000000000249e+00 5.049999999999999822e+00 5.070000000000000284e+00 5.099999999999999645e+00 5.120000000000000107e+00 5.129999999999999893e+00 5.150000000000000355e+00 5.150000000000000355e+00 7.372262773722627616e-01
5.000000000000000000e+00 5.030000000000000249e+00 5.049999999999999822e+00 5.070000000000000284e+00 5.099999999999999645e+00 5.120000000000000107e+00 5.129999999999999893e+00 5.150000000000000355e+00 7.356097560975610739e-01
4.980000000000000426e+00 5.000000000000000000e+00 5.030000000000000249e+00 5.049999999999999822e+00 5.070000000000000284e+00 5.099999999999999645e+00 5.120000000000000107e+00 5.129999999999999893e+00 7.350636630754163736e-01
4.950000000000000178e+00 4.980000000000000426e+00 5.000000000000000000e+00 5.030000000000000249e+00 5.049999999999999822e+00 5.070000000000000284e+00 5.099999999999999645e+00 5.120000000000000107e+00 7.340216322517207903e-01
4.929999999999999716e+00 4.950000000000000178e+00 4.980000000000000426e+00 5.000000000000000000e+00 5.030000000000000249e+00 5.049999999999999822e+00 5.070000000000000284e+00 5.099999999999999645e+00 7.338271604938271242e-01
4.919999999999999929e+00 4.929999999999999716e+00 4.950000000000000178e+00 4.980000000000000426e+00 5.000000000000000000e+00 5.030000000000000249e+00 5.049999999999999822e+00 5.070000000000000284e+00 7.344913151364763637e-01
4.879999999999999893e+00 4.919999999999999929e+00 4.929999999999999716e+00 4.950000000000000178e+00 4.980000000000000426e+00 5.000000000000000000e+00 5.030000000000000249e+00 5.049999999999999822e+00 7.342971086739780162e-01
4.830000000000000071e+00 4.879999999999999893e+00 4.919999999999999929e+00 4.929999999999999716e+00 4.950000000000000178e+00 4.980000000000000426e+00 5.000000000000000000e+00 5.030000000000000249e+00 7.329659318637274934e-01
4.790000000000000036e+00 4.830000000000000071e+00 4.879999999999999893e+00 4.919999999999999929e+00 4.929999999999999716e+00 4.950000000000000178e+00 4.980000000000000426e+00 5.000000000000000000e+00 7.301107754279959616e-01
4.769999999999999574e+00 4.790000000000000036e+00 4.830000000000000071e+00 4.879999999999999893e+00 4.919999999999999929e+00 4.929999999999999716e+00 4.950000000000000178e+00 4.980000000000000426e+00 7.275025278058644407e-01
4.759999999999999787e+00 4.769999999999999574e+00 4.790000000000000036e+00 4.830000000000000071e+00 4.879999999999999893e+00 4.919999999999999929e+00 4.929999999999999716e+00 4.950000000000000178e+00 7.276422764227642448e-01
4.750000000000000000e+00 4.759999999999999787e+00 4.769999999999999574e+00 4.790000000000000036e+00 4.830000000000000071e+00 4.879999999999999893e+00 4.919999999999999929e+00 4.929999999999999716e+00 7.300613496932514268e-01
4.750000000000000000e+00 4.750000000000000000e+00 4.759999999999999787e+00 4.769999999999999574e+00 4.790000000000000036e+00 4.830000000000000071e+00 4.879999999999999893e+00 4.919999999999999929e+00 7.342945417095776417e-01
4.740000000000000213e+00 4.750000000000000000e+00 4.750000000000000000e+00 4.759999999999999787e+00 4.769999999999999574e+00 4.790000000000000036e+00 4.830000000000000071e+00 4.879999999999999893e+00 7.389724961079398025e-01
4.740000000000000213e+00 4.740000000000000213e+00 4.750000000000000000e+00 4.750000000000000000e+00 4.759999999999999787e+00 4.769999999999999574e+00 4.790000000000000036e+00 4.830000000000000071e+00 7.430809399477807942e-01
4.740000000000000213e+00 4.740000000000000213e+00 4.740000000000000213e+00 4.750000000000000000e+00 4.750000000000000000e+00 4.759999999999999787e+00 4.769999999999999574e+00 4.790000000000000036e+00 7.456738332459360574e-01
4.740000000000000213e+00 4.740000000000000213e+00 4.740000000000000213e+00 4.740000000000000213e+00 4.750000000000000000e+00 4.750000000000000000e+00 4.759999999999999787e+00 4.769999999999999574e+00 7.472411981082500709e-01
4.740000000000000213e+00 4.740000000000000213e+00 4.740000000000000213e+00 4.740000000000000213e+00 4.740000000000000213e+00 4.750000000000000000e+00 4.750000000000000000e+00 4.759999999999999787e+00 7.484210526315789869e-01
4.740000000000000213e+00 4.740000000000000213e+00 4.740000000000000213e+00 4.740000000000000213e+00 4.740000000000000213e+00 4.740000000000000213e+00 4.750000000000000000e+00 4.750000000000000000e+00 7.492096944151739324e-01
4.730000000000000426e+00 4.740000000000000213e+00 4.740000000000000213e+00 4.740000000000000213e+00 4.740000000000000213e+00 4.740000000000000213e+00 4.740000000000000213e+00 4.750000000000000000e+00 7.490774907749078171e-01
4.730000000000000426e+00 4.730000000000000426e+00 4.740000000000000213e+00 4.740000000000000213e+00 4.740000000000000213e+00 4.740000000000000213e+00 4.740000000000000213e+00 4.740000000000000213e+00 7.489451476793249629e-01
4.730000000000000426e+00 4.730000000000000426e+00 4.730000000000000426e+00 4.740000000000000213e+00 4.740000000000000213e+00 4.740000000000000213e+00 4.740000000000000213e+00 4.740000000000000213e+00 7.484177215189873333e-01
4.730000000000000426e+00 4.730000000000000426e+00 4.730000000000000426e+00 4.730000000000000426e+00 4.740000000000000213e+00 4.740000000000000213e+00 4.740000000000000213e+00 4.740000000000000213e+00 7.484177215189873333e-01
4.730000000000000426e+00 4.730000000000000426e+00 4.730000000000000426e+00 4.730000000000000426e+00 4.730000000000000426e+00 4.740000000000000213e+00 4.740000000000000213e+00 4.740000000000000213e+00 7.488126649076516372e-01
4.730000000000000426e+00 4.730000000000000426e+00 4.730000000000000426e+00 4.730000000000000426e+00 4.730000000000000426e+00 4.730000000000000426e+00 4.740000000000000213e+00 4.740000000000000213e+00 7.492080253431890879e-01
4.730000000000000426e+00 4.730000000000000426e+00 4.730000000000000426e+00 4.730000000000000426e+00 4.730000000000000426e+00 4.730000000000000426e+00 4.730000000000000426e+00 4.740000000000000213e+00 7.496038034865294408e-01
4.719999999999999751e+00 4.730000000000000426e+00 4.730000000000000426e+00 4.730000000000000426e+00 4.730000000000000426e+00 4.730000000000000426e+00 4.730000000000000426e+00 4.730000000000000426e+00 7.494714587737842937e-01
4.719999999999999751e+00 4.719999999999999751e+00 4.730000000000000426e+00 4.730000000000000426e+00 4.730000000000000426e+00 4.730000000000000426e+00 4.730000000000000426e+00 4.730000000000000426e+00 7.489429175475685874e-01
4.719999999999999751e+00 4.719999999999999751e+00 4.719999999999999751e+00 4.730000000000000426e+00 4.730000000000000426e+00 4.730000000000000426e+00 4.730000000000000426e+00 4.730000000000000426e+00 7.484143763213529921e-01
4.719999999999999751e+00 4.719999999999999751e+00 4.719999999999999751e+00 4.719999999999999751e+00 4.730000000000000426e+00 4.730000000000000426e+00 4.730000000000000426e+00 4.730000000000000426e+00 7.484143763213529921e-01
4.719999999999999751e+00 4.719999999999999751e+00 4.719999999999999751e+00 4.719999999999999751e+00 4.719999999999999751e+00 4.730000000000000426e+00 4.730000000000000426e+00 4.730000000000000426e+00 7.488101533580115987e-01
4.719999999999999751e+00 4.719999999999999751e+00 4.719999999999999751e+00 4.719999999999999751e+00 4.719999999999999751e+00 4.719999999999999751e+00 4.730000000000000426e+00 4.730000000000000426e+00 7.492063492063493202e-01
4.709999999999999964e+00 4.719999999999999751e+00 4.719999999999999751e+00 4.719999999999999751e+00 4.719999999999999751e+00 4.719999999999999751e+00 4.719999999999999751e+00 4.730000000000000426e+00 7.490735839068288771e-01
4.709999999999999964e+00 4.709999999999999964e+00 4.719999999999999751e+00 4.719999999999999751e+00 4.719999999999999751e+00 4.719999999999999751e+00 4.719999999999999751e+00 4.719999999999999751e+00 7.489406779661017532e-01
4.709999999999999964e+00 4.709999999999999964e+00 4.709999999999999964e+00 4.719999999999999751e+00 4.719999999999999751e+00 4.719999999999999751e+00 4.719999999999999751e+00 4.719999999999999751e+00 7.484110169491525744e-01
4.709999999999999964e+00 4.709999999999999964e+00 4.709999999999999964e+00 4.709999999999999964e+00 4.719999999999999751e+00 4.719999999999999751e+00 4.719999999999999751e+00 4.719999999999999751e+00 7.484110169491525744e-01
4.709999999999999964e+00 4.709999999999999964e+00 4.709999999999999964e+00 4.709999999999999964e+00 4.709999999999999964e+00 4.719999999999999751e+00 4.719999999999999751e+00 4.719999999999999751e+00 7.488076311605723623e-01
4.709999999999999964e+00 4.709999999999999964e+00 4.709999999999999964e+00 4.709999999999999964e+00 4.709999999999999964e+00 4.709999999999999964e+00 4.719999999999999751e+00 4.719999999999999751e+00 7.492046659597030311e-01
4.709999999999999964e+00 4.709999999999999964e+00 4.709999999999999964e+00 4.709999999999999964e+00 4.709999999999999964e+00 4.709999999999999964e+00 4.709999999999999964e+00 4.719999999999999751e+00 7.496021220159151399e-01
4.700000000000000178e+00 4.709999999999999964e+00 4.709999999999999964e+00 4.709999999999999964e+00 4.709999999999999964e+00 4.709999999999999964e+00 4.709999999999999964e+00 4.709999999999999964e+00 7.494692144373673592e-01
4.700000000000000178e+00 4.700000000000000178e+00 4.709999999999999964e+00 4.709999999999999964e+00 4.709999999999999964e+00 4.709999999999999964e+00 4.709999999999999964e+00 4.709999999999999964e+00 7.489384288747346075e-01
4.700000000000000178e+00 4.700000000000000178e+00 4.700000000000000178e+00 4.709999999999999964e+00 4.709999999999999964e+00 4.709999999999999964e+00 4.709999999999999964e+00 4.709999999999999964e+00 7.484076433121019667e-01
4.700000000000000178e+00 4.700000000000000178e+00 4.700000000000000178e+00 4.700000000000000178e+00 4.709999999999999964e+00 4.709999999999999964e+00 4.709999999999999964e+00 4.709999999999999964e+00 7.484076433121019667e-01
4.700000000000000178e+00 4.700000000000000178e+00 4.700000000000000178e+00 4.700000000000000178e+00 4.700000000000000178e+00 4.709999999999999964e+00 4.709999999999999964e+00 4.709999999999999964e+00 7.488050982474774298e-01
4.700000000000000178e+00 4.700000000000000178e+00 4.700000000000000178e+00 4.700000000000000178e+00 4.700000000000000178e+00 4.700000000000000178e+00 4.709999999999999964e+00 4.709999999999999964e+00 7.492029755579171502e-01
4.690000000000000391e+00 4.700000000000000178e+00 4.700000000000000178e+00 4.700000000000000178e+00 4.700000000000000178e+00 4.700000000000000178e+00 4.700000000000000178e+00 4.709999999999999964e+00 7.490696438064857743e-01
4.690000000000000391e+00 4.690000000000000391e+00 4.700000000000000178e+00 4.700000000000000178e+00 4.700000000000000178e+00 4.700000000000000178e+00 4.700000000000000178e+00 4.700000000000000178e+00 7.489361702127660392e-01
4.690000000000000391e+00 4.690000000000000391e+00 4.690000000000000391e+00 4.700000000000000178e+00 4.700000000000000178e+00 4.700000000000000178e+00 4.700000000000000178e+00 4.700000000000000178e+00 7.484042553191488922e-01
4.690000000000000391e+00 4.690000000000000391e+00 4.690000000000000391e+00 4.690000000000000391e+00 4.700000000000000178e+00 4.700000000000000178e+00 4.700000000000000178e+00 4.700000000000000178e+00 7.484042553191488922e-01
4.690000000000000391e+00 4.690000000000000391e+00 4.690000000000000391e+00 4.690000000000000391e+00 4.690000000000000391e+00 4.700000000000000178e+00 4.700000000000000178e+00 4.700000000000000178e+00 7.488025545502927649e-01
4.690000000000000391e+00 4.690000000000000391e+00 4.690000000000000391e+00 4.690000000000000391e+00 4.690000000000000391e+00 4.690000000000000391e+00 4.700000000000000178e+00 4.700000000000000178e+00 7.492012779552715829e-01
4.690000000000000391e+00 4.690000000000000391e+00 4.690000000000000391e+00 4.690000000000000391e+00 4.690000000000000391e+00 4.690000000000000391e+00 4.690000000000000391e+00 4.700000000000000178e+00 7.496004262120404826e-01
4.679999999999999716e+00 4.690000000000000391e+00 4.690000000000000391e+00 4.690000000000000391e+00 4.690000000000000391e+00 4.690000000000000391e+00 4.690000000000000391e+00 4.690000000000000391e+00 7.494669509594883428e-01
4.679999999999999716e+00 4.679999999999999716e+00 4.690000000000000391e+00 4.690000000000000391e+00 4.690000000000000391e+00 4.690000000000000391e+00 4.690000000000000391e+00 4.690000000000000391e+00 7.489339019189765745e-01
4.679999999999999716e+00 4.679999999999999716e+00 4.679999999999999716e+00 4.690000000000000391e+00 4.690000000000000391e+00 4.690000000000000391e+00 4.690000000000000391e+00 4.690000000000000391e+00 7.484008528784646952e-01
4.669999999999999929e+00 4.679999999999999716e+00 4.679999999999999716e+00 4.679999999999999716e+00 4.690000000000000391e+00 4.690000000000000391e+00 4.690000000000000391e+00 4.690000000000000391e+00 7.478678038379530379e-01
4.669999999999999929e+00 4.669999999999999929e+00 4.679999999999999716e+00 4.679999999999999716e+00 4.679999999999999716e+00 4.690000000000000391e+00 4.690000000000000391e+00 4.690000000000000391e+00 7.477333333333331389e-01
