4.000000000000000000e+00 4.000000000000000000e+00 4.000000000000000000e+00 3.000000000000000000e+00 8.000000000000000000e+00 7.000000000000000000e+00 6.000000000000000000e+00 5.000000000000000000e+00 4.615384615384615641e-01
5.000000000000000000e+00 4.000000000000000000e+00 4.000000000000000000e+00 4.000000000000000000e+00 3.000000000000000000e+00 8.000000000000000000e+00 7.000000000000000000e+00 6.000000000000000000e+00 5.416666666666666297e-01
4.000000000000000000e+00 5.000000000000000000e+00 4.000000000000000000e+00 4.000000000000000000e+00 4.000000000000000000e+00 3.000000000000000000e+00 8.000000000000000000e+00 7.000000000000000000e+00 5.909090909090909394e-01
3.000000000000000000e+00 4.000000000000000000e+00 5.000000000000000000e+00 4.000000000000000000e+00 4.000000000000000000e+00 4.000000000000000000e+00 3.000000000000000000e+00 8.000000000000000000e+00 6.315789473684210176e-01
3.000000000000000000e+00 3.000000000000000000e+00 4.000000000000000000e+00 5.000000000000000000e+00 4.000000000000000000e+00 4.000000000000000000e+00 4.000000000000000000e+00 3.000000000000000000e+00 6.666666666666666297e-01
2.000000000000000000e+00 3.000000000000000000e+00 3.000000000000000000e+00 4.000000000000000000e+00 5.000000000000000000e+00 4.000000000000000000e+00 4.000000000000000000e+00 4.000000000000000000e+00 4.705882352941176405e-01
2.000000000000000000e+00 2.000000000000000000e+00 3.000000000000000000e+00 3.000000000000000000e+00 4.000000000000000000e+00 5.000000000000000000e+00 4.000000000000000000e+00 4.000000000000000000e+00 4.117647058823529216e-01
4.000000000000000000e+00 2.000000000000000000e+00 2.000000000000000000e+00 3.000000000000000000e+00 3.000000000000000000e+00 4.000000000000000000e+00 5.000000000000000000e+00 4.000000000000000000e+00 5.000000000000000000e-01
3.000000000000000000e+00 4.000000000000000000e+00 2.000000000000000000e+00 2.000000000000000000e+00 3.000000000000000000e+00 3.000000000000000000e+00 4.000000000000000000e+00 5.000000000000000000e+00 5.999999999999999778e-01
3.000000000000000000e+00 3.000000000000000000e+00 4.000000000000000000e+00 2.000000000000000000e+00 2.000000000000000000e+00 3.000000000000000000e+00 3.000000000000000000e+00 4.000000000000000000e+00 8.333333333333333703e-01
4.000000000000000000e+00 3.000000000000000000e+00 3.000000000000000000e+00 4.000000000000000000e+00 2.000000000000000000e+00 2.000000000000000000e+00 3.000000000000000000e+00 3.000000000000000000e+00 1.000000000000000000e+00
5.000000000000000000e+00 4.000000000000000000e+00 3.000000000000000000e+00 3.000000000000000000e+00 4.000000000000000000e+00 2.000000000000000000e+00 2.000000000000000000e+00 3.000000000000000000e+00 1.090909090909090828e+00
4.000000000000000000e+00 5.000000000000000000e+00 4.000000000000000000e+00 3.000000000000000000e+00 3.000000000000000000e+00 4.000000000000000000e+00 2.000000000000000000e+00 2.000000000000000000e+00 1.181818181818181879e+00
3.000000000000000000e+00 4.000000000000000000e+00 5.000000000000000000e+00 4.000000000000000000e+00 3.000000000000000000e+00 3.000000000000000000e+00 4.000000000000000000e+00 2.000000000000000000e+00 1.000000000000000000e+00
6.000000000000000000e+00 3.000000000000000000e+00 4.000000000000000000e+00 5.000000000000000000e+00 4.000000000000000000e+00 3.000000000000000000e+00 3.000000000000000000e+00 4.000000000000000000e+00 9.285714285714286031e-01
3.000000000000000000e+00 6.000000000000000000e+00 3.000000000000000000e+00 4.000000000000000000e+00 5.000000000000000000e+00 4.000000000000000000e+00 3.000000000000000000e+00 3.000000000000000000e+00 8.000000000000000444e-01
4.000000000000000000e+00 3.000000000000000000e+00 6.000000000000000000e+00 3.000000000000000000e+00 4.000000000000000000e+00 5.000000000000000000e+00 4.000000000000000000e+00 3.000000000000000000e+00 8.125000000000000000e-01
3.000000000000000000e+00 4.000000000000000000e+00 3.000000000000000000e+00 6.000000000000000000e+00 3.000000000000000000e+00 4.000000000000000000e+00 5.000000000000000000e+00 4.000000000000000000e+00 6.250000000000000000e-01
6.000000000000000000e+00 3.000000000000000000e+00 4.000000000000000000e+00 3.000000000000000000e+00 6.000000000000000000e+00 3.000000000000000000e+00 4.000000000000000000e+00 5.000000000000000000e+00 7.222222222222222099e-01
5.000000000000000000e+00 6.000000000000000000e+00 3.000000000000000000e+00 4.000000000000000000e+00 3.000000000000000000e+00 6.000000000000000000e+00 3.000000000000000000e+00 4.000000000000000000e+00 8.750000000000000000e-01
6.000000000000000000e+00 5.000000000000000000e+00 6.000000000000000000e+00 3.000000000000000000e+00 4.000000000000000000e+00 3.000000000000000000e+00 6.000000000000000000e+00 3.000000000000000000e+00 1.062500000000000000e+00
6.000000000000000000e+00 6.000000000000000000e+00 5.000000000000000000e+00 6.000000000000000000e+00 3.000000000000000000e+00 4.000000000000000000e+00 3.000000000000000000e+00 6.000000000000000000e+00 1.062500000000000000e+00
6.000000000000000000e+00 6.000000000000000000e+00 6.000000000000000000e+00 5.000000000000000000e+00 6.000000000000000000e+00 3.000000000000000000e+00 4.000000000000000000e+00 3.000000000000000000e+00 1.125000000000000000e+00
7.000000000000000000e+00 6.000000000000000000e+00 6.000000000000000000e+00 6.000000000000000000e+00 5.000000000000000000e+00 6.000000000000000000e+00 3.000000000000000000e+00 4.000000000000000000e+00 1.055555555555555580e+00
7.000000000000000000e+00 7.000000000000000000e+00 6.000000000000000000e+00 6.000000000000000000e+00 6.000000000000000000e+00 5.000000000000000000e+00 6.000000000000000000e+00 3.000000000000000000e+00 1.000000000000000000e+00
6.000000000000000000e+00 7.000000000000000000e+00 7.000000000000000000e+00 6.000000000000000000e+00 6.000000000000000000e+00 6.000000000000000000e+00 5.000000000000000000e+00 6.000000000000000000e+00 8.695652173913043237e-01
6.000000000000000000e+00 6.000000000000000000e+00 7.000000000000000000e+00 7.000000000000000000e+00 6.000000000000000000e+00 6.000000000000000000e+00 6.000000000000000000e+00 5.000000000000000000e+00 8.260869565217391353e-01
7.000000000000000000e+00 6.000000000000000000e+00 6.000000000000000000e+00 7.000000000000000000e+00 7.000000000000000000e+00 6.000000000000000000e+00 6.000000000000000000e+00 6.000000000000000000e+00 7.600000000000000089e-01
8.000000000000000000e+00 7.000000000000000000e+00 6.000000000000000000e+00 6.000000000000000000e+00 7.000000000000000000e+00 7.000000000000000000e+00 6.000000000000000000e+00 6.000000000000000000e+00 8.076923076923077094e-01
6.000000000000000000e+00 8.000000000000000000e+00 7.000000000000000000e+00 6.000000000000000000e+00 6.000000000000000000e+00 7.000000000000000000e+00 7.000000000000000000e+00 6.000000000000000000e+00 8.076923076923077094e-01
6.000000000000000000e+00 6.000000000000000000e+00 8.000000000000000000e+00 7.000000000000000000e+00 6.000000000000000000e+00 6.000000000000000000e+00 7.000000000000000000e+00 7.000000000000000000e+00 7.692307692307692735e-01
1.100000000000000000e+01 6.000000000000000000e+00 6.000000000000000000e+00 8.000000000000000000e+00 7.000000000000000000e+00 6.000000000000000000e+00 6.000000000000000000e+00 7.000000000000000000e+00 8.846153846153845812e-01
6.000000000000000000e+00 1.100000000000000000e+01 6.000000000000000000e+00 6.000000000000000000e+00 8.000000000000000000e+00 7.000000000000000000e+00 6.000000000000000000e+00 6.000000000000000000e+00 8.518518518518518601e-01
9.000000000000000000e+00 6.000000000000000000e+00 1.100000000000000000e+01 6.000000000000000000e+00 6.000000000000000000e+00 8.000000000000000000e+00 7.000000000000000000e+00 6.000000000000000000e+00 9.629629629629629095e-01
7.000000000000000000e+00 9.000000000000000000e+00 6.000000000000000000e+00 1.100000000000000000e+01 6.000000000000000000e+00 6.000000000000000000e+00 8.000000000000000000e+00 7.000000000000000000e+00 8.148148148148147696e-01
9.000000000000000000e+00 7.000000000000000000e+00 9.000000000000000000e+00 6.000000000000000000e+00 1.100000000000000000e+01 6.000000000000000000e+00 6.000000000000000000e+00 8.000000000000000000e+00 8.064516129032257563e-01
1.100000000000000000e+01 9.000000000000000000e+00 7.000000000000000000e+00 9.000000000000000000e+00 6.000000000000000000e+00 1.100000000000000000e+01 6.000000000000000000e+00 6.000000000000000000e+00 9.310344827586206629e-01
8.000000000000000000e+00 1.100000000000000000e+01 9.000000000000000000e+00 7.000000000000000000e+00 9.000000000000000000e+00 6.000000000000000000e+00 1.100000000000000000e+01 6.000000000000000000e+00 8.750000000000000000e-01
1.000000000000000000e+01 8.000000000000000000e+00 1.100000000000000000e+01 9.000000000000000000e+00 7.000000000000000000e+00 9.000000000000000000e+00 6.000000000000000000e+00 1.100000000000000000e+01 8.787878787878787845e-01
1.000000000000000000e+01 1.000000000000000000e+01 8.000000000000000000e+00 1.100000000000000000e+01 9.000000000000000000e+00 7.000000000000000000e+00 9.000000000000000000e+00 6.000000000000000000e+00 9.032258064516128782e-01
1.100000000000000000e+01 1.000000000000000000e+01 1.000000000000000000e+01 8.000000000000000000e+00 1.100000000000000000e+01 9.000000000000000000e+00 7.000000000000000000e+00 9.000000000000000000e+00 8.611111111111111605e-01
7.000000000000000000e+00 1.100000000000000000e+01 1.000000000000000000e+01 1.000000000000000000e+01 8.000000000000000000e+00 1.100000000000000000e+01 9.000000000000000000e+00 7.000000000000000000e+00 8.000000000000000444e-01
9.000000000000000000e+00 7.000000000000000000e+00 1.100000000000000000e+01 1.000000000000000000e+01 1.000000000000000000e+01 8.000000000000000000e+00 1.100000000000000000e+01 9.000000000000000000e+00 7.105263157894736725e-01
1.500000000000000000e+01 9.000000000000000000e+00 7.000000000000000000e+00 1.100000000000000000e+01 1.000000000000000000e+01 1.000000000000000000e+01 8.000000000000000000e+00 1.100000000000000000e+01 7.948717948717948234e-01
9.000000000000000000e+00 1.500000000000000000e+01 9.000000000000000000e+00 7.000000000000000000e+00 1.100000000000000000e+01 1.000000000000000000e+01 1.000000000000000000e+01 8.000000000000000000e+00 8.461538461538461453e-01
8.000000000000000000e+00 9.000000000000000000e+00 1.500000000000000000e+01 9.000000000000000000e+00 7.000000000000000000e+00 1.100000000000000000e+01 1.000000000000000000e+01 1.000000000000000000e+01 8.421052631578946901e-01
1.000000000000000000e+01 8.000000000000000000e+00 9.000000000000000000e+00 1.500000000000000000e+01 9.000000000000000000e+00 7.000000000000000000e+00 1.100000000000000000e+01 1.000000000000000000e+01 7.297297297297297147e-01
1.700000000000000000e+01 1.000000000000000000e+01 8.000000000000000000e+00 9.000000000000000000e+00 1.500000000000000000e+01 9.000000000000000000e+00 7.000000000000000000e+00 1.100000000000000000e+01 8.333333333333333703e-01
1.200000000000000000e+01 1.700000000000000000e+01 1.000000000000000000e+01 8.000000000000000000e+00 9.000000000000000000e+00 1.500000000000000000e+01 9.000000000000000000e+00 7.000000000000000000e+00 9.749999999999999778e-01
1.000000000000000000e+01 1.200000000000000000e+01 1.700000000000000000e+01 1.000000000000000000e+01 8.000000000000000000e+00 9.000000000000000000e+00 1.500000000000000000e+01 9.000000000000000000e+00 9.512195121951219079e-01
1.100000000000000000e+01 1.000000000000000000e+01 1.200000000000000000e+01 1.700000000000000000e+01 1.000000000000000000e+01 8.000000000000000000e+00 9.000000000000000000e+00 1.500000000000000000e+01 7.857142857142856984e-01
1.600000000000000000e+01 1.100000000000000000e+01 1.000000000000000000e+01 1.200000000000000000e+01 1.700000000000000000e+01 1.000000000000000000e+01 8.000000000000000000e+00 9.000000000000000000e+00 8.409090909090909394e-01
1.200000000000000000e+01 1.600000000000000000e+01 1.100000000000000000e+01 1.000000000000000000e+01 1.200000000000000000e+01 1.700000000000000000e+01 1.000000000000000000e+01 8.000000000000000000e+00 8.297872340425531679e-01
1.200000000000000000e+01 1.200000000000000000e+01 1.600000000000000000e+01 1.100000000000000000e+01 1.000000000000000000e+01 1.200000000000000000e+01 1.700000000000000000e+01 1.000000000000000000e+01 8.163265306122449161e-01
1.400000000000000000e+01 1.200000000000000000e+01 1.200000000000000000e+01 1.600000000000000000e+01 1.100000000000000000e+01 1.000000000000000000e+01 1.200000000000000000e+01 1.700000000000000000e+01 7.600000000000000089e-01
1.600000000000000000e+01 1.400000000000000000e+01 1.200000000000000000e+01 1.200000000000000000e+01 1.600000000000000000e+01 1.100000000000000000e+01 1.000000000000000000e+01 1.200000000000000000e+01 8.571428571428570953e-01
1.100000000000000000e+01 1.600000000000000000e+01 1.400000000000000000e+01 1.200000000000000000e+01 1.200000000000000000e+01 1.600000000000000000e+01 1.100000000000000000e+01 1.000000000000000000e+01 8.367346938775510612e-01
1.000000000000000000e+01 1.100000000000000000e+01 1.600000000000000000e+01 1.400000000000000000e+01 1.200000000000000000e+01 1.200000000000000000e+01 1.600000000000000000e+01 1.100000000000000000e+01 7.254901960784313486e-01
1.600000000000000000e+01 1.000000000000000000e+01 1.100000000000000000e+01 1.600000000000000000e+01 1.400000000000000000e+01 1.200000000000000000e+01 1.200000000000000000e+01 1.600000000000000000e+01 6.851851851851852304e-01
1.100000000000000000e+01 1.600000000000000000e+01 1.000000000000000000e+01 1.100000000000000000e+01 1.600000000000000000e+01 1.400000000000000000e+01 1.200000000000000000e+01 1.200000000000000000e+01 6.851851851851852304e-01
1.200000000000000000e+01 1.100000000000000000e+01 1.600000000000000000e+01 1.000000000000000000e+01 1.100000000000000000e+01 1.600000000000000000e+01 1.400000000000000000e+01 1.200000000000000000e+01 7.358490566037735325e-01
1.000000000000000000e+01 1.200000000000000000e+01 1.100000000000000000e+01 1.600000000000000000e+01 1.000000000000000000e+01 1.100000000000000000e+01 1.600000000000000000e+01 1.400000000000000000e+01 6.470588235294117974e-01
1.400000000000000000e+01 1.000000000000000000e+01 1.200000000000000000e+01 1.100000000000000000e+01 1.600000000000000000e+01 1.000000000000000000e+01 1.100000000000000000e+01 1.600000000000000000e+01 6.792452830188678847e-01
1.300000000000000000e+01 1.400000000000000000e+01 1.000000000000000000e+01 1.200000000000000000e+01 1.100000000000000000e+01 1.600000000000000000e+01 1.000000000000000000e+01 1.100000000000000000e+01 7.708333333333333703e-01
1.200000000000000000e+01 1.300000000000000000e+01 1.400000000000000000e+01 1.000000000000000000e+01 1.200000000000000000e+01 1.100000000000000000e+01 1.600000000000000000e+01 1.000000000000000000e+01 7.959183673469387710e-01
1.000000000000000000e+01 1.200000000000000000e+01 1.300000000000000000e+01 1.400000000000000000e+01 1.000000000000000000e+01 1.200000000000000000e+01 1.100000000000000000e+01 1.600000000000000000e+01 7.142857142857143016e-01
2.400000000000000000e+01 1.000000000000000000e+01 1.200000000000000000e+01 1.300000000000000000e+01 1.400000000000000000e+01 1.000000000000000000e+01 1.200000000000000000e+01 1.100000000000000000e+01 9.787234042553191182e-01
2.000000000000000000e+01 2.400000000000000000e+01 1.000000000000000000e+01 1.200000000000000000e+01 1.300000000000000000e+01 1.400000000000000000e+01 1.000000000000000000e+01 1.200000000000000000e+01 1.102040816326530503e+00
4.000000000000000000e+00 2.000000000000000000e+01 2.400000000000000000e+01 1.000000000000000000e+01 1.200000000000000000e+01 1.300000000000000000e+01 1.400000000000000000e+01 1.000000000000000000e+01 9.795918367346938549e-01
4.000000000000000000e+00 4.000000000000000000e+00 2.000000000000000000e+01 2.400000000000000000e+01 1.000000000000000000e+01 1.200000000000000000e+01 1.300000000000000000e+01 1.400000000000000000e+01 5.714285714285713969e-01
6.000000000000000000e+00 4.000000000000000000e+00 4.000000000000000000e+00 2.000000000000000000e+01 2.400000000000000000e+01 1.000000000000000000e+01 1.200000000000000000e+01 1.300000000000000000e+01 2.372881355932203451e-01
4.000000000000000000e+00 6.000000000000000000e+00 4.000000000000000000e+00 4.000000000000000000e+00 2.000000000000000000e+01 2.400000000000000000e+01 1.000000000000000000e+01 1.200000000000000000e+01 2.121212121212121271e-01
3.000000000000000000e+00 4.000000000000000000e+00 6.000000000000000000e+00 4.000000000000000000e+00 4.000000000000000000e+00 2.000000000000000000e+01 2.400000000000000000e+01 1.000000000000000000e+01 2.241379310344827624e-01
3.000000000000000000e+00 3.000000000000000000e+00 4.000000000000000000e+00 6.000000000000000000e+00 4.000000000000000000e+00 4.000000000000000000e+00 2.000000000000000000e+01 2.400000000000000000e+01 1.923076923076923184e-01
5.000000000000000000e+00 3.000000000000000000e+00 3.000000000000000000e+00 4.000000000000000000e+00 6.000000000000000000e+00 4.000000000000000000e+00 4.000000000000000000e+00 2.000000000000000000e+01 3.235294117647058987e-01
7.000000000000000000e+00 5.000000000000000000e+00 3.000000000000000000e+00 3.000000000000000000e+00 4.000000000000000000e+00 6.000000000000000000e+00 4.000000000000000000e+00 4.000000000000000000e+00 8.333333333333333703e-01
5.000000000000000000e+00 7.000000000000000000e+00 5.000000000000000000e+00 3.000000000000000000e+00 3.000000000000000000e+00 4.000000000000000000e+00 6.000000000000000000e+00 4.000000000000000000e+00 1.000000000000000000e+00
6.000000000000000000e+00 5.000000000000000000e+00 7.000000000000000000e+00 5.000000000000000000e+00 3.000000000000000000e+00 3.000000000000000000e+00 4.000000000000000000e+00 6.000000000000000000e+00 1.125000000000000000e+00
6.000000000000000000e+00 6.000000000000000000e+00 5.000000000000000000e+00 7.000000000000000000e+00 5.000000000000000000e+00 3.000000000000000000e+00 3.000000000000000000e+00 4.000000000000000000e+00 1.133333333333333304e+00
8.000000000000000000e+00 6.000000000000000000e+00 6.000000000000000000e+00 5.000000000000000000e+00 7.000000000000000000e+00 5.000000000000000000e+00 3.000000000000000000e+00 3.000000000000000000e+00 1.111111111111111160e+00
7.000000000000000000e+00 8.000000000000000000e+00 6.000000000000000000e+00 6.000000000000000000e+00 5.000000000000000000e+00 7.000000000000000000e+00 5.000000000000000000e+00 3.000000000000000000e+00 1.050000000000000044e+00
6.000000000000000000e+00 7.000000000000000000e+00 8.000000000000000000e+00 6.000000000000000000e+00 6.000000000000000000e+00 5.000000000000000000e+00 7.000000000000000000e+00 5.000000000000000000e+00 9.130434782608695121e-01
8.000000000000000000e+00 6.000000000000000000e+00 7.000000000000000000e+00 8.000000000000000000e+00 6.000000000000000000e+00 6.000000000000000000e+00 5.000000000000000000e+00 7.000000000000000000e+00 8.750000000000000000e-01
9.000000000000000000e+00 8.000000000000000000e+00 6.000000000000000000e+00 7.000000000000000000e+00 8.000000000000000000e+00 6.000000000000000000e+00 6.000000000000000000e+00 5.000000000000000000e+00 9.200000000000000400e-01
9.000000000000000000e+00 9.000000000000000000e+00 8.000000000000000000e+00 6.000000000000000000e+00 7.000000000000000000e+00 8.000000000000000000e+00 6.000000000000000000e+00 6.000000000000000000e+00 9.629629629629629095e-01
9.000000000000000000e+00 9.000000000000000000e+00 9.000000000000000000e+00 8.000000000000000000e+00 6.000000000000000000e+00 7.000000000000000000e+00 8.000000000000000000e+00 6.000000000000000000e+00 1.000000000000000000e+00
9.000000000000000000e+00 9.000000000000000000e+00 9.000000000000000000e+00 9.000000000000000000e+00 8.000000000000000000e+00 6.000000000000000000e+00 7.000000000000000000e+00 8.000000000000000000e+00 9.310344827586206629e-01
1.300000000000000000e+01 9.000000000000000000e+00 9.000000000000000000e+00 9.000000000000000000e+00 9.000000000000000000e+00 8.000000000000000000e+00 6.000000000000000000e+00 7.000000000000000000e+00 1.033333333333333437e+00
1.000000000000000000e+01 1.300000000000000000e+01 9.000000000000000000e+00 9.000000000000000000e+00 9.000000000000000000e+00 9.000000000000000000e+00 8.000000000000000000e+00 6.000000000000000000e+00 1.000000000000000000e+00
1.400000000000000000e+01 1.000000000000000000e+01 1.300000000000000000e+01 9.000000000000000000e+00 9.000000000000000000e+00 9.000000000000000000e+00 9.000000000000000000e+00 8.000000000000000000e+00 1.057142857142857162e+00
1.300000000000000000e+01 1.400000000000000000e+01 1.000000000000000000e+01 1.300000000000000000e+01 9.000000000000000000e+00 9.000000000000000000e+00 9.000000000000000000e+00 9.000000000000000000e+00 1.027777777777777679e+00
1.800000000000000000e+01 1.300000000000000000e+01 1.400000000000000000e+01 1.000000000000000000e+01 1.300000000000000000e+01 9.000000000000000000e+00 9.000000000000000000e+00 9.000000000000000000e+00 1.125000000000000000e+00
1.300000000000000000e+01 1.800000000000000000e+01 1.300000000000000000e+01 1.400000000000000000e+01 1.000000000000000000e+01 1.300000000000000000e+01 9.000000000000000000e+00 9.000000000000000000e+00 1.073170731707317138e+00
1.000000000000000000e+01 1.300000000000000000e+01 1.800000000000000000e+01 1.300000000000000000e+01 1.400000000000000000e+01 1.000000000000000000e+01 1.300000000000000000e+01 9.000000000000000000e+00 8.913043478260869179e-01
3.500000000000000000e+01 1.000000000000000000e+01 1.300000000000000000e+01 1.800000000000000000e+01 1.300000000000000000e+01 1.400000000000000000e+01 1.000000000000000000e+01 1.300000000000000000e+01 1.159999999999999920e+00
2.000000000000000000e+01 3.500000000000000000e+01 1.000000000000000000e+01 1.300000000000000000e+01 1.800000000000000000e+01 1.300000000000000000e+01 1.400000000000000000e+01 1.000000000000000000e+01 1.181818181818181879e+00
1.900000000000000000e+01 2.000000000000000000e+01 3.500000000000000000e+01 1.000000000000000000e+01 1.300000000000000000e+01 1.800000000000000000e+01 1.300000000000000000e+01 1.400000000000000000e+01 1.275862068965517349e+00
1.500000000000000000e+01 1.900000000000000000e+01 2.000000000000000000e+01 3.500000000000000000e+01 1.000000000000000000e+01 1.300000000000000000e+01 1.800000000000000000e+01 1.300000000000000000e+01 1.000000000000000000e+00
1.100000000000000000e+01 1.500000000000000000e+01 1.900000000000000000e+01 2.000000000000000000e+01 3.500000000000000000e+01 1.000000000000000000e+01 1.300000000000000000e+01 1.800000000000000000e+01 5.921052631578946901e-01
1.700000000000000000e+01 1.100000000000000000e+01 1.500000000000000000e+01 1.900000000000000000e+01 2.000000000000000000e+01 3.500000000000000000e+01 1.000000000000000000e+01 1.300000000000000000e+01 5.512820512820513219e-01
1.300000000000000000e+01 1.700000000000000000e+01 1.100000000000000000e+01 1.500000000000000000e+01 1.900000000000000000e+01 2.000000000000000000e+01 3.500000000000000000e+01 1.000000000000000000e+01 4.880952380952380820e-01
1.200000000000000000e+01 1.300000000000000000e+01 1.700000000000000000e+01 1.100000000000000000e+01 1.500000000000000000e+01 1.900000000000000000e+01 2.000000000000000000e+01 3.500000000000000000e+01 4.719101123595505487e-01
1.500000000000000000e+01 1.200000000000000000e+01 1.300000000000000000e+01 1.700000000000000000e+01 1.100000000000000000e+01 1.500000000000000000e+01 1.900000000000000000e+01 2.000000000000000000e+01 6.153846153846154188e-01
