4.017066666666667061e+03 3.989666666666666515e+03 3.943666666666666515e+03 3.890199999999999363e+03 3.884433333333332939e+03 3.863400000000000091e+03 3.800166666666666515e+03 3.754500000000000000e+03 7.809442901486685074e-01
4.117666666666666970e+03 4.017066666666667061e+03 3.989666666666666515e+03 3.943666666666666515e+03 3.890199999999999363e+03 3.884433333333332939e+03 3.863400000000000091e+03 3.800166666666666515e+03 7.853506237773834053e-01
4.173366666666666788e+03 4.117666666666666970e+03 4.017066666666667061e+03 3.989666666666666515e+03 3.943666666666666515e+03 3.890199999999999363e+03 3.884433333333332939e+03 3.863400000000000091e+03 7.899073913629450772e-01
4.245399999999999636e+03 4.173366666666666788e+03 4.117666666666666970e+03 4.017066666666667061e+03 3.989666666666666515e+03 3.943666666666666515e+03 3.890199999999999363e+03 3.884433333333332939e+03 7.980939608139395736e-01
4.326199999999999818e+03 4.245399999999999636e+03 4.173366666666666788e+03 4.117666666666666970e+03 4.017066666666667061e+03 3.989666666666666515e+03 3.943666666666666515e+03 3.890199999999999363e+03 8.045760051176512606e-01
4.368466666666666242e+03 4.326199999999999818e+03 4.245399999999999636e+03 4.173366666666666788e+03 4.117666666666666970e+03 4.017066666666667061e+03 3.989666666666666515e+03 3.943666666666666515e+03 8.053281664253322258e-01
4.437500000000000000e+03 4.368466666666666242e+03 4.326199999999999818e+03 4.245399999999999636e+03 4.173366666666666788e+03 4.117666666666666970e+03 4.017066666666667061e+03 3.989666666666666515e+03 8.057647980398132681e-01
4.506033333333332848e+03 4.437500000000000000e+03 4.368466666666666242e+03 4.326199999999999818e+03 4.245399999999999636e+03 4.173366666666666788e+03 4.117666666666666970e+03 4.017066666666667061e+03 8.041803848128794563e-01
4.572033333333332848e+03 4.506033333333332848e+03 4.437500000000000000e+03 4.368466666666666242e+03 4.326199999999999818e+03 4.245399999999999636e+03 4.173366666666666788e+03 4.117666666666666970e+03 8.015098472164292609e-01
4.640833333333333030e+03 4.572033333333332848e+03 4.506033333333332848e+03 4.437500000000000000e+03 4.368466666666666242e+03 4.326199999999999818e+03 4.245399999999999636e+03 4.173366666666666788e+03 8.016451014115615337e-01
4.702900000000000546e+03 4.640833333333333030e+03 4.572033333333332848e+03 4.506033333333332848e+03 4.437500000000000000e+03 4.368466666666666242e+03 4.326199999999999818e+03 4.245399999999999636e+03 8.007891400215220168e-01
4.773099999999999454e+03 4.702900000000000546e+03 4.640833333333333030e+03 4.572033333333332848e+03 4.506033333333332848e+03 4.437500000000000000e+03 4.368466666666666242e+03 4.326199999999999818e+03 8.003556674339405985e-01
4.847199999999999818e+03 4.773099999999999454e+03 4.702900000000000546e+03 4.640833333333333030e+03 4.572033333333332848e+03 4.506033333333332848e+03 4.437500000000000000e+03 4.368466666666666242e+03 8.008931616842585033e-01
4.883366666666665878e+03 4.847199999999999818e+03 4.773099999999999454e+03 4.702900000000000546e+03 4.640833333333333030e+03 4.572033333333332848e+03 4.506033333333332848e+03 4.437500000000000000e+03 7.988184148105718085e-01
4.954966666666666242e+03 4.883366666666665878e+03 4.847199999999999818e+03 4.773099999999999454e+03 4.702900000000000546e+03 4.640833333333333030e+03 4.572033333333332848e+03 4.506033333333332848e+03 7.971823238409565526e-01
5.020466666666667152e+03 4.954966666666666242e+03 4.883366666666665878e+03 4.847199999999999818e+03 4.773099999999999454e+03 4.702900000000000546e+03 4.640833333333333030e+03 4.572033333333332848e+03 7.950615874691884244e-01
5.077933333333333394e+03 5.020466666666667152e+03 4.954966666666666242e+03 4.883366666666665878e+03 4.847199999999999818e+03 4.773099999999999454e+03 4.702900000000000546e+03 4.640833333333333030e+03 7.937850773657503245e-01
5.153800000000000182e+03 5.077933333333333394e+03 5.020466666666667152e+03 4.954966666666666242e+03 4.883366666666665878e+03 4.847199999999999818e+03 4.773099999999999454e+03 4.702900000000000546e+03 7.941138187113089275e-01
5.244166666666666970e+03 5.153800000000000182e+03 5.077933333333333394e+03 5.020466666666667152e+03 4.954966666666666242e+03 4.883366666666665878e+03 4.847199999999999818e+03 4.773099999999999454e+03 7.953230699655167157e-01
5.298266666666666424e+03 5.244166666666666970e+03 5.153800000000000182e+03 5.077933333333333394e+03 5.020466666666667152e+03 4.954966666666666242e+03 4.883366666666665878e+03 4.847199999999999818e+03 7.965205182854629973e-01
5.376066666666666606e+03 5.298266666666666424e+03 5.244166666666666970e+03 5.153800000000000182e+03 5.077933333333333394e+03 5.020466666666667152e+03 4.954966666666666242e+03 4.883366666666665878e+03 7.984507659228693432e-01
5.456733333333332666e+03 5.376066666666666606e+03 5.298266666666666424e+03 5.244166666666666970e+03 5.153800000000000182e+03 5.077933333333333394e+03 5.020466666666667152e+03 4.954966666666666242e+03 7.982844370396640077e-01
5.495099999999999454e+03 5.456733333333332666e+03 5.376066666666666606e+03 5.298266666666666424e+03 5.244166666666666970e+03 5.153800000000000182e+03 5.077933333333333394e+03 5.020466666666667152e+03 7.966241171199446303e-01
5.603466666666667152e+03 5.495099999999999454e+03 5.456733333333332666e+03 5.376066666666666606e+03 5.298266666666666424e+03 5.244166666666666970e+03 5.153800000000000182e+03 5.077933333333333394e+03 7.969176461149664048e-01
5.687599999999999454e+03 5.603466666666667152e+03 5.495099999999999454e+03 5.456733333333332666e+03 5.376066666666666606e+03 5.298266666666666424e+03 5.244166666666666970e+03 5.153800000000000182e+03 7.965986943364826711e-01
5.745933333333333394e+03 5.687599999999999454e+03 5.603466666666667152e+03 5.495099999999999454e+03 5.456733333333332666e+03 5.376066666666666606e+03 5.298266666666666424e+03 5.244166666666666970e+03 7.970439309044579090e-01
5.857800000000000182e+03 5.745933333333333394e+03 5.687599999999999454e+03 5.603466666666667152e+03 5.495099999999999454e+03 5.456733333333332666e+03 5.376066666666666606e+03 5.298266666666666424e+03 7.995560933128849079e-01
5.952800000000000182e+03 5.857800000000000182e+03 5.745933333333333394e+03 5.687599999999999454e+03 5.603466666666667152e+03 5.495099999999999454e+03 5.456733333333332666e+03 5.376066666666666606e+03 8.005216273191669840e-01
6.055566666666666606e+03 5.952800000000000182e+03 5.857800000000000182e+03 5.745933333333333394e+03 5.687599999999999454e+03 5.603466666666667152e+03 5.495099999999999454e+03 5.456733333333332666e+03 8.032300943971635299e-01
6.129000000000000000e+03 6.055566666666666606e+03 5.952800000000000182e+03 5.857800000000000182e+03 5.745933333333333394e+03 5.687599999999999454e+03 5.603466666666667152e+03 5.495099999999999454e+03 8.049567801787967936e-01
6.252966666666667152e+03 6.129000000000000000e+03 6.055566666666666606e+03 5.952800000000000182e+03 5.857800000000000182e+03 5.745933333333333394e+03 5.687599999999999454e+03 5.603466666666667152e+03 8.053153263331993550e-01
6.357233333333332666e+03 6.252966666666667152e+03 6.129000000000000000e+03 6.055566666666666606e+03 5.952800000000000182e+03 5.857800000000000182e+03 5.745933333333333394e+03 5.687599999999999454e+03 8.061905226264979296e-01
6.488866666666665878e+03 6.357233333333332666e+03 6.252966666666667152e+03 6.129000000000000000e+03 6.055566666666666606e+03 5.952800000000000182e+03 5.857800000000000182e+03 5.745933333333333394e+03 8.088677697734070193e-01
6.642733333333333576e+03 6.488866666666665878e+03 6.357233333333332666e+03 6.252966666666667152e+03 6.129000000000000000e+03 6.055566666666666606e+03 5.952800000000000182e+03 5.857800000000000182e+03 8.121982899333893835e-01
6.737266666666667334e+03 6.642733333333333576e+03 6.488866666666665878e+03 6.357233333333332666e+03 6.252966666666667152e+03 6.129000000000000000e+03 6.055566666666666606e+03 5.952800000000000182e+03 8.146205463913298583e-01
6.845166666666666970e+03 6.737266666666667334e+03 6.642733333333333576e+03 6.488866666666665878e+03 6.357233333333332666e+03 6.252966666666667152e+03 6.129000000000000000e+03 6.055566666666666606e+03 8.157030448629617458e-01
6.944400000000000546e+03 6.845166666666666970e+03 6.737266666666667334e+03 6.642733333333333576e+03 6.488866666666665878e+03 6.357233333333332666e+03 6.252966666666667152e+03 6.129000000000000000e+03 8.136506694924436900e-01
7.020400000000000546e+03 6.944400000000000546e+03 6.845166666666666970e+03 6.737266666666667334e+03 6.642733333333333576e+03 6.488866666666665878e+03 6.357233333333332666e+03 6.252966666666667152e+03 8.084114811966011116e-01
7.072133333333334122e+03 7.020400000000000546e+03 6.944400000000000546e+03 6.845166666666666970e+03 6.737266666666667334e+03 6.642733333333333576e+03 6.488866666666665878e+03 6.357233333333332666e+03 8.021373110501880399e-01
7.103366666666665878e+03 7.072133333333334122e+03 7.020400000000000546e+03 6.944400000000000546e+03 6.845166666666666970e+03 6.737266666666667334e+03 6.642733333333333576e+03 6.488866666666665878e+03 7.934369076927109132e-01
7.216599999999999454e+03 7.103366666666665878e+03 7.072133333333334122e+03 7.020400000000000546e+03 6.944400000000000546e+03 6.845166666666666970e+03 6.737266666666667334e+03 6.642733333333333576e+03 7.873552148420964736e-01
7.251366666666665878e+03 7.216599999999999454e+03 7.103366666666665878e+03 7.072133333333334122e+03 7.020400000000000546e+03 6.944400000000000546e+03 6.845166666666666970e+03 6.737266666666667334e+03 7.830671440689143115e-01
7.344500000000000000e+03 7.251366666666665878e+03 7.216599999999999454e+03 7.103366666666665878e+03 7.072133333333334122e+03 7.020400000000000546e+03 6.944400000000000546e+03 6.845166666666666970e+03 7.823107537332790740e-01
7.433100000000001273e+03 7.344500000000000000e+03 7.251366666666665878e+03 7.216599999999999454e+03 7.103366666666665878e+03 7.072133333333334122e+03 7.020400000000000546e+03 6.944400000000000546e+03 7.828262906460365933e-01
7.507233333333333576e+03 7.433100000000001273e+03 7.344500000000000000e+03 7.251366666666665878e+03 7.216599999999999454e+03 7.103366666666665878e+03 7.072133333333334122e+03 7.020400000000000546e+03 7.843320134917144415e-01
7.593533333333332848e+03 7.507233333333333576e+03 7.433100000000001273e+03 7.344500000000000000e+03 7.251366666666665878e+03 7.216599999999999454e+03 7.103366666666665878e+03 7.072133333333334122e+03 7.867017958720080584e-01
7.684599999999999454e+03 7.593533333333332848e+03 7.507233333333333576e+03 7.433100000000001273e+03 7.344500000000000000e+03 7.251366666666665878e+03 7.216599999999999454e+03 7.103366666666665878e+03 7.879892792299491022e-01
7.845566666666666606e+03 7.684599999999999454e+03 7.593533333333332848e+03 7.507233333333333576e+03 7.433100000000001273e+03 7.344500000000000000e+03 7.251366666666665878e+03 7.216599999999999454e+03 7.906736861541406869e-01
7.938433333333333394e+03 7.845566666666666606e+03 7.684599999999999454e+03 7.593533333333332848e+03 7.507233333333333576e+03 7.433100000000001273e+03 7.344500000000000000e+03 7.251366666666665878e+03 7.945707301548607937e-01
8.076800000000000182e+03 7.938433333333333394e+03 7.845566666666666606e+03 7.684599999999999454e+03 7.593533333333332848e+03 7.507233333333333576e+03 7.433100000000001273e+03 7.344500000000000000e+03 7.985978707002054922e-01
8.186366666666665878e+03 8.076800000000000182e+03 7.938433333333333394e+03 7.845566666666666606e+03 7.684599999999999454e+03 7.593533333333332848e+03 7.507233333333333576e+03 7.433100000000001273e+03 8.008877573757327006e-01
8.312699999999998909e+03 8.186366666666665878e+03 8.076800000000000182e+03 7.938433333333333394e+03 7.845566666666666606e+03 7.684599999999999454e+03 7.593533333333332848e+03 7.507233333333333576e+03 8.023218358783278381e-01
8.464266666666666424e+03 8.312699999999998909e+03 8.186366666666665878e+03 8.076800000000000182e+03 7.938433333333333394e+03 7.845566666666666606e+03 7.684599999999999454e+03 7.593533333333332848e+03 8.036580445215181223e-01
8.573133333333333212e+03 8.464266666666666424e+03 8.312699999999998909e+03 8.186366666666665878e+03 8.076800000000000182e+03 7.938433333333333394e+03 7.845566666666666606e+03 7.684599999999999454e+03 8.036068650262796487e-01
8.723933333333332484e+03 8.573133333333333212e+03 8.464266666666666424e+03 8.312699999999998909e+03 8.186366666666665878e+03 8.076800000000000182e+03 7.938433333333333394e+03 7.845566666666666606e+03 8.038568152150736834e-01
8.888033333333332848e+03 8.723933333333332484e+03 8.573133333333333212e+03 8.464266666666666424e+03 8.312699999999998909e+03 8.186366666666665878e+03 8.076800000000000182e+03 7.938433333333333394e+03 8.053410345601781373e-01
8.991366666666666788e+03 8.888033333333332848e+03 8.723933333333332484e+03 8.573133333333333212e+03 8.464266666666666424e+03 8.312699999999998909e+03 8.186366666666665878e+03 8.076800000000000182e+03 8.051823842518796015e-01
9.134300000000001091e+03 8.991366666666666788e+03 8.888033333333332848e+03 8.723933333333332484e+03 8.573133333333333212e+03 8.464266666666666424e+03 8.312699999999998909e+03 8.186366666666665878e+03 8.055022691716678951e-01
9.253733333333333576e+03 9.134300000000001091e+03 8.991366666666666788e+03 8.888033333333332848e+03 8.723933333333332484e+03 8.573133333333333212e+03 8.464266666666666424e+03 8.312699999999998909e+03 8.035268303038188842e-01
9.374300000000001091e+03 9.253733333333333576e+03 9.134300000000001091e+03 8.991366666666666788e+03 8.888033333333332848e+03 8.723933333333332484e+03 8.573133333333333212e+03 8.464266666666666424e+03 8.012363862350538879e-01
9.453666666666666060e+03 9.374300000000001091e+03 9.253733333333333576e+03 9.134300000000001091e+03 8.991366666666666788e+03 8.888033333333332848e+03 8.723933333333332484e+03 8.573133333333333212e+03 7.983092863221055158e-01
9.591833333333333940e+03 9.453666666666666060e+03 9.374300000000001091e+03 9.253733333333333576e+03 9.134300000000001091e+03 8.991366666666666788e+03 8.888033333333332848e+03 8.723933333333332484e+03 7.952345286807839253e-01
9.700933333333332484e+03 9.591833333333333940e+03 9.453666666666666060e+03 9.374300000000001091e+03 9.253733333333333576e+03 9.134300000000001091e+03 8.991366666666666788e+03 8.888033333333332848e+03 7.926238691645305368e-01
9.799233333333333576e+03 9.700933333333332484e+03 9.591833333333333940e+03 9.453666666666666060e+03 9.374300000000001091e+03 9.253733333333333576e+03 9.134300000000001091e+03 8.991366666666666788e+03 7.915393552213789707e-01
9.910033333333332848e+03 9.799233333333333576e+03 9.700933333333332484e+03 9.591833333333333940e+03 9.453666666666666060e+03 9.374300000000001091e+03 9.253733333333333576e+03 9.134300000000001091e+03 7.902568787618228230e-01
9.974366666666666788e+03 9.910033333333332848e+03 9.799233333333333576e+03 9.700933333333332484e+03 9.591833333333333940e+03 9.453666666666666060e+03 9.374300000000001091e+03 9.253733333333333576e+03 7.879174239032529226e-01
1.009576666666666824e+04 9.974366666666666788e+03 9.910033333333332848e+03 9.799233333333333576e+03 9.700933333333332484e+03 9.591833333333333940e+03 9.453666666666666060e+03 9.374300000000001091e+03 7.864530413021084687e-01
1.012486666666666679e+04 1.009576666666666824e+04 9.974366666666666788e+03 9.910033333333332848e+03 9.799233333333333576e+03 9.700933333333332484e+03 9.591833333333333940e+03 9.453666666666666060e+03 7.833565381322588062e-01
9.859566666666667516e+03 1.012486666666666679e+04 1.009576666666666824e+04 9.974366666666666788e+03 9.910033333333332848e+03 9.799233333333333576e+03 9.700933333333332484e+03 9.591833333333333940e+03 7.712469691751114853e-01
9.770233333333335395e+03 9.859566666666667516e+03 1.012486666666666679e+04 1.009576666666666824e+04 9.974366666666666788e+03 9.910033333333332848e+03 9.799233333333333576e+03 9.700933333333332484e+03 7.554905178593647186e-01
9.769733333333331757e+03 9.770233333333335395e+03 9.859566666666667516e+03 1.012486666666666679e+04 1.009576666666666824e+04 9.974366666666666788e+03 9.910033333333332848e+03 9.799233333333333576e+03 7.390642727978132820e-01
9.890833333333333940e+03 9.769733333333331757e+03 9.770233333333335395e+03 9.859566666666667516e+03 1.012486666666666679e+04 1.009576666666666824e+04 9.974366666666666788e+03 9.910033333333332848e+03 7.338430504566759716e-01
9.957100000000000364e+03 9.890833333333333940e+03 9.769733333333331757e+03 9.770233333333335395e+03 9.859566666666667516e+03 1.012486666666666679e+04 1.009576666666666824e+04 9.974366666666666788e+03 7.394329568746632608e-01
1.004453333333333285e+04 9.957100000000000364e+03 9.890833333333333940e+03 9.769733333333331757e+03 9.770233333333335395e+03 9.859566666666667516e+03 1.012486666666666679e+04 1.009576666666666824e+04 7.501164771943089615e-01
1.013766666666666606e+04 1.004453333333333285e+04 9.957100000000000364e+03 9.890833333333333940e+03 9.769733333333331757e+03 9.770233333333335395e+03 9.859566666666667516e+03 1.012486666666666679e+04 7.625492101081862151e-01
1.023343333333333430e+04 1.013766666666666606e+04 1.004453333333333285e+04 9.957100000000000364e+03 9.890833333333333940e+03 9.769733333333331757e+03 9.770233333333335395e+03 9.859566666666667516e+03 7.741244461110483588e-01
1.039319999999999891e+04 1.023343333333333430e+04 1.013766666666666606e+04 1.004453333333333285e+04 9.957100000000000364e+03 9.890833333333333940e+03 9.769733333333331757e+03 9.770233333333335395e+03 7.810596655318002846e-01
1.052353333333333285e+04 1.039319999999999891e+04 1.023343333333333430e+04 1.013766666666666606e+04 1.004453333333333285e+04 9.957100000000000364e+03 9.890833333333333940e+03 9.769733333333331757e+03 7.853867578365967272e-01
1.065136666666666679e+04 1.052353333333333285e+04 1.039319999999999891e+04 1.023343333333333430e+04 1.013766666666666606e+04 1.004453333333333285e+04 9.957100000000000364e+03 9.890833333333333940e+03 7.886084149940377763e-01
1.075443333333333430e+04 1.065136666666666679e+04 1.052353333333333285e+04 1.039319999999999891e+04 1.023343333333333430e+04 1.013766666666666606e+04 1.004453333333333285e+04 9.957100000000000364e+03 7.908638008160624455e-01
1.082786666666666679e+04 1.075443333333333430e+04 1.065136666666666679e+04 1.052353333333333285e+04 1.039319999999999891e+04 1.023343333333333430e+04 1.013766666666666606e+04 1.004453333333333285e+04 7.898698402715100819e-01
1.095623333333333176e+04 1.082786666666666679e+04 1.075443333333333430e+04 1.065136666666666679e+04 1.052353333333333285e+04 1.039319999999999891e+04 1.023343333333333430e+04 1.013766666666666606e+04 7.880901153285674310e-01
1.100836666666666679e+04 1.095623333333333176e+04 1.082786666666666679e+04 1.075443333333333430e+04 1.065136666666666679e+04 1.052353333333333285e+04 1.039319999999999891e+04 1.023343333333333430e+04 7.844799951516929770e-01
1.107360000000000036e+04 1.100836666666666679e+04 1.095623333333333176e+04 1.082786666666666679e+04 1.075443333333333430e+04 1.065136666666666679e+04 1.052353333333333285e+04 1.039319999999999891e+04 7.806290738739646295e-01
1.116430000000000109e+04 1.107360000000000036e+04 1.100836666666666679e+04 1.095623333333333176e+04 1.082786666666666679e+04 1.075443333333333430e+04 1.065136666666666679e+04 1.052353333333333285e+04 7.775594909551295508e-01
1.125666666666666606e+04 1.116430000000000109e+04 1.107360000000000036e+04 1.100836666666666679e+04 1.095623333333333176e+04 1.082786666666666679e+04 1.075443333333333430e+04 1.065136666666666679e+04 7.755185047121355701e-01
1.128453333333333467e+04 1.125666666666666606e+04 1.116430000000000109e+04 1.107360000000000036e+04 1.100836666666666679e+04 1.095623333333333176e+04 1.082786666666666679e+04 1.075443333333333430e+04 7.740045789711781365e-01
1.137906666666666752e+04 1.128453333333333467e+04 1.125666666666666606e+04 1.116430000000000109e+04 1.107360000000000036e+04 1.100836666666666679e+04 1.095623333333333176e+04 1.082786666666666679e+04 7.732689352893885593e-01
1.152439999999999964e+04 1.137906666666666752e+04 1.128453333333333467e+04 1.125666666666666606e+04 1.116430000000000109e+04 1.107360000000000036e+04 1.100836666666666679e+04 1.095623333333333176e+04 7.734404162660483140e-01
1.164016666666666606e+04 1.152439999999999964e+04 1.137906666666666752e+04 1.128453333333333467e+04 1.125666666666666606e+04 1.116430000000000109e+04 1.107360000000000036e+04 1.100836666666666679e+04 7.762102573013912599e-01
1.179193333333333248e+04 1.164016666666666606e+04 1.152439999999999964e+04 1.137906666666666752e+04 1.128453333333333467e+04 1.125666666666666606e+04 1.116430000000000109e+04 1.107360000000000036e+04 7.806432018508634441e-01
1.194116666666666606e+04 1.179193333333333248e+04 1.164016666666666606e+04 1.152439999999999964e+04 1.137906666666666752e+04 1.128453333333333467e+04 1.125666666666666606e+04 1.116430000000000109e+04 7.845981292933204010e-01
1.208139999999999964e+04 1.194116666666666606e+04 1.179193333333333248e+04 1.164016666666666606e+04 1.152439999999999964e+04 1.137906666666666752e+04 1.128453333333333467e+04 1.125666666666666606e+04 7.880902782871477275e-01
1.214216666666666606e+04 1.208139999999999964e+04 1.194116666666666606e+04 1.179193333333333248e+04 1.164016666666666606e+04 1.152439999999999964e+04 1.137906666666666752e+04 1.128453333333333467e+04 7.891376846117198474e-01
1.228419999999999891e+04 1.214216666666666606e+04 1.208139999999999964e+04 1.194116666666666606e+04 1.179193333333333248e+04 1.164016666666666606e+04 1.152439999999999964e+04 1.137906666666666752e+04 7.878994321856427341e-01
1.240776666666666461e+04 1.228419999999999891e+04 1.214216666666666606e+04 1.208139999999999964e+04 1.194116666666666606e+04 1.179193333333333248e+04 1.164016666666666606e+04 1.152439999999999964e+04 7.854150526323271375e-01
1.249490000000000146e+04 1.240776666666666461e+04 1.228419999999999891e+04 1.214216666666666606e+04 1.208139999999999964e+04 1.194116666666666606e+04 1.179193333333333248e+04 1.164016666666666606e+04 7.836292883032226486e-01
1.257146666666666533e+04 1.249490000000000146e+04 1.240776666666666461e+04 1.228419999999999891e+04 1.214216666666666606e+04 1.208139999999999964e+04 1.194116666666666606e+04 1.179193333333333248e+04 7.814165566136095364e-01
1.275500000000000000e+04 1.257146666666666533e+04 1.249490000000000146e+04 1.240776666666666461e+04 1.228419999999999891e+04 1.214216666666666606e+04 1.208139999999999964e+04 1.194116666666666606e+04 7.806439495055964573e-01
1.289943333333333430e+04 1.275500000000000000e+04 1.257146666666666533e+04 1.249490000000000146e+04 1.240776666666666461e+04 1.228419999999999891e+04 1.214216666666666606e+04 1.208139999999999964e+04 7.814675092983415228e-01
1.305693333333333430e+04 1.289943333333333430e+04 1.275500000000000000e+04 1.257146666666666533e+04 1.249490000000000146e+04 1.240776666666666461e+04 1.228419999999999891e+04 1.214216666666666606e+04 7.847582660921122999e-01
1.319156666666666570e+04 1.305693333333333430e+04 1.289943333333333430e+04 1.275500000000000000e+04 1.257146666666666533e+04 1.249490000000000146e+04 1.240776666666666461e+04 1.228419999999999891e+04 7.867613465081226831e-01
1.330703333333333285e+04 1.319156666666666570e+04 1.305693333333333430e+04 1.289943333333333430e+04 1.275500000000000000e+04 1.257146666666666533e+04 1.249490000000000146e+04 1.240776666666666461e+04 7.875018083794663726e-01
