-1.000000000000000000e+08 -1.000000000000000000e+08 -1.000000000000000000e+08 -1.000000000000000000e+08 -1.000000000000000000e+08 -1.000000000000000000e+08 -1.000000000000000000e+08 -1.000000000000000000e+08 7.500000000000000000e-01
-1.000000000000000000e+08 -1.000000000000000000e+08 -1.000000000000000000e+08 -1.000000000000000000e+08 -1.000000000000000000e+08 -1.000000000000000000e+08 -1.000000000000000000e+08 -1.000000000000000000e+08 7.500000000000000000e-01
-1.000000000000000000e+08 -1.000000000000000000e+08 -1.000000000000000000e+08 -1.000000000000000000e+08 -1.000000000000000000e+08 -1.000000000000000000e+08 -1.000000000000000000e+08 -1.000000000000000000e+08 7.500000000000000000e-01
-1.000000000000000000e+08 -1.000000000000000000e+08 -1.000000000000000000e+08 -1.000000000000000000e+08 -1.000000000000000000e+08 -1.000000000000000000e+08 -1.000000000000000000e+08 -1.000000000000000000e+08 7.500000000000000000e-01
-1.000000000000000000e+08 -1.000000000000000000e+08 -1.000000000000000000e+08 -1.000000000000000000e+08 -1.000000000000000000e+08 -1.000000000000000000e+08 -1.000000000000000000e+08 -1.000000000000000000e+08 7.500000000000000000e-01
-1.000000000000000000e+08 -1.000000000000000000e+08 -1.000000000000000000e+08 -1.000000000000000000e+08 -1.000000000000000000e+08 -1.000000000000000000e+08 -1.000000000000000000e+08 -1.000000000000000000e+08 7.500000000000000000e-01
-1.000000000000000000e+08 -1.000000000000000000e+08 -1.000000000000000000e+08 -1.000000000000000000e+08 -1.000000000000000000e+08 -1.000000000000000000e+08 -1.000000000000000000e+08 -1.000000000000000000e+08 7.500000000000000000e-01
-1.000000000000000000e+08 -1.000000000000000000e+08 -1.000000000000000000e+08 -1.000000000000000000e+08 -1.000000000000000000e+08 -1.000000000000000000e+08 -1.000000000000000000e+08 -1.000000000000000000e+08 7.500000000000000000e-01
-1.000000000000000000e+08 -1.000000000000000000e+08 -1.000000000000000000e+08 -1.000000000000000000e+08 -1.000000000000000000e+08 -1.000000000000000000e+08 -1.000000000000000000e+08 -1.000000000000000000e+08 7.500000000000000000e-01
-1.000000000000000000e+08 -1.000000000000000000e+08 -1.000000000000000000e+08 -1.000000000000000000e+08 -1.000000000000000000e+08 -1.000000000000000000e+08 -1.000000000000000000e+08 -1.000000000000000000e+08 7.500000000000000000e-01
-1.000000000000000000e+08 -1.000000000000000000e+08 -1.000000000000000000e+08 -1.000000000000000000e+08 -1.000000000000000000e+08 -1.000000000000000000e+08 -1.000000000000000000e+08 -1.000000000000000000e+08 7.500000000000000000e-01
-1.000000000000000000e+08 -1.000000000000000000e+08 -1.000000000000000000e+08 -1.000000000000000000e+08 -1.000000000000000000e+08 -1.000000000000000000e+08 -1.000000000000000000e+08 -1.000000000000000000e+08 7.500000000000000000e-01
1.239999999999999991e+00 -1.000000000000000000e+08 -1.000000000000000000e+08 -1.000000000000000000e+08 -1.000000000000000000e+08 -1.000000000000000000e+08 -1.000000000000000000e+08 -1.000000000000000000e+08 4.999999968999999655e-01
1.246000000000000218e+00 1.239999999999999991e+00 -1.000000000000000000e+08 -1.000000000000000000e+08 -1.000000000000000000e+08 -1.000000000000000000e+08 -1.000000000000000000e+08 -1.000000000000000000e+08 2.499999937849999854e-01
1.337333333333333485e+00 1.246000000000000218e+00 1.239999999999999991e+00 -1.000000000000000000e+08 -1.000000000000000000e+08 -1.000000000000000000e+08 -1.000000000000000000e+08 -1.000000000000000000e+08 -9.558333333333334551e-09
1.310666666666666647e+00 1.337333333333333485e+00 1.246000000000000218e+00 1.239999999999999991e+00 -1.000000000000000000e+08 -1.000000000000000000e+08 -1.000000000000000000e+08 -1.000000000000000000e+08 -9.735000000000000814e-09
1.250333333333333297e+00 1.310666666666666647e+00 1.337333333333333485e+00 1.246000000000000218e+00 1.239999999999999991e+00 -1.000000000000000000e+08 -1.000000000000000000e+08 -1.000000000000000000e+08 -1.299444449815481631e-08
1.278666666666666840e+00 1.250333333333333297e+00 1.310666666666666647e+00 1.337333333333333485e+00 1.246000000000000218e+00 1.239999999999999991e+00 -1.000000000000000000e+08 -1.000000000000000000e+08 -1.919833357196862058e-08
1.420666666666666522e+00 1.278666666666666840e+00 1.250333333333333297e+00 1.310666666666666647e+00 1.337333333333333485e+00 1.246000000000000218e+00 1.239999999999999991e+00 -1.000000000000000000e+08 -3.949666817675594985e-08
1.381666666666666599e+00 1.420666666666666522e+00 1.278666666666666840e+00 1.250333333333333297e+00 1.310666666666666647e+00 1.337333333333333485e+00 1.246000000000000218e+00 1.239999999999999991e+00 7.948967666536813637e-01
1.403333333333333321e+00 1.381666666666666599e+00 1.420666666666666522e+00 1.278666666666666840e+00 1.250333333333333297e+00 1.310666666666666647e+00 1.337333333333333485e+00 1.246000000000000218e+00 8.175338560228081475e-01
1.399666666666666615e+00 1.403333333333333321e+00 1.381666666666666599e+00 1.420666666666666522e+00 1.278666666666666840e+00 1.250333333333333297e+00 1.310666666666666647e+00 1.337333333333333485e+00 8.083188461786106060e-01
1.366333333333333400e+00 1.399666666666666615e+00 1.403333333333333321e+00 1.381666666666666599e+00 1.420666666666666522e+00 1.278666666666666840e+00 1.250333333333333297e+00 1.310666666666666647e+00 7.925986946327862048e-01
1.375333333333333519e+00 1.366333333333333400e+00 1.399666666666666615e+00 1.403333333333333321e+00 1.381666666666666599e+00 1.420666666666666522e+00 1.278666666666666840e+00 1.250333333333333297e+00 7.767912967362762267e-01
1.335666666666666780e+00 1.375333333333333519e+00 1.366333333333333400e+00 1.399666666666666615e+00 1.403333333333333321e+00 1.381666666666666599e+00 1.420666666666666522e+00 1.278666666666666840e+00 7.434510423630948939e-01
1.229333333333333167e+00 1.335666666666666780e+00 1.375333333333333519e+00 1.366333333333333400e+00 1.399666666666666615e+00 1.403333333333333321e+00 1.381666666666666599e+00 1.420666666666666522e+00 7.029614652711703160e-01
1.221000000000000085e+00 1.229333333333333167e+00 1.335666666666666780e+00 1.375333333333333519e+00 1.366333333333333400e+00 1.399666666666666615e+00 1.403333333333333321e+00 1.381666666666666599e+00 6.820392722032064814e-01
1.192666666666666764e+00 1.221000000000000085e+00 1.229333333333333167e+00 1.335666666666666780e+00 1.375333333333333519e+00 1.366333333333333400e+00 1.399666666666666615e+00 1.403333333333333321e+00 6.570277744378981710e-01
1.154000000000000137e+00 1.192666666666666764e+00 1.221000000000000085e+00 1.229333333333333167e+00 1.335666666666666780e+00 1.375333333333333519e+00 1.366333333333333400e+00 1.399666666666666615e+00 6.513906639888016326e-01
1.109333333333333282e+00 1.154000000000000137e+00 1.192666666666666764e+00 1.221000000000000085e+00 1.229333333333333167e+00 1.335666666666666780e+00 1.375333333333333519e+00 1.366333333333333400e+00 6.512562814070352868e-01
1.276000000000000023e+00 1.109333333333333282e+00 1.154000000000000137e+00 1.192666666666666764e+00 1.221000000000000085e+00 1.229333333333333167e+00 1.335666666666666780e+00 1.375333333333333519e+00 6.857401188323430929e-01
1.370333333333333181e+00 1.276000000000000023e+00 1.109333333333333282e+00 1.154000000000000137e+00 1.192666666666666764e+00 1.221000000000000085e+00 1.229333333333333167e+00 1.335666666666666780e+00 7.543519014461703698e-01
1.428000000000000158e+00 1.370333333333333181e+00 1.276000000000000023e+00 1.109333333333333282e+00 1.154000000000000137e+00 1.192666666666666764e+00 1.221000000000000085e+00 1.229333333333333167e+00 8.493502883746787413e-01
1.560666666666666424e+00 1.428000000000000158e+00 1.370333333333333181e+00 1.276000000000000023e+00 1.109333333333333282e+00 1.154000000000000137e+00 1.192666666666666764e+00 1.221000000000000085e+00 9.320076972418215311e-01
1.674999999999999822e+00 1.560666666666666424e+00 1.428000000000000158e+00 1.370333333333333181e+00 1.276000000000000023e+00 1.109333333333333282e+00 1.154000000000000137e+00 1.192666666666666764e+00 9.855593124823892603e-01
1.676999999999999824e+00 1.674999999999999822e+00 1.560666666666666424e+00 1.428000000000000158e+00 1.370333333333333181e+00 1.276000000000000023e+00 1.109333333333333282e+00 1.154000000000000137e+00 1.000611039445990835e+00
1.651000000000000023e+00 1.676999999999999824e+00 1.674999999999999822e+00 1.560666666666666424e+00 1.428000000000000158e+00 1.370333333333333181e+00 1.276000000000000023e+00 1.109333333333333282e+00 9.651469358883671967e-01
1.596333333333333160e+00 1.651000000000000023e+00 1.676999999999999824e+00 1.674999999999999822e+00 1.560666666666666424e+00 1.428000000000000158e+00 1.370333333333333181e+00 1.276000000000000023e+00 8.738834664300503263e-01
1.747666666666666702e+00 1.596333333333333160e+00 1.651000000000000023e+00 1.676999999999999824e+00 1.674999999999999822e+00 1.560666666666666424e+00 1.428000000000000158e+00 1.370333333333333181e+00 8.278090818694068265e-01
1.581999999999999851e+00 1.747666666666666702e+00 1.596333333333333160e+00 1.651000000000000023e+00 1.676999999999999824e+00 1.674999999999999822e+00 1.560666666666666424e+00 1.428000000000000158e+00 7.768899169382820213e-01
1.341666666666666785e+00 1.581999999999999851e+00 1.747666666666666702e+00 1.596333333333333160e+00 1.651000000000000023e+00 1.676999999999999824e+00 1.674999999999999822e+00 1.560666666666666424e+00 7.116956985424813809e-01
1.316000000000000059e+00 1.341666666666666785e+00 1.581999999999999851e+00 1.747666666666666702e+00 1.596333333333333160e+00 1.651000000000000023e+00 1.676999999999999824e+00 1.674999999999999822e+00 6.424386301646630715e-01
1.536666666666666847e+00 1.316000000000000059e+00 1.341666666666666785e+00 1.581999999999999851e+00 1.747666666666666702e+00 1.596333333333333160e+00 1.651000000000000023e+00 1.676999999999999824e+00 6.286470823341328007e-01
1.543666666666666742e+00 1.536666666666666847e+00 1.316000000000000059e+00 1.341666666666666785e+00 1.581999999999999851e+00 1.747666666666666702e+00 1.596333333333333160e+00 1.651000000000000023e+00 6.684405250620851779e-01
1.571333333333333471e+00 1.543666666666666742e+00 1.536666666666666847e+00 1.316000000000000059e+00 1.341666666666666785e+00 1.581999999999999851e+00 1.747666666666666702e+00 1.596333333333333160e+00 7.421688028506091550e-01
1.731333333333333391e+00 1.571333333333333471e+00 1.543666666666666742e+00 1.536666666666666847e+00 1.316000000000000059e+00 1.341666666666666785e+00 1.581999999999999851e+00 1.747666666666666702e+00 8.094310210444272125e-01
1.650333333333333208e+00 1.731333333333333391e+00 1.571333333333333471e+00 1.543666666666666742e+00 1.536666666666666847e+00 1.316000000000000059e+00 1.341666666666666785e+00 1.581999999999999851e+00 8.574643660915228782e-01
1.739666666666666694e+00 1.650333333333333208e+00 1.731333333333333391e+00 1.571333333333333471e+00 1.543666666666666742e+00 1.536666666666666847e+00 1.316000000000000059e+00 1.341666666666666785e+00 8.925293365864992445e-01
1.661000000000000254e+00 1.739666666666666694e+00 1.650333333333333208e+00 1.731333333333333391e+00 1.571333333333333471e+00 1.543666666666666742e+00 1.536666666666666847e+00 1.316000000000000059e+00 8.463944590292129533e-01
1.806666666666666643e+00 1.661000000000000254e+00 1.739666666666666694e+00 1.650333333333333208e+00 1.731333333333333391e+00 1.571333333333333471e+00 1.543666666666666742e+00 1.536666666666666847e+00 8.158128361794348971e-01
2.049666666666666970e+00 1.806666666666666643e+00 1.661000000000000254e+00 1.739666666666666694e+00 1.650333333333333208e+00 1.731333333333333391e+00 1.571333333333333471e+00 1.543666666666666742e+00 8.492560287326834656e-01
2.032333333333333325e+00 2.049666666666666970e+00 1.806666666666666643e+00 1.661000000000000254e+00 1.739666666666666694e+00 1.650333333333333208e+00 1.731333333333333391e+00 1.571333333333333471e+00 8.798685128000798272e-01
2.088666666666666671e+00 2.032333333333333325e+00 2.049666666666666970e+00 1.806666666666666643e+00 1.661000000000000254e+00 1.739666666666666694e+00 1.650333333333333208e+00 1.731333333333333391e+00 9.098147146999557844e-01
2.109666666666666579e+00 2.088666666666666671e+00 2.032333333333333325e+00 2.049666666666666970e+00 1.806666666666666643e+00 1.661000000000000254e+00 1.739666666666666694e+00 1.650333333333333208e+00 9.085694842755066558e-01
2.339000000000000412e+00 2.109666666666666579e+00 2.088666666666666671e+00 2.032333333333333325e+00 2.049666666666666970e+00 1.806666666666666643e+00 1.661000000000000254e+00 1.739666666666666694e+00 9.008313811951678129e-01
2.715999999999999748e+00 2.339000000000000412e+00 2.109666666666666579e+00 2.088666666666666671e+00 2.032333333333333325e+00 2.049666666666666970e+00 1.806666666666666643e+00 1.661000000000000254e+00 9.490043710539094457e-01
2.569666666666666544e+00 2.715999999999999748e+00 2.339000000000000412e+00 2.109666666666666579e+00 2.088666666666666671e+00 2.032333333333333325e+00 2.049666666666666970e+00 1.806666666666666643e+00 9.557914089921443201e-01
2.521999999999999797e+00 2.569666666666666544e+00 2.715999999999999748e+00 2.339000000000000412e+00 2.109666666666666579e+00 2.088666666666666671e+00 2.032333333333333325e+00 2.049666666666666970e+00 9.429169518135340766e-01
2.984999999999999432e+00 2.521999999999999797e+00 2.569666666666666544e+00 2.715999999999999748e+00 2.339000000000000412e+00 2.109666666666666579e+00 2.088666666666666671e+00 2.032333333333333325e+00 9.424715080322065841e-01
2.983333333333333837e+00 2.984999999999999432e+00 2.521999999999999797e+00 2.569666666666666544e+00 2.715999999999999748e+00 2.339000000000000412e+00 2.109666666666666579e+00 2.088666666666666671e+00 9.175432276657060626e-01
2.440999999999999837e+00 2.983333333333333837e+00 2.984999999999999432e+00 2.521999999999999797e+00 2.569666666666666544e+00 2.715999999999999748e+00 2.339000000000000412e+00 2.109666666666666579e+00 8.638838475499093228e-01
2.514333333333333531e+00 2.440999999999999837e+00 2.983333333333333837e+00 2.984999999999999432e+00 2.521999999999999797e+00 2.569666666666666544e+00 2.715999999999999748e+00 2.339000000000000412e+00 7.823915900131407364e-01
3.174333333333333229e+00 2.514333333333333531e+00 2.440999999999999837e+00 2.983333333333333837e+00 2.984999999999999432e+00 2.521999999999999797e+00 2.569666666666666544e+00 2.715999999999999748e+00 7.532583853233676408e-01
3.049666666666666970e+00 3.174333333333333229e+00 2.514333333333333531e+00 2.440999999999999837e+00 2.983333333333333837e+00 2.984999999999999432e+00 2.521999999999999797e+00 2.569666666666666544e+00 7.900843881856539630e-01
3.170333333333333226e+00 3.049666666666666970e+00 3.174333333333333229e+00 2.514333333333333531e+00 2.440999999999999837e+00 2.983333333333333837e+00 2.984999999999999432e+00 2.521999999999999797e+00 8.593950112825518017e-01
3.310999999999999943e+00 3.170333333333333226e+00 3.049666666666666970e+00 3.174333333333333229e+00 2.514333333333333531e+00 2.440999999999999837e+00 2.983333333333333837e+00 2.984999999999999432e+00 8.725092307222849231e-01
3.943999999999999506e+00 3.310999999999999943e+00 3.170333333333333226e+00 3.049666666666666970e+00 3.174333333333333229e+00 2.514333333333333531e+00 2.440999999999999837e+00 2.983333333333333837e+00 9.381205195116829598e-01
4.055000000000000604e+00 3.943999999999999506e+00 3.310999999999999943e+00 3.170333333333333226e+00 3.049666666666666970e+00 3.174333333333333229e+00 2.514333333333333531e+00 2.440999999999999837e+00 1.011688234241755691e+00
2.514999999999999680e+00 4.055000000000000604e+00 3.943999999999999506e+00 3.310999999999999943e+00 3.170333333333333226e+00 3.049666666666666970e+00 3.174333333333333229e+00 2.514333333333333531e+00 8.828864132564517853e-01
2.101666666666666572e+00 2.514999999999999680e+00 4.055000000000000604e+00 3.943999999999999506e+00 3.310999999999999943e+00 3.170333333333333226e+00 3.049666666666666970e+00 3.174333333333333229e+00 6.825217756322804474e-01
2.518333333333333091e+00 2.101666666666666572e+00 2.514999999999999680e+00 4.055000000000000604e+00 3.943999999999999506e+00 3.310999999999999943e+00 3.170333333333333226e+00 3.049666666666666970e+00 5.294990723562151835e-01
2.748666666666666814e+00 2.518333333333333091e+00 2.101666666666666572e+00 2.514999999999999680e+00 4.055000000000000604e+00 3.943999999999999506e+00 3.310999999999999943e+00 3.170333333333333226e+00 5.088741051080775124e-01
2.803000000000000380e+00 2.748666666666666814e+00 2.518333333333333091e+00 2.101666666666666572e+00 2.514999999999999680e+00 4.055000000000000604e+00 3.943999999999999506e+00 3.310999999999999943e+00 5.837251356238698508e-01
2.920666666666666966e+00 2.803000000000000380e+00 2.748666666666666814e+00 2.518333333333333091e+00 2.101666666666666572e+00 2.514999999999999680e+00 4.055000000000000604e+00 3.943999999999999506e+00 6.715723835442705125e-01
3.005333333333332746e+00 2.920666666666666966e+00 2.803000000000000380e+00 2.748666666666666814e+00 2.518333333333333091e+00 2.101666666666666572e+00 2.514999999999999680e+00 4.055000000000000604e+00 7.800714924039322540e-01
2.912999999999999812e+00 3.005333333333332746e+00 2.920666666666666966e+00 2.803000000000000380e+00 2.748666666666666814e+00 2.518333333333333091e+00 2.101666666666666572e+00 2.514999999999999680e+00 8.943037334322619936e-01
3.088666666666666227e+00 2.912999999999999812e+00 3.005333333333332746e+00 2.920666666666666966e+00 2.803000000000000380e+00 2.748666666666666814e+00 2.518333333333333091e+00 2.101666666666666572e+00 8.854989349500244078e-01
3.491999999999999549e+00 3.088666666666666227e+00 2.912999999999999812e+00 3.005333333333332746e+00 2.920666666666666966e+00 2.803000000000000380e+00 2.748666666666666814e+00 2.518333333333333091e+00 8.637935217760522866e-01
3.983000000000000096e+00 3.491999999999999549e+00 3.088666666666666227e+00 2.912999999999999812e+00 3.005333333333332746e+00 2.920666666666666966e+00 2.803000000000000380e+00 2.748666666666666814e+00 9.203670897104521131e-01
3.846000000000000085e+00 3.983000000000000096e+00 3.491999999999999549e+00 3.088666666666666227e+00 2.912999999999999812e+00 3.005333333333332746e+00 2.920666666666666966e+00 2.803000000000000380e+00 9.724274179694208931e-01
3.580000000000000071e+00 3.846000000000000085e+00 3.983000000000000096e+00 3.491999999999999549e+00 3.088666666666666227e+00 2.912999999999999812e+00 3.005333333333332746e+00 2.920666666666666966e+00 9.565156638627282382e-01
3.813333333333333020e+00 3.580000000000000071e+00 3.846000000000000085e+00 3.983000000000000096e+00 3.491999999999999549e+00 3.088666666666666227e+00 2.912999999999999812e+00 3.005333333333332746e+00 8.992186041549991016e-01
3.904999999999999805e+00 3.813333333333333020e+00 3.580000000000000071e+00 3.846000000000000085e+00 3.983000000000000096e+00 3.491999999999999549e+00 3.088666666666666227e+00 2.912999999999999812e+00 8.383626020281967905e-01
3.884666666666666490e+00 3.904999999999999805e+00 3.813333333333333020e+00 3.580000000000000071e+00 3.846000000000000085e+00 3.983000000000000096e+00 3.491999999999999549e+00 3.088666666666666227e+00 8.052233454394041035e-01
3.731999999999999762e+00 3.884666666666666490e+00 3.904999999999999805e+00 3.813333333333333020e+00 3.580000000000000071e+00 3.846000000000000085e+00 3.983000000000000096e+00 3.491999999999999549e+00 7.732143256604702142e-01
3.817666666666666320e+00 3.731999999999999762e+00 3.884666666666666490e+00 3.904999999999999805e+00 3.813333333333333020e+00 3.580000000000000071e+00 3.846000000000000085e+00 3.983000000000000096e+00 7.511551010576564824e-01
3.835333333333333261e+00 3.817666666666666320e+00 3.731999999999999762e+00 3.884666666666666490e+00 3.904999999999999805e+00 3.813333333333333020e+00 3.580000000000000071e+00 3.846000000000000085e+00 7.517663372438536662e-01
3.825333333333333030e+00 3.835333333333333261e+00 3.817666666666666320e+00 3.731999999999999762e+00 3.884666666666666490e+00 3.904999999999999805e+00 3.813333333333333020e+00 3.580000000000000071e+00 7.559990340073327042e-01
3.585999999999999854e+00 3.825333333333333030e+00 3.835333333333333261e+00 3.817666666666666320e+00 3.731999999999999762e+00 3.884666666666666490e+00 3.904999999999999805e+00 3.813333333333333020e+00 7.333985436365612065e-01
3.701333333333332920e+00 3.585999999999999854e+00 3.825333333333333030e+00 3.835333333333333261e+00 3.817666666666666320e+00 3.731999999999999762e+00 3.884666666666666490e+00 3.904999999999999805e+00 7.244556477899951608e-01
3.960666666666666558e+00 3.701333333333332920e+00 3.585999999999999854e+00 3.825333333333333030e+00 3.835333333333333261e+00 3.817666666666666320e+00 3.731999999999999762e+00 3.884666666666666490e+00 7.366238075487349102e-01
3.798000000000000043e+00 3.960666666666666558e+00 3.701333333333332920e+00 3.585999999999999854e+00 3.825333333333333030e+00 3.835333333333333261e+00 3.817666666666666320e+00 3.731999999999999762e+00 7.534351646906708444e-01
3.217666666666666675e+00 3.798000000000000043e+00 3.960666666666666558e+00 3.701333333333332920e+00 3.585999999999999854e+00 3.825333333333333030e+00 3.835333333333333261e+00 3.817666666666666320e+00 7.286305401278959648e-01
2.582000000000000295e+00 3.217666666666666675e+00 3.798000000000000043e+00 3.960666666666666558e+00 3.701333333333332920e+00 3.585999999999999854e+00 3.825333333333333030e+00 3.835333333333333261e+00 6.420702881098921955e-01
2.939666666666666206e+00 2.582000000000000295e+00 3.217666666666666675e+00 3.798000000000000043e+00 3.960666666666666558e+00 3.701333333333332920e+00 3.585999999999999854e+00 3.825333333333333030e+00 5.797877045555064335e-01
2.899666666666667059e+00 2.939666666666666206e+00 2.582000000000000295e+00 3.217666666666666675e+00 3.798000000000000043e+00 3.960666666666666558e+00 3.701333333333332920e+00 3.585999999999999854e+00 5.597057911294253119e-01
2.556000000000000050e+00 2.899666666666667059e+00 2.939666666666666206e+00 2.582000000000000295e+00 3.217666666666666675e+00 3.798000000000000043e+00 3.960666666666666558e+00 3.701333333333332920e+00 5.719801058297186991e-01
2.295333333333333670e+00 2.556000000000000050e+00 2.899666666666667059e+00 2.939666666666666206e+00 2.582000000000000295e+00 3.217666666666666675e+00 3.798000000000000043e+00 3.960666666666666558e+00 5.716779348494162027e-01
2.654666666666666952e+00 2.295333333333333670e+00 2.556000000000000050e+00 2.899666666666667059e+00 2.939666666666666206e+00 2.582000000000000295e+00 3.217666666666666675e+00 3.798000000000000043e+00 5.986919068382432485e-01
2.645333333333333314e+00 2.654666666666666952e+00 2.295333333333333670e+00 2.556000000000000050e+00 2.899666666666667059e+00 2.939666666666666206e+00 2.582000000000000295e+00 3.217666666666666675e+00 6.525761090586248425e-01
2.682333333333333680e+00 2.645333333333333314e+00 2.654666666666666952e+00 2.295333333333333670e+00 2.556000000000000050e+00 2.899666666666667059e+00 2.939666666666666206e+00 2.582000000000000295e+00 7.271650674116362234e-01
2.770000000000000018e+00 2.682333333333333680e+00 2.645333333333333314e+00 2.654666666666666952e+00 2.295333333333333670e+00 2.556000000000000050e+00 2.899666666666667059e+00 2.939666666666666206e+00 7.574519830381641894e-01
2.822333333333332916e+00 2.770000000000000018e+00 2.682333333333333680e+00 2.645333333333333314e+00 2.654666666666666952e+00 2.295333333333333670e+00 2.556000000000000050e+00 2.899666666666667059e+00 7.952077393727774446e-01
