1.800000000000000044e+00 1.899999999999999911e+00 3.100000000000000089e+00 -1.899999999999999911e+00 -3.399999999999999911e+00 1.000000000000000056e-01 1.600000000000000089e+00 4.500000000000000000e+00 2.428571428571428381e+00
4.799999999999999822e+00 1.800000000000000044e+00 1.899999999999999911e+00 3.100000000000000089e+00 -1.899999999999999911e+00 -3.399999999999999911e+00 1.000000000000000056e-01 1.600000000000000089e+00 -2.361111111111111160e+00
4.500000000000000000e+00 4.799999999999999822e+00 1.800000000000000044e+00 1.899999999999999911e+00 3.100000000000000089e+00 -1.899999999999999911e+00 -3.399999999999999911e+00 1.000000000000000056e-01 -5.285714285714287364e+00
3.899999999999999911e+00 4.500000000000000000e+00 4.799999999999999822e+00 1.800000000000000044e+00 1.899999999999999911e+00 3.100000000000000089e+00 -1.899999999999999911e+00 -3.399999999999999911e+00 -4.400000000000002132e+01
4.099999999999999645e+00 3.899999999999999911e+00 4.500000000000000000e+00 4.799999999999999822e+00 1.800000000000000044e+00 1.899999999999999911e+00 3.100000000000000089e+00 -1.899999999999999911e+00 2.551020408163265252e+00
8.000000000000000444e-01 4.099999999999999645e+00 3.899999999999999911e+00 4.500000000000000000e+00 4.799999999999999822e+00 1.800000000000000044e+00 1.899999999999999911e+00 3.100000000000000089e+00 7.586206896551723755e-01
2.399999999999999911e+00 8.000000000000000444e-01 4.099999999999999645e+00 3.899999999999999911e+00 4.500000000000000000e+00 4.799999999999999822e+00 1.800000000000000044e+00 1.899999999999999911e+00 5.615384615384614309e-01
2.000000000000000000e+00 2.399999999999999911e+00 8.000000000000000444e-01 4.099999999999999645e+00 3.899999999999999911e+00 4.500000000000000000e+00 4.799999999999999822e+00 1.800000000000000044e+00 3.466666666666666785e-01
5.400000000000000355e+00 2.000000000000000000e+00 2.399999999999999911e+00 8.000000000000000444e-01 4.099999999999999645e+00 3.899999999999999911e+00 4.500000000000000000e+00 4.799999999999999822e+00 5.664739884393064084e-01
4.000000000000000000e+00 5.400000000000000355e+00 2.000000000000000000e+00 2.399999999999999911e+00 8.000000000000000444e-01 4.099999999999999645e+00 3.899999999999999911e+00 4.500000000000000000e+00 8.571428571428572063e-01
5.599999999999999645e+00 4.000000000000000000e+00 5.400000000000000355e+00 2.000000000000000000e+00 2.399999999999999911e+00 8.000000000000000444e-01 4.099999999999999645e+00 3.899999999999999911e+00 1.339285714285714413e+00
2.399999999999999911e+00 5.599999999999999645e+00 4.000000000000000000e+00 5.400000000000000355e+00 2.000000000000000000e+00 2.399999999999999911e+00 8.000000000000000444e-01 4.099999999999999645e+00 1.290322580645161255e+00
4.599999999999999645e+00 2.399999999999999911e+00 5.599999999999999645e+00 4.000000000000000000e+00 5.400000000000000355e+00 2.000000000000000000e+00 2.399999999999999911e+00 8.000000000000000444e-01 1.188679245283018604e+00
1.399999999999999911e+00 4.599999999999999645e+00 2.399999999999999911e+00 5.599999999999999645e+00 4.000000000000000000e+00 5.400000000000000355e+00 2.000000000000000000e+00 2.399999999999999911e+00 6.086956521739130821e-01
1.399999999999999911e+00 1.399999999999999911e+00 4.599999999999999645e+00 2.399999999999999911e+00 5.599999999999999645e+00 4.000000000000000000e+00 5.400000000000000355e+00 2.000000000000000000e+00 4.352941176470587759e-01
3.500000000000000000e+00 1.399999999999999911e+00 1.399999999999999911e+00 4.599999999999999645e+00 2.399999999999999911e+00 5.599999999999999645e+00 4.000000000000000000e+00 5.400000000000000355e+00 3.620689655172414367e-01
2.899999999999999911e+00 3.500000000000000000e+00 1.399999999999999911e+00 1.399999999999999911e+00 4.599999999999999645e+00 2.399999999999999911e+00 5.599999999999999645e+00 4.000000000000000000e+00 4.698795180722891707e-01
2.700000000000000178e+00 2.899999999999999911e+00 3.500000000000000000e+00 1.399999999999999911e+00 1.399999999999999911e+00 4.599999999999999645e+00 2.399999999999999911e+00 5.599999999999999645e+00 6.500000000000000222e-01
7.200000000000000178e+00 2.700000000000000178e+00 2.899999999999999911e+00 3.500000000000000000e+00 1.399999999999999911e+00 1.399999999999999911e+00 4.599999999999999645e+00 2.399999999999999911e+00 1.306122448979591955e+00
3.700000000000000178e+00 7.200000000000000178e+00 2.700000000000000178e+00 2.899999999999999911e+00 3.500000000000000000e+00 1.399999999999999911e+00 1.399999999999999911e+00 4.599999999999999645e+00 1.247706422018348693e+00
4.299999999999999822e+00 3.700000000000000178e+00 7.200000000000000178e+00 2.700000000000000178e+00 2.899999999999999911e+00 3.500000000000000000e+00 1.399999999999999911e+00 1.399999999999999911e+00 1.652173913043478048e+00
3.100000000000000089e+00 4.299999999999999822e+00 3.700000000000000178e+00 7.200000000000000178e+00 2.700000000000000178e+00 2.899999999999999911e+00 3.500000000000000000e+00 1.399999999999999911e+00 1.057142857142857384e+00
6.200000000000000178e+00 3.100000000000000089e+00 4.299999999999999822e+00 3.700000000000000178e+00 7.200000000000000178e+00 2.700000000000000178e+00 2.899999999999999911e+00 3.500000000000000000e+00 8.343558282208589638e-01
5.200000000000000178e+00 6.200000000000000178e+00 3.100000000000000089e+00 4.299999999999999822e+00 3.700000000000000178e+00 7.200000000000000178e+00 2.700000000000000178e+00 2.899999999999999911e+00 8.787878787878787845e-01
3.100000000000000089e+00 5.200000000000000178e+00 6.200000000000000178e+00 3.100000000000000089e+00 4.299999999999999822e+00 3.700000000000000178e+00 7.200000000000000178e+00 2.700000000000000178e+00 8.100558659217877988e-01
4.000000000000000000e+00 3.100000000000000089e+00 5.200000000000000178e+00 6.200000000000000178e+00 3.100000000000000089e+00 4.299999999999999822e+00 3.700000000000000178e+00 7.200000000000000178e+00 6.721311475409835756e-01
3.899999999999999911e+00 4.000000000000000000e+00 3.100000000000000089e+00 5.200000000000000178e+00 6.200000000000000178e+00 3.100000000000000089e+00 4.299999999999999822e+00 3.700000000000000178e+00 6.358381502890173564e-01
5.299999999999999822e+00 3.899999999999999911e+00 4.000000000000000000e+00 3.100000000000000089e+00 5.200000000000000178e+00 6.200000000000000178e+00 3.100000000000000089e+00 4.299999999999999822e+00 7.021276595744679883e-01
6.700000000000000178e+00 5.299999999999999822e+00 3.899999999999999911e+00 4.000000000000000000e+00 3.100000000000000089e+00 5.200000000000000178e+00 6.200000000000000178e+00 3.100000000000000089e+00 9.034090909090908283e-01
3.200000000000000178e+00 6.700000000000000178e+00 5.299999999999999822e+00 3.899999999999999911e+00 4.000000000000000000e+00 3.100000000000000089e+00 5.200000000000000178e+00 6.200000000000000178e+00 8.216216216216215562e-01
3.299999999999999822e+00 3.200000000000000178e+00 6.700000000000000178e+00 5.299999999999999822e+00 3.899999999999999911e+00 4.000000000000000000e+00 3.100000000000000089e+00 5.200000000000000178e+00 8.148148148148147696e-01
5.099999999999999645e+00 3.299999999999999822e+00 3.200000000000000178e+00 6.700000000000000178e+00 5.299999999999999822e+00 3.899999999999999911e+00 4.000000000000000000e+00 3.100000000000000089e+00 7.116564417177912993e-01
7.099999999999999645e+00 5.099999999999999645e+00 3.299999999999999822e+00 3.200000000000000178e+00 6.700000000000000178e+00 5.299999999999999822e+00 3.899999999999999911e+00 4.000000000000000000e+00 7.788944723618090871e-01
1.199999999999999956e+00 7.099999999999999645e+00 5.099999999999999645e+00 3.299999999999999822e+00 3.200000000000000178e+00 6.700000000000000178e+00 5.299999999999999822e+00 3.899999999999999911e+00 7.015706806282722141e-01
7.799999999999999822e+00 1.199999999999999956e+00 7.099999999999999645e+00 5.099999999999999645e+00 3.299999999999999822e+00 3.200000000000000178e+00 6.700000000000000178e+00 5.299999999999999822e+00 8.702702702702703741e-01
5.000000000000000000e-01 7.799999999999999822e+00 1.199999999999999956e+00 7.099999999999999645e+00 5.099999999999999645e+00 3.299999999999999822e+00 3.200000000000000178e+00 6.700000000000000178e+00 5.191256830601094219e-01
2.299999999999999822e+00 5.000000000000000000e-01 7.799999999999999822e+00 1.199999999999999956e+00 7.099999999999999645e+00 5.099999999999999645e+00 3.299999999999999822e+00 3.200000000000000178e+00 5.668449197860963018e-01
-1.100000000000000089e+00 2.299999999999999822e+00 5.000000000000000000e-01 7.799999999999999822e+00 1.199999999999999956e+00 7.099999999999999645e+00 5.099999999999999645e+00 3.299999999999999822e+00 1.017964071856287261e-01
2.100000000000000089e+00 -1.100000000000000089e+00 2.299999999999999822e+00 5.000000000000000000e-01 7.799999999999999822e+00 1.199999999999999956e+00 7.099999999999999645e+00 5.099999999999999645e+00 1.556603773584905315e-01
-1.300000000000000044e+00 2.100000000000000089e+00 -1.100000000000000089e+00 2.299999999999999822e+00 5.000000000000000000e-01 7.799999999999999822e+00 1.199999999999999956e+00 7.099999999999999645e+00 -1.807228915662650870e-02
1.100000000000000089e+00 -1.300000000000000044e+00 2.100000000000000089e+00 -1.100000000000000089e+00 2.299999999999999822e+00 5.000000000000000000e-01 7.799999999999999822e+00 1.199999999999999956e+00 1.610169491525423879e-01
3.700000000000000178e+00 1.100000000000000089e+00 -1.300000000000000044e+00 2.100000000000000089e+00 -1.100000000000000089e+00 2.299999999999999822e+00 5.000000000000000000e-01 7.799999999999999822e+00 3.684210526315790379e-01
2.200000000000000178e+00 3.700000000000000178e+00 1.100000000000000089e+00 -1.300000000000000044e+00 2.100000000000000089e+00 -1.100000000000000089e+00 2.299999999999999822e+00 5.000000000000000000e-01 1.842105263157894912e+00
2.000000000000000000e+00 2.200000000000000178e+00 3.700000000000000178e+00 1.100000000000000089e+00 -1.300000000000000044e+00 2.100000000000000089e+00 -1.100000000000000089e+00 2.299999999999999822e+00 3.950000000000000622e+00
2.999999999999999889e-01 2.000000000000000000e+00 2.200000000000000178e+00 3.700000000000000178e+00 1.100000000000000089e+00 -1.300000000000000044e+00 2.100000000000000089e+00 -1.100000000000000089e+00 5.625000000000000000e+00
2.100000000000000089e+00 2.999999999999999889e-01 2.000000000000000000e+00 2.200000000000000178e+00 3.700000000000000178e+00 1.100000000000000089e+00 -1.300000000000000044e+00 2.100000000000000089e+00 7.857142857142855874e-01
3.799999999999999822e+00 2.100000000000000089e+00 2.999999999999999889e-01 2.000000000000000000e+00 2.200000000000000178e+00 3.700000000000000178e+00 1.100000000000000089e+00 -1.300000000000000044e+00 1.087719298245614086e+00
6.900000000000000355e+00 3.799999999999999822e+00 2.100000000000000089e+00 2.999999999999999889e-01 2.000000000000000000e+00 2.200000000000000178e+00 3.700000000000000178e+00 1.100000000000000089e+00 1.422222222222222054e+00
4.799999999999999822e+00 6.900000000000000355e+00 3.799999999999999822e+00 2.100000000000000089e+00 2.999999999999999889e-01 2.000000000000000000e+00 2.200000000000000178e+00 3.700000000000000178e+00 1.890243902439024515e+00
2.299999999999999822e+00 4.799999999999999822e+00 6.900000000000000355e+00 3.799999999999999822e+00 2.100000000000000089e+00 2.999999999999999889e-01 2.000000000000000000e+00 2.200000000000000178e+00 2.121212121212121104e+00
3.000000000000000000e+00 2.299999999999999822e+00 4.799999999999999822e+00 6.900000000000000355e+00 3.799999999999999822e+00 2.100000000000000089e+00 2.999999999999999889e-01 2.000000000000000000e+00 1.231707317073170715e+00
3.700000000000000178e+00 3.000000000000000000e+00 2.299999999999999822e+00 4.799999999999999822e+00 6.900000000000000355e+00 3.799999999999999822e+00 2.100000000000000089e+00 2.999999999999999889e-01 6.870229007633588125e-01
3.500000000000000000e+00 3.700000000000000178e+00 3.000000000000000000e+00 2.299999999999999822e+00 4.799999999999999822e+00 6.900000000000000355e+00 3.799999999999999822e+00 2.100000000000000089e+00 5.795454545454544748e-01
4.299999999999999822e+00 3.500000000000000000e+00 3.700000000000000178e+00 3.000000000000000000e+00 2.299999999999999822e+00 4.799999999999999822e+00 6.900000000000000355e+00 3.799999999999999822e+00 6.460674157303371024e-01
2.100000000000000089e+00 4.299999999999999822e+00 3.500000000000000000e+00 3.700000000000000178e+00 3.000000000000000000e+00 2.299999999999999822e+00 4.799999999999999822e+00 6.900000000000000355e+00 5.823529411764706287e-01
3.399999999999999911e+00 2.100000000000000089e+00 4.299999999999999822e+00 3.500000000000000000e+00 3.700000000000000178e+00 3.000000000000000000e+00 2.299999999999999822e+00 4.799999999999999822e+00 7.101449275362319291e-01
2.299999999999999822e+00 3.399999999999999911e+00 2.100000000000000089e+00 4.299999999999999822e+00 3.500000000000000000e+00 3.700000000000000178e+00 3.000000000000000000e+00 2.299999999999999822e+00 6.239999999999998881e-01
4.900000000000000355e+00 2.299999999999999822e+00 3.399999999999999911e+00 2.100000000000000089e+00 4.299999999999999822e+00 3.500000000000000000e+00 3.700000000000000178e+00 3.000000000000000000e+00 7.310344827586207073e-01
1.199999999999999956e+00 4.900000000000000355e+00 2.299999999999999822e+00 3.399999999999999911e+00 2.100000000000000089e+00 4.299999999999999822e+00 3.500000000000000000e+00 3.700000000000000178e+00 6.176470588235293269e-01
4.000000000000000222e-01 1.199999999999999956e+00 4.900000000000000355e+00 2.299999999999999822e+00 3.399999999999999911e+00 2.100000000000000089e+00 4.299999999999999822e+00 3.500000000000000000e+00 4.887218045112781684e-01
3.200000000000000178e+00 4.000000000000000222e-01 1.199999999999999956e+00 4.900000000000000355e+00 2.299999999999999822e+00 3.399999999999999911e+00 2.100000000000000089e+00 4.299999999999999822e+00 3.966942148760331244e-01
2.000000000000000111e-01 3.200000000000000178e+00 4.000000000000000222e-01 1.199999999999999956e+00 4.900000000000000355e+00 2.299999999999999822e+00 3.399999999999999911e+00 2.100000000000000089e+00 2.992125984251968740e-01
3.100000000000000089e+00 2.000000000000000111e-01 3.200000000000000178e+00 4.000000000000000222e-01 1.199999999999999956e+00 4.900000000000000355e+00 2.299999999999999822e+00 3.399999999999999911e+00 5.508474576271186196e-01
2.700000000000000178e+00 3.100000000000000089e+00 2.000000000000000111e-01 3.200000000000000178e+00 4.000000000000000222e-01 1.199999999999999956e+00 4.900000000000000355e+00 2.299999999999999822e+00 6.818181818181818787e-01
1.399999999999999911e+00 2.700000000000000178e+00 3.100000000000000089e+00 2.000000000000000111e-01 3.200000000000000178e+00 4.000000000000000222e-01 1.199999999999999956e+00 4.900000000000000355e+00 7.422680412371134295e-01
-2.700000000000000178e+00 1.399999999999999911e+00 2.700000000000000178e+00 3.100000000000000089e+00 2.000000000000000111e-01 3.200000000000000178e+00 4.000000000000000222e-01 1.199999999999999956e+00 2.799999999999999711e-01
2.000000000000000000e+00 -2.700000000000000178e+00 1.399999999999999911e+00 2.700000000000000178e+00 3.100000000000000089e+00 2.000000000000000111e-01 3.200000000000000178e+00 4.000000000000000222e-01 1.014492753623187915e-01
-1.899999999999999911e+00 2.000000000000000000e+00 -2.700000000000000178e+00 1.399999999999999911e+00 2.700000000000000178e+00 3.100000000000000089e+00 2.000000000000000111e-01 3.200000000000000178e+00 -2.826086956521738913e-01
-8.199999999999999289e+00 -1.899999999999999911e+00 2.000000000000000000e+00 -2.700000000000000178e+00 1.399999999999999911e+00 2.700000000000000178e+00 3.100000000000000089e+00 2.000000000000000111e-01 -1.094594594594594517e+00
-5.400000000000000355e+00 -8.199999999999999289e+00 -1.899999999999999911e+00 2.000000000000000000e+00 -2.700000000000000178e+00 1.399999999999999911e+00 2.700000000000000178e+00 3.100000000000000089e+00 -3.444444444444444642e+00
-5.000000000000000000e-01 -5.400000000000000355e+00 -8.199999999999999289e+00 -1.899999999999999911e+00 2.000000000000000000e+00 -2.700000000000000178e+00 1.399999999999999911e+00 2.700000000000000178e+00 -4.147058823529412130e+00
1.300000000000000044e+00 -5.000000000000000000e-01 -5.400000000000000355e+00 -8.199999999999999289e+00 -1.899999999999999911e+00 2.000000000000000000e+00 -2.700000000000000178e+00 1.399999999999999911e+00 3.833333333333333037e+00
3.899999999999999911e+00 1.300000000000000044e+00 -5.000000000000000000e-01 -5.400000000000000355e+00 -8.199999999999999289e+00 -1.899999999999999911e+00 2.000000000000000000e+00 -2.700000000000000178e+00 -4.351851851851851749e-01
1.699999999999999956e+00 3.899999999999999911e+00 1.300000000000000044e+00 -5.000000000000000000e-01 -5.400000000000000355e+00 -8.199999999999999289e+00 -1.899999999999999911e+00 2.000000000000000000e+00 -5.111111111111110716e-01
3.899999999999999911e+00 1.699999999999999956e+00 3.899999999999999911e+00 1.300000000000000044e+00 -5.000000000000000000e-01 -5.400000000000000355e+00 -8.199999999999999289e+00 -1.899999999999999911e+00 -5.937500000000000000e-01
2.700000000000000178e+00 3.899999999999999911e+00 1.699999999999999956e+00 3.899999999999999911e+00 1.300000000000000044e+00 -5.000000000000000000e-01 -5.400000000000000355e+00 -8.199999999999999289e+00 -6.484374999999998890e-01
2.500000000000000000e+00 2.700000000000000178e+00 3.899999999999999911e+00 1.699999999999999956e+00 3.899999999999999911e+00 1.300000000000000044e+00 -5.000000000000000000e-01 -5.400000000000000355e+00 -1.299999999999999645e+01
-1.500000000000000000e+00 2.500000000000000000e+00 2.700000000000000178e+00 3.899999999999999911e+00 1.699999999999999956e+00 3.899999999999999911e+00 1.300000000000000044e+00 -5.000000000000000000e-01 5.781250000000001110e-01
2.899999999999999911e+00 -1.500000000000000000e+00 2.500000000000000000e+00 2.700000000000000178e+00 3.899999999999999911e+00 1.699999999999999956e+00 3.899999999999999911e+00 1.300000000000000044e+00 3.611111111111111049e-01
8.000000000000000444e-01 2.899999999999999911e+00 -1.500000000000000000e+00 2.500000000000000000e+00 2.700000000000000178e+00 3.899999999999999911e+00 1.699999999999999956e+00 3.899999999999999911e+00 1.803278688524590501e-01
4.599999999999999645e+00 8.000000000000000444e-01 2.899999999999999911e+00 -1.500000000000000000e+00 2.500000000000000000e+00 2.700000000000000178e+00 3.899999999999999911e+00 1.699999999999999956e+00 7.685185185185184897e-01
2.700000000000000178e+00 4.599999999999999645e+00 8.000000000000000444e-01 2.899999999999999911e+00 -1.500000000000000000e+00 2.500000000000000000e+00 2.700000000000000178e+00 3.899999999999999911e+00 1.065789473684210620e+00
1.899999999999999911e+00 2.700000000000000178e+00 4.599999999999999645e+00 8.000000000000000444e-01 2.899999999999999911e+00 -1.500000000000000000e+00 2.500000000000000000e+00 2.700000000000000178e+00 1.393939393939393812e+00
5.000000000000000000e-01 1.899999999999999911e+00 2.700000000000000178e+00 4.599999999999999645e+00 8.000000000000000444e-01 2.899999999999999911e+00 -1.500000000000000000e+00 2.500000000000000000e+00 1.085106382978723305e+00
1.000000000000000056e-01 5.000000000000000000e-01 1.899999999999999911e+00 2.700000000000000178e+00 4.599999999999999645e+00 8.000000000000000444e-01 2.899999999999999911e+00 -1.500000000000000000e+00 3.676470588235294934e-01
2.799999999999999822e+00 1.000000000000000056e-01 5.000000000000000000e-01 1.899999999999999911e+00 2.700000000000000178e+00 4.599999999999999645e+00 8.000000000000000444e-01 2.899999999999999911e+00 3.090909090909090828e-01
8.000000000000000444e-01 2.799999999999999822e+00 1.000000000000000056e-01 5.000000000000000000e-01 1.899999999999999911e+00 2.700000000000000178e+00 4.599999999999999645e+00 8.000000000000000444e-01 3.699999999999999956e-01
3.100000000000000089e+00 8.000000000000000444e-01 2.799999999999999822e+00 1.000000000000000056e-01 5.000000000000000000e-01 1.899999999999999911e+00 2.700000000000000178e+00 4.599999999999999645e+00 6.907216494845361821e-01
4.000000000000000000e+00 3.100000000000000089e+00 8.000000000000000444e-01 2.799999999999999822e+00 1.000000000000000056e-01 5.000000000000000000e-01 1.899999999999999911e+00 2.700000000000000178e+00 1.519230769230769162e+00
-9.000000000000000222e-01 4.000000000000000000e+00 3.100000000000000089e+00 8.000000000000000444e-01 2.799999999999999822e+00 1.000000000000000056e-01 5.000000000000000000e-01 1.899999999999999911e+00 1.169811320754716943e+00
4.599999999999999645e+00 -9.000000000000000222e-01 4.000000000000000000e+00 3.100000000000000089e+00 8.000000000000000444e-01 2.799999999999999822e+00 1.000000000000000056e-01 5.000000000000000000e-01 1.833333333333333481e+00
5.200000000000000178e+00 4.599999999999999645e+00 -9.000000000000000222e-01 4.000000000000000000e+00 3.100000000000000089e+00 8.000000000000000444e-01 2.799999999999999822e+00 1.000000000000000056e-01 1.308823529411764719e+00
2.000000000000000000e+00 5.200000000000000178e+00 4.599999999999999645e+00 -9.000000000000000222e-01 4.000000000000000000e+00 3.100000000000000089e+00 8.000000000000000444e-01 2.799999999999999822e+00 1.102803738317757132e+00
3.200000000000000178e+00 2.000000000000000000e+00 5.200000000000000178e+00 4.599999999999999645e+00 -9.000000000000000222e-01 4.000000000000000000e+00 3.100000000000000089e+00 8.000000000000000444e-01 1.485714285714285765e+00
2.700000000000000178e+00 3.200000000000000178e+00 2.000000000000000000e+00 5.200000000000000178e+00 4.599999999999999645e+00 -9.000000000000000222e-01 4.000000000000000000e+00 3.100000000000000089e+00 7.314814814814816213e-01
1.600000000000000089e+00 2.700000000000000178e+00 3.200000000000000178e+00 2.000000000000000000e+00 5.200000000000000178e+00 4.599999999999999645e+00 -9.000000000000000222e-01 4.000000000000000000e+00 5.813953488372093359e-01
5.000000000000000000e-01 1.600000000000000089e+00 2.700000000000000178e+00 3.200000000000000178e+00 2.000000000000000000e+00 5.200000000000000178e+00 4.599999999999999645e+00 -9.000000000000000222e-01 4.403669724770642446e-01
5.999999999999999778e-01 5.000000000000000000e-01 1.600000000000000089e+00 2.700000000000000178e+00 3.200000000000000178e+00 2.000000000000000000e+00 5.200000000000000178e+00 4.599999999999999645e+00 1.800000000000000211e-01
2.200000000000000178e+00 5.999999999999999778e-01 5.000000000000000000e-01 1.600000000000000089e+00 2.700000000000000178e+00 3.200000000000000178e+00 2.000000000000000000e+00 5.200000000000000178e+00 2.519083969465648609e-01
2.799999999999999822e+00 2.200000000000000178e+00 5.999999999999999778e-01 5.000000000000000000e-01 1.600000000000000089e+00 2.700000000000000178e+00 3.200000000000000178e+00 2.000000000000000000e+00 5.894736842105262609e-01
1.800000000000000044e+00 2.799999999999999822e+00 2.200000000000000178e+00 5.999999999999999778e-01 5.000000000000000000e-01 1.600000000000000089e+00 2.700000000000000178e+00 3.200000000000000178e+00 8.499999999999999778e-01
1.199999999999999956e+00 1.800000000000000044e+00 2.799999999999999822e+00 2.200000000000000178e+00 5.999999999999999778e-01 5.000000000000000000e-01 1.600000000000000089e+00 2.700000000000000178e+00 1.074074074074073959e+00
2.600000000000000089e+00 1.199999999999999956e+00 1.800000000000000044e+00 2.799999999999999822e+00 2.200000000000000178e+00 5.999999999999999778e-01 5.000000000000000000e-01 1.600000000000000089e+00 1.142857142857142794e+00
