7.674207453599800033e+01 -1.000000000000000000e+08 -1.000000000000000000e+08 -1.000000000000000000e+08 7.963498843103000979e+01 -1.000000000000000000e+08 -1.000000000000000000e+08 -1.000000000000000000e+08 6.666665878263715594e-01
-1.000000000000000000e+08 7.674207453599800033e+01 -1.000000000000000000e+08 -1.000000000000000000e+08 -1.000000000000000000e+08 7.963498843103000979e+01 -1.000000000000000000e+08 -1.000000000000000000e+08 6.666665878263715594e-01
-1.000000000000000000e+08 -1.000000000000000000e+08 7.674207453599800033e+01 -1.000000000000000000e+08 -1.000000000000000000e+08 -1.000000000000000000e+08 7.963498843103000979e+01 -1.000000000000000000e+08 6.666665878263715594e-01
-1.000000000000000000e+08 -1.000000000000000000e+08 -1.000000000000000000e+08 7.674207453599800033e+01 -1.000000000000000000e+08 -1.000000000000000000e+08 -1.000000000000000000e+08 7.963498843103000979e+01 1.000000265450031955e+00
7.705381962620799641e+01 -1.000000000000000000e+08 -1.000000000000000000e+08 -1.000000000000000000e+08 7.674207453599800033e+01 -1.000000000000000000e+08 -1.000000000000000000e+08 -1.000000000000000000e+08 6.666665803585226646e-01
-1.000000000000000000e+08 7.705381962620799641e+01 -1.000000000000000000e+08 -1.000000000000000000e+08 -1.000000000000000000e+08 7.674207453599800033e+01 -1.000000000000000000e+08 -1.000000000000000000e+08 6.666665803585226646e-01
-1.000000000000000000e+08 -1.000000000000000000e+08 7.705381962620799641e+01 -1.000000000000000000e+08 -1.000000000000000000e+08 -1.000000000000000000e+08 7.674207453599800033e+01 -1.000000000000000000e+08 6.666665803585226646e-01
-1.000000000000000000e+08 -1.000000000000000000e+08 -1.000000000000000000e+08 7.705381962620799641e+01 -1.000000000000000000e+08 -1.000000000000000000e+08 -1.000000000000000000e+08 7.674207453599800033e+01 1.000000255806980709e+00
7.888788053790899824e+01 -1.000000000000000000e+08 -1.000000000000000000e+08 -1.000000000000000000e+08 7.705381962620799641e+01 -1.000000000000000000e+08 -1.000000000000000000e+08 -1.000000000000000000e+08 6.666665749377517214e-01
-1.000000000000000000e+08 7.888788053790899824e+01 -1.000000000000000000e+08 -1.000000000000000000e+08 -1.000000000000000000e+08 7.705381962620799641e+01 -1.000000000000000000e+08 -1.000000000000000000e+08 6.666665749377517214e-01
-1.000000000000000000e+08 -1.000000000000000000e+08 7.888788053790899824e+01 -1.000000000000000000e+08 -1.000000000000000000e+08 -1.000000000000000000e+08 7.705381962620799641e+01 -1.000000000000000000e+08 6.666665749377517214e-01
-1.000000000000000000e+08 -1.000000000000000000e+08 -1.000000000000000000e+08 7.888788053790899824e+01 -1.000000000000000000e+08 -1.000000000000000000e+08 -1.000000000000000000e+08 7.705381962620799641e+01 1.000000256846131252e+00
7.989887108940500582e+01 -1.000000000000000000e+08 -1.000000000000000000e+08 -1.000000000000000000e+08 7.888788053790899824e+01 -1.000000000000000000e+08 -1.000000000000000000e+08 -1.000000000000000000e+08 6.666665756434736467e-01
-1.000000000000000000e+08 7.989887108940500582e+01 -1.000000000000000000e+08 -1.000000000000000000e+08 -1.000000000000000000e+08 7.888788053790899824e+01 -1.000000000000000000e+08 -1.000000000000000000e+08 6.666665756434736467e-01
-1.000000000000000000e+08 -1.000000000000000000e+08 7.989887108940500582e+01 -1.000000000000000000e+08 -1.000000000000000000e+08 -1.000000000000000000e+08 7.888788053790899824e+01 -1.000000000000000000e+08 6.666665756434736467e-01
-1.000000000000000000e+08 -1.000000000000000000e+08 -1.000000000000000000e+08 7.989887108940500582e+01 -1.000000000000000000e+08 -1.000000000000000000e+08 -1.000000000000000000e+08 7.888788053790899824e+01 1.000000262959670927e+00
7.774430980443401040e+01 -1.000000000000000000e+08 -1.000000000000000000e+08 -1.000000000000000000e+08 7.989887108940500582e+01 -1.000000000000000000e+08 -1.000000000000000000e+08 -1.000000000000000000e+08 6.666665850719925013e-01
-1.000000000000000000e+08 7.774430980443401040e+01 -1.000000000000000000e+08 -1.000000000000000000e+08 -1.000000000000000000e+08 7.989887108940500582e+01 -1.000000000000000000e+08 -1.000000000000000000e+08 6.666665850719925013e-01
-1.000000000000000000e+08 -1.000000000000000000e+08 7.774430980443401040e+01 -1.000000000000000000e+08 -1.000000000000000000e+08 -1.000000000000000000e+08 7.989887108940500582e+01 -1.000000000000000000e+08 6.666665850719923903e-01
-1.000000000000000000e+08 -1.000000000000000000e+08 -1.000000000000000000e+08 7.774430980443401040e+01 -1.000000000000000000e+08 -1.000000000000000000e+08 -1.000000000000000000e+08 7.989887108940500582e+01 1.000000266329641230e+00
7.789285948266299897e+01 -1.000000000000000000e+08 -1.000000000000000000e+08 -1.000000000000000000e+08 7.774430980443401040e+01 -1.000000000000000000e+08 -1.000000000000000000e+08 -1.000000000000000000e+08 6.666665797889120837e-01
-1.000000000000000000e+08 7.789285948266299897e+01 -1.000000000000000000e+08 -1.000000000000000000e+08 -1.000000000000000000e+08 7.774430980443401040e+01 -1.000000000000000000e+08 -1.000000000000000000e+08 6.666665797889120837e-01
-1.000000000000000000e+08 -1.000000000000000000e+08 7.789285948266299897e+01 -1.000000000000000000e+08 -1.000000000000000000e+08 -1.000000000000000000e+08 7.774430980443401040e+01 -1.000000000000000000e+08 6.666665797889120837e-01
-1.000000000000000000e+08 -1.000000000000000000e+08 -1.000000000000000000e+08 7.789285948266299897e+01 -1.000000000000000000e+08 -1.000000000000000000e+08 -1.000000000000000000e+08 7.774430980443401040e+01 1.000000259147766357e+00
7.939146428733100436e+01 -1.000000000000000000e+08 -1.000000000000000000e+08 -1.000000000000000000e+08 7.789285948266299897e+01 -1.000000000000000000e+08 -1.000000000000000000e+08 -1.000000000000000000e+08 6.666665751236717785e-01
-1.000000000000000000e+08 7.939146428733100436e+01 -1.000000000000000000e+08 -1.000000000000000000e+08 -1.000000000000000000e+08 7.789285948266299897e+01 -1.000000000000000000e+08 -1.000000000000000000e+08 6.666665751236717785e-01
-1.000000000000000000e+08 -1.000000000000000000e+08 7.939146428733100436e+01 -1.000000000000000000e+08 -1.000000000000000000e+08 -1.000000000000000000e+08 7.789285948266299897e+01 -1.000000000000000000e+08 6.666665751236717785e-01
-1.000000000000000000e+08 -1.000000000000000000e+08 -1.000000000000000000e+08 7.939146428733100436e+01 -1.000000000000000000e+08 -1.000000000000000000e+08 -1.000000000000000000e+08 7.789285948266299897e+01 1.000000259642932265e+00
7.879060548990599955e+01 -1.000000000000000000e+08 -1.000000000000000000e+08 -1.000000000000000000e+08 7.939146428733100436e+01 -1.000000000000000000e+08 -1.000000000000000000e+08 -1.000000000000000000e+08 6.666665804567684095e-01
-1.000000000000000000e+08 7.879060548990599955e+01 -1.000000000000000000e+08 -1.000000000000000000e+08 -1.000000000000000000e+08 7.939146428733100436e+01 -1.000000000000000000e+08 -1.000000000000000000e+08 6.666665804567684095e-01
-1.000000000000000000e+08 -1.000000000000000000e+08 7.879060548990599955e+01 -1.000000000000000000e+08 -1.000000000000000000e+08 -1.000000000000000000e+08 7.939146428733100436e+01 -1.000000000000000000e+08 6.666665804567684095e-01
-1.000000000000000000e+08 -1.000000000000000000e+08 -1.000000000000000000e+08 7.879060548990599955e+01 -1.000000000000000000e+08 -1.000000000000000000e+08 -1.000000000000000000e+08 7.939146428733100436e+01 1.000000264638284397e+00
7.898128130837800143e+01 -1.000000000000000000e+08 -1.000000000000000000e+08 -1.000000000000000000e+08 7.879060548990599955e+01 -1.000000000000000000e+08 -1.000000000000000000e+08 -1.000000000000000000e+08 6.666665784859402422e-01
-1.000000000000000000e+08 7.898128130837800143e+01 -1.000000000000000000e+08 -1.000000000000000000e+08 -1.000000000000000000e+08 7.879060548990599955e+01 -1.000000000000000000e+08 -1.000000000000000000e+08 6.666665784859402422e-01
-1.000000000000000000e+08 -1.000000000000000000e+08 7.898128130837800143e+01 -1.000000000000000000e+08 -1.000000000000000000e+08 -1.000000000000000000e+08 7.879060548990599955e+01 -1.000000000000000000e+08 6.666665784859402422e-01
-1.000000000000000000e+08 -1.000000000000000000e+08 -1.000000000000000000e+08 7.898128130837800143e+01 -1.000000000000000000e+08 -1.000000000000000000e+08 -1.000000000000000000e+08 7.879060548990599955e+01 1.000000262635420523e+00
7.872200104739600590e+01 -1.000000000000000000e+08 -1.000000000000000000e+08 -1.000000000000000000e+08 7.898128130837800143e+01 -1.000000000000000000e+08 -1.000000000000000000e+08 -1.000000000000000000e+08 6.666665797739320665e-01
-1.000000000000000000e+08 7.872200104739600590e+01 -1.000000000000000000e+08 -1.000000000000000000e+08 -1.000000000000000000e+08 7.898128130837800143e+01 -1.000000000000000000e+08 -1.000000000000000000e+08 6.666665797739320665e-01
-1.000000000000000000e+08 -1.000000000000000000e+08 7.872200104739600590e+01 -1.000000000000000000e+08 -1.000000000000000000e+08 -1.000000000000000000e+08 7.898128130837800143e+01 -1.000000000000000000e+08 6.666665797739320665e-01
-1.000000000000000000e+08 -1.000000000000000000e+08 -1.000000000000000000e+08 7.872200104739600590e+01 -1.000000000000000000e+08 -1.000000000000000000e+08 -1.000000000000000000e+08 7.898128130837800143e+01 1.000000263271006995e+00
7.664016069981499868e+01 -1.000000000000000000e+08 -1.000000000000000000e+08 -1.000000000000000000e+08 7.872200104739600590e+01 -1.000000000000000000e+08 -1.000000000000000000e+08 -1.000000000000000000e+08 6.666665861372234048e-01
-1.000000000000000000e+08 7.664016069981499868e+01 -1.000000000000000000e+08 -1.000000000000000000e+08 -1.000000000000000000e+08 7.872200104739600590e+01 -1.000000000000000000e+08 -1.000000000000000000e+08 6.666665861372234048e-01
-1.000000000000000000e+08 -1.000000000000000000e+08 7.664016069981499868e+01 -1.000000000000000000e+08 -1.000000000000000000e+08 -1.000000000000000000e+08 7.872200104739600590e+01 -1.000000000000000000e+08 6.666665861372232937e-01
-1.000000000000000000e+08 -1.000000000000000000e+08 -1.000000000000000000e+08 7.664016069981499868e+01 -1.000000000000000000e+08 -1.000000000000000000e+08 -1.000000000000000000e+08 7.872200104739600590e+01 1.000000262406739004e+00
7.681353949728800501e+01 -1.000000000000000000e+08 -1.000000000000000000e+08 -1.000000000000000000e+08 7.664016069981499868e+01 -1.000000000000000000e+08 -1.000000000000000000e+08 -1.000000000000000000e+08 6.666665809329812564e-01
-1.000000000000000000e+08 7.681353949728800501e+01 -1.000000000000000000e+08 -1.000000000000000000e+08 -1.000000000000000000e+08 7.664016069981499868e+01 -1.000000000000000000e+08 -1.000000000000000000e+08 6.666665809329812564e-01
-1.000000000000000000e+08 -1.000000000000000000e+08 7.681353949728800501e+01 -1.000000000000000000e+08 -1.000000000000000000e+08 -1.000000000000000000e+08 7.664016069981499868e+01 -1.000000000000000000e+08 6.666665809329812564e-01
-1.000000000000000000e+08 -1.000000000000000000e+08 -1.000000000000000000e+08 7.681353949728800501e+01 -1.000000000000000000e+08 -1.000000000000000000e+08 -1.000000000000000000e+08 7.664016069981499868e+01 1.000000255467267563e+00
7.631543515929699595e+01 -1.000000000000000000e+08 -1.000000000000000000e+08 -1.000000000000000000e+08 7.681353949728800501e+01 -1.000000000000000000e+08 -1.000000000000000000e+08 -1.000000000000000000e+08 6.666665829786158071e-01
-1.000000000000000000e+08 7.631543515929699595e+01 -1.000000000000000000e+08 -1.000000000000000000e+08 -1.000000000000000000e+08 7.681353949728800501e+01 -1.000000000000000000e+08 -1.000000000000000000e+08 6.666665829786158071e-01
-1.000000000000000000e+08 -1.000000000000000000e+08 7.631543515929699595e+01 -1.000000000000000000e+08 -1.000000000000000000e+08 -1.000000000000000000e+08 7.681353949728800501e+01 -1.000000000000000000e+08 6.666665829786158071e-01
-1.000000000000000000e+08 -1.000000000000000000e+08 -1.000000000000000000e+08 7.631543515929699595e+01 -1.000000000000000000e+08 -1.000000000000000000e+08 -1.000000000000000000e+08 7.681353949728800501e+01 1.000000256045197267e+00
8.077302578850299142e+01 -1.000000000000000000e+08 -1.000000000000000000e+08 -1.000000000000000000e+08 7.631543515929699595e+01 -1.000000000000000000e+08 -1.000000000000000000e+08 -1.000000000000000000e+08 6.666665670130779153e-01
-1.000000000000000000e+08 8.077302578850299142e+01 -1.000000000000000000e+08 -1.000000000000000000e+08 -1.000000000000000000e+08 7.631543515929699595e+01 -1.000000000000000000e+08 -1.000000000000000000e+08 6.666665670130779153e-01
-1.000000000000000000e+08 -1.000000000000000000e+08 8.077302578850299142e+01 -1.000000000000000000e+08 -1.000000000000000000e+08 -1.000000000000000000e+08 7.631543515929699595e+01 -1.000000000000000000e+08 6.666665670130780263e-01
-1.000000000000000000e+08 -1.000000000000000000e+08 -1.000000000000000000e+08 8.077302578850299142e+01 -1.000000000000000000e+08 -1.000000000000000000e+08 -1.000000000000000000e+08 7.631543515929699595e+01 1.000000254384848519e+00
8.279484771968000700e+01 -1.000000000000000000e+08 -1.000000000000000000e+08 -1.000000000000000000e+08 8.077302578850299142e+01 -1.000000000000000000e+08 -1.000000000000000000e+08 -1.000000000000000000e+08 6.666665701794278753e-01
-1.000000000000000000e+08 8.279484771968000700e+01 -1.000000000000000000e+08 -1.000000000000000000e+08 -1.000000000000000000e+08 8.077302578850299142e+01 -1.000000000000000000e+08 -1.000000000000000000e+08 6.666665701794278753e-01
-1.000000000000000000e+08 -1.000000000000000000e+08 8.279484771968000700e+01 -1.000000000000000000e+08 -1.000000000000000000e+08 -1.000000000000000000e+08 8.077302578850299142e+01 -1.000000000000000000e+08 6.666665701794277643e-01
-1.000000000000000000e+08 -1.000000000000000000e+08 -1.000000000000000000e+08 8.279484771968000700e+01 -1.000000000000000000e+08 -1.000000000000000000e+08 -1.000000000000000000e+08 8.077302578850299142e+01 1.000000269243491946e+00
8.272701137236599322e+01 -1.000000000000000000e+08 -1.000000000000000000e+08 -1.000000000000000000e+08 8.279484771968000700e+01 -1.000000000000000000e+08 -1.000000000000000000e+08 -1.000000000000000000e+08 6.666665748984872408e-01
-1.000000000000000000e+08 8.272701137236599322e+01 -1.000000000000000000e+08 -1.000000000000000000e+08 -1.000000000000000000e+08 8.279484771968000700e+01 -1.000000000000000000e+08 -1.000000000000000000e+08 6.666665748984872408e-01
-1.000000000000000000e+08 -1.000000000000000000e+08 8.272701137236599322e+01 -1.000000000000000000e+08 -1.000000000000000000e+08 -1.000000000000000000e+08 8.279484771968000700e+01 -1.000000000000000000e+08 6.666665748984872408e-01
-1.000000000000000000e+08 -1.000000000000000000e+08 -1.000000000000000000e+08 8.272701137236599322e+01 -1.000000000000000000e+08 -1.000000000000000000e+08 -1.000000000000000000e+08 8.279484771968000700e+01 1.000000275982901865e+00
8.319660676053599957e+01 -1.000000000000000000e+08 -1.000000000000000000e+08 -1.000000000000000000e+08 8.272701137236599322e+01 -1.000000000000000000e+08 -1.000000000000000000e+08 -1.000000000000000000e+08 6.666665731824213958e-01
-1.000000000000000000e+08 8.319660676053599957e+01 -1.000000000000000000e+08 -1.000000000000000000e+08 -1.000000000000000000e+08 8.272701137236599322e+01 -1.000000000000000000e+08 -1.000000000000000000e+08 6.666665731824213958e-01
-1.000000000000000000e+08 -1.000000000000000000e+08 8.319660676053599957e+01 -1.000000000000000000e+08 -1.000000000000000000e+08 -1.000000000000000000e+08 8.272701137236599322e+01 -1.000000000000000000e+08 6.666665731824213958e-01
-1.000000000000000000e+08 -1.000000000000000000e+08 -1.000000000000000000e+08 8.319660676053599957e+01 -1.000000000000000000e+08 -1.000000000000000000e+08 -1.000000000000000000e+08 8.272701137236599322e+01 1.000000275756780743e+00
8.344615919614599875e+01 -1.000000000000000000e+08 -1.000000000000000000e+08 -1.000000000000000000e+08 8.319660676053599957e+01 -1.000000000000000000e+08 -1.000000000000000000e+08 -1.000000000000000000e+08 6.666665733941251615e-01
-1.000000000000000000e+08 8.344615919614599875e+01 -1.000000000000000000e+08 -1.000000000000000000e+08 -1.000000000000000000e+08 8.319660676053599957e+01 -1.000000000000000000e+08 -1.000000000000000000e+08 6.666665733941251615e-01
-1.000000000000000000e+08 -1.000000000000000000e+08 8.344615919614599875e+01 -1.000000000000000000e+08 -1.000000000000000000e+08 -1.000000000000000000e+08 8.319660676053599957e+01 -1.000000000000000000e+08 6.666665733941251615e-01
-1.000000000000000000e+08 -1.000000000000000000e+08 -1.000000000000000000e+08 8.344615919614599875e+01 -1.000000000000000000e+08 -1.000000000000000000e+08 -1.000000000000000000e+08 8.319660676053599957e+01 1.000000277322099507e+00
8.480835495034099836e+01 -1.000000000000000000e+08 -1.000000000000000000e+08 -1.000000000000000000e+08 8.344615919614599875e+01 -1.000000000000000000e+08 -1.000000000000000000e+08 -1.000000000000000000e+08 6.666665694080324833e-01
-1.000000000000000000e+08 8.480835495034099836e+01 -1.000000000000000000e+08 -1.000000000000000000e+08 -1.000000000000000000e+08 8.344615919614599875e+01 -1.000000000000000000e+08 -1.000000000000000000e+08 6.666665694080324833e-01
-1.000000000000000000e+08 -1.000000000000000000e+08 8.480835495034099836e+01 -1.000000000000000000e+08 -1.000000000000000000e+08 -1.000000000000000000e+08 8.344615919614599875e+01 -1.000000000000000000e+08 6.666665694080324833e-01
-1.000000000000000000e+08 -1.000000000000000000e+08 -1.000000000000000000e+08 8.480835495034099836e+01 -1.000000000000000000e+08 -1.000000000000000000e+08 -1.000000000000000000e+08 8.344615919614599875e+01 1.000000278153941213e+00
8.461393100421199165e+01 -1.000000000000000000e+08 -1.000000000000000000e+08 -1.000000000000000000e+08 8.480835495034099836e+01 -1.000000000000000000e+08 -1.000000000000000000e+08 -1.000000000000000000e+08 6.666665730832146419e-01
-1.000000000000000000e+08 8.461393100421199165e+01 -1.000000000000000000e+08 -1.000000000000000000e+08 -1.000000000000000000e+08 8.480835495034099836e+01 -1.000000000000000000e+08 -1.000000000000000000e+08 6.666665730832146419e-01
-1.000000000000000000e+08 -1.000000000000000000e+08 8.461393100421199165e+01 -1.000000000000000000e+08 -1.000000000000000000e+08 -1.000000000000000000e+08 8.480835495034099836e+01 -1.000000000000000000e+08 6.666665730832146419e-01
-1.000000000000000000e+08 -1.000000000000000000e+08 -1.000000000000000000e+08 8.461393100421199165e+01 -1.000000000000000000e+08 -1.000000000000000000e+08 -1.000000000000000000e+08 8.480835495034099836e+01 1.000000282694596399e+00
8.623908799805499825e+01 -1.000000000000000000e+08 -1.000000000000000000e+08 -1.000000000000000000e+08 8.461393100421199165e+01 -1.000000000000000000e+08 -1.000000000000000000e+08 -1.000000000000000000e+08 6.666665672339697757e-01
-1.000000000000000000e+08 8.623908799805499825e+01 -1.000000000000000000e+08 -1.000000000000000000e+08 -1.000000000000000000e+08 8.461393100421199165e+01 -1.000000000000000000e+08 -1.000000000000000000e+08 6.666665672339697757e-01
-1.000000000000000000e+08 -1.000000000000000000e+08 8.623908799805499825e+01 -1.000000000000000000e+08 -1.000000000000000000e+08 -1.000000000000000000e+08 8.461393100421199165e+01 -1.000000000000000000e+08 6.666665672339697757e-01
-1.000000000000000000e+08 -1.000000000000000000e+08 -1.000000000000000000e+08 8.623908799805499825e+01 -1.000000000000000000e+08 -1.000000000000000000e+08 -1.000000000000000000e+08 8.461393100421199165e+01 1.000000282046516142e+00
8.570969790261500521e+01 -1.000000000000000000e+08 -1.000000000000000000e+08 -1.000000000000000000e+08 8.623908799805499825e+01 -1.000000000000000000e+08 -1.000000000000000000e+08 -1.000000000000000000e+08 6.666665726100643452e-01
-1.000000000000000000e+08 8.570969790261500521e+01 -1.000000000000000000e+08 -1.000000000000000000e+08 -1.000000000000000000e+08 8.623908799805499825e+01 -1.000000000000000000e+08 -1.000000000000000000e+08 6.666665726100643452e-01
-1.000000000000000000e+08 -1.000000000000000000e+08 8.570969790261500521e+01 -1.000000000000000000e+08 -1.000000000000000000e+08 -1.000000000000000000e+08 8.623908799805499825e+01 -1.000000000000000000e+08 6.666665726100643452e-01
-1.000000000000000000e+08 -1.000000000000000000e+08 -1.000000000000000000e+08 8.570969790261500521e+01 -1.000000000000000000e+08 -1.000000000000000000e+08 -1.000000000000000000e+08 8.623908799805499825e+01 1.000000287463709281e+00
8.605996591094499593e+01 -1.000000000000000000e+08 -1.000000000000000000e+08 -1.000000000000000000e+08 8.570969790261500521e+01 -1.000000000000000000e+08 -1.000000000000000000e+08 -1.000000000000000000e+08 6.666665702660814485e-01
-1.000000000000000000e+08 8.605996591094499593e+01 -1.000000000000000000e+08 -1.000000000000000000e+08 -1.000000000000000000e+08 8.570969790261500521e+01 -1.000000000000000000e+08 -1.000000000000000000e+08 6.666665702660814485e-01
-1.000000000000000000e+08 -1.000000000000000000e+08 8.605996591094499593e+01 -1.000000000000000000e+08 -1.000000000000000000e+08 -1.000000000000000000e+08 8.570969790261500521e+01 -1.000000000000000000e+08 6.666665702660814485e-01
-1.000000000000000000e+08 -1.000000000000000000e+08 -1.000000000000000000e+08 8.605996591094499593e+01 -1.000000000000000000e+08 -1.000000000000000000e+08 -1.000000000000000000e+08 8.570969790261500521e+01 1.000000285699074620e+00
8.647190999999999406e+01 -1.000000000000000000e+08 -1.000000000000000000e+08 -1.000000000000000000e+08 8.605996591094499593e+01 -1.000000000000000000e+08 -1.000000000000000000e+08 -1.000000000000000000e+08 6.666665696713075517e-01
-1.000000000000000000e+08 8.647190999999999406e+01 -1.000000000000000000e+08 -1.000000000000000000e+08 -1.000000000000000000e+08 8.605996591094499593e+01 -1.000000000000000000e+08 -1.000000000000000000e+08 6.666665696713075517e-01
-1.000000000000000000e+08 -1.000000000000000000e+08 8.647190999999999406e+01 -1.000000000000000000e+08 -1.000000000000000000e+08 -1.000000000000000000e+08 8.605996591094499593e+01 -1.000000000000000000e+08 6.666665696713075517e-01
-1.000000000000000000e+08 -1.000000000000000000e+08 -1.000000000000000000e+08 8.647190999999999406e+01 -1.000000000000000000e+08 -1.000000000000000000e+08 -1.000000000000000000e+08 8.605996591094499593e+01 1.000000286866635335e+00
8.852540000000000475e+01 -1.000000000000000000e+08 -1.000000000000000000e+08 -1.000000000000000000e+08 8.647190999999999406e+01 -1.000000000000000000e+08 -1.000000000000000000e+08 -1.000000000000000000e+08 6.666665637417703572e-01
-1.000000000000000000e+08 8.852540000000000475e+01 -1.000000000000000000e+08 -1.000000000000000000e+08 -1.000000000000000000e+08 8.647190999999999406e+01 -1.000000000000000000e+08 -1.000000000000000000e+08 6.666665637417703572e-01
-1.000000000000000000e+08 -1.000000000000000000e+08 8.852540000000000475e+01 -1.000000000000000000e+08 -1.000000000000000000e+08 -1.000000000000000000e+08 8.647190999999999406e+01 -1.000000000000000000e+08 6.666665637417702461e-01
-1.000000000000000000e+08 -1.000000000000000000e+08 -1.000000000000000000e+08 8.852540000000000475e+01 -1.000000000000000000e+08 -1.000000000000000000e+08 -1.000000000000000000e+08 8.647190999999999406e+01 1.000000288239783153e+00
-1.000000000000000000e+08 -1.000000000000000000e+08 -1.000000000000000000e+08 -1.000000000000000000e+08 8.852540000000000475e+01 -1.000000000000000000e+08 -1.000000000000000000e+08 -1.000000000000000000e+08 1.000000295084753743e+00
-1.000000000000000000e+08 -1.000000000000000000e+08 -1.000000000000000000e+08 -1.000000000000000000e+08 -1.000000000000000000e+08 8.852540000000000475e+01 -1.000000000000000000e+08 -1.000000000000000000e+08 1.000000295084753743e+00
-1.000000000000000000e+08 -1.000000000000000000e+08 -1.000000000000000000e+08 -1.000000000000000000e+08 -1.000000000000000000e+08 -1.000000000000000000e+08 8.852540000000000475e+01 -1.000000000000000000e+08 1.000000295084753965e+00
