-1.000000000000000000e+08 -1.000000000000000000e+08 -1.000000000000000000e+08 -1.000000000000000000e+08 -1.000000000000000000e+08 -1.000000000000000000e+08 -1.000000000000000000e+08 -1.000000000000000000e+08
3.338000000000000000e+03 -1.000000000000000000e+08 -1.000000000000000000e+08 -1.000000000000000000e+08 -1.000000000000000000e+08 -1.000000000000000000e+08 -1.000000000000000000e+08 -1.000000000000000000e+08
3.490000000000000000e+03 3.338000000000000000e+03 -1.000000000000000000e+08 -1.000000000000000000e+08 -1.000000000000000000e+08 -1.000000000000000000e+08 -1.000000000000000000e+08 -1.000000000000000000e+08
3.522666666666666515e+03 3.490000000000000000e+03 3.338000000000000000e+03 -1.000000000000000000e+08 -1.000000000000000000e+08 -1.000000000000000000e+08 -1.000000000000000000e+08 -1.000000000000000000e+08
3.356333333333333485e+03 3.522666666666666515e+03 3.490000000000000000e+03 3.338000000000000000e+03 -1.000000000000000000e+08 -1.000000000000000000e+08 -1.000000000000000000e+08 -1.000000000000000000e+08
3.574666666666666515e+03 3.356333333333333485e+03 3.522666666666666515e+03 3.490000000000000000e+03 3.338000000000000000e+03 -1.000000000000000000e+08 -1.000000000000000000e+08 -1.000000000000000000e+08
3.527666666666666515e+03 3.574666666666666515e+03 3.356333333333333485e+03 3.522666666666666515e+03 3.490000000000000000e+03 3.338000000000000000e+03 -1.000000000000000000e+08 -1.000000000000000000e+08
3.543333333333333485e+03 3.527666666666666515e+03 3.574666666666666515e+03 3.356333333333333485e+03 3.522666666666666515e+03 3.490000000000000000e+03 3.338000000000000000e+03 -1.000000000000000000e+08
3.490000000000000000e+03 3.543333333333333485e+03 3.527666666666666515e+03 3.574666666666666515e+03 3.356333333333333485e+03 3.522666666666666515e+03 3.490000000000000000e+03 3.338000000000000000e+03
3.735333333333333485e+03 3.490000000000000000e+03 3.543333333333333485e+03 3.527666666666666515e+03 3.574666666666666515e+03 3.356333333333333485e+03 3.522666666666666515e+03 3.490000000000000000e+03
3.860666666666666515e+03 3.735333333333333485e+03 3.490000000000000000e+03 3.543333333333333485e+03 3.527666666666666515e+03 3.574666666666666515e+03 3.356333333333333485e+03 3.522666666666666515e+03
3.867666666666666515e+03 3.860666666666666515e+03 3.735333333333333485e+03 3.490000000000000000e+03 3.543333333333333485e+03 3.527666666666666515e+03 3.574666666666666515e+03 3.356333333333333485e+03
3.834666666666666515e+03 3.867666666666666515e+03 3.860666666666666515e+03 3.735333333333333485e+03 3.490000000000000000e+03 3.543333333333333485e+03 3.527666666666666515e+03 3.574666666666666515e+03
4.016000000000000000e+03 3.834666666666666515e+03 3.867666666666666515e+03 3.860666666666666515e+03 3.735333333333333485e+03 3.490000000000000000e+03 3.543333333333333485e+03 3.527666666666666515e+03
4.127666666666666970e+03 4.016000000000000000e+03 3.834666666666666515e+03 3.867666666666666515e+03 3.860666666666666515e+03 3.735333333333333485e+03 3.490000000000000000e+03 3.543333333333333485e+03
4.080666666666666515e+03 4.127666666666666970e+03 4.016000000000000000e+03 3.834666666666666515e+03 3.867666666666666515e+03 3.860666666666666515e+03 3.735333333333333485e+03 3.490000000000000000e+03
3.994333333333333485e+03 4.080666666666666515e+03 4.127666666666666970e+03 4.016000000000000000e+03 3.834666666666666515e+03 3.867666666666666515e+03 3.860666666666666515e+03 3.735333333333333485e+03
4.114333333333333030e+03 3.994333333333333485e+03 4.080666666666666515e+03 4.127666666666666970e+03 4.016000000000000000e+03 3.834666666666666515e+03 3.867666666666666515e+03 3.860666666666666515e+03
4.095000000000000000e+03 4.114333333333333030e+03 3.994333333333333485e+03 4.080666666666666515e+03 4.127666666666666970e+03 4.016000000000000000e+03 3.834666666666666515e+03 3.867666666666666515e+03
4.047666666666666515e+03 4.095000000000000000e+03 4.114333333333333030e+03 3.994333333333333485e+03 4.080666666666666515e+03 4.127666666666666970e+03 4.016000000000000000e+03 3.834666666666666515e+03
3.958666666666666515e+03 4.047666666666666515e+03 4.095000000000000000e+03 4.114333333333333030e+03 3.994333333333333485e+03 4.080666666666666515e+03 4.127666666666666970e+03 4.016000000000000000e+03
4.161666666666666970e+03 3.958666666666666515e+03 4.047666666666666515e+03 4.095000000000000000e+03 4.114333333333333030e+03 3.994333333333333485e+03 4.080666666666666515e+03 4.127666666666666970e+03
4.395666666666666970e+03 4.161666666666666970e+03 3.958666666666666515e+03 4.047666666666666515e+03 4.095000000000000000e+03 4.114333333333333030e+03 3.994333333333333485e+03 4.080666666666666515e+03
4.456000000000000000e+03 4.395666666666666970e+03 4.161666666666666970e+03 3.958666666666666515e+03 4.047666666666666515e+03 4.095000000000000000e+03 4.114333333333333030e+03 3.994333333333333485e+03
4.390333333333333030e+03 4.456000000000000000e+03 4.395666666666666970e+03 4.161666666666666970e+03 3.958666666666666515e+03 4.047666666666666515e+03 4.095000000000000000e+03 4.114333333333333030e+03
4.549000000000000000e+03 4.390333333333333030e+03 4.456000000000000000e+03 4.395666666666666970e+03 4.161666666666666970e+03 3.958666666666666515e+03 4.047666666666666515e+03 4.095000000000000000e+03
4.564666666666666970e+03 4.549000000000000000e+03 4.390333333333333030e+03 4.456000000000000000e+03 4.395666666666666970e+03 4.161666666666666970e+03 3.958666666666666515e+03 4.047666666666666515e+03
4.390666666666666970e+03 4.564666666666666970e+03 4.549000000000000000e+03 4.390333333333333030e+03 4.456000000000000000e+03 4.395666666666666970e+03 4.161666666666666970e+03 3.958666666666666515e+03
4.129333333333333030e+03 4.390666666666666970e+03 4.564666666666666970e+03 4.549000000000000000e+03 4.390333333333333030e+03 4.456000000000000000e+03 4.395666666666666970e+03 4.161666666666666970e+03
4.169000000000000000e+03 4.129333333333333030e+03 4.390666666666666970e+03 4.564666666666666970e+03 4.549000000000000000e+03 4.390333333333333030e+03 4.456000000000000000e+03 4.395666666666666970e+03
4.402333333333333030e+03 4.169000000000000000e+03 4.129333333333333030e+03 4.390666666666666970e+03 4.564666666666666970e+03 4.549000000000000000e+03 4.390333333333333030e+03 4.456000000000000000e+03
4.372000000000000000e+03 4.402333333333333030e+03 4.169000000000000000e+03 4.129333333333333030e+03 4.390666666666666970e+03 4.564666666666666970e+03 4.549000000000000000e+03 4.390333333333333030e+03
4.294666666666666970e+03 4.372000000000000000e+03 4.402333333333333030e+03 4.169000000000000000e+03 4.129333333333333030e+03 4.390666666666666970e+03 4.564666666666666970e+03 4.549000000000000000e+03
4.477000000000000000e+03 4.294666666666666970e+03 4.372000000000000000e+03 4.402333333333333030e+03 4.169000000000000000e+03 4.129333333333333030e+03 4.390666666666666970e+03 4.564666666666666970e+03
4.776666666666666970e+03 4.477000000000000000e+03 4.294666666666666970e+03 4.372000000000000000e+03 4.402333333333333030e+03 4.169000000000000000e+03 4.129333333333333030e+03 4.390666666666666970e+03
4.845000000000000000e+03 4.776666666666666970e+03 4.477000000000000000e+03 4.294666666666666970e+03 4.372000000000000000e+03 4.402333333333333030e+03 4.169000000000000000e+03 4.129333333333333030e+03
4.765333333333333030e+03 4.845000000000000000e+03 4.776666666666666970e+03 4.477000000000000000e+03 4.294666666666666970e+03 4.372000000000000000e+03 4.402333333333333030e+03 4.169000000000000000e+03
4.845333333333333030e+03 4.765333333333333030e+03 4.845000000000000000e+03 4.776666666666666970e+03 4.477000000000000000e+03 4.294666666666666970e+03 4.372000000000000000e+03 4.402333333333333030e+03
4.871000000000000000e+03 4.845333333333333030e+03 4.765333333333333030e+03 4.845000000000000000e+03 4.776666666666666970e+03 4.477000000000000000e+03 4.294666666666666970e+03 4.372000000000000000e+03
4.682666666666666970e+03 4.871000000000000000e+03 4.845333333333333030e+03 4.765333333333333030e+03 4.845000000000000000e+03 4.776666666666666970e+03 4.477000000000000000e+03 4.294666666666666970e+03
4.458666666666666970e+03 4.682666666666666970e+03 4.871000000000000000e+03 4.845333333333333030e+03 4.765333333333333030e+03 4.845000000000000000e+03 4.776666666666666970e+03 4.477000000000000000e+03
4.273666666666666970e+03 4.458666666666666970e+03 4.682666666666666970e+03 4.871000000000000000e+03 4.845333333333333030e+03 4.765333333333333030e+03 4.845000000000000000e+03 4.776666666666666970e+03
4.172000000000000000e+03 4.273666666666666970e+03 4.458666666666666970e+03 4.682666666666666970e+03 4.871000000000000000e+03 4.845333333333333030e+03 4.765333333333333030e+03 4.845000000000000000e+03
3.943333333333333485e+03 4.172000000000000000e+03 4.273666666666666970e+03 4.458666666666666970e+03 4.682666666666666970e+03 4.871000000000000000e+03 4.845333333333333030e+03 4.765333333333333030e+03
3.548666666666666515e+03 3.943333333333333485e+03 4.172000000000000000e+03 4.273666666666666970e+03 4.458666666666666970e+03 4.682666666666666970e+03 4.871000000000000000e+03 4.845333333333333030e+03
3.563000000000000000e+03 3.548666666666666515e+03 3.943333333333333485e+03 4.172000000000000000e+03 4.273666666666666970e+03 4.458666666666666970e+03 4.682666666666666970e+03 4.871000000000000000e+03
3.588666666666666515e+03 3.563000000000000000e+03 3.548666666666666515e+03 3.943333333333333485e+03 4.172000000000000000e+03 4.273666666666666970e+03 4.458666666666666970e+03 4.682666666666666970e+03
3.444333333333333485e+03 3.588666666666666515e+03 3.563000000000000000e+03 3.548666666666666515e+03 3.943333333333333485e+03 4.172000000000000000e+03 4.273666666666666970e+03 4.458666666666666970e+03
3.264666666666666515e+03 3.444333333333333485e+03 3.588666666666666515e+03 3.563000000000000000e+03 3.548666666666666515e+03 3.943333333333333485e+03 4.172000000000000000e+03 4.273666666666666970e+03
3.307000000000000000e+03 3.264666666666666515e+03 3.444333333333333485e+03 3.588666666666666515e+03 3.563000000000000000e+03 3.548666666666666515e+03 3.943333333333333485e+03 4.172000000000000000e+03
3.394333333333333485e+03 3.307000000000000000e+03 3.264666666666666515e+03 3.444333333333333485e+03 3.588666666666666515e+03 3.563000000000000000e+03 3.548666666666666515e+03 3.943333333333333485e+03
3.401666666666666515e+03 3.394333333333333485e+03 3.307000000000000000e+03 3.264666666666666515e+03 3.444333333333333485e+03 3.588666666666666515e+03 3.563000000000000000e+03 3.548666666666666515e+03
3.321000000000000000e+03 3.401666666666666515e+03 3.394333333333333485e+03 3.307000000000000000e+03 3.264666666666666515e+03 3.444333333333333485e+03 3.588666666666666515e+03 3.563000000000000000e+03
3.481000000000000000e+03 3.321000000000000000e+03 3.401666666666666515e+03 3.394333333333333485e+03 3.307000000000000000e+03 3.264666666666666515e+03 3.444333333333333485e+03 3.588666666666666515e+03
3.502333333333333485e+03 3.481000000000000000e+03 3.321000000000000000e+03 3.401666666666666515e+03 3.394333333333333485e+03 3.307000000000000000e+03 3.264666666666666515e+03 3.444333333333333485e+03
3.410333333333333485e+03 3.502333333333333485e+03 3.481000000000000000e+03 3.321000000000000000e+03 3.401666666666666515e+03 3.394333333333333485e+03 3.307000000000000000e+03 3.264666666666666515e+03
3.339000000000000000e+03 3.410333333333333485e+03 3.502333333333333485e+03 3.481000000000000000e+03 3.321000000000000000e+03 3.401666666666666515e+03 3.394333333333333485e+03 3.307000000000000000e+03
3.411000000000000000e+03 3.339000000000000000e+03 3.410333333333333485e+03 3.502333333333333485e+03 3.481000000000000000e+03 3.321000000000000000e+03 3.401666666666666515e+03 3.394333333333333485e+03
3.424666666666666515e+03 3.411000000000000000e+03 3.339000000000000000e+03 3.410333333333333485e+03 3.502333333333333485e+03 3.481000000000000000e+03 3.321000000000000000e+03 3.401666666666666515e+03
3.440000000000000000e+03 3.424666666666666515e+03 3.411000000000000000e+03 3.339000000000000000e+03 3.410333333333333485e+03 3.502333333333333485e+03 3.481000000000000000e+03 3.321000000000000000e+03
3.253000000000000000e+03 3.440000000000000000e+03 3.424666666666666515e+03 3.411000000000000000e+03 3.339000000000000000e+03 3.410333333333333485e+03 3.502333333333333485e+03 3.481000000000000000e+03
3.210666666666666515e+03 3.253000000000000000e+03 3.440000000000000000e+03 3.424666666666666515e+03 3.411000000000000000e+03 3.339000000000000000e+03 3.410333333333333485e+03 3.502333333333333485e+03
3.229666666666666515e+03 3.210666666666666515e+03 3.253000000000000000e+03 3.440000000000000000e+03 3.424666666666666515e+03 3.411000000000000000e+03 3.339000000000000000e+03 3.410333333333333485e+03
3.242666666666666515e+03 3.229666666666666515e+03 3.210666666666666515e+03 3.253000000000000000e+03 3.440000000000000000e+03 3.424666666666666515e+03 3.411000000000000000e+03 3.339000000000000000e+03
3.187666666666666515e+03 3.242666666666666515e+03 3.229666666666666515e+03 3.210666666666666515e+03 3.253000000000000000e+03 3.440000000000000000e+03 3.424666666666666515e+03 3.411000000000000000e+03
3.276000000000000000e+03 3.187666666666666515e+03 3.242666666666666515e+03 3.229666666666666515e+03 3.210666666666666515e+03 3.253000000000000000e+03 3.440000000000000000e+03 3.424666666666666515e+03
3.278000000000000000e+03 3.276000000000000000e+03 3.187666666666666515e+03 3.242666666666666515e+03 3.229666666666666515e+03 3.210666666666666515e+03 3.253000000000000000e+03 3.440000000000000000e+03
3.348666666666666515e+03 3.278000000000000000e+03 3.276000000000000000e+03 3.187666666666666515e+03 3.242666666666666515e+03 3.229666666666666515e+03 3.210666666666666515e+03 3.253000000000000000e+03
3.293000000000000000e+03 3.348666666666666515e+03 3.278000000000000000e+03 3.276000000000000000e+03 3.187666666666666515e+03 3.242666666666666515e+03 3.229666666666666515e+03 3.210666666666666515e+03
2.963666666666666515e+03 3.293000000000000000e+03 3.348666666666666515e+03 3.278000000000000000e+03 3.276000000000000000e+03 3.187666666666666515e+03 3.242666666666666515e+03 3.229666666666666515e+03
2.753666666666666515e+03 2.963666666666666515e+03 3.293000000000000000e+03 3.348666666666666515e+03 3.278000000000000000e+03 3.276000000000000000e+03 3.187666666666666515e+03 3.242666666666666515e+03
2.648333333333333485e+03 2.753666666666666515e+03 2.963666666666666515e+03 3.293000000000000000e+03 3.348666666666666515e+03 3.278000000000000000e+03 3.276000000000000000e+03 3.187666666666666515e+03
2.553333333333333485e+03 2.648333333333333485e+03 2.753666666666666515e+03 2.963666666666666515e+03 3.293000000000000000e+03 3.348666666666666515e+03 3.278000000000000000e+03 3.276000000000000000e+03
2.605000000000000000e+03 2.553333333333333485e+03 2.648333333333333485e+03 2.753666666666666515e+03 2.963666666666666515e+03 3.293000000000000000e+03 3.348666666666666515e+03 3.278000000000000000e+03
2.730000000000000000e+03 2.605000000000000000e+03 2.553333333333333485e+03 2.648333333333333485e+03 2.753666666666666515e+03 2.963666666666666515e+03 3.293000000000000000e+03 3.348666666666666515e+03
2.857333333333333485e+03 2.730000000000000000e+03 2.605000000000000000e+03 2.553333333333333485e+03 2.648333333333333485e+03 2.753666666666666515e+03 2.963666666666666515e+03 3.293000000000000000e+03
2.898666666666666515e+03 2.857333333333333485e+03 2.730000000000000000e+03 2.605000000000000000e+03 2.553333333333333485e+03 2.648333333333333485e+03 2.753666666666666515e+03 2.963666666666666515e+03
3.031000000000000000e+03 2.898666666666666515e+03 2.857333333333333485e+03 2.730000000000000000e+03 2.605000000000000000e+03 2.553333333333333485e+03 2.648333333333333485e+03 2.753666666666666515e+03
3.080000000000000000e+03 3.031000000000000000e+03 2.898666666666666515e+03 2.857333333333333485e+03 2.730000000000000000e+03 2.605000000000000000e+03 2.553333333333333485e+03 2.648333333333333485e+03
3.043666666666666515e+03 3.080000000000000000e+03 3.031000000000000000e+03 2.898666666666666515e+03 2.857333333333333485e+03 2.730000000000000000e+03 2.605000000000000000e+03 2.553333333333333485e+03
2.918000000000000000e+03 3.043666666666666515e+03 3.080000000000000000e+03 3.031000000000000000e+03 2.898666666666666515e+03 2.857333333333333485e+03 2.730000000000000000e+03 2.605000000000000000e+03
2.884000000000000000e+03 2.918000000000000000e+03 3.043666666666666515e+03 3.080000000000000000e+03 3.031000000000000000e+03 2.898666666666666515e+03 2.857333333333333485e+03 2.730000000000000000e+03
2.901666666666666515e+03 2.884000000000000000e+03 2.918000000000000000e+03 3.043666666666666515e+03 3.080000000000000000e+03 3.031000000000000000e+03 2.898666666666666515e+03 2.857333333333333485e+03
2.864666666666666515e+03 2.901666666666666515e+03 2.884000000000000000e+03 2.918000000000000000e+03 3.043666666666666515e+03 3.080000000000000000e+03 3.031000000000000000e+03 2.898666666666666515e+03
2.847333333333333485e+03 2.864666666666666515e+03 2.901666666666666515e+03 2.884000000000000000e+03 2.918000000000000000e+03 3.043666666666666515e+03 3.080000000000000000e+03 3.031000000000000000e+03
2.950666666666666515e+03 2.847333333333333485e+03 2.864666666666666515e+03 2.901666666666666515e+03 2.884000000000000000e+03 2.918000000000000000e+03 3.043666666666666515e+03 3.080000000000000000e+03
3.025000000000000000e+03 2.950666666666666515e+03 2.847333333333333485e+03 2.864666666666666515e+03 2.901666666666666515e+03 2.884000000000000000e+03 2.918000000000000000e+03 3.043666666666666515e+03
3.069666666666666515e+03 3.025000000000000000e+03 2.950666666666666515e+03 2.847333333333333485e+03 2.864666666666666515e+03 2.901666666666666515e+03 2.884000000000000000e+03 2.918000000000000000e+03
3.100333333333333485e+03 3.069666666666666515e+03 3.025000000000000000e+03 2.950666666666666515e+03 2.847333333333333485e+03 2.864666666666666515e+03 2.901666666666666515e+03 2.884000000000000000e+03
3.215666666666666515e+03 3.100333333333333485e+03 3.069666666666666515e+03 3.025000000000000000e+03 2.950666666666666515e+03 2.847333333333333485e+03 2.864666666666666515e+03 2.901666666666666515e+03
3.302000000000000000e+03 3.215666666666666515e+03 3.100333333333333485e+03 3.069666666666666515e+03 3.025000000000000000e+03 2.950666666666666515e+03 2.847333333333333485e+03 2.864666666666666515e+03
3.299666666666666515e+03 3.302000000000000000e+03 3.215666666666666515e+03 3.100333333333333485e+03 3.069666666666666515e+03 3.025000000000000000e+03 2.950666666666666515e+03 2.847333333333333485e+03
3.256000000000000000e+03 3.299666666666666515e+03 3.302000000000000000e+03 3.215666666666666515e+03 3.100333333333333485e+03 3.069666666666666515e+03 3.025000000000000000e+03 2.950666666666666515e+03
3.320000000000000000e+03 3.256000000000000000e+03 3.299666666666666515e+03 3.302000000000000000e+03 3.215666666666666515e+03 3.100333333333333485e+03 3.069666666666666515e+03 3.025000000000000000e+03
3.280666666666666515e+03 3.320000000000000000e+03 3.256000000000000000e+03 3.299666666666666515e+03 3.302000000000000000e+03 3.215666666666666515e+03 3.100333333333333485e+03 3.069666666666666515e+03
3.334333333333333485e+03 3.280666666666666515e+03 3.320000000000000000e+03 3.256000000000000000e+03 3.299666666666666515e+03 3.302000000000000000e+03 3.215666666666666515e+03 3.100333333333333485e+03
3.328333333333333485e+03 3.334333333333333485e+03 3.280666666666666515e+03 3.320000000000000000e+03 3.256000000000000000e+03 3.299666666666666515e+03 3.302000000000000000e+03 3.215666666666666515e+03
3.381000000000000000e+03 3.328333333333333485e+03 3.334333333333333485e+03 3.280666666666666515e+03 3.320000000000000000e+03 3.256000000000000000e+03 3.299666666666666515e+03 3.302000000000000000e+03
3.338333333333333485e+03 3.381000000000000000e+03 3.328333333333333485e+03 3.334333333333333485e+03 3.280666666666666515e+03 3.320000000000000000e+03 3.256000000000000000e+03 3.299666666666666515e+03
3.304666666666666515e+03 3.338333333333333485e+03 3.381000000000000000e+03 3.328333333333333485e+03 3.334333333333333485e+03 3.280666666666666515e+03 3.320000000000000000e+03 3.256000000000000000e+03
3.301666666666666515e+03 3.304666666666666515e+03 3.338333333333333485e+03 3.381000000000000000e+03 3.328333333333333485e+03 3.334333333333333485e+03 3.280666666666666515e+03 3.320000000000000000e+03
3.399666666666666515e+03 3.301666666666666515e+03 3.304666666666666515e+03 3.338333333333333485e+03 3.381000000000000000e+03 3.328333333333333485e+03 3.334333333333333485e+03 3.280666666666666515e+03
3.417333333333333485e+03 3.399666666666666515e+03 3.301666666666666515e+03 3.304666666666666515e+03 3.338333333333333485e+03 3.381000000000000000e+03 3.328333333333333485e+03 3.334333333333333485e+03
