-1.000000000000000000e+08 -1.000000000000000000e+08 -1.000000000000000000e+08 -1.000000000000000000e+08 -1.000000000000000000e+08 -1.000000000000000000e+08 -1.000000000000000000e+08 -1.000000000000000000e+08 7.500000000000000000e-01
3.338000000000000000e+03 -1.000000000000000000e+08 -1.000000000000000000e+08 -1.000000000000000000e+08 -1.000000000000000000e+08 -1.000000000000000000e+08 -1.000000000000000000e+08 -1.000000000000000000e+08 4.999916549999999793e-01
3.490000000000000000e+03 3.338000000000000000e+03 -1.000000000000000000e+08 -1.000000000000000000e+08 -1.000000000000000000e+08 -1.000000000000000000e+08 -1.000000000000000000e+08 -1.000000000000000000e+08 2.499829299999999921e-01
3.522666666666666515e+03 3.490000000000000000e+03 3.338000000000000000e+03 -1.000000000000000000e+08 -1.000000000000000000e+08 -1.000000000000000000e+08 -1.000000000000000000e+08 -1.000000000000000000e+08 -2.587666666666666568e-05
3.356333333333333485e+03 3.522666666666666515e+03 3.490000000000000000e+03 3.338000000000000000e+03 -1.000000000000000000e+08 -1.000000000000000000e+08 -1.000000000000000000e+08 -1.000000000000000000e+08 -2.592250000000000126e-05
3.574666666666666515e+03 3.356333333333333485e+03 3.522666666666666515e+03 3.490000000000000000e+03 3.338000000000000000e+03 -1.000000000000000000e+08 -1.000000000000000000e+08 -1.000000000000000000e+08 -3.484594327475105610e-05
3.527666666666666515e+03 3.574666666666666515e+03 3.356333333333333485e+03 3.522666666666666515e+03 3.490000000000000000e+03 3.338000000000000000e+03 -1.000000000000000000e+08 -1.000000000000000000e+08 -5.229511868868536500e-05
3.543333333333333485e+03 3.527666666666666515e+03 3.574666666666666515e+03 3.356333333333333485e+03 3.522666666666666515e+03 3.490000000000000000e+03 3.338000000000000000e+03 -1.000000000000000000e+08 -1.064676867820331895e-04
3.490000000000000000e+03 3.543333333333333485e+03 3.527666666666666515e+03 3.574666666666666515e+03 3.356333333333333485e+03 3.522666666666666515e+03 3.490000000000000000e+03 3.338000000000000000e+03 7.704822353541985747e-01
3.735333333333333485e+03 3.490000000000000000e+03 3.543333333333333485e+03 3.527666666666666515e+03 3.574666666666666515e+03 3.356333333333333485e+03 3.522666666666666515e+03 3.490000000000000000e+03 7.722980564653009194e-01
3.860666666666666515e+03 3.735333333333333485e+03 3.490000000000000000e+03 3.543333333333333485e+03 3.527666666666666515e+03 3.574666666666666515e+03 3.356333333333333485e+03 3.522666666666666515e+03 7.929143620064849074e-01
3.867666666666666515e+03 3.860666666666666515e+03 3.735333333333333485e+03 3.490000000000000000e+03 3.543333333333333485e+03 3.527666666666666515e+03 3.574666666666666515e+03 3.356333333333333485e+03 8.187163738513545397e-01
3.834666666666666515e+03 3.867666666666666515e+03 3.860666666666666515e+03 3.735333333333333485e+03 3.490000000000000000e+03 3.543333333333333485e+03 3.527666666666666515e+03 3.574666666666666515e+03 8.180017449949301689e-01
4.016000000000000000e+03 3.834666666666666515e+03 3.867666666666666515e+03 3.860666666666666515e+03 3.735333333333333485e+03 3.490000000000000000e+03 3.543333333333333485e+03 3.527666666666666515e+03 8.196740422952271121e-01
4.127666666666666970e+03 4.016000000000000000e+03 3.834666666666666515e+03 3.867666666666666515e+03 3.860666666666666515e+03 3.735333333333333485e+03 3.490000000000000000e+03 3.543333333333333485e+03 8.187887349617207766e-01
4.080666666666666515e+03 4.127666666666666970e+03 4.016000000000000000e+03 3.834666666666666515e+03 3.867666666666666515e+03 3.860666666666666515e+03 3.735333333333333485e+03 3.490000000000000000e+03 8.174806624908049768e-01
3.994333333333333485e+03 4.080666666666666515e+03 4.127666666666666970e+03 4.016000000000000000e+03 3.834666666666666515e+03 3.867666666666666515e+03 3.860666666666666515e+03 3.735333333333333485e+03 7.976468024839307169e-01
4.114333333333333030e+03 3.994333333333333485e+03 4.080666666666666515e+03 4.127666666666666970e+03 4.016000000000000000e+03 3.834666666666666515e+03 3.867666666666666515e+03 3.860666666666666515e+03 7.824207801099770654e-01
4.095000000000000000e+03 4.114333333333333030e+03 3.994333333333333485e+03 4.080666666666666515e+03 4.127666666666666970e+03 4.016000000000000000e+03 3.834666666666666515e+03 3.867666666666666515e+03 7.701417813117926725e-01
4.047666666666666515e+03 4.095000000000000000e+03 4.114333333333333030e+03 3.994333333333333485e+03 4.080666666666666515e+03 4.127666666666666970e+03 4.016000000000000000e+03 3.834666666666666515e+03 7.632480229154990914e-01
3.958666666666666515e+03 4.047666666666666515e+03 4.095000000000000000e+03 4.114333333333333030e+03 3.994333333333333485e+03 4.080666666666666515e+03 4.127666666666666970e+03 4.016000000000000000e+03 7.461361394278196446e-01
4.161666666666666970e+03 3.958666666666666515e+03 4.047666666666666515e+03 4.095000000000000000e+03 4.114333333333333030e+03 3.994333333333333485e+03 4.080666666666666515e+03 4.127666666666666970e+03 7.457253171538885672e-01
4.395666666666666970e+03 4.161666666666666970e+03 3.958666666666666515e+03 4.047666666666666515e+03 4.095000000000000000e+03 4.114333333333333030e+03 3.994333333333333485e+03 4.080666666666666515e+03 7.685914887519702532e-01
4.456000000000000000e+03 4.395666666666666970e+03 4.161666666666666970e+03 3.958666666666666515e+03 4.047666666666666515e+03 4.095000000000000000e+03 4.114333333333333030e+03 3.994333333333333485e+03 8.007548098617550680e-01
4.390333333333333030e+03 4.456000000000000000e+03 4.395666666666666970e+03 4.161666666666666970e+03 3.958666666666666515e+03 4.047666666666666515e+03 4.095000000000000000e+03 4.114333333333333030e+03 8.166176742656280352e-01
4.549000000000000000e+03 4.390333333333333030e+03 4.456000000000000000e+03 4.395666666666666970e+03 4.161666666666666970e+03 3.958666666666666515e+03 4.047666666666666515e+03 4.095000000000000000e+03 8.236692697124351481e-01
4.564666666666666970e+03 4.549000000000000000e+03 4.390333333333333030e+03 4.456000000000000000e+03 4.395666666666666970e+03 4.161666666666666970e+03 3.958666666666666515e+03 4.047666666666666515e+03 8.152784206395523592e-01
4.390666666666666970e+03 4.564666666666666970e+03 4.549000000000000000e+03 4.390333333333333030e+03 4.456000000000000000e+03 4.395666666666666970e+03 4.161666666666666970e+03 3.958666666666666515e+03 7.956830858669179385e-01
4.129333333333333030e+03 4.390666666666666970e+03 4.564666666666666970e+03 4.549000000000000000e+03 4.390333333333333030e+03 4.456000000000000000e+03 4.395666666666666970e+03 4.161666666666666970e+03 7.518339047327191604e-01
4.169000000000000000e+03 4.129333333333333030e+03 4.390666666666666970e+03 4.564666666666666970e+03 4.549000000000000000e+03 4.390333333333333030e+03 4.456000000000000000e+03 4.395666666666666970e+03 7.132257883199369930e-01
4.402333333333333030e+03 4.169000000000000000e+03 4.129333333333333030e+03 4.390666666666666970e+03 4.564666666666666970e+03 4.549000000000000000e+03 4.390333333333333030e+03 4.456000000000000000e+03 7.071640682999256189e-01
4.372000000000000000e+03 4.402333333333333030e+03 4.169000000000000000e+03 4.129333333333333030e+03 4.390666666666666970e+03 4.564666666666666970e+03 4.549000000000000000e+03 4.390333333333333030e+03 7.233067580657177587e-01
4.294666666666666970e+03 4.372000000000000000e+03 4.402333333333333030e+03 4.169000000000000000e+03 4.129333333333333030e+03 4.390666666666666970e+03 4.564666666666666970e+03 4.549000000000000000e+03 7.411391089015330058e-01
4.477000000000000000e+03 4.294666666666666970e+03 4.372000000000000000e+03 4.402333333333333030e+03 4.169000000000000000e+03 4.129333333333333030e+03 4.390666666666666970e+03 4.564666666666666970e+03 7.617897644945036406e-01
4.776666666666666970e+03 4.477000000000000000e+03 4.294666666666666970e+03 4.372000000000000000e+03 4.402333333333333030e+03 4.169000000000000000e+03 4.129333333333333030e+03 4.390666666666666970e+03 7.927019542068106661e-01
4.845000000000000000e+03 4.776666666666666970e+03 4.477000000000000000e+03 4.294666666666666970e+03 4.372000000000000000e+03 4.402333333333333030e+03 4.169000000000000000e+03 4.129333333333333030e+03 8.258034284821744730e-01
4.765333333333333030e+03 4.845000000000000000e+03 4.776666666666666970e+03 4.477000000000000000e+03 4.294666666666666970e+03 4.372000000000000000e+03 4.402333333333333030e+03 4.169000000000000000e+03 8.346095834783617828e-01
4.845333333333333030e+03 4.765333333333333030e+03 4.845000000000000000e+03 4.776666666666666970e+03 4.477000000000000000e+03 4.294666666666666970e+03 4.372000000000000000e+03 4.402333333333333030e+03 8.238724875565180961e-01
4.871000000000000000e+03 4.845333333333333030e+03 4.765333333333333030e+03 4.845000000000000000e+03 4.776666666666666970e+03 4.477000000000000000e+03 4.294666666666666970e+03 4.372000000000000000e+03 8.081136883614513655e-01
4.682666666666666970e+03 4.871000000000000000e+03 4.845333333333333030e+03 4.765333333333333030e+03 4.845000000000000000e+03 4.776666666666666970e+03 4.477000000000000000e+03 4.294666666666666970e+03 7.828379847770930988e-01
4.458666666666666970e+03 4.682666666666666970e+03 4.871000000000000000e+03 4.845333333333333030e+03 4.765333333333333030e+03 4.845000000000000000e+03 4.776666666666666970e+03 4.477000000000000000e+03 7.428081707661861044e-01
4.273666666666666970e+03 4.458666666666666970e+03 4.682666666666666970e+03 4.871000000000000000e+03 4.845333333333333030e+03 4.765333333333333030e+03 4.845000000000000000e+03 4.776666666666666970e+03 6.975232681075272945e-01
4.172000000000000000e+03 4.273666666666666970e+03 4.458666666666666970e+03 4.682666666666666970e+03 4.871000000000000000e+03 4.845333333333333030e+03 4.765333333333333030e+03 4.845000000000000000e+03 6.676957571576407346e-01
3.943333333333333485e+03 4.172000000000000000e+03 4.273666666666666970e+03 4.458666666666666970e+03 4.682666666666666970e+03 4.871000000000000000e+03 4.845333333333333030e+03 4.765333333333333030e+03 6.464613083331883781e-01
3.548666666666666515e+03 3.943333333333333485e+03 4.172000000000000000e+03 4.273666666666666970e+03 4.458666666666666970e+03 4.682666666666666970e+03 4.871000000000000000e+03 4.845333333333333030e+03 6.185282732045321863e-01
3.563000000000000000e+03 3.548666666666666515e+03 3.943333333333333485e+03 4.172000000000000000e+03 4.273666666666666970e+03 4.458666666666666970e+03 4.682666666666666970e+03 4.871000000000000000e+03 6.045608662364650998e-01
3.588666666666666515e+03 3.563000000000000000e+03 3.548666666666666515e+03 3.943333333333333485e+03 4.172000000000000000e+03 4.273666666666666970e+03 4.458666666666666970e+03 4.682666666666666970e+03 6.084228881181173998e-01
3.444333333333333485e+03 3.588666666666666515e+03 3.563000000000000000e+03 3.548666666666666515e+03 3.943333333333333485e+03 4.172000000000000000e+03 4.273666666666666970e+03 4.458666666666666970e+03 6.289298221316502735e-01
3.264666666666666515e+03 3.444333333333333485e+03 3.588666666666666515e+03 3.563000000000000000e+03 3.548666666666666515e+03 3.943333333333333485e+03 4.172000000000000000e+03 4.273666666666666970e+03 6.461213477506116964e-01
3.307000000000000000e+03 3.264666666666666515e+03 3.444333333333333485e+03 3.588666666666666515e+03 3.563000000000000000e+03 3.548666666666666515e+03 3.943333333333333485e+03 4.172000000000000000e+03 6.577789452945426163e-01
3.394333333333333485e+03 3.307000000000000000e+03 3.264666666666666515e+03 3.444333333333333485e+03 3.588666666666666515e+03 3.563000000000000000e+03 3.548666666666666515e+03 3.943333333333333485e+03 6.805672531925064384e-01
3.401666666666666515e+03 3.394333333333333485e+03 3.307000000000000000e+03 3.264666666666666515e+03 3.444333333333333485e+03 3.588666666666666515e+03 3.563000000000000000e+03 3.548666666666666515e+03 7.142621482773248154e-01
3.321000000000000000e+03 3.401666666666666515e+03 3.394333333333333485e+03 3.307000000000000000e+03 3.264666666666666515e+03 3.444333333333333485e+03 3.588666666666666515e+03 3.563000000000000000e+03 7.299071713722283805e-01
3.481000000000000000e+03 3.321000000000000000e+03 3.401666666666666515e+03 3.394333333333333485e+03 3.307000000000000000e+03 3.264666666666666515e+03 3.444333333333333485e+03 3.588666666666666515e+03 7.500122506982898063e-01
3.502333333333333485e+03 3.481000000000000000e+03 3.321000000000000000e+03 3.401666666666666515e+03 3.394333333333333485e+03 3.307000000000000000e+03 3.264666666666666515e+03 3.444333333333333485e+03 7.683875618304293331e-01
3.410333333333333485e+03 3.502333333333333485e+03 3.481000000000000000e+03 3.321000000000000000e+03 3.401666666666666515e+03 3.394333333333333485e+03 3.307000000000000000e+03 3.264666666666666515e+03 7.775228785876369120e-01
3.339000000000000000e+03 3.410333333333333485e+03 3.502333333333333485e+03 3.481000000000000000e+03 3.321000000000000000e+03 3.401666666666666515e+03 3.394333333333333485e+03 3.307000000000000000e+03 7.636819626539531614e-01
3.411000000000000000e+03 3.339000000000000000e+03 3.410333333333333485e+03 3.502333333333333485e+03 3.481000000000000000e+03 3.321000000000000000e+03 3.401666666666666515e+03 3.394333333333333485e+03 7.471932146884345816e-01
3.424666666666666515e+03 3.411000000000000000e+03 3.339000000000000000e+03 3.410333333333333485e+03 3.502333333333333485e+03 3.481000000000000000e+03 3.321000000000000000e+03 3.401666666666666515e+03 7.423512816771242750e-01
3.440000000000000000e+03 3.424666666666666515e+03 3.411000000000000000e+03 3.339000000000000000e+03 3.410333333333333485e+03 3.502333333333333485e+03 3.481000000000000000e+03 3.321000000000000000e+03 7.492465487069802643e-01
3.253000000000000000e+03 3.440000000000000000e+03 3.424666666666666515e+03 3.411000000000000000e+03 3.339000000000000000e+03 3.410333333333333485e+03 3.502333333333333485e+03 3.481000000000000000e+03 7.367590659740762549e-01
3.210666666666666515e+03 3.253000000000000000e+03 3.440000000000000000e+03 3.424666666666666515e+03 3.411000000000000000e+03 3.339000000000000000e+03 3.410333333333333485e+03 3.502333333333333485e+03 7.248706938616179540e-01
3.229666666666666515e+03 3.210666666666666515e+03 3.253000000000000000e+03 3.440000000000000000e+03 3.424666666666666515e+03 3.411000000000000000e+03 3.339000000000000000e+03 3.410333333333333485e+03 7.135320819531344450e-01
3.242666666666666515e+03 3.229666666666666515e+03 3.210666666666666515e+03 3.253000000000000000e+03 3.440000000000000000e+03 3.424666666666666515e+03 3.411000000000000000e+03 3.339000000000000000e+03 7.112182939966702477e-01
3.187666666666666515e+03 3.242666666666666515e+03 3.229666666666666515e+03 3.210666666666666515e+03 3.253000000000000000e+03 3.440000000000000000e+03 3.424666666666666515e+03 3.411000000000000000e+03 7.140393239047947427e-01
3.276000000000000000e+03 3.187666666666666515e+03 3.242666666666666515e+03 3.229666666666666515e+03 3.210666666666666515e+03 3.253000000000000000e+03 3.440000000000000000e+03 3.424666666666666515e+03 7.282480930348880221e-01
3.278000000000000000e+03 3.276000000000000000e+03 3.187666666666666515e+03 3.242666666666666515e+03 3.229666666666666515e+03 3.210666666666666515e+03 3.253000000000000000e+03 3.440000000000000000e+03 7.417512690355330118e-01
3.348666666666666515e+03 3.278000000000000000e+03 3.276000000000000000e+03 3.187666666666666515e+03 3.242666666666666515e+03 3.229666666666666515e+03 3.210666666666666515e+03 3.253000000000000000e+03 7.655122655122654773e-01
3.293000000000000000e+03 3.348666666666666515e+03 3.278000000000000000e+03 3.276000000000000000e+03 3.187666666666666515e+03 3.242666666666666515e+03 3.229666666666666515e+03 3.210666666666666515e+03 7.707189474774681637e-01
2.963666666666666515e+03 3.293000000000000000e+03 3.348666666666666515e+03 3.278000000000000000e+03 3.276000000000000000e+03 3.187666666666666515e+03 3.242666666666666515e+03 3.229666666666666515e+03 7.425273139558854485e-01
2.753666666666666515e+03 2.963666666666666515e+03 3.293000000000000000e+03 3.348666666666666515e+03 3.278000000000000000e+03 3.276000000000000000e+03 3.187666666666666515e+03 3.242666666666666515e+03 6.939388493825892068e-01
2.648333333333333485e+03 2.753666666666666515e+03 2.963666666666666515e+03 3.293000000000000000e+03 3.348666666666666515e+03 3.278000000000000000e+03 3.276000000000000000e+03 3.187666666666666515e+03 6.390720888187212401e-01
2.553333333333333485e+03 2.648333333333333485e+03 2.753666666666666515e+03 2.963666666666666515e+03 3.293000000000000000e+03 3.348666666666666515e+03 3.278000000000000000e+03 3.276000000000000000e+03 6.028746810821735691e-01
2.605000000000000000e+03 2.553333333333333485e+03 2.648333333333333485e+03 2.753666666666666515e+03 2.963666666666666515e+03 3.293000000000000000e+03 3.348666666666666515e+03 3.278000000000000000e+03 6.059508408796896450e-01
2.730000000000000000e+03 2.605000000000000000e+03 2.553333333333333485e+03 2.648333333333333485e+03 2.753666666666666515e+03 2.963666666666666515e+03 3.293000000000000000e+03 3.348666666666666515e+03 6.382663106508079665e-01
2.857333333333333485e+03 2.730000000000000000e+03 2.605000000000000000e+03 2.553333333333333485e+03 2.648333333333333485e+03 2.753666666666666515e+03 2.963666666666666515e+03 3.293000000000000000e+03 7.026818389752974570e-01
2.898666666666666515e+03 2.857333333333333485e+03 2.730000000000000000e+03 2.605000000000000000e+03 2.553333333333333485e+03 2.648333333333333485e+03 2.753666666666666515e+03 2.963666666666666515e+03 7.771773971975455275e-01
3.031000000000000000e+03 2.898666666666666515e+03 2.857333333333333485e+03 2.730000000000000000e+03 2.605000000000000000e+03 2.553333333333333485e+03 2.648333333333333485e+03 2.753666666666666515e+03 8.320760077017770318e-01
3.080000000000000000e+03 3.031000000000000000e+03 2.898666666666666515e+03 2.857333333333333485e+03 2.730000000000000000e+03 2.605000000000000000e+03 2.553333333333333485e+03 2.648333333333333485e+03 8.550775071180004572e-01
3.043666666666666515e+03 3.080000000000000000e+03 3.031000000000000000e+03 2.898666666666666515e+03 2.857333333333333485e+03 2.730000000000000000e+03 2.605000000000000000e+03 2.553333333333333485e+03 8.519403170270184456e-01
2.918000000000000000e+03 3.043666666666666515e+03 3.080000000000000000e+03 3.031000000000000000e+03 2.898666666666666515e+03 2.857333333333333485e+03 2.730000000000000000e+03 2.605000000000000000e+03 8.152255582604513995e-01
2.884000000000000000e+03 2.918000000000000000e+03 3.043666666666666515e+03 3.080000000000000000e+03 3.031000000000000000e+03 2.898666666666666515e+03 2.857333333333333485e+03 2.730000000000000000e+03 7.680530230673496828e-01
2.901666666666666515e+03 2.884000000000000000e+03 2.918000000000000000e+03 3.043666666666666515e+03 3.080000000000000000e+03 3.031000000000000000e+03 2.898666666666666515e+03 2.857333333333333485e+03 7.334344540883682706e-01
2.864666666666666515e+03 2.901666666666666515e+03 2.884000000000000000e+03 2.918000000000000000e+03 3.043666666666666515e+03 3.080000000000000000e+03 3.031000000000000000e+03 2.898666666666666515e+03 7.176714601769911273e-01
2.847333333333333485e+03 2.864666666666666515e+03 2.901666666666666515e+03 2.884000000000000000e+03 2.918000000000000000e+03 3.043666666666666515e+03 3.080000000000000000e+03 3.031000000000000000e+03 7.134850074548566568e-01
2.950666666666666515e+03 2.847333333333333485e+03 2.864666666666666515e+03 2.901666666666666515e+03 2.884000000000000000e+03 2.918000000000000000e+03 3.043666666666666515e+03 3.080000000000000000e+03 7.263884618609721677e-01
3.025000000000000000e+03 2.950666666666666515e+03 2.847333333333333485e+03 2.864666666666666515e+03 2.901666666666666515e+03 2.884000000000000000e+03 2.918000000000000000e+03 3.043666666666666515e+03 7.510640712785880968e-01
3.069666666666666515e+03 3.025000000000000000e+03 2.950666666666666515e+03 2.847333333333333485e+03 2.864666666666666515e+03 2.901666666666666515e+03 2.884000000000000000e+03 2.918000000000000000e+03 7.819046246938481382e-01
3.100333333333333485e+03 3.069666666666666515e+03 3.025000000000000000e+03 2.950666666666666515e+03 2.847333333333333485e+03 2.864666666666666515e+03 2.901666666666666515e+03 2.884000000000000000e+03 7.997274809381613725e-01
3.215666666666666515e+03 3.100333333333333485e+03 3.069666666666666515e+03 3.025000000000000000e+03 2.950666666666666515e+03 2.847333333333333485e+03 2.864666666666666515e+03 2.901666666666666515e+03 8.116046464704695929e-01
3.302000000000000000e+03 3.215666666666666515e+03 3.100333333333333485e+03 3.069666666666666515e+03 3.025000000000000000e+03 2.950666666666666515e+03 2.847333333333333485e+03 2.864666666666666515e+03 8.229187462567378875e-01
3.299666666666666515e+03 3.302000000000000000e+03 3.215666666666666515e+03 3.100333333333333485e+03 3.069666666666666515e+03 3.025000000000000000e+03 2.950666666666666515e+03 2.847333333333333485e+03 8.254947026178597325e-01
3.256000000000000000e+03 3.299666666666666515e+03 3.302000000000000000e+03 3.215666666666666515e+03 3.100333333333333485e+03 3.069666666666666515e+03 3.025000000000000000e+03 2.950666666666666515e+03 8.116200565359387165e-01
3.320000000000000000e+03 3.256000000000000000e+03 3.299666666666666515e+03 3.302000000000000000e+03 3.215666666666666515e+03 3.100333333333333485e+03 3.069666666666666515e+03 3.025000000000000000e+03 7.957402234636871130e-01
3.280666666666666515e+03 3.320000000000000000e+03 3.256000000000000000e+03 3.299666666666666515e+03 3.302000000000000000e+03 3.215666666666666515e+03 3.100333333333333485e+03 3.069666666666666515e+03 7.768699261750255936e-01
3.334333333333333485e+03 3.280666666666666515e+03 3.320000000000000000e+03 3.256000000000000000e+03 3.299666666666666515e+03 3.302000000000000000e+03 3.215666666666666515e+03 3.100333333333333485e+03 7.691017469615255564e-01
3.328333333333333485e+03 3.334333333333333485e+03 3.280666666666666515e+03 3.320000000000000000e+03 3.256000000000000000e+03 3.299666666666666515e+03 3.302000000000000000e+03 3.215666666666666515e+03 7.605813360530342404e-01
3.381000000000000000e+03 3.328333333333333485e+03 3.334333333333333485e+03 3.280666666666666515e+03 3.320000000000000000e+03 3.256000000000000000e+03 3.299666666666666515e+03 3.302000000000000000e+03 7.621733741431210296e-01
3.338333333333333485e+03 3.381000000000000000e+03 3.328333333333333485e+03 3.334333333333333485e+03 3.280666666666666515e+03 3.320000000000000000e+03 3.256000000000000000e+03 3.299666666666666515e+03 7.637132939775521656e-01
3.304666666666666515e+03 3.338333333333333485e+03 3.381000000000000000e+03 3.328333333333333485e+03 3.334333333333333485e+03 3.280666666666666515e+03 3.320000000000000000e+03 3.256000000000000000e+03 7.599120612538852182e-01
3.301666666666666515e+03 3.304666666666666515e+03 3.338333333333333485e+03 3.381000000000000000e+03 3.328333333333333485e+03 3.334333333333333485e+03 3.280666666666666515e+03 3.320000000000000000e+03 7.497863784870569814e-01
3.399666666666666515e+03 3.301666666666666515e+03 3.304666666666666515e+03 3.338333333333333485e+03 3.381000000000000000e+03 3.328333333333333485e+03 3.334333333333333485e+03 3.280666666666666515e+03 7.509568959047356884e-01
3.417333333333333485e+03 3.399666666666666515e+03 3.301666666666666515e+03 3.304666666666666515e+03 3.338333333333333485e+03 3.381000000000000000e+03 3.328333333333333485e+03 3.334333333333333485e+03 7.561400886763312013e-01
