-1.000000000000000000e+08 -1.000000000000000000e+08 -1.000000000000000000e+08 -1.000000000000000000e+08 -1.000000000000000000e+08 -1.000000000000000000e+08 -1.000000000000000000e+08 -1.000000000000000000e+08 7.500000000000000000e-01
1.803000000000000000e+03 -1.000000000000000000e+08 -1.000000000000000000e+08 -1.000000000000000000e+08 -1.000000000000000000e+08 -1.000000000000000000e+08 -1.000000000000000000e+08 -1.000000000000000000e+08 4.999954925000000272e-01
2.157666666666666515e+03 1.803000000000000000e+03 -1.000000000000000000e+08 -1.000000000000000000e+08 -1.000000000000000000e+08 -1.000000000000000000e+08 -1.000000000000000000e+08 -1.000000000000000000e+08 2.499900983333333271e-01
2.160666666666666515e+03 2.157666666666666515e+03 1.803000000000000000e+03 -1.000000000000000000e+08 -1.000000000000000000e+08 -1.000000000000000000e+08 -1.000000000000000000e+08 -1.000000000000000000e+08 -1.530333333333333307e-05
2.133000000000000000e+03 2.160666666666666515e+03 2.157666666666666515e+03 1.803000000000000000e+03 -1.000000000000000000e+08 -1.000000000000000000e+08 -1.000000000000000000e+08 -1.000000000000000000e+08 -1.612833333333332940e-05
1.989000000000000000e+03 2.133000000000000000e+03 2.160666666666666515e+03 2.157666666666666515e+03 1.803000000000000000e+03 -1.000000000000000000e+08 -1.000000000000000000e+08 -1.000000000000000000e+08 -2.094234808573421414e-05
2.196333333333333485e+03 1.989000000000000000e+03 2.133000000000000000e+03 2.160666666666666515e+03 2.157666666666666515e+03 1.803000000000000000e+03 -1.000000000000000000e+08 -1.000000000000000000e+08 -3.159229229936184402e-05
2.229333333333333485e+03 2.196333333333333485e+03 1.989000000000000000e+03 2.133000000000000000e+03 2.160666666666666515e+03 2.157666666666666515e+03 1.803000000000000000e+03 -1.000000000000000000e+08 -6.415059353833245663e-05
2.126333333333333485e+03 2.229333333333333485e+03 2.196333333333333485e+03 1.989000000000000000e+03 2.133000000000000000e+03 2.160666666666666515e+03 2.157666666666666515e+03 1.803000000000000000e+03 7.937648911682753106e-01
2.073333333333333485e+03 2.126333333333333485e+03 2.229333333333333485e+03 2.196333333333333485e+03 1.989000000000000000e+03 2.133000000000000000e+03 2.160666666666666515e+03 2.157666666666666515e+03 7.616997748904072996e-01
2.345333333333333485e+03 2.073333333333333485e+03 2.126333333333333485e+03 2.229333333333333485e+03 2.196333333333333485e+03 1.989000000000000000e+03 2.133000000000000000e+03 2.160666666666666515e+03 7.719070645123246033e-01
2.368000000000000000e+03 2.345333333333333485e+03 2.073333333333333485e+03 2.126333333333333485e+03 2.229333333333333485e+03 2.196333333333333485e+03 1.989000000000000000e+03 2.133000000000000000e+03 7.939788636275006972e-01
2.291000000000000000e+03 2.368000000000000000e+03 2.345333333333333485e+03 2.073333333333333485e+03 2.126333333333333485e+03 2.229333333333333485e+03 2.196333333333333485e+03 1.989000000000000000e+03 8.200835187136558124e-01
2.253000000000000000e+03 2.291000000000000000e+03 2.368000000000000000e+03 2.345333333333333485e+03 2.073333333333333485e+03 2.126333333333333485e+03 2.229333333333333485e+03 2.196333333333333485e+03 8.013603339001390546e-01
2.418333333333333485e+03 2.253000000000000000e+03 2.291000000000000000e+03 2.368000000000000000e+03 2.345333333333333485e+03 2.073333333333333485e+03 2.126333333333333485e+03 2.229333333333333485e+03 7.934885841279489815e-01
2.420333333333333485e+03 2.418333333333333485e+03 2.253000000000000000e+03 2.291000000000000000e+03 2.368000000000000000e+03 2.345333333333333485e+03 2.073333333333333485e+03 2.126333333333333485e+03 7.956542877444929829e-01
2.233666666666666515e+03 2.420333333333333485e+03 2.418333333333333485e+03 2.253000000000000000e+03 2.291000000000000000e+03 2.368000000000000000e+03 2.345333333333333485e+03 2.073333333333333485e+03 7.790915433481437891e-01
2.152000000000000000e+03 2.233666666666666515e+03 2.420333333333333485e+03 2.418333333333333485e+03 2.253000000000000000e+03 2.291000000000000000e+03 2.368000000000000000e+03 2.345333333333333485e+03 7.352009217917326866e-01
2.446333333333333485e+03 2.152000000000000000e+03 2.233666666666666515e+03 2.420333333333333485e+03 2.418333333333333485e+03 2.253000000000000000e+03 2.291000000000000000e+03 2.368000000000000000e+03 7.322353613661533034e-01
2.493333333333333485e+03 2.446333333333333485e+03 2.152000000000000000e+03 2.233666666666666515e+03 2.420333333333333485e+03 2.418333333333333485e+03 2.253000000000000000e+03 2.291000000000000000e+03 7.558263464544550114e-01
2.413333333333333485e+03 2.493333333333333485e+03 2.446333333333333485e+03 2.152000000000000000e+03 2.233666666666666515e+03 2.420333333333333485e+03 2.418333333333333485e+03 2.253000000000000000e+03 7.884972833857591956e-01
2.402000000000000000e+03 2.413333333333333485e+03 2.493333333333333485e+03 2.446333333333333485e+03 2.152000000000000000e+03 2.233666666666666515e+03 2.420333333333333485e+03 2.418333333333333485e+03 7.923246485744227519e-01
2.637333333333333485e+03 2.402000000000000000e+03 2.413333333333333485e+03 2.493333333333333485e+03 2.446333333333333485e+03 2.152000000000000000e+03 2.233666666666666515e+03 2.420333333333333485e+03 8.054905068991606854e-01
2.727000000000000000e+03 2.637333333333333485e+03 2.402000000000000000e+03 2.413333333333333485e+03 2.493333333333333485e+03 2.446333333333333485e+03 2.152000000000000000e+03 2.233666666666666515e+03 8.328209894195024443e-01
2.584333333333333485e+03 2.727000000000000000e+03 2.637333333333333485e+03 2.402000000000000000e+03 2.413333333333333485e+03 2.493333333333333485e+03 2.446333333333333485e+03 2.152000000000000000e+03 8.362616166929687234e-01
2.506666666666666515e+03 2.584333333333333485e+03 2.727000000000000000e+03 2.637333333333333485e+03 2.402000000000000000e+03 2.413333333333333485e+03 2.493333333333333485e+03 2.446333333333333485e+03 8.014351614556636250e-01
2.667333333333333485e+03 2.506666666666666515e+03 2.584333333333333485e+03 2.727000000000000000e+03 2.637333333333333485e+03 2.402000000000000000e+03 2.413333333333333485e+03 2.493333333333333485e+03 7.800455794624303607e-01
2.680000000000000000e+03 2.667333333333333485e+03 2.506666666666666515e+03 2.584333333333333485e+03 2.727000000000000000e+03 2.637333333333333485e+03 2.402000000000000000e+03 2.413333333333333485e+03 7.715380333344247221e-01
2.525000000000000000e+03 2.680000000000000000e+03 2.667333333333333485e+03 2.506666666666666515e+03 2.584333333333333485e+03 2.727000000000000000e+03 2.637333333333333485e+03 2.402000000000000000e+03 7.605629267035939334e-01
2.537000000000000000e+03 2.525000000000000000e+03 2.680000000000000000e+03 2.667333333333333485e+03 2.506666666666666515e+03 2.584333333333333485e+03 2.727000000000000000e+03 2.637333333333333485e+03 7.404833258942803420e-01
2.793000000000000000e+03 2.537000000000000000e+03 2.525000000000000000e+03 2.680000000000000000e+03 2.667333333333333485e+03 2.506666666666666515e+03 2.584333333333333485e+03 2.727000000000000000e+03 7.491416581892166304e-01
2.868333333333333485e+03 2.793000000000000000e+03 2.537000000000000000e+03 2.525000000000000000e+03 2.680000000000000000e+03 2.667333333333333485e+03 2.506666666666666515e+03 2.584333333333333485e+03 7.854063547820533397e-01
2.698000000000000000e+03 2.868333333333333485e+03 2.793000000000000000e+03 2.537000000000000000e+03 2.525000000000000000e+03 2.680000000000000000e+03 2.667333333333333485e+03 2.506666666666666515e+03 8.054083566175290754e-01
2.795666666666666515e+03 2.698000000000000000e+03 2.868333333333333485e+03 2.793000000000000000e+03 2.537000000000000000e+03 2.525000000000000000e+03 2.680000000000000000e+03 2.667333333333333485e+03 8.033175355450236088e-01
2.953333333333333485e+03 2.795666666666666515e+03 2.698000000000000000e+03 2.868333333333333485e+03 2.793000000000000000e+03 2.537000000000000000e+03 2.525000000000000000e+03 2.680000000000000000e+03 8.018035121025154366e-01
2.902000000000000000e+03 2.953333333333333485e+03 2.795666666666666515e+03 2.698000000000000000e+03 2.868333333333333485e+03 2.793000000000000000e+03 2.537000000000000000e+03 2.525000000000000000e+03 8.067454149829033083e-01
2.567000000000000000e+03 2.902000000000000000e+03 2.953333333333333485e+03 2.795666666666666515e+03 2.698000000000000000e+03 2.868333333333333485e+03 2.793000000000000000e+03 2.537000000000000000e+03 7.729511456453240781e-01
2.590000000000000000e+03 2.567000000000000000e+03 2.902000000000000000e+03 2.953333333333333485e+03 2.795666666666666515e+03 2.698000000000000000e+03 2.868333333333333485e+03 2.793000000000000000e+03 7.224562976243836809e-01
2.736000000000000000e+03 2.590000000000000000e+03 2.567000000000000000e+03 2.902000000000000000e+03 2.953333333333333485e+03 2.795666666666666515e+03 2.698000000000000000e+03 2.868333333333333485e+03 6.975490484887763021e-01
2.808333333333333485e+03 2.736000000000000000e+03 2.590000000000000000e+03 2.567000000000000000e+03 2.902000000000000000e+03 2.953333333333333485e+03 2.795666666666666515e+03 2.698000000000000000e+03 7.167445002496549700e-01
2.522666666666666515e+03 2.808333333333333485e+03 2.736000000000000000e+03 2.590000000000000000e+03 2.567000000000000000e+03 2.902000000000000000e+03 2.953333333333333485e+03 2.795666666666666515e+03 7.191121412016402425e-01
2.553333333333333485e+03 2.522666666666666515e+03 2.808333333333333485e+03 2.736000000000000000e+03 2.590000000000000000e+03 2.567000000000000000e+03 2.902000000000000000e+03 2.953333333333333485e+03 7.159548385143930105e-01
2.859000000000000000e+03 2.553333333333333485e+03 2.522666666666666515e+03 2.808333333333333485e+03 2.736000000000000000e+03 2.590000000000000000e+03 2.567000000000000000e+03 2.902000000000000000e+03 7.350625289485872571e-01
2.749333333333333485e+03 2.859000000000000000e+03 2.553333333333333485e+03 2.522666666666666515e+03 2.808333333333333485e+03 2.736000000000000000e+03 2.590000000000000000e+03 2.567000000000000000e+03 7.626775479691004778e-01
2.532333333333333485e+03 2.749333333333333485e+03 2.859000000000000000e+03 2.553333333333333485e+03 2.522666666666666515e+03 2.808333333333333485e+03 2.736000000000000000e+03 2.590000000000000000e+03 7.638797660379719190e-01
2.413333333333333485e+03 2.532333333333333485e+03 2.749333333333333485e+03 2.859000000000000000e+03 2.553333333333333485e+03 2.522666666666666515e+03 2.808333333333333485e+03 2.736000000000000000e+03 7.245535293933020871e-01
2.617333333333333485e+03 2.413333333333333485e+03 2.532333333333333485e+03 2.749333333333333485e+03 2.859000000000000000e+03 2.553333333333333485e+03 2.522666666666666515e+03 2.808333333333333485e+03 7.039714551659943531e-01
2.704000000000000000e+03 2.617333333333333485e+03 2.413333333333333485e+03 2.532333333333333485e+03 2.749333333333333485e+03 2.859000000000000000e+03 2.553333333333333485e+03 2.522666666666666515e+03 7.239259975665305324e-01
2.684000000000000000e+03 2.704000000000000000e+03 2.617333333333333485e+03 2.413333333333333485e+03 2.532333333333333485e+03 2.749333333333333485e+03 2.859000000000000000e+03 2.553333333333333485e+03 7.485817592419425903e-01
2.737000000000000000e+03 2.684000000000000000e+03 2.704000000000000000e+03 2.617333333333333485e+03 2.413333333333333485e+03 2.532333333333333485e+03 2.749333333333333485e+03 2.859000000000000000e+03 7.698502937274966929e-01
2.827333333333333485e+03 2.737000000000000000e+03 2.684000000000000000e+03 2.704000000000000000e+03 2.617333333333333485e+03 2.413333333333333485e+03 2.532333333333333485e+03 2.749333333333333485e+03 7.998513107282542167e-01
2.897333333333333485e+03 2.827333333333333485e+03 2.737000000000000000e+03 2.684000000000000000e+03 2.704000000000000000e+03 2.617333333333333485e+03 2.413333333333333485e+03 2.532333333333333485e+03 8.241615531963247809e-01
2.750333333333333485e+03 2.897333333333333485e+03 2.827333333333333485e+03 2.737000000000000000e+03 2.684000000000000000e+03 2.704000000000000000e+03 2.617333333333333485e+03 2.413333333333333485e+03 8.134438187867928383e-01
2.781666666666666515e+03 2.750333333333333485e+03 2.897333333333333485e+03 2.827333333333333485e+03 2.737000000000000000e+03 2.684000000000000000e+03 2.704000000000000000e+03 2.617333333333333485e+03 7.846836503552921949e-01
2.958000000000000000e+03 2.781666666666666515e+03 2.750333333333333485e+03 2.897333333333333485e+03 2.827333333333333485e+03 2.737000000000000000e+03 2.684000000000000000e+03 2.704000000000000000e+03 7.751772833794928763e-01
3.065000000000000000e+03 2.958000000000000000e+03 2.781666666666666515e+03 2.750333333333333485e+03 2.897333333333333485e+03 2.827333333333333485e+03 2.737000000000000000e+03 2.684000000000000000e+03 7.899632144032059378e-01
2.869333333333333485e+03 3.065000000000000000e+03 2.958000000000000000e+03 2.781666666666666515e+03 2.750333333333333485e+03 2.897333333333333485e+03 2.827333333333333485e+03 2.737000000000000000e+03 7.931085741467476247e-01
2.843666666666666515e+03 2.869333333333333485e+03 3.065000000000000000e+03 2.958000000000000000e+03 2.781666666666666515e+03 2.750333333333333485e+03 2.897333333333333485e+03 2.827333333333333485e+03 7.798045602605861992e-01
2.925666666666666515e+03 2.843666666666666515e+03 2.869333333333333485e+03 3.065000000000000000e+03 2.958000000000000000e+03 2.781666666666666515e+03 2.750333333333333485e+03 2.897333333333333485e+03 7.586206896551723755e-01
2.821000000000000000e+03 2.925666666666666515e+03 2.843666666666666515e+03 2.869333333333333485e+03 3.065000000000000000e+03 2.958000000000000000e+03 2.781666666666666515e+03 2.750333333333333485e+03 7.434299725948362303e-01
2.497666666666666515e+03 2.821000000000000000e+03 2.925666666666666515e+03 2.843666666666666515e+03 2.869333333333333485e+03 3.065000000000000000e+03 2.958000000000000000e+03 2.781666666666666515e+03 7.062132373936381713e-01
2.385333333333333485e+03 2.497666666666666515e+03 2.821000000000000000e+03 2.925666666666666515e+03 2.843666666666666515e+03 2.869333333333333485e+03 3.065000000000000000e+03 2.958000000000000000e+03 6.564417177914110280e-01
2.486666666666666515e+03 2.385333333333333485e+03 2.497666666666666515e+03 2.821000000000000000e+03 2.925666666666666515e+03 2.843666666666666515e+03 2.869333333333333485e+03 3.065000000000000000e+03 6.296887015465238990e-01
2.437333333333333485e+03 2.486666666666666515e+03 2.385333333333333485e+03 2.497666666666666515e+03 2.821000000000000000e+03 2.925666666666666515e+03 2.843666666666666515e+03 2.869333333333333485e+03 6.378312341836587240e-01
2.251333333333333485e+03 2.437333333333333485e+03 2.486666666666666515e+03 2.385333333333333485e+03 2.497666666666666515e+03 2.821000000000000000e+03 2.925666666666666515e+03 2.843666666666666515e+03 6.471260221260223267e-01
2.243333333333333485e+03 2.251333333333333485e+03 2.437333333333333485e+03 2.486666666666666515e+03 2.385333333333333485e+03 2.497666666666666515e+03 2.821000000000000000e+03 2.925666666666666515e+03 6.521371005675938859e-01
2.461666666666666515e+03 2.243333333333333485e+03 2.251333333333333485e+03 2.437333333333333485e+03 2.486666666666666515e+03 2.385333333333333485e+03 2.497666666666666515e+03 2.821000000000000000e+03 6.826180819050112758e-01
2.345333333333333485e+03 2.461666666666666515e+03 2.243333333333333485e+03 2.251333333333333485e+03 2.437333333333333485e+03 2.486666666666666515e+03 2.385333333333333485e+03 2.497666666666666515e+03 7.189082628054791479e-01
1.940333333333333258e+03 2.345333333333333485e+03 2.461666666666666515e+03 2.243333333333333485e+03 2.251333333333333485e+03 2.437333333333333485e+03 2.486666666666666515e+03 2.385333333333333485e+03 7.057387908792971398e-01
1.806333333333333258e+03 1.940333333333333258e+03 2.345333333333333485e+03 2.461666666666666515e+03 2.243333333333333485e+03 2.251333333333333485e+03 2.437333333333333485e+03 2.486666666666666515e+03 6.468006795016988386e-01
1.869666666666666742e+03 1.806333333333333258e+03 1.940333333333333258e+03 2.345333333333333485e+03 2.461666666666666515e+03 2.243333333333333485e+03 2.251333333333333485e+03 2.437333333333333485e+03 5.978850998899967184e-01
1.837333333333333258e+03 1.869666666666666742e+03 1.806333333333333258e+03 1.940333333333333258e+03 2.345333333333333485e+03 2.461666666666666515e+03 2.243333333333333485e+03 2.251333333333333485e+03 5.927253180433612600e-01
1.706333333333333258e+03 1.837333333333333258e+03 1.869666666666666742e+03 1.806333333333333258e+03 1.940333333333333258e+03 2.345333333333333485e+03 2.461666666666666515e+03 2.243333333333333485e+03 6.021058875871272420e-01
1.741666666666666742e+03 1.706333333333333258e+03 1.837333333333333258e+03 1.869666666666666742e+03 1.806333333333333258e+03 1.940333333333333258e+03 2.345333333333333485e+03 2.461666666666666515e+03 6.179026538326644058e-01
1.882333333333333258e+03 1.741666666666666742e+03 1.706333333333333258e+03 1.837333333333333258e+03 1.869666666666666742e+03 1.806333333333333258e+03 1.940333333333333258e+03 2.345333333333333485e+03 6.694996859953946666e-01
1.795000000000000000e+03 1.882333333333333258e+03 1.741666666666666742e+03 1.706333333333333258e+03 1.837333333333333258e+03 1.869666666666666742e+03 1.806333333333333258e+03 1.940333333333333258e+03 7.270247305576674757e-01
1.706666666666666742e+03 1.795000000000000000e+03 1.882333333333333258e+03 1.741666666666666742e+03 1.706333333333333258e+03 1.837333333333333258e+03 1.869666666666666742e+03 1.806333333333333258e+03 7.457408005909783588e-01
1.822000000000000000e+03 1.706666666666666742e+03 1.795000000000000000e+03 1.882333333333333258e+03 1.741666666666666742e+03 1.706333333333333258e+03 1.837333333333333258e+03 1.869666666666666742e+03 7.440484509666900337e-01
2.022666666666666742e+03 1.822000000000000000e+03 1.706666666666666742e+03 1.795000000000000000e+03 1.882333333333333258e+03 1.741666666666666742e+03 1.706333333333333258e+03 1.837333333333333258e+03 7.744965818722970852e-01
1.959000000000000000e+03 2.022666666666666742e+03 1.822000000000000000e+03 1.706666666666666742e+03 1.795000000000000000e+03 1.882333333333333258e+03 1.741666666666666742e+03 1.706333333333333258e+03 8.145116017964072475e-01
1.826000000000000000e+03 1.959000000000000000e+03 2.022666666666666742e+03 1.822000000000000000e+03 1.706666666666666742e+03 1.795000000000000000e+03 1.882333333333333258e+03 1.741666666666666742e+03 8.150348505403003374e-01
1.850666666666666742e+03 1.826000000000000000e+03 1.959000000000000000e+03 2.022666666666666742e+03 1.822000000000000000e+03 1.706666666666666742e+03 1.795000000000000000e+03 1.882333333333333258e+03 7.820797483578499909e-01
1.941666666666666742e+03 1.850666666666666742e+03 1.826000000000000000e+03 1.959000000000000000e+03 2.022666666666666742e+03 1.822000000000000000e+03 1.706666666666666742e+03 1.795000000000000000e+03 7.647806161804074909e-01
1.852666666666666742e+03 1.941666666666666742e+03 1.850666666666666742e+03 1.826000000000000000e+03 1.959000000000000000e+03 2.022666666666666742e+03 1.822000000000000000e+03 1.706666666666666742e+03 7.516310860592072540e-01
1.721666666666666742e+03 1.852666666666666742e+03 1.941666666666666742e+03 1.850666666666666742e+03 1.826000000000000000e+03 1.959000000000000000e+03 2.022666666666666742e+03 1.822000000000000000e+03 7.229673642360958663e-01
1.785000000000000000e+03 1.721666666666666742e+03 1.852666666666666742e+03 1.941666666666666742e+03 1.850666666666666742e+03 1.826000000000000000e+03 1.959000000000000000e+03 2.022666666666666742e+03 6.998041349292709601e-01
1.960333333333333258e+03 1.785000000000000000e+03 1.721666666666666742e+03 1.852666666666666742e+03 1.941666666666666742e+03 1.850666666666666742e+03 1.826000000000000000e+03 1.959000000000000000e+03 7.214939292627132739e-01
1.958666666666666742e+03 1.960333333333333258e+03 1.785000000000000000e+03 1.721666666666666742e+03 1.852666666666666742e+03 1.941666666666666742e+03 1.850666666666666742e+03 1.826000000000000000e+03 7.634854771784231886e-01
1.925666666666666742e+03 1.958666666666666742e+03 1.960333333333333258e+03 1.785000000000000000e+03 1.721666666666666742e+03 1.852666666666666742e+03 1.941666666666666742e+03 1.850666666666666742e+03 7.933936651583710642e-01
1.945000000000000000e+03 1.925666666666666742e+03 1.958666666666666742e+03 1.960333333333333258e+03 1.785000000000000000e+03 1.721666666666666742e+03 1.852666666666666742e+03 1.941666666666666742e+03 7.984294388896497896e-01
2.203000000000000000e+03 1.945000000000000000e+03 1.925666666666666742e+03 1.958666666666666742e+03 1.960333333333333258e+03 1.785000000000000000e+03 1.721666666666666742e+03 1.852666666666666742e+03 8.297736691106152307e-01
2.192666666666666515e+03 2.203000000000000000e+03 1.945000000000000000e+03 1.925666666666666742e+03 1.958666666666666742e+03 1.960333333333333258e+03 1.785000000000000000e+03 1.721666666666666742e+03 8.538851730484354752e-01
2.063000000000000000e+03 2.192666666666666515e+03 2.203000000000000000e+03 1.945000000000000000e+03 1.925666666666666742e+03 1.958666666666666742e+03 1.960333333333333258e+03 1.785000000000000000e+03 8.465201625234828331e-01
2.112666666666666515e+03 2.063000000000000000e+03 2.192666666666666515e+03 2.203000000000000000e+03 1.945000000000000000e+03 1.925666666666666742e+03 1.958666666666666742e+03 1.960333333333333258e+03 8.175360520347466631e-01
2.222333333333333485e+03 2.112666666666666515e+03 2.063000000000000000e+03 2.192666666666666515e+03 2.203000000000000000e+03 1.945000000000000000e+03 1.925666666666666742e+03 1.958666666666666742e+03 7.965306884674440147e-01
2.194000000000000000e+03 2.222333333333333485e+03 2.112666666666666515e+03 2.063000000000000000e+03 2.192666666666666515e+03 2.203000000000000000e+03 1.945000000000000000e+03 1.925666666666666742e+03 7.898302350901247326e-01
2.014666666666666742e+03 2.194000000000000000e+03 2.222333333333333485e+03 2.112666666666666515e+03 2.063000000000000000e+03 2.192666666666666515e+03 2.203000000000000000e+03 1.945000000000000000e+03 7.652611955098965746e-01
2.093333333333333485e+03 2.014666666666666742e+03 2.194000000000000000e+03 2.222333333333333485e+03 2.112666666666666515e+03 2.063000000000000000e+03 2.192666666666666515e+03 2.203000000000000000e+03 7.352415026833633016e-01
2.265666666666666515e+03 2.093333333333333485e+03 2.014666666666666742e+03 2.194000000000000000e+03 2.222333333333333485e+03 2.112666666666666515e+03 2.063000000000000000e+03 2.192666666666666515e+03 7.419292255160639948e-01
2.214000000000000000e+03 2.265666666666666515e+03 2.093333333333333485e+03 2.014666666666666742e+03 2.194000000000000000e+03 2.222333333333333485e+03 2.112666666666666515e+03 2.063000000000000000e+03 7.650139664804469497e-01
2.080333333333333485e+03 2.214000000000000000e+03 2.265666666666666515e+03 2.093333333333333485e+03 2.014666666666666742e+03 2.194000000000000000e+03 2.222333333333333485e+03 2.112666666666666515e+03 7.678202177051227650e-01
2.131000000000000000e+03 2.080333333333333485e+03 2.214000000000000000e+03 2.265666666666666515e+03 2.093333333333333485e+03 2.014666666666666742e+03 2.194000000000000000e+03 2.222333333333333485e+03 7.537637351894576065e-01
2.325666666666666515e+03 2.131000000000000000e+03 2.080333333333333485e+03 2.214000000000000000e+03 2.265666666666666515e+03 2.093333333333333485e+03 2.014666666666666742e+03 2.194000000000000000e+03 7.629848655798933121e-01
