8.493666666666666060e+03 8.500333333333333940e+03 8.551000000000000000e+03 8.967666666666666060e+03 7.271000000000000000e+03 7.049333333333333030e+03 6.679000000000000000e+03 7.187000000000000000e+03 9.062902825246278438e-01
1.016666666666666606e+04 8.493666666666666060e+03 8.500333333333333940e+03 8.551000000000000000e+03 8.967666666666666060e+03 7.271000000000000000e+03 7.049333333333333030e+03 6.679000000000000000e+03 9.063525433532440001e-01
9.630000000000000000e+03 1.016666666666666606e+04 8.493666666666666060e+03 8.500333333333333940e+03 8.551000000000000000e+03 8.967666666666666060e+03 7.271000000000000000e+03 7.049333333333333030e+03 8.885434006511929717e-01
9.673333333333333940e+03 9.630000000000000000e+03 1.016666666666666606e+04 8.493666666666666060e+03 8.500333333333333940e+03 8.551000000000000000e+03 8.967666666666666060e+03 7.271000000000000000e+03 8.852508260738960466e-01
8.981333333333333940e+03 9.673333333333333940e+03 9.630000000000000000e+03 1.016666666666666606e+04 8.493666666666666060e+03 8.500333333333333940e+03 8.551000000000000000e+03 8.967666666666666060e+03 8.195445150572737703e-01
9.880000000000000000e+03 8.981333333333333940e+03 9.673333333333333940e+03 9.630000000000000000e+03 1.016666666666666606e+04 8.493666666666666060e+03 8.500333333333333940e+03 8.551000000000000000e+03 7.990292621458908728e-01
9.038333333333333940e+03 9.880000000000000000e+03 8.981333333333333940e+03 9.673333333333333940e+03 9.630000000000000000e+03 1.016666666666666606e+04 8.493666666666666060e+03 8.500333333333333940e+03 7.583354473960789432e-01
8.726666666666666060e+03 9.038333333333333940e+03 9.880000000000000000e+03 8.981333333333333940e+03 9.673333333333333940e+03 9.630000000000000000e+03 1.016666666666666606e+04 8.493666666666666060e+03 7.281962578254647100e-01
8.116333333333333030e+03 8.726666666666666060e+03 9.038333333333333940e+03 9.880000000000000000e+03 8.981333333333333940e+03 9.673333333333333940e+03 9.630000000000000000e+03 1.016666666666666606e+04 6.730932607451843852e-01
9.209333333333333940e+03 8.116333333333333030e+03 8.726666666666666060e+03 9.038333333333333940e+03 9.880000000000000000e+03 8.981333333333333940e+03 9.673333333333333940e+03 9.630000000000000000e+03 6.826296574492985991e-01
7.995000000000000000e+03 9.209333333333333940e+03 8.116333333333333030e+03 8.726666666666666060e+03 9.038333333333333940e+03 9.880000000000000000e+03 8.981333333333333940e+03 9.673333333333333940e+03 6.739059076109616964e-01
7.842666666666666970e+03 7.995000000000000000e+03 9.209333333333333940e+03 8.116333333333333030e+03 8.726666666666666060e+03 9.038333333333333940e+03 9.880000000000000000e+03 8.981333333333333940e+03 6.838522374612072685e-01
6.939333333333333030e+03 7.842666666666666970e+03 7.995000000000000000e+03 9.209333333333333940e+03 8.116333333333333030e+03 8.726666666666666060e+03 9.038333333333333940e+03 9.880000000000000000e+03 6.369169680474254802e-01
7.755333333333333030e+03 6.939333333333333030e+03 7.842666666666666970e+03 7.995000000000000000e+03 9.209333333333333940e+03 8.116333333333333030e+03 8.726666666666666060e+03 9.038333333333333940e+03 6.422600501557867991e-01
7.430000000000000000e+03 7.755333333333333030e+03 6.939333333333333030e+03 7.842666666666666970e+03 7.995000000000000000e+03 9.209333333333333940e+03 8.116333333333333030e+03 8.726666666666666060e+03 6.498208376573788581e-01
7.505333333333333030e+03 7.430000000000000000e+03 7.755333333333333030e+03 6.939333333333333030e+03 7.842666666666666970e+03 7.995000000000000000e+03 9.209333333333333940e+03 8.116333333333333030e+03 6.842094682882700063e-01
6.926666666666666970e+03 7.505333333333333030e+03 7.430000000000000000e+03 7.755333333333333030e+03 6.939333333333333030e+03 7.842666666666666970e+03 7.995000000000000000e+03 9.209333333333333940e+03 6.834794026615532703e-01
7.942666666666666970e+03 6.926666666666666970e+03 7.505333333333333030e+03 7.430000000000000000e+03 7.755333333333333030e+03 6.939333333333333030e+03 7.842666666666666970e+03 7.995000000000000000e+03 7.328187604397524701e-01
7.222333333333333030e+03 7.942666666666666970e+03 6.926666666666666970e+03 7.505333333333333030e+03 7.430000000000000000e+03 7.755333333333333030e+03 6.939333333333333030e+03 7.842666666666666970e+03 7.371916086405198021e-01
7.087000000000000000e+03 7.222333333333333030e+03 7.942666666666666970e+03 6.926666666666666970e+03 7.505333333333333030e+03 7.430000000000000000e+03 7.755333333333333030e+03 6.939333333333333030e+03 7.509956125548431505e-01
6.691000000000000000e+03 7.087000000000000000e+03 7.222333333333333030e+03 7.942666666666666970e+03 6.926666666666666970e+03 7.505333333333333030e+03 7.430000000000000000e+03 7.755333333333333030e+03 7.090555080358348361e-01
7.659666666666666970e+03 6.691000000000000000e+03 7.087000000000000000e+03 7.222333333333333030e+03 7.942666666666666970e+03 6.926666666666666970e+03 7.505333333333333030e+03 7.430000000000000000e+03 7.192721497752030402e-01
6.681000000000000000e+03 7.659666666666666970e+03 6.691000000000000000e+03 7.087000000000000000e+03 7.222333333333333030e+03 7.942666666666666970e+03 6.926666666666666970e+03 7.505333333333333030e+03 7.106012996812740568e-01
6.659333333333333030e+03 6.681000000000000000e+03 7.659666666666666970e+03 6.691000000000000000e+03 7.087000000000000000e+03 7.222333333333333030e+03 7.942666666666666970e+03 6.926666666666666970e+03 7.197038932553463386e-01
5.955333333333333030e+03 6.659333333333333030e+03 6.681000000000000000e+03 7.659666666666666970e+03 6.691000000000000000e+03 7.087000000000000000e+03 7.222333333333333030e+03 7.942666666666666970e+03 6.666781835561850222e-01
6.896333333333333030e+03 5.955333333333333030e+03 6.659333333333333030e+03 6.681000000000000000e+03 7.659666666666666970e+03 6.691000000000000000e+03 7.087000000000000000e+03 7.222333333333333030e+03 6.807745987438938995e-01
5.980333333333333030e+03 6.896333333333333030e+03 5.955333333333333030e+03 6.659333333333333030e+03 6.681000000000000000e+03 7.659666666666666970e+03 6.691000000000000000e+03 7.087000000000000000e+03 6.697330361799990195e-01
6.259666666666666970e+03 5.980333333333333030e+03 6.896333333333333030e+03 5.955333333333333030e+03 6.659333333333333030e+03 6.681000000000000000e+03 7.659666666666666970e+03 6.691000000000000000e+03 6.910668929736496491e-01
5.702333333333333030e+03 6.259666666666666970e+03 5.980333333333333030e+03 6.896333333333333030e+03 5.955333333333333030e+03 6.659333333333333030e+03 6.681000000000000000e+03 7.659666666666666970e+03 6.656320332401750584e-01
6.428666666666666970e+03 5.702333333333333030e+03 6.259666666666666970e+03 5.980333333333333030e+03 6.896333333333333030e+03 5.955333333333333030e+03 6.659333333333333030e+03 6.681000000000000000e+03 7.021482386479332982e-01
5.822000000000000000e+03 6.428666666666666970e+03 5.702333333333333030e+03 6.259666666666666970e+03 5.980333333333333030e+03 6.896333333333333030e+03 5.955333333333333030e+03 6.659333333333333030e+03 7.042785783403510136e-01
5.935333333333333030e+03 5.822000000000000000e+03 6.428666666666666970e+03 5.702333333333333030e+03 6.259666666666666970e+03 5.980333333333333030e+03 6.896333333333333030e+03 5.955333333333333030e+03 7.247824642975756460e-01
5.332333333333333030e+03 5.935333333333333030e+03 5.822000000000000000e+03 6.428666666666666970e+03 5.702333333333333030e+03 6.259666666666666970e+03 5.980333333333333030e+03 6.896333333333333030e+03 6.880267325138225143e-01
6.223000000000000000e+03 5.332333333333333030e+03 5.935333333333333030e+03 5.822000000000000000e+03 6.428666666666666970e+03 5.702333333333333030e+03 6.259666666666666970e+03 5.980333333333333030e+03 7.176835856824367310e-01
5.543666666666666970e+03 6.223000000000000000e+03 5.332333333333333030e+03 5.935333333333333030e+03 5.822000000000000000e+03 6.428666666666666970e+03 5.702333333333333030e+03 6.259666666666666970e+03 7.062006112503097510e-01
5.750000000000000000e+03 5.543666666666666970e+03 6.223000000000000000e+03 5.332333333333333030e+03 5.935333333333333030e+03 5.822000000000000000e+03 6.428666666666666970e+03 5.702333333333333030e+03 7.332728668108561276e-01
5.251000000000000000e+03 5.750000000000000000e+03 5.543666666666666970e+03 6.223000000000000000e+03 5.332333333333333030e+03 5.935333333333333030e+03 5.822000000000000000e+03 6.428666666666666970e+03 7.034795549571257745e-01
6.559666666666666970e+03 5.251000000000000000e+03 5.750000000000000000e+03 5.543666666666666970e+03 6.223000000000000000e+03 5.332333333333333030e+03 5.935333333333333030e+03 5.822000000000000000e+03 7.532671795018446304e-01
6.240333333333333030e+03 6.559666666666666970e+03 5.251000000000000000e+03 5.750000000000000000e+03 5.543666666666666970e+03 6.223000000000000000e+03 5.332333333333333030e+03 5.935333333333333030e+03 7.836562812034210124e-01
6.880333333333333030e+03 6.240333333333333030e+03 6.559666666666666970e+03 5.251000000000000000e+03 5.750000000000000000e+03 5.543666666666666970e+03 6.223000000000000000e+03 5.332333333333333030e+03 8.613214290924474659e-01
7.521666666666666970e+03 6.880333333333333030e+03 6.240333333333333030e+03 6.559666666666666970e+03 5.251000000000000000e+03 5.750000000000000000e+03 5.543666666666666970e+03 6.223000000000000000e+03 9.066512451868877775e-01
8.883333333333333940e+03 7.521666666666666970e+03 6.880333333333333030e+03 6.240333333333333030e+03 6.559666666666666970e+03 5.251000000000000000e+03 5.750000000000000000e+03 5.543666666666666970e+03 1.007834028248668856e+00
8.327333333333333940e+03 8.883333333333333940e+03 7.521666666666666970e+03 6.880333333333333030e+03 6.240333333333333030e+03 6.559666666666666970e+03 5.251000000000000000e+03 5.750000000000000000e+03 1.039130008543058592e+00
8.251333333333333940e+03 8.327333333333333940e+03 8.883333333333333940e+03 7.521666666666666970e+03 6.880333333333333030e+03 6.240333333333333030e+03 6.559666666666666970e+03 5.251000000000000000e+03 1.021285129823247928e+00
8.049333333333333030e+03 8.251333333333333940e+03 8.327333333333333940e+03 8.883333333333333940e+03 7.521666666666666970e+03 6.880333333333333030e+03 6.240333333333333030e+03 6.559666666666666970e+03 9.053746048084699849e-01
9.224333333333333940e+03 8.049333333333333030e+03 8.251333333333333940e+03 8.327333333333333940e+03 8.883333333333333940e+03 7.521666666666666970e+03 6.880333333333333030e+03 6.240333333333333030e+03 8.645020716438804875e-01
8.883333333333333940e+03 9.224333333333333940e+03 8.049333333333333030e+03 8.251333333333333940e+03 8.327333333333333940e+03 8.883333333333333940e+03 7.521666666666666970e+03 6.880333333333333030e+03 8.274214977118875547e-01
8.861666666666666060e+03 8.883333333333333940e+03 9.224333333333333940e+03 8.049333333333333030e+03 8.251333333333333940e+03 8.327333333333333940e+03 8.883333333333333940e+03 7.521666666666666970e+03 8.176572242827259140e-01
8.127666666666666970e+03 8.861666666666666060e+03 8.883333333333333940e+03 9.224333333333333940e+03 8.049333333333333030e+03 8.251333333333333940e+03 8.327333333333333940e+03 8.883333333333333940e+03 7.720572144747049892e-01
8.916000000000000000e+03 8.127666666666666970e+03 8.861666666666666060e+03 8.883333333333333940e+03 9.224333333333333940e+03 8.049333333333333030e+03 8.251333333333333940e+03 8.327333333333333940e+03 7.652451332749097279e-01
8.081666666666666970e+03 8.916000000000000000e+03 8.127666666666666970e+03 8.861666666666666060e+03 8.883333333333333940e+03 9.224333333333333940e+03 8.049333333333333030e+03 8.251333333333333940e+03 7.302107047711310361e-01
8.001000000000000000e+03 8.081666666666666970e+03 8.916000000000000000e+03 8.127666666666666970e+03 8.861666666666666060e+03 8.883333333333333940e+03 9.224333333333333940e+03 8.049333333333333030e+03 7.138668900395979122e-01
7.598333333333333030e+03 8.001000000000000000e+03 8.081666666666666970e+03 8.916000000000000000e+03 8.127666666666666970e+03 8.861666666666666060e+03 8.883333333333333940e+03 9.224333333333333940e+03 6.747300339060318120e-01
8.326333333333333940e+03 7.598333333333333030e+03 8.001000000000000000e+03 8.081666666666666970e+03 8.916000000000000000e+03 8.127666666666666970e+03 8.861666666666666060e+03 8.883333333333333940e+03 6.877431347373664794e-01
7.497333333333333030e+03 8.326333333333333940e+03 7.598333333333333030e+03 8.001000000000000000e+03 8.081666666666666970e+03 8.916000000000000000e+03 8.127666666666666970e+03 8.861666666666666060e+03 6.891458498837791380e-01
7.475000000000000000e+03 7.497333333333333030e+03 8.326333333333333940e+03 7.598333333333333030e+03 8.001000000000000000e+03 8.081666666666666970e+03 8.916000000000000000e+03 8.127666666666666970e+03 7.033276647983979224e-01
7.063666666666666970e+03 7.475000000000000000e+03 7.497333333333333030e+03 8.326333333333333940e+03 7.598333333333333030e+03 8.001000000000000000e+03 8.081666666666666970e+03 8.916000000000000000e+03 6.760131300426419632e-01
7.518333333333333030e+03 7.063666666666666970e+03 7.475000000000000000e+03 7.497333333333333030e+03 8.326333333333333940e+03 7.598333333333333030e+03 8.001000000000000000e+03 8.081666666666666970e+03 6.891233259044802217e-01
6.933333333333333030e+03 7.518333333333333030e+03 7.063666666666666970e+03 7.475000000000000000e+03 7.497333333333333030e+03 8.326333333333333940e+03 7.598333333333333030e+03 8.001000000000000000e+03 6.847001665446753593e-01
7.104333333333333030e+03 6.933333333333333030e+03 7.518333333333333030e+03 7.063666666666666970e+03 7.475000000000000000e+03 7.497333333333333030e+03 8.326333333333333940e+03 7.598333333333333030e+03 6.976729132278215451e-01
6.446333333333333030e+03 7.104333333333333030e+03 6.933333333333333030e+03 7.518333333333333030e+03 7.063666666666666970e+03 7.475000000000000000e+03 7.497333333333333030e+03 8.326333333333333940e+03 6.746517066101638260e-01
7.320666666666666970e+03 6.446333333333333030e+03 7.104333333333333030e+03 6.933333333333333030e+03 7.518333333333333030e+03 7.063666666666666970e+03 7.475000000000000000e+03 7.497333333333333030e+03 7.062021361785637552e-01
6.771000000000000000e+03 7.320666666666666970e+03 6.446333333333333030e+03 7.104333333333333030e+03 6.933333333333333030e+03 7.518333333333333030e+03 7.063666666666666970e+03 7.475000000000000000e+03 7.084430442331351996e-01
7.198666666666666970e+03 6.771000000000000000e+03 7.320666666666666970e+03 6.446333333333333030e+03 7.104333333333333030e+03 6.933333333333333030e+03 7.518333333333333030e+03 7.063666666666666970e+03 7.439057058665953237e-01
7.020333333333333030e+03 7.198666666666666970e+03 6.771000000000000000e+03 7.320666666666666970e+03 6.446333333333333030e+03 7.104333333333333030e+03 6.933333333333333030e+03 7.518333333333333030e+03 7.495803921101813483e-01
8.067000000000000000e+03 7.020333333333333030e+03 7.198666666666666970e+03 6.771000000000000000e+03 7.320666666666666970e+03 6.446333333333333030e+03 7.104333333333333030e+03 6.933333333333333030e+03 8.015201285155969524e-01
8.098666666666666970e+03 8.067000000000000000e+03 7.020333333333333030e+03 7.198666666666666970e+03 6.771000000000000000e+03 7.320666666666666970e+03 6.446333333333333030e+03 7.104333333333333030e+03 8.387859201466350001e-01
9.370333333333333940e+03 8.098666666666666970e+03 8.067000000000000000e+03 7.020333333333333030e+03 7.198666666666666970e+03 6.771000000000000000e+03 7.320666666666666970e+03 6.446333333333333030e+03 9.206585746905419088e-01
1.016100000000000000e+04 9.370333333333333940e+03 8.098666666666666970e+03 8.067000000000000000e+03 7.020333333333333030e+03 7.198666666666666970e+03 6.771000000000000000e+03 7.320666666666666970e+03 9.759572363773372228e-01
1.353433333333333394e+04 1.016100000000000000e+04 9.370333333333333940e+03 8.098666666666666970e+03 8.067000000000000000e+03 7.020333333333333030e+03 7.198666666666666970e+03 6.771000000000000000e+03 1.137958724805268051e+00
1.410533333333333394e+04 1.353433333333333394e+04 1.016100000000000000e+04 9.370333333333333940e+03 8.098666666666666970e+03 8.067000000000000000e+03 7.020333333333333030e+03 7.198666666666666970e+03 1.244070474142659810e+00
1.485400000000000000e+04 1.410533333333333394e+04 1.353433333333333394e+04 1.016100000000000000e+04 9.370333333333333940e+03 8.098666666666666970e+03 8.067000000000000000e+03 7.020333333333333030e+03 1.305235028514677431e+00
1.456466666666666606e+04 1.485400000000000000e+04 1.410533333333333394e+04 1.353433333333333394e+04 1.016100000000000000e+04 9.370333333333333940e+03 8.098666666666666970e+03 8.067000000000000000e+03 1.219262122867467824e+00
1.593866666666666606e+04 1.456466666666666606e+04 1.485400000000000000e+04 1.410533333333333394e+04 1.353433333333333394e+04 1.016100000000000000e+04 9.370333333333333940e+03 8.098666666666666970e+03 1.101860024454827114e+00
1.462100000000000000e+04 1.593866666666666606e+04 1.456466666666666606e+04 1.485400000000000000e+04 1.410533333333333394e+04 1.353433333333333394e+04 1.016100000000000000e+04 9.370333333333333940e+03 9.566117600503131202e-01
1.467866666666666606e+04 1.462100000000000000e+04 1.593866666666666606e+04 1.456466666666666606e+04 1.485400000000000000e+04 1.410533333333333394e+04 1.353433333333333394e+04 1.016100000000000000e+04 8.591514522296217482e-01
1.406066666666666606e+04 1.467866666666666606e+04 1.462100000000000000e+04 1.593866666666666606e+04 1.456466666666666606e+04 1.485400000000000000e+04 1.410533333333333394e+04 1.353433333333333394e+04 7.599298963049510025e-01
1.451300000000000000e+04 1.406066666666666606e+04 1.467866666666666606e+04 1.462100000000000000e+04 1.593866666666666606e+04 1.456466666666666606e+04 1.485400000000000000e+04 1.410533333333333394e+04 7.273863712805793691e-01
1.368900000000000000e+04 1.451300000000000000e+04 1.406066666666666606e+04 1.467866666666666606e+04 1.462100000000000000e+04 1.593866666666666606e+04 1.456466666666666606e+04 1.485400000000000000e+04 7.046322283046655421e-01
1.398533333333333394e+04 1.368900000000000000e+04 1.451300000000000000e+04 1.406066666666666606e+04 1.467866666666666606e+04 1.462100000000000000e+04 1.593866666666666606e+04 1.456466666666666606e+04 7.054384116738849908e-01
1.280233333333333394e+04 1.398533333333333394e+04 1.368900000000000000e+04 1.451300000000000000e+04 1.406066666666666606e+04 1.467866666666666606e+04 1.462100000000000000e+04 1.593866666666666606e+04 6.825859907699400875e-01
1.329166666666666606e+04 1.280233333333333394e+04 1.398533333333333394e+04 1.368900000000000000e+04 1.451300000000000000e+04 1.406066666666666606e+04 1.467866666666666606e+04 1.462100000000000000e+04 6.925354221863841975e-01
1.245500000000000000e+04 1.329166666666666606e+04 1.280233333333333394e+04 1.398533333333333394e+04 1.368900000000000000e+04 1.451300000000000000e+04 1.406066666666666606e+04 1.467866666666666606e+04 6.769950358263476797e-01
1.261266666666666606e+04 1.245500000000000000e+04 1.329166666666666606e+04 1.280233333333333394e+04 1.398533333333333394e+04 1.368900000000000000e+04 1.451300000000000000e+04 1.406066666666666606e+04 6.819679514530886388e-01
1.166300000000000000e+04 1.261266666666666606e+04 1.245500000000000000e+04 1.329166666666666606e+04 1.280233333333333394e+04 1.398533333333333394e+04 1.368900000000000000e+04 1.451300000000000000e+04 6.679557977559419379e-01
1.249866666666666606e+04 1.166300000000000000e+04 1.261266666666666606e+04 1.245500000000000000e+04 1.329166666666666606e+04 1.280233333333333394e+04 1.398533333333333394e+04 1.368900000000000000e+04 6.839403614271100107e-01
1.152133333333333394e+04 1.249866666666666606e+04 1.166300000000000000e+04 1.261266666666666606e+04 1.245500000000000000e+04 1.329166666666666606e+04 1.280233333333333394e+04 1.398533333333333394e+04 6.792319943148289463e-01
1.147666666666666606e+04 1.152133333333333394e+04 1.249866666666666606e+04 1.166300000000000000e+04 1.261266666666666606e+04 1.245500000000000000e+04 1.329166666666666606e+04 1.280233333333333394e+04 6.938137277258363822e-01
1.034266666666666606e+04 1.147666666666666606e+04 1.152133333333333394e+04 1.249866666666666606e+04 1.166300000000000000e+04 1.261266666666666606e+04 1.245500000000000000e+04 1.329166666666666606e+04 6.665156230217169631e-01
1.076166666666666606e+04 1.034266666666666606e+04 1.147666666666666606e+04 1.152133333333333394e+04 1.249866666666666606e+04 1.166300000000000000e+04 1.261266666666666606e+04 1.245500000000000000e+04 6.618208656085803332e-01
9.471666666666666060e+03 1.076166666666666606e+04 1.034266666666666606e+04 1.147666666666666606e+04 1.152133333333333394e+04 1.249866666666666606e+04 1.166300000000000000e+04 1.261266666666666606e+04 6.331002781477980124e-01
9.685333333333333940e+03 9.471666666666666060e+03 1.076166666666666606e+04 1.034266666666666606e+04 1.147666666666666606e+04 1.152133333333333394e+04 1.249866666666666606e+04 1.166300000000000000e+04 6.344121742449408963e-01
8.547000000000000000e+03 9.685333333333333940e+03 9.471666666666666060e+03 1.076166666666666606e+04 1.034266666666666606e+04 1.147666666666666606e+04 1.152133333333333394e+04 1.249866666666666606e+04 6.043717913291352106e-01
9.091666666666666060e+03 8.547000000000000000e+03 9.685333333333333940e+03 9.471666666666666060e+03 1.076166666666666606e+04 1.034266666666666606e+04 1.147666666666666606e+04 1.152133333333333394e+04 6.195590558322688901e-01
8.324666666666666060e+03 9.091666666666666060e+03 8.547000000000000000e+03 9.685333333333333940e+03 9.471666666666666060e+03 1.076166666666666606e+04 1.034266666666666606e+04 1.147666666666666606e+04 6.174004026696682246e-01
8.198333333333333940e+03 8.324666666666666060e+03 9.091666666666666060e+03 8.547000000000000000e+03 9.685333333333333940e+03 9.471666666666666060e+03 1.076166666666666606e+04 1.034266666666666606e+04 6.362100940521923098e-01
7.570666666666666970e+03 8.198333333333333940e+03 8.324666666666666060e+03 9.091666666666666060e+03 8.547000000000000000e+03 9.685333333333333940e+03 9.471666666666666060e+03 1.076166666666666606e+04 6.263681031569278135e-01
8.214666666666666060e+03 7.570666666666666970e+03 8.198333333333333940e+03 8.324666666666666060e+03 9.091666666666666060e+03 8.547000000000000000e+03 9.685333333333333940e+03 9.471666666666666060e+03 6.518068250790400864e-01
7.588000000000000000e+03 8.214666666666666060e+03 7.570666666666666970e+03 8.198333333333333940e+03 8.324666666666666060e+03 9.091666666666666060e+03 8.547000000000000000e+03 9.685333333333333940e+03 6.556579956239597662e-01
7.973666666666666970e+03 7.588000000000000000e+03 8.214666666666666060e+03 7.570666666666666970e+03 8.198333333333333940e+03 8.324666666666666060e+03 9.091666666666666060e+03 8.547000000000000000e+03 6.959945357857248993e-01
7.227666666666666970e+03 7.973666666666666970e+03 7.588000000000000000e+03 8.214666666666666060e+03 7.570666666666666970e+03 8.198333333333333940e+03 8.324666666666666060e+03 9.091666666666666060e+03 6.867290771023345508e-01
7.773333333333333030e+03 7.227666666666666970e+03 7.973666666666666970e+03 7.588000000000000000e+03 8.214666666666666060e+03 7.570666666666666970e+03 8.198333333333333940e+03 8.324666666666666060e+03 7.111065256641734278e-01
6.792333333333333030e+03 7.773333333333333030e+03 7.227666666666666970e+03 7.973666666666666970e+03 7.588000000000000000e+03 8.214666666666666060e+03 7.570666666666666970e+03 8.198333333333333940e+03 6.902813704270707174e-01
