1.400000000000000000e+01 1.600000000000000000e+01 1.700000000000000000e+01 1.000000000000000000e+01 1.700000000000000000e+01 2.900000000000000000e+01 2.600000000000000000e+01 3.000000000000000000e+01 4.607843137254901689e-01
1.100000000000000000e+01 1.400000000000000000e+01 1.600000000000000000e+01 1.700000000000000000e+01 1.000000000000000000e+01 1.700000000000000000e+01 2.900000000000000000e+01 2.600000000000000000e+01 5.000000000000000000e-01
1.100000000000000000e+01 1.100000000000000000e+01 1.400000000000000000e+01 1.600000000000000000e+01 1.700000000000000000e+01 1.000000000000000000e+01 1.700000000000000000e+01 2.900000000000000000e+01 4.931506849315068219e-01
1.300000000000000000e+01 1.100000000000000000e+01 1.100000000000000000e+01 1.400000000000000000e+01 1.600000000000000000e+01 1.700000000000000000e+01 1.000000000000000000e+01 1.700000000000000000e+01 5.833333333333333703e-01
9.000000000000000000e+00 1.300000000000000000e+01 1.100000000000000000e+01 1.100000000000000000e+01 1.400000000000000000e+01 1.600000000000000000e+01 1.700000000000000000e+01 1.000000000000000000e+01 5.789473684210526550e-01
8.000000000000000000e+00 9.000000000000000000e+00 1.300000000000000000e+01 1.100000000000000000e+01 1.100000000000000000e+01 1.400000000000000000e+01 1.600000000000000000e+01 1.700000000000000000e+01 5.172413793103448620e-01
1.100000000000000000e+01 8.000000000000000000e+00 9.000000000000000000e+00 1.300000000000000000e+01 1.100000000000000000e+01 1.100000000000000000e+01 1.400000000000000000e+01 1.600000000000000000e+01 5.384615384615384359e-01
1.300000000000000000e+01 1.100000000000000000e+01 8.000000000000000000e+00 9.000000000000000000e+00 1.300000000000000000e+01 1.100000000000000000e+01 1.100000000000000000e+01 1.400000000000000000e+01 6.530612244897958663e-01
9.000000000000000000e+00 1.300000000000000000e+01 1.100000000000000000e+01 8.000000000000000000e+00 9.000000000000000000e+00 1.300000000000000000e+01 1.100000000000000000e+01 1.100000000000000000e+01 7.500000000000000000e-01
1.100000000000000000e+01 9.000000000000000000e+00 1.300000000000000000e+01 1.100000000000000000e+01 8.000000000000000000e+00 9.000000000000000000e+00 1.300000000000000000e+01 1.100000000000000000e+01 8.048780487804878536e-01
1.400000000000000000e+01 1.100000000000000000e+01 9.000000000000000000e+00 1.300000000000000000e+01 1.100000000000000000e+01 8.000000000000000000e+00 9.000000000000000000e+00 1.300000000000000000e+01 8.292682926829267887e-01
2.100000000000000000e+01 1.400000000000000000e+01 1.100000000000000000e+01 9.000000000000000000e+00 1.300000000000000000e+01 1.100000000000000000e+01 8.000000000000000000e+00 9.000000000000000000e+00 1.121951219512195230e+00
1.900000000000000000e+01 2.100000000000000000e+01 1.400000000000000000e+01 1.100000000000000000e+01 9.000000000000000000e+00 1.300000000000000000e+01 1.100000000000000000e+01 8.000000000000000000e+00 1.317073170731707377e+00
1.600000000000000000e+01 1.900000000000000000e+01 2.100000000000000000e+01 1.400000000000000000e+01 1.100000000000000000e+01 9.000000000000000000e+00 1.300000000000000000e+01 1.100000000000000000e+01 1.272727272727272707e+00
2.100000000000000000e+01 1.600000000000000000e+01 1.900000000000000000e+01 2.100000000000000000e+01 1.400000000000000000e+01 1.100000000000000000e+01 9.000000000000000000e+00 1.300000000000000000e+01 1.191489361702127603e+00
2.200000000000000000e+01 2.100000000000000000e+01 1.600000000000000000e+01 1.900000000000000000e+01 2.100000000000000000e+01 1.400000000000000000e+01 1.100000000000000000e+01 9.000000000000000000e+00 1.072727272727272751e+00
1.700000000000000000e+01 2.200000000000000000e+01 2.100000000000000000e+01 1.600000000000000000e+01 1.900000000000000000e+01 2.100000000000000000e+01 1.400000000000000000e+01 1.100000000000000000e+01 9.230769230769231282e-01
2.200000000000000000e+01 1.700000000000000000e+01 2.200000000000000000e+01 2.100000000000000000e+01 1.600000000000000000e+01 1.900000000000000000e+01 2.100000000000000000e+01 1.400000000000000000e+01 8.714285714285714413e-01
2.600000000000000000e+01 2.200000000000000000e+01 1.700000000000000000e+01 2.200000000000000000e+01 2.100000000000000000e+01 1.600000000000000000e+01 1.900000000000000000e+01 2.100000000000000000e+01 8.441558441558441039e-01
2.300000000000000000e+01 2.600000000000000000e+01 2.200000000000000000e+01 1.700000000000000000e+01 2.200000000000000000e+01 2.100000000000000000e+01 1.600000000000000000e+01 1.900000000000000000e+01 9.102564102564102422e-01
2.000000000000000000e+01 2.300000000000000000e+01 2.600000000000000000e+01 2.200000000000000000e+01 1.700000000000000000e+01 2.200000000000000000e+01 2.100000000000000000e+01 1.600000000000000000e+01 9.078947368421053099e-01
1.700000000000000000e+01 2.000000000000000000e+01 2.300000000000000000e+01 2.600000000000000000e+01 2.200000000000000000e+01 1.700000000000000000e+01 2.200000000000000000e+01 2.100000000000000000e+01 7.317073170731707155e-01
2.400000000000000000e+01 1.700000000000000000e+01 2.000000000000000000e+01 2.300000000000000000e+01 2.600000000000000000e+01 2.200000000000000000e+01 1.700000000000000000e+01 2.200000000000000000e+01 7.011494252873563537e-01
2.000000000000000000e+01 2.400000000000000000e+01 1.700000000000000000e+01 2.000000000000000000e+01 2.300000000000000000e+01 2.600000000000000000e+01 2.200000000000000000e+01 1.700000000000000000e+01 6.931818181818182323e-01
2.500000000000000000e+01 2.000000000000000000e+01 2.400000000000000000e+01 1.700000000000000000e+01 2.000000000000000000e+01 2.300000000000000000e+01 2.600000000000000000e+01 2.200000000000000000e+01 7.582417582417582125e-01
1.800000000000000000e+01 2.500000000000000000e+01 2.000000000000000000e+01 2.400000000000000000e+01 1.700000000000000000e+01 2.000000000000000000e+01 2.300000000000000000e+01 2.600000000000000000e+01 7.325581395348836899e-01
2.600000000000000000e+01 1.800000000000000000e+01 2.500000000000000000e+01 2.000000000000000000e+01 2.400000000000000000e+01 1.700000000000000000e+01 2.000000000000000000e+01 2.300000000000000000e+01 8.214285714285713969e-01
2.600000000000000000e+01 2.600000000000000000e+01 1.800000000000000000e+01 2.500000000000000000e+01 2.000000000000000000e+01 2.400000000000000000e+01 1.700000000000000000e+01 2.000000000000000000e+01 8.641975308641974829e-01
2.200000000000000000e+01 2.600000000000000000e+01 2.600000000000000000e+01 1.800000000000000000e+01 2.500000000000000000e+01 2.000000000000000000e+01 2.400000000000000000e+01 1.700000000000000000e+01 8.604651162790697416e-01
1.900000000000000000e+01 2.200000000000000000e+01 2.600000000000000000e+01 2.600000000000000000e+01 1.800000000000000000e+01 2.500000000000000000e+01 2.000000000000000000e+01 2.400000000000000000e+01 7.701149425287355799e-01
1.900000000000000000e+01 1.900000000000000000e+01 2.200000000000000000e+01 2.600000000000000000e+01 2.600000000000000000e+01 1.800000000000000000e+01 2.500000000000000000e+01 2.000000000000000000e+01 6.741573033707864981e-01
2.500000000000000000e+01 1.900000000000000000e+01 1.900000000000000000e+01 2.200000000000000000e+01 2.600000000000000000e+01 2.600000000000000000e+01 1.800000000000000000e+01 2.500000000000000000e+01 6.631578947368420573e-01
2.100000000000000000e+01 2.500000000000000000e+01 1.900000000000000000e+01 1.900000000000000000e+01 2.200000000000000000e+01 2.600000000000000000e+01 2.600000000000000000e+01 1.800000000000000000e+01 7.065217391304348116e-01
1.800000000000000000e+01 2.100000000000000000e+01 2.500000000000000000e+01 1.900000000000000000e+01 1.900000000000000000e+01 2.200000000000000000e+01 2.600000000000000000e+01 2.600000000000000000e+01 6.881720430107527431e-01
2.600000000000000000e+01 1.800000000000000000e+01 2.100000000000000000e+01 2.500000000000000000e+01 1.900000000000000000e+01 1.900000000000000000e+01 2.200000000000000000e+01 2.600000000000000000e+01 7.558139534883721034e-01
2.500000000000000000e+01 2.600000000000000000e+01 1.800000000000000000e+01 2.100000000000000000e+01 2.500000000000000000e+01 1.900000000000000000e+01 1.900000000000000000e+01 2.200000000000000000e+01 8.117647058823529438e-01
1.800000000000000000e+01 2.500000000000000000e+01 2.600000000000000000e+01 1.800000000000000000e+01 2.100000000000000000e+01 2.500000000000000000e+01 1.900000000000000000e+01 1.900000000000000000e+01 8.214285714285713969e-01
1.900000000000000000e+01 1.800000000000000000e+01 2.500000000000000000e+01 2.600000000000000000e+01 1.800000000000000000e+01 2.100000000000000000e+01 2.500000000000000000e+01 1.900000000000000000e+01 7.469879518072288782e-01
2.600000000000000000e+01 1.900000000000000000e+01 1.800000000000000000e+01 2.500000000000000000e+01 2.600000000000000000e+01 1.800000000000000000e+01 2.100000000000000000e+01 2.500000000000000000e+01 6.999999999999999556e-01
2.600000000000000000e+01 2.600000000000000000e+01 1.900000000000000000e+01 1.800000000000000000e+01 2.500000000000000000e+01 2.600000000000000000e+01 1.800000000000000000e+01 2.100000000000000000e+01 7.888888888888888618e-01
1.800000000000000000e+01 2.600000000000000000e+01 2.600000000000000000e+01 1.900000000000000000e+01 1.800000000000000000e+01 2.500000000000000000e+01 2.600000000000000000e+01 1.800000000000000000e+01 8.045977011494253039e-01
1.700000000000000000e+01 1.800000000000000000e+01 2.600000000000000000e+01 2.600000000000000000e+01 1.900000000000000000e+01 1.800000000000000000e+01 2.500000000000000000e+01 2.600000000000000000e+01 6.931818181818182323e-01
2.000000000000000000e+01 1.700000000000000000e+01 1.800000000000000000e+01 2.600000000000000000e+01 2.600000000000000000e+01 1.900000000000000000e+01 1.800000000000000000e+01 2.500000000000000000e+01 6.250000000000000000e-01
1.700000000000000000e+01 2.000000000000000000e+01 1.700000000000000000e+01 1.800000000000000000e+01 2.600000000000000000e+01 2.600000000000000000e+01 1.900000000000000000e+01 1.800000000000000000e+01 6.067415730337079038e-01
2.500000000000000000e+01 1.700000000000000000e+01 2.000000000000000000e+01 1.700000000000000000e+01 1.800000000000000000e+01 2.600000000000000000e+01 2.600000000000000000e+01 1.900000000000000000e+01 6.966292134831461036e-01
2.100000000000000000e+01 2.500000000000000000e+01 1.700000000000000000e+01 2.000000000000000000e+01 1.700000000000000000e+01 1.800000000000000000e+01 2.600000000000000000e+01 2.600000000000000000e+01 7.241379310344827624e-01
2.200000000000000000e+01 2.100000000000000000e+01 2.500000000000000000e+01 1.700000000000000000e+01 2.000000000000000000e+01 1.700000000000000000e+01 1.800000000000000000e+01 2.600000000000000000e+01 8.395061728395061262e-01
2.200000000000000000e+01 2.200000000000000000e+01 2.100000000000000000e+01 2.500000000000000000e+01 1.700000000000000000e+01 2.000000000000000000e+01 1.700000000000000000e+01 1.800000000000000000e+01 9.027777777777777901e-01
2.000000000000000000e+01 2.200000000000000000e+01 2.200000000000000000e+01 2.100000000000000000e+01 2.500000000000000000e+01 1.700000000000000000e+01 2.000000000000000000e+01 1.700000000000000000e+01 8.101265822784810000e-01
2.000000000000000000e+01 2.000000000000000000e+01 2.200000000000000000e+01 2.200000000000000000e+01 2.100000000000000000e+01 2.500000000000000000e+01 1.700000000000000000e+01 2.000000000000000000e+01 7.469879518072288782e-01
2.000000000000000000e+01 2.000000000000000000e+01 2.000000000000000000e+01 2.200000000000000000e+01 2.200000000000000000e+01 2.100000000000000000e+01 2.500000000000000000e+01 1.700000000000000000e+01 7.058823529411765163e-01
2.400000000000000000e+01 2.000000000000000000e+01 2.000000000000000000e+01 2.000000000000000000e+01 2.200000000000000000e+01 2.200000000000000000e+01 2.100000000000000000e+01 2.500000000000000000e+01 7.111111111111111382e-01
1.900000000000000000e+01 2.400000000000000000e+01 2.000000000000000000e+01 2.000000000000000000e+01 2.000000000000000000e+01 2.200000000000000000e+01 2.200000000000000000e+01 2.100000000000000000e+01 7.411764705882353255e-01
2.200000000000000000e+01 1.900000000000000000e+01 2.400000000000000000e+01 2.000000000000000000e+01 2.000000000000000000e+01 2.000000000000000000e+01 2.200000000000000000e+01 2.200000000000000000e+01 7.738095238095238360e-01
2.100000000000000000e+01 2.200000000000000000e+01 1.900000000000000000e+01 2.400000000000000000e+01 2.000000000000000000e+01 2.000000000000000000e+01 2.000000000000000000e+01 2.200000000000000000e+01 7.560975609756097615e-01
2.300000000000000000e+01 2.100000000000000000e+01 2.200000000000000000e+01 1.900000000000000000e+01 2.400000000000000000e+01 2.000000000000000000e+01 2.000000000000000000e+01 2.000000000000000000e+01 7.857142857142856984e-01
1.700000000000000000e+01 2.300000000000000000e+01 2.100000000000000000e+01 2.200000000000000000e+01 1.900000000000000000e+01 2.400000000000000000e+01 2.000000000000000000e+01 2.000000000000000000e+01 7.349397590361446131e-01
2.200000000000000000e+01 1.700000000000000000e+01 2.300000000000000000e+01 2.100000000000000000e+01 2.200000000000000000e+01 1.900000000000000000e+01 2.400000000000000000e+01 2.000000000000000000e+01 7.294117647058823151e-01
2.300000000000000000e+01 2.200000000000000000e+01 1.700000000000000000e+01 2.300000000000000000e+01 2.100000000000000000e+01 2.200000000000000000e+01 1.900000000000000000e+01 2.400000000000000000e+01 7.209302325581394832e-01
2.200000000000000000e+01 2.300000000000000000e+01 2.200000000000000000e+01 1.700000000000000000e+01 2.300000000000000000e+01 2.100000000000000000e+01 2.200000000000000000e+01 1.900000000000000000e+01 7.882352941176470340e-01
2.200000000000000000e+01 2.200000000000000000e+01 2.300000000000000000e+01 2.200000000000000000e+01 1.700000000000000000e+01 2.300000000000000000e+01 2.100000000000000000e+01 2.200000000000000000e+01 8.072289156626506479e-01
1.900000000000000000e+01 2.200000000000000000e+01 2.200000000000000000e+01 2.300000000000000000e+01 2.200000000000000000e+01 1.700000000000000000e+01 2.300000000000000000e+01 2.100000000000000000e+01 7.590361445783132543e-01
1.800000000000000000e+01 1.900000000000000000e+01 2.200000000000000000e+01 2.200000000000000000e+01 2.300000000000000000e+01 2.200000000000000000e+01 1.700000000000000000e+01 2.300000000000000000e+01 6.941176470588235059e-01
2.000000000000000000e+01 1.800000000000000000e+01 1.900000000000000000e+01 2.200000000000000000e+01 2.200000000000000000e+01 2.300000000000000000e+01 2.200000000000000000e+01 1.700000000000000000e+01 6.785714285714286031e-01
2.100000000000000000e+01 2.000000000000000000e+01 1.800000000000000000e+01 1.900000000000000000e+01 2.200000000000000000e+01 2.200000000000000000e+01 2.300000000000000000e+01 2.200000000000000000e+01 6.629213483146066954e-01
1.900000000000000000e+01 2.100000000000000000e+01 2.000000000000000000e+01 1.800000000000000000e+01 1.900000000000000000e+01 2.200000000000000000e+01 2.200000000000000000e+01 2.300000000000000000e+01 6.976744186046511809e-01
2.000000000000000000e+01 1.900000000000000000e+01 2.100000000000000000e+01 2.000000000000000000e+01 1.800000000000000000e+01 1.900000000000000000e+01 2.200000000000000000e+01 2.200000000000000000e+01 7.407407407407406996e-01
1.300000000000000000e+01 2.000000000000000000e+01 1.900000000000000000e+01 2.100000000000000000e+01 2.000000000000000000e+01 1.800000000000000000e+01 1.900000000000000000e+01 2.200000000000000000e+01 6.582278481012657778e-01
1.200000000000000000e+01 1.300000000000000000e+01 2.000000000000000000e+01 1.900000000000000000e+01 2.100000000000000000e+01 2.000000000000000000e+01 1.800000000000000000e+01 1.900000000000000000e+01 5.769230769230768718e-01
9.000000000000000000e+00 1.200000000000000000e+01 1.300000000000000000e+01 2.000000000000000000e+01 1.900000000000000000e+01 2.100000000000000000e+01 2.000000000000000000e+01 1.800000000000000000e+01 4.358974358974359031e-01
8.000000000000000000e+00 9.000000000000000000e+00 1.200000000000000000e+01 1.300000000000000000e+01 2.000000000000000000e+01 1.900000000000000000e+01 2.100000000000000000e+01 2.000000000000000000e+01 3.624999999999999889e-01
4.000000000000000000e+00 8.000000000000000000e+00 9.000000000000000000e+00 1.200000000000000000e+01 1.300000000000000000e+01 2.000000000000000000e+01 1.900000000000000000e+01 2.100000000000000000e+01 2.876712328767123128e-01
3.000000000000000000e+00 4.000000000000000000e+00 8.000000000000000000e+00 9.000000000000000000e+00 1.200000000000000000e+01 1.300000000000000000e+01 2.000000000000000000e+01 1.900000000000000000e+01 2.343750000000000000e-01
5.000000000000000000e+00 3.000000000000000000e+00 4.000000000000000000e+00 8.000000000000000000e+00 9.000000000000000000e+00 1.200000000000000000e+01 1.300000000000000000e+01 2.000000000000000000e+01 2.222222222222222099e-01
4.000000000000000000e+00 5.000000000000000000e+00 3.000000000000000000e+00 4.000000000000000000e+00 8.000000000000000000e+00 9.000000000000000000e+00 1.200000000000000000e+01 1.300000000000000000e+01 2.857142857142856984e-01
1.200000000000000000e+01 4.000000000000000000e+00 5.000000000000000000e+00 3.000000000000000000e+00 4.000000000000000000e+00 8.000000000000000000e+00 9.000000000000000000e+00 1.200000000000000000e+01 6.363636363636363535e-01
6.000000000000000000e+00 1.200000000000000000e+01 4.000000000000000000e+00 5.000000000000000000e+00 3.000000000000000000e+00 4.000000000000000000e+00 8.000000000000000000e+00 9.000000000000000000e+00 9.166666666666666297e-01
5.000000000000000000e+00 6.000000000000000000e+00 1.200000000000000000e+01 4.000000000000000000e+00 5.000000000000000000e+00 3.000000000000000000e+00 4.000000000000000000e+00 8.000000000000000000e+00 1.149999999999999911e+00
1.200000000000000000e+01 5.000000000000000000e+00 6.000000000000000000e+00 1.200000000000000000e+01 4.000000000000000000e+00 5.000000000000000000e+00 3.000000000000000000e+00 4.000000000000000000e+00 1.437500000000000000e+00
1.600000000000000000e+01 1.200000000000000000e+01 5.000000000000000000e+00 6.000000000000000000e+00 1.200000000000000000e+01 4.000000000000000000e+00 5.000000000000000000e+00 3.000000000000000000e+00 1.375000000000000000e+00
1.300000000000000000e+01 1.600000000000000000e+01 1.200000000000000000e+01 5.000000000000000000e+00 6.000000000000000000e+00 1.200000000000000000e+01 4.000000000000000000e+00 5.000000000000000000e+00 1.518518518518518601e+00
1.100000000000000000e+01 1.300000000000000000e+01 1.600000000000000000e+01 1.200000000000000000e+01 5.000000000000000000e+00 6.000000000000000000e+00 1.200000000000000000e+01 4.000000000000000000e+00 1.481481481481481399e+00
1.700000000000000000e+01 1.100000000000000000e+01 1.300000000000000000e+01 1.600000000000000000e+01 1.200000000000000000e+01 5.000000000000000000e+00 6.000000000000000000e+00 1.200000000000000000e+01 1.171428571428571486e+00
1.900000000000000000e+01 1.700000000000000000e+01 1.100000000000000000e+01 1.300000000000000000e+01 1.600000000000000000e+01 1.200000000000000000e+01 5.000000000000000000e+00 6.000000000000000000e+00 1.205128205128205066e+00
1.500000000000000000e+01 1.900000000000000000e+01 1.700000000000000000e+01 1.100000000000000000e+01 1.300000000000000000e+01 1.600000000000000000e+01 1.200000000000000000e+01 5.000000000000000000e+00 1.108695652173913082e+00
1.900000000000000000e+01 1.500000000000000000e+01 1.900000000000000000e+01 1.700000000000000000e+01 1.100000000000000000e+01 1.300000000000000000e+01 1.600000000000000000e+01 1.200000000000000000e+01 1.019230769230769162e+00
1.900000000000000000e+01 1.900000000000000000e+01 1.500000000000000000e+01 1.900000000000000000e+01 1.700000000000000000e+01 1.100000000000000000e+01 1.300000000000000000e+01 1.600000000000000000e+01 9.298245614035087758e-01
2.000000000000000000e+01 1.900000000000000000e+01 1.900000000000000000e+01 1.500000000000000000e+01 1.900000000000000000e+01 1.700000000000000000e+01 1.100000000000000000e+01 1.300000000000000000e+01 9.666666666666666741e-01
2.400000000000000000e+01 2.000000000000000000e+01 1.900000000000000000e+01 1.900000000000000000e+01 1.500000000000000000e+01 1.900000000000000000e+01 1.700000000000000000e+01 1.100000000000000000e+01 1.016129032258064502e+00
1.700000000000000000e+01 2.400000000000000000e+01 2.000000000000000000e+01 1.900000000000000000e+01 1.900000000000000000e+01 1.500000000000000000e+01 1.900000000000000000e+01 1.700000000000000000e+01 8.714285714285714413e-01
2.000000000000000000e+01 1.700000000000000000e+01 2.400000000000000000e+01 2.000000000000000000e+01 1.900000000000000000e+01 1.900000000000000000e+01 1.500000000000000000e+01 1.900000000000000000e+01 8.472222222222222099e-01
2.600000000000000000e+01 2.000000000000000000e+01 1.700000000000000000e+01 2.400000000000000000e+01 2.000000000000000000e+01 1.900000000000000000e+01 1.900000000000000000e+01 1.500000000000000000e+01 8.630136986301369939e-01
2.600000000000000000e+01 2.600000000000000000e+01 2.000000000000000000e+01 1.700000000000000000e+01 2.400000000000000000e+01 2.000000000000000000e+01 1.900000000000000000e+01 1.900000000000000000e+01 8.780487804878048808e-01
2.000000000000000000e+01 2.600000000000000000e+01 2.600000000000000000e+01 2.000000000000000000e+01 1.700000000000000000e+01 2.400000000000000000e+01 2.000000000000000000e+01 1.900000000000000000e+01 9.000000000000000222e-01
3.100000000000000000e+01 2.000000000000000000e+01 2.600000000000000000e+01 2.600000000000000000e+01 2.000000000000000000e+01 1.700000000000000000e+01 2.400000000000000000e+01 2.000000000000000000e+01 9.506172839506172867e-01
3.000000000000000000e+01 3.100000000000000000e+01 2.000000000000000000e+01 2.600000000000000000e+01 2.600000000000000000e+01 2.000000000000000000e+01 1.700000000000000000e+01 2.400000000000000000e+01 9.310344827586206629e-01
2.000000000000000000e+01 3.000000000000000000e+01 3.100000000000000000e+01 2.000000000000000000e+01 2.600000000000000000e+01 2.600000000000000000e+01 2.000000000000000000e+01 1.700000000000000000e+01 9.101123595505618002e-01
2.100000000000000000e+01 2.000000000000000000e+01 3.000000000000000000e+01 3.100000000000000000e+01 2.000000000000000000e+01 2.600000000000000000e+01 2.600000000000000000e+01 2.000000000000000000e+01 7.717391304347825942e-01
2.800000000000000000e+01 2.100000000000000000e+01 2.000000000000000000e+01 3.000000000000000000e+01 3.100000000000000000e+01 2.000000000000000000e+01 2.600000000000000000e+01 2.600000000000000000e+01 6.699029126213592589e-01
3.000000000000000000e+01 2.800000000000000000e+01 2.100000000000000000e+01 2.000000000000000000e+01 3.000000000000000000e+01 3.100000000000000000e+01 2.000000000000000000e+01 2.600000000000000000e+01 7.383177570093457653e-01
3.300000000000000000e+01 3.000000000000000000e+01 2.800000000000000000e+01 2.100000000000000000e+01 2.000000000000000000e+01 3.000000000000000000e+01 3.100000000000000000e+01 2.000000000000000000e+01 9.009900990099010132e-01
2.300000000000000000e+01 3.300000000000000000e+01 3.000000000000000000e+01 2.800000000000000000e+01 2.100000000000000000e+01 2.000000000000000000e+01 3.000000000000000000e+01 3.100000000000000000e+01 8.431372549019607865e-01
3.100000000000000000e+01 2.300000000000000000e+01 3.300000000000000000e+01 3.000000000000000000e+01 2.800000000000000000e+01 2.100000000000000000e+01 2.000000000000000000e+01 3.000000000000000000e+01 8.787878787878787845e-01
