2.177615384615384997e+01 2.165015384615384519e+01 2.076796875000000142e+01 2.197951612903226604e+01 3.208984615384614614e+01 2.621861538461538288e+01 1.776984126984127244e+01 2.177781249999999957e+01 6.560067936486030371e-01
1.890328124999999915e+01 2.177615384615384997e+01 2.165015384615384519e+01 2.076796875000000142e+01 2.197951612903226604e+01 3.208984615384614614e+01 2.621861538461538288e+01 1.776984126984127244e+01 6.356411922861562314e-01
2.121904761904762182e+01 1.890328124999999915e+01 2.177615384615384997e+01 2.165015384615384519e+01 2.076796875000000142e+01 2.197951612903226604e+01 3.208984615384614614e+01 2.621861538461538288e+01 6.125169760864880297e-01
2.167181818181818187e+01 2.121904761904762182e+01 1.890328124999999915e+01 2.177615384615384997e+01 2.165015384615384519e+01 2.076796875000000142e+01 2.197951612903226604e+01 3.208984615384614614e+01 6.404369139514624054e-01
2.048390625000000043e+01 2.167181818181818187e+01 2.121904761904762182e+01 1.890328124999999915e+01 2.177615384615384997e+01 2.165015384615384519e+01 2.076796875000000142e+01 2.197951612903226604e+01 7.354297653593495632e-01
1.982950819672131004e+01 2.048390625000000043e+01 2.167181818181818187e+01 2.121904761904762182e+01 1.890328124999999915e+01 2.177615384615384997e+01 2.165015384615384519e+01 2.076796875000000142e+01 7.459332662706816830e-01
1.974370967741935345e+01 1.982950819672131004e+01 2.048390625000000043e+01 2.167181818181818187e+01 2.121904761904762182e+01 1.890328124999999915e+01 2.177615384615384997e+01 2.165015384615384519e+01 7.188282968572052845e-01
1.780499999999999972e+01 1.974370967741935345e+01 1.982950819672131004e+01 2.048390625000000043e+01 2.167181818181818187e+01 2.121904761904762182e+01 1.890328124999999915e+01 2.177615384615384997e+01 6.865862304940788530e-01
1.642571428571428882e+01 1.780499999999999972e+01 1.974370967741935345e+01 1.982950819672131004e+01 2.048390625000000043e+01 2.167181818181818187e+01 2.121904761904762182e+01 1.890328124999999915e+01 6.560002552049402080e-01
1.482634920634920661e+01 1.642571428571428882e+01 1.780499999999999972e+01 1.974370967741935345e+01 1.982950819672131004e+01 2.048390625000000043e+01 2.167181818181818187e+01 2.121904761904762182e+01 5.895978349441478583e-01
1.783158730158729810e+01 1.482634920634920661e+01 1.642571428571428882e+01 1.780499999999999972e+01 1.974370967741935345e+01 1.982950819672131004e+01 2.048390625000000043e+01 2.167181818181818187e+01 6.005663282647437651e-01
1.847296874999999972e+01 1.783158730158729810e+01 1.482634920634920661e+01 1.642571428571428882e+01 1.780499999999999972e+01 1.974370967741935345e+01 1.982950819672131004e+01 2.048390625000000043e+01 6.566852090551134058e-01
1.764161290322580555e+01 1.847296874999999972e+01 1.783158730158729810e+01 1.482634920634920661e+01 1.642571428571428882e+01 1.780499999999999972e+01 1.974370967741935345e+01 1.982950819672131004e+01 7.309389537398751635e-01
1.838190476190476375e+01 1.764161290322580555e+01 1.847296874999999972e+01 1.783158730158729810e+01 1.482634920634920661e+01 1.642571428571428882e+01 1.780499999999999972e+01 1.974370967741935345e+01 7.920911917789745793e-01
1.933587301587301610e+01 1.838190476190476375e+01 1.764161290322580555e+01 1.847296874999999972e+01 1.783158730158729810e+01 1.482634920634920661e+01 1.642571428571428882e+01 1.780499999999999972e+01 8.276350326124147783e-01
1.786507936507936734e+01 1.933587301587301610e+01 1.838190476190476375e+01 1.764161290322580555e+01 1.847296874999999972e+01 1.783158730158729810e+01 1.482634920634920661e+01 1.642571428571428882e+01 8.227595980722960389e-01
1.812758064516128798e+01 1.786507936507936734e+01 1.933587301587301610e+01 1.838190476190476375e+01 1.764161290322580555e+01 1.847296874999999972e+01 1.783158730158729810e+01 1.482634920634920661e+01 8.045151538068761043e-01
1.975634920634920988e+01 1.812758064516128798e+01 1.786507936507936734e+01 1.933587301587301610e+01 1.838190476190476375e+01 1.764161290322580555e+01 1.847296874999999972e+01 1.783158730158729810e+01 7.707796758826729322e-01
2.170714285714286262e+01 1.975634920634920988e+01 1.812758064516128798e+01 1.786507936507936734e+01 1.933587301587301610e+01 1.838190476190476375e+01 1.764161290322580555e+01 1.847296874999999972e+01 8.071132111705202616e-01
2.234296875000000071e+01 2.170714285714286262e+01 1.975634920634920988e+01 1.812758064516128798e+01 1.786507936507936734e+01 1.933587301587301610e+01 1.838190476190476375e+01 1.764161290322580555e+01 8.713816675400481992e-01
2.462687499999999829e+01 2.234296875000000071e+01 2.170714285714286262e+01 1.975634920634920988e+01 1.812758064516128798e+01 1.786507936507936734e+01 1.933587301587301610e+01 1.838190476190476375e+01 9.317131829368435758e-01
2.284508196721311890e+01 2.462687499999999829e+01 2.234296875000000071e+01 2.170714285714286262e+01 1.975634920634920988e+01 1.812758064516128798e+01 1.786507936507936734e+01 1.933587301587301610e+01 9.298133477930486945e-01
1.992125000000000057e+01 2.284508196721311890e+01 2.462687499999999829e+01 2.234296875000000071e+01 2.170714285714286262e+01 1.975634920634920988e+01 1.812758064516128798e+01 1.786507936507936734e+01 8.700820420701973479e-01
1.980437500000000028e+01 1.992125000000000057e+01 2.284508196721311890e+01 2.462687499999999829e+01 2.234296875000000071e+01 2.170714285714286262e+01 1.975634920634920988e+01 1.812758064516128798e+01 7.636716785023764942e-01
1.995698412698412483e+01 1.980437500000000028e+01 1.992125000000000057e+01 2.284508196721311890e+01 2.462687499999999829e+01 2.234296875000000071e+01 2.170714285714286262e+01 1.975634920634920988e+01 6.748881355426432638e-01
1.593704918032787177e+01 1.995698412698412483e+01 1.980437500000000028e+01 1.992125000000000057e+01 2.284508196721311890e+01 2.462687499999999829e+01 2.234296875000000071e+01 2.170714285714286262e+01 6.085789927492789575e-01
1.464428571428571146e+01 1.593704918032787177e+01 1.995698412698412483e+01 1.980437500000000028e+01 1.992125000000000057e+01 2.284508196721311890e+01 2.462687499999999829e+01 2.234296875000000071e+01 5.631877959771746101e-01
1.422453125000000007e+01 1.464428571428571146e+01 1.593704918032787177e+01 1.995698412698412483e+01 1.980437500000000028e+01 1.992125000000000057e+01 2.284508196721311890e+01 2.462687499999999829e+01 5.138429889198177225e-01
1.293365079365079495e+01 1.422453125000000007e+01 1.464428571428571146e+01 1.593704918032787177e+01 1.995698412698412483e+01 1.980437500000000028e+01 1.992125000000000057e+01 2.284508196721311890e+01 5.065265634321830523e-01
1.317377049180327653e+01 1.293365079365079495e+01 1.422453125000000007e+01 1.464428571428571146e+01 1.593704918032787177e+01 1.995698412698412483e+01 1.980437500000000028e+01 1.992125000000000057e+01 5.333527476618364904e-01
1.765460317460317441e+01 1.317377049180327653e+01 1.293365079365079495e+01 1.422453125000000007e+01 1.464428571428571146e+01 1.593704918032787177e+01 1.995698412698412483e+01 1.980437500000000028e+01 6.221260795985543712e-01
2.171921875000000313e+01 1.765460317460317441e+01 1.317377049180327653e+01 1.293365079365079495e+01 1.422453125000000007e+01 1.464428571428571146e+01 1.593704918032787177e+01 1.995698412698412483e+01 8.113848015650360068e-01
2.459873015873015589e+01 2.171921875000000313e+01 1.765460317460317441e+01 1.317377049180327653e+01 1.293365079365079495e+01 1.422453125000000007e+01 1.464428571428571146e+01 1.593704918032787177e+01 1.107950940284681662e+00
2.889693548387096200e+01 2.459873015873015589e+01 2.171921875000000313e+01 1.765460317460317441e+01 1.317377049180327653e+01 1.293365079365079495e+01 1.422453125000000007e+01 1.464428571428571146e+01 1.368134430204619223e+00
2.892301587301587062e+01 2.889693548387096200e+01 2.459873015873015589e+01 2.171921875000000313e+01 1.765460317460317441e+01 1.317377049180327653e+01 1.293365079365079495e+01 1.422453125000000007e+01 1.421341214465721370e+00
3.162887096774193552e+01 2.892301587301587062e+01 2.889693548387096200e+01 2.459873015873015589e+01 2.171921875000000313e+01 1.765460317460317441e+01 1.317377049180327653e+01 1.293365079365079495e+01 1.366022053638870970e+00
3.206158730158730208e+01 3.162887096774193552e+01 2.892301587301587062e+01 2.889693548387096200e+01 2.459873015873015589e+01 2.171921875000000313e+01 1.765460317460317441e+01 1.317377049180327653e+01 1.200491106392586493e+00
2.876225806451612854e+01 3.206158730158730208e+01 3.162887096774193552e+01 2.892301587301587062e+01 2.889693548387096200e+01 2.459873015873015589e+01 2.171921875000000313e+01 1.765460317460317441e+01 9.955122910196168018e-01
2.792412698412698191e+01 2.876225806451612854e+01 3.206158730158730208e+01 3.162887096774193552e+01 2.892301587301587062e+01 2.889693548387096200e+01 2.459873015873015589e+01 2.171921875000000313e+01 8.522158803266379756e-01
2.670333333333333670e+01 2.792412698412698191e+01 2.876225806451612854e+01 3.206158730158730208e+01 3.162887096774193552e+01 2.892301587301587062e+01 2.889693548387096200e+01 2.459873015873015589e+01 7.311837612135003717e-01
2.049983870967741950e+01 2.670333333333333670e+01 2.792412698412698191e+01 2.876225806451612854e+01 3.206158730158730208e+01 3.162887096774193552e+01 2.892301587301587062e+01 2.889693548387096200e+01 6.182787076287569183e-01
2.163966666666666683e+01 2.049983870967741950e+01 2.670333333333333670e+01 2.792412698412698191e+01 2.876225806451612854e+01 3.206158730158730208e+01 3.162887096774193552e+01 2.892301587301587062e+01 5.671878344869487609e-01
2.626906250000000043e+01 2.163966666666666683e+01 2.049983870967741950e+01 2.670333333333333670e+01 2.792412698412698191e+01 2.876225806451612854e+01 3.206158730158730208e+01 3.162887096774193552e+01 5.682867733592631421e-01
2.831793650793650485e+01 2.626906250000000043e+01 2.163966666666666683e+01 2.049983870967741950e+01 2.670333333333333670e+01 2.792412698412698191e+01 2.876225806451612854e+01 3.206158730158730208e+01 6.602494898024803271e-01
2.829539682539682843e+01 2.831793650793650485e+01 2.626906250000000043e+01 2.163966666666666683e+01 2.049983870967741950e+01 2.670333333333333670e+01 2.792412698412698191e+01 2.876225806451612854e+01 7.977933312412958111e-01
3.403950819672130734e+01 2.829539682539682843e+01 2.831793650793650485e+01 2.626906250000000043e+01 2.163966666666666683e+01 2.049983870967741950e+01 2.670333333333333670e+01 2.792412698412698191e+01 9.368159978985346470e-01
2.898047619047619605e+01 3.403950819672130734e+01 2.829539682539682843e+01 2.831793650793650485e+01 2.626906250000000043e+01 2.163966666666666683e+01 2.049983870967741950e+01 2.670333333333333670e+01 9.600836493772370028e-01
3.022171875000000085e+01 2.898047619047619605e+01 3.403950819672130734e+01 2.829539682539682843e+01 2.831793650793650485e+01 2.626906250000000043e+01 2.163966666666666683e+01 2.049983870967741950e+01 9.639726332584245272e-01
3.116838709677418962e+01 3.022171875000000085e+01 2.898047619047619605e+01 3.403950819672130734e+01 2.829539682539682843e+01 2.831793650793650485e+01 2.626906250000000043e+01 2.163966666666666683e+01 8.646077189421169651e-01
3.534344262295082473e+01 3.116838709677418962e+01 3.022171875000000085e+01 2.898047619047619605e+01 3.403950819672130734e+01 2.829539682539682843e+01 2.831793650793650485e+01 2.626906250000000043e+01 8.273347006465080478e-01
3.831903225806451729e+01 3.534344262295082473e+01 3.116838709677418962e+01 3.022171875000000085e+01 2.898047619047619605e+01 3.403950819672130734e+01 2.829539682539682843e+01 2.831793650793650485e+01 8.762681164011471013e-01
4.388843749999999488e+01 3.831903225806451729e+01 3.534344262295082473e+01 3.116838709677418962e+01 3.022171875000000085e+01 2.898047619047619605e+01 3.403950819672130734e+01 2.829539682539682843e+01 9.672018866436188356e-01
4.829693548387098190e+01 4.388843749999999488e+01 3.831903225806451729e+01 3.534344262295082473e+01 3.116838709677418962e+01 3.022171875000000085e+01 2.898047619047619605e+01 3.403950819672130734e+01 1.048985697193069777e+00
4.989639344262295850e+01 4.829693548387098190e+01 4.388843749999999488e+01 3.831903225806451729e+01 3.534344262295082473e+01 3.116838709677418962e+01 3.022171875000000085e+01 2.898047619047619605e+01 1.130198216233502251e+00
5.310656249999999545e+01 4.989639344262295850e+01 4.829693548387098190e+01 4.388843749999999488e+01 3.831903225806451729e+01 3.534344262295082473e+01 3.116838709677418962e+01 3.022171875000000085e+01 1.120303592949862148e+00
6.331078124999999801e+01 5.310656249999999545e+01 4.989639344262295850e+01 4.829693548387098190e+01 4.388843749999999488e+01 3.831903225806451729e+01 3.534344262295082473e+01 3.116838709677418962e+01 1.118306351472971194e+00
6.002516129032257908e+01 6.331078124999999801e+01 5.310656249999999545e+01 4.989639344262295850e+01 4.829693548387098190e+01 4.388843749999999488e+01 3.831903225806451729e+01 3.534344262295082473e+01 1.063881788710743903e+00
6.326532258064516157e+01 6.002516129032257908e+01 6.331078124999999801e+01 5.310656249999999545e+01 4.989639344262295850e+01 4.829693548387098190e+01 4.388843749999999488e+01 3.831903225806451729e+01 1.034370504352650766e+00
7.045904761904760960e+01 6.326532258064516157e+01 6.002516129032257908e+01 6.331078124999999801e+01 5.310656249999999545e+01 4.989639344262295850e+01 4.829693548387098190e+01 4.388843749999999488e+01 9.926286707592010261e-01
7.047999999999998977e+01 7.045904761904760960e+01 6.326532258064516157e+01 6.002516129032257908e+01 6.331078124999999801e+01 5.310656249999999545e+01 4.989639344262295850e+01 4.829693548387098190e+01 9.515107876648439822e-01
5.994322580645161480e+01 7.047999999999998977e+01 7.045904761904760960e+01 6.326532258064516157e+01 6.002516129032257908e+01 6.331078124999999801e+01 5.310656249999999545e+01 4.989639344262295850e+01 8.875287225126949897e-01
5.807500000000000284e+01 5.994322580645161480e+01 7.047999999999998977e+01 7.045904761904760960e+01 6.326532258064516157e+01 6.002516129032257908e+01 6.331078124999999801e+01 5.310656249999999545e+01 7.863665850099393895e-01
6.496523809523809234e+01 5.807500000000000284e+01 5.994322580645161480e+01 7.047999999999998977e+01 7.045904761904760960e+01 6.326532258064516157e+01 6.002516129032257908e+01 6.331078124999999801e+01 7.118308616031086000e-01
7.522285714285715130e+01 6.496523809523809234e+01 5.807500000000000284e+01 5.994322580645161480e+01 7.047999999999998977e+01 7.045904761904760960e+01 6.326532258064516157e+01 6.002516129032257908e+01 7.503441955184604328e-01
9.058328124999999886e+01 7.522285714285715130e+01 6.496523809523809234e+01 5.807500000000000284e+01 5.994322580645161480e+01 7.047999999999998977e+01 7.045904761904760960e+01 6.326532258064516157e+01 8.736455677708582224e-01
9.785540983606557575e+01 9.058328124999999886e+01 7.522285714285715130e+01 6.496523809523809234e+01 5.807500000000000284e+01 5.994322580645161480e+01 7.047999999999998977e+01 7.045904761904760960e+01 1.018166220014580237e+00
1.237749999999999915e+02 9.785540983606557575e+01 9.058328124999999886e+01 7.522285714285715130e+01 6.496523809523809234e+01 5.807500000000000284e+01 5.994322580645161480e+01 7.047999999999998977e+01 1.231789727324026362e+00
1.182898437500000028e+02 1.237749999999999915e+02 9.785540983606557575e+01 9.058328124999999886e+01 7.522285714285715130e+01 6.496523809523809234e+01 5.807500000000000284e+01 5.994322580645161480e+01 1.316467591540569249e+00
5.868062499999999204e+01 1.182898437500000028e+02 1.237749999999999915e+02 9.785540983606557575e+01 9.058328124999999886e+01 7.522285714285715130e+01 6.496523809523809234e+01 5.807500000000000284e+01 1.041195227742090612e+00
4.313967213114752752e+01 5.868062499999999204e+01 1.182898437500000028e+02 1.237749999999999915e+02 9.785540983606557575e+01 9.058328124999999886e+01 7.522285714285715130e+01 6.496523809523809234e+01 6.697875828783739216e-01
5.960714285714284699e+01 4.313967213114752752e+01 5.868062499999999204e+01 1.182898437500000028e+02 1.237749999999999915e+02 9.785540983606557575e+01 9.058328124999999886e+01 7.522285714285715130e+01 4.166551677331911119e-01
6.813843750000000909e+01 5.960714285714284699e+01 4.313967213114752752e+01 5.868062499999999204e+01 1.182898437500000028e+02 1.237749999999999915e+02 9.785540983606557575e+01 9.058328124999999886e+01 3.969427395140041059e-01
7.599812499999998749e+01 6.813843750000000909e+01 5.960714285714284699e+01 4.313967213114752752e+01 5.868062499999999204e+01 1.182898437500000028e+02 1.237749999999999915e+02 9.785540983606557575e+01 5.111471557209593675e-01
7.880704918032786566e+01 7.599812499999998749e+01 6.813843750000000909e+01 5.960714285714284699e+01 4.313967213114752752e+01 5.868062499999999204e+01 1.182898437500000028e+02 1.237749999999999915e+02 6.483083599049165313e-01
7.781603174603174011e+01 7.880704918032786566e+01 7.599812499999998749e+01 6.813843750000000909e+01 5.960714285714284699e+01 4.313967213114752752e+01 5.868062499999999204e+01 1.182898437500000028e+02 8.316297184696140876e-01
7.606203124999998977e+01 7.781603174603174011e+01 7.880704918032786566e+01 7.599812499999998749e+01 6.813843750000000909e+01 5.960714285714284699e+01 4.313967213114752752e+01 5.868062499999999204e+01 1.013587536275848855e+00
8.516046874999999261e+01 7.606203124999998977e+01 7.781603174603174011e+01 7.880704918032786566e+01 7.599812499999998749e+01 6.813843750000000909e+01 5.960714285714284699e+01 4.313967213114752752e+01 9.682244879259610526e-01
9.406612903225806122e+01 8.516046874999999261e+01 7.606203124999998977e+01 7.781603174603174011e+01 7.880704918032786566e+01 7.599812499999998749e+01 6.813843750000000909e+01 5.960714285714284699e+01 9.035142356995643498e-01
1.020217460317460478e+02 9.406612903225806122e+01 8.516046874999999261e+01 7.606203124999998977e+01 7.781603174603174011e+01 7.880704918032786566e+01 7.599812499999998749e+01 6.813843750000000909e+01 9.351266034562485396e-01
8.949296875000000284e+01 1.020217460317460478e+02 9.406612903225806122e+01 8.516046874999999261e+01 7.606203124999998977e+01 7.781603174603174011e+01 7.880704918032786566e+01 7.599812499999998749e+01 9.251582509834944679e-01
9.401523809523807529e+01 8.949296875000000284e+01 1.020217460317460478e+02 9.406612903225806122e+01 8.516046874999999261e+01 7.606203124999998977e+01 7.781603174603174011e+01 7.880704918032786566e+01 8.983291573373721750e-01
1.029841935483870827e+02 9.401523809523807529e+01 8.949296875000000284e+01 1.020217460317460478e+02 9.406612903225806122e+01 8.516046874999999261e+01 7.606203124999998977e+01 7.781603174603174011e+01 8.600672224887023765e-01
9.328873015873016072e+01 1.029841935483870827e+02 9.401523809523807529e+01 8.949296875000000284e+01 1.020217460317460478e+02 9.406612903225806122e+01 8.516046874999999261e+01 7.606203124999998977e+01 8.124257845867384198e-01
9.216793650793653114e+01 9.328873015873016072e+01 1.029841935483870827e+02 9.401523809523807529e+01 8.949296875000000284e+01 1.020217460317460478e+02 9.406612903225806122e+01 8.516046874999999261e+01 7.780111102812636847e-01
8.801015624999999432e+01 9.216793650793653114e+01 9.328873015873016072e+01 1.029841935483870827e+02 9.401523809523807529e+01 8.949296875000000284e+01 1.020217460317460478e+02 9.406612903225806122e+01 7.204152939124646160e-01
9.432549999999997681e+01 8.801015624999999432e+01 9.216793650793653114e+01 9.328873015873016072e+01 1.029841935483870827e+02 9.401523809523807529e+01 8.949296875000000284e+01 1.020217460317460478e+02 7.065472268734115380e-01
9.404890624999998749e+01 9.432549999999997681e+01 8.801015624999999432e+01 9.216793650793653114e+01 9.328873015873016072e+01 1.029841935483870827e+02 9.401523809523807529e+01 8.949296875000000284e+01 7.277469580914277536e-01
1.058304687499999943e+02 9.404890624999998749e+01 9.432549999999997681e+01 8.801015624999999432e+01 9.216793650793653114e+01 9.328873015873016072e+01 1.029841935483870827e+02 9.401523809523807529e+01 7.692513632278585867e-01
9.749671874999999943e+01 1.058304687499999943e+02 9.404890624999998749e+01 9.432549999999997681e+01 8.801015624999999432e+01 9.216793650793653114e+01 9.328873015873016072e+01 1.029841935483870827e+02 7.899463163691727852e-01
9.867819672131147968e+01 9.749671874999999943e+01 1.058304687499999943e+02 9.404890624999998749e+01 9.432549999999997681e+01 8.801015624999999432e+01 9.216793650793653114e+01 9.328873015873016072e+01 8.211302014853065767e-01
1.033468253968253947e+02 9.867819672131147968e+01 9.749671874999999943e+01 1.058304687499999943e+02 9.404890624999998749e+01 9.432549999999997681e+01 8.801015624999999432e+01 9.216793650793653114e+01 8.126976256418950717e-01
9.786968749999999773e+01 1.033468253968253947e+02 9.867819672131147968e+01 9.749671874999999943e+01 1.058304687499999943e+02 9.404890624999998749e+01 9.432549999999997681e+01 8.801015624999999432e+01 7.846230134836877923e-01
7.321125000000000682e+01 9.786968749999999773e+01 1.033468253968253947e+02 9.867819672131147968e+01 9.749671874999999943e+01 1.058304687499999943e+02 9.404890624999998749e+01 9.432549999999997681e+01 7.006041519248361604e-01
4.856532258064515162e+01 7.321125000000000682e+01 9.786968749999999773e+01 1.033468253968253947e+02 9.867819672131147968e+01 9.749671874999999943e+01 1.058304687499999943e+02 9.404890624999998749e+01 5.545862407380117709e-01
5.773615384615384727e+01 4.856532258064515162e+01 7.321125000000000682e+01 9.786968749999999773e+01 1.033468253968253947e+02 9.867819672131147968e+01 9.749671874999999943e+01 1.058304687499999943e+02 4.428561684563394052e-01
4.663727272727272322e+01 5.773615384615384727e+01 4.856532258064515162e+01 7.321125000000000682e+01 9.786968749999999773e+01 1.033468253968253947e+02 9.867819672131147968e+01 9.749671874999999943e+01 3.848566884849660141e-01
4.186000000000001364e+01 4.663727272727272322e+01 5.773615384615384727e+01 4.856532258064515162e+01 7.321125000000000682e+01 9.786968749999999773e+01 1.033468253968253947e+02 9.867819672131147968e+01 3.919353813675134912e-01
3.341274193548387217e+01 4.186000000000001364e+01 4.663727272727272322e+01 5.773615384615384727e+01 4.856532258064515162e+01 7.321125000000000682e+01 9.786968749999999773e+01 1.033468253968253947e+02 3.774384658499448375e-01
4.546062500000000028e+01 3.341274193548387217e+01 4.186000000000001364e+01 4.663727272727272322e+01 5.773615384615384727e+01 4.856532258064515162e+01 7.321125000000000682e+01 9.786968749999999773e+01 4.352596302927312366e-01
4.484476923076923072e+01 4.546062500000000028e+01 3.341274193548387217e+01 4.186000000000001364e+01 4.663727272727272322e+01 5.773615384615384727e+01 4.856532258064515162e+01 7.321125000000000682e+01 5.470622888747669332e-01
4.909781250000000341e+01 4.484476923076923072e+01 4.546062500000000028e+01 3.341274193548387217e+01 4.186000000000001364e+01 4.663727272727272322e+01 5.773615384615384727e+01 4.856532258064515162e+01 7.156268063123514267e-01
5.162129032258065564e+01 4.909781250000000341e+01 4.484476923076923072e+01 4.546062500000000028e+01 3.341274193548387217e+01 4.186000000000001364e+01 4.663727272727272322e+01 5.773615384615384727e+01 8.102809720994963438e-01
4.810380952380952380e+01 5.162129032258065564e+01 4.909781250000000341e+01 4.484476923076923072e+01 4.546062500000000028e+01 3.341274193548387217e+01 4.186000000000001364e+01 4.663727272727272322e+01 8.891817145842355607e-01
