8.689999999999999503e+00 9.273076923076924771e+00 9.522307692307693472e+00 9.500769230769229523e+00 9.959230769230769553e+00 1.010307692307692307e+01 1.032384615384615145e+01 1.013153846153846516e+01 1.262827248541214809e-01
8.688461538461536904e+00 8.689999999999999503e+00 9.273076923076924771e+00 9.522307692307693472e+00 9.500769230769229523e+00 9.959230769230769553e+00 1.010307692307692307e+01 1.032384615384615145e+01 1.289619108512970180e-01
8.677692307692307594e+00 8.688461538461536904e+00 8.689999999999999503e+00 9.273076923076924771e+00 9.522307692307693472e+00 9.500769230769229523e+00 9.959230769230769553e+00 1.010307692307692307e+01 1.320063657001099844e-01
8.017692307692307452e+00 8.677692307692307594e+00 8.688461538461536904e+00 8.689999999999999503e+00 9.273076923076924771e+00 9.522307692307693472e+00 9.500769230769229523e+00 9.959230769230769553e+00 1.246695771783984386e-01
8.192142857142856727e+00 8.017692307692307452e+00 8.677692307692307594e+00 8.688461538461536904e+00 8.689999999999999503e+00 9.273076923076924771e+00 9.522307692307693472e+00 9.500769230769229523e+00 1.313474884903456374e-01
7.723333333333333606e+00 8.192142857142856727e+00 8.017692307692307452e+00 8.677692307692307594e+00 8.688461538461536904e+00 8.689999999999999503e+00 9.273076923076924771e+00 9.522307692307693472e+00 1.264847623735322057e-01
7.453076923076922711e+00 7.723333333333333606e+00 8.192142857142856727e+00 8.017692307692307452e+00 8.677692307692307594e+00 8.688461538461536904e+00 8.689999999999999503e+00 9.273076923076924771e+00 1.257640091392135118e-01
7.087692307692306848e+00 7.453076923076922711e+00 7.723333333333333606e+00 8.192142857142856727e+00 8.017692307692307452e+00 8.677692307692307594e+00 8.688461538461536904e+00 8.689999999999999503e+00 1.233878180244264294e-01
7.046428571428571708e+00 7.087692307692306848e+00 7.453076923076922711e+00 7.723333333333333606e+00 8.192142857142856727e+00 8.017692307692307452e+00 8.677692307692307594e+00 8.688461538461536904e+00 1.261894164688610875e-01
7.295833333333333393e+00 7.046428571428571708e+00 7.087692307692306848e+00 7.453076923076922711e+00 7.723333333333333606e+00 8.192142857142856727e+00 8.017692307692307452e+00 8.677692307692307594e+00 1.346142928493850310e-01
8.427692307692307594e+00 7.295833333333333393e+00 7.046428571428571708e+00 7.087692307692306848e+00 7.453076923076922711e+00 7.723333333333333606e+00 8.192142857142856727e+00 8.017692307692307452e+00 1.595664278411083881e-01
8.594285714285716082e+00 8.427692307692307594e+00 7.295833333333333393e+00 7.046428571428571708e+00 7.087692307692306848e+00 7.453076923076922711e+00 7.723333333333333606e+00 8.192142857142856727e+00 1.614672055008851415e-01
9.105384615384615188e+00 8.594285714285716082e+00 8.427692307692307594e+00 7.295833333333333393e+00 7.046428571428571708e+00 7.087692307692306848e+00 7.453076923076922711e+00 7.723333333333333606e+00 1.697867991526950393e-01
8.785384615384616680e+00 9.105384615384615188e+00 8.594285714285716082e+00 8.427692307692307594e+00 7.295833333333333393e+00 7.046428571428571708e+00 7.087692307692306848e+00 7.453076923076922711e+00 1.597040852253195919e-01
7.917692307692306919e+00 8.785384615384616680e+00 9.105384615384615188e+00 8.594285714285716082e+00 8.427692307692307594e+00 7.295833333333333393e+00 7.046428571428571708e+00 7.087692307692306848e+00 1.405273815736800269e-01
7.696153846153847233e+00 7.917692307692306919e+00 8.785384615384616680e+00 9.105384615384615188e+00 8.594285714285716082e+00 8.427692307692307594e+00 7.295833333333333393e+00 7.046428571428571708e+00 1.346123875367015998e-01
7.339230769230768558e+00 7.696153846153847233e+00 7.917692307692306919e+00 8.785384615384616680e+00 9.105384615384615188e+00 8.594285714285716082e+00 8.427692307692307594e+00 7.295833333333333393e+00 1.269270624396499902e-01
7.272307692307691696e+00 7.339230769230768558e+00 7.696153846153847233e+00 7.917692307692306919e+00 8.785384615384616680e+00 9.105384615384615188e+00 8.594285714285716082e+00 8.427692307692307594e+00 1.256753497575862355e-01
8.102307692307693543e+00 7.272307692307691696e+00 7.339230769230768558e+00 7.696153846153847233e+00 7.917692307692306919e+00 8.785384615384616680e+00 9.105384615384615188e+00 8.594285714285716082e+00 1.428715375001211318e-01
8.146923076923076934e+00 8.102307692307693543e+00 7.272307692307691696e+00 7.339230769230768558e+00 7.696153846153847233e+00 7.917692307692306919e+00 8.785384615384616680e+00 9.105384615384615188e+00 1.449154397679382478e-01
7.703076923076921823e+00 8.146923076923076934e+00 8.102307692307693543e+00 7.272307692307691696e+00 7.339230769230768558e+00 7.696153846153847233e+00 7.917692307692306919e+00 8.785384615384616680e+00 1.393969765305269892e-01
7.793076923076923457e+00 7.703076923076921823e+00 8.146923076923076934e+00 8.102307692307693543e+00 7.272307692307691696e+00 7.339230769230768558e+00 7.696153846153847233e+00 7.917692307692306919e+00 1.438429100822081474e-01
7.926923076923075406e+00 7.793076923076923457e+00 7.703076923076921823e+00 8.146923076923076934e+00 8.102307692307693543e+00 7.272307692307691696e+00 7.339230769230768558e+00 7.696153846153847233e+00 1.466507279170046196e-01
7.469999999999999751e+00 7.926923076923075406e+00 7.793076923076923457e+00 7.703076923076921823e+00 8.146923076923076934e+00 8.102307692307693543e+00 7.272307692307691696e+00 7.339230769230768558e+00 1.376099987246524881e-01
7.205384615384615721e+00 7.469999999999999751e+00 7.926923076923075406e+00 7.793076923076923457e+00 7.703076923076921823e+00 8.146923076923076934e+00 8.102307692307693543e+00 7.272307692307691696e+00 1.324163474179731459e-01
7.049999999999998934e+00 7.205384615384615721e+00 7.469999999999999751e+00 7.926923076923075406e+00 7.793076923076923457e+00 7.703076923076921823e+00 8.146923076923076934e+00 8.102307692307693543e+00 1.297203193115552267e-01
7.097692307692307523e+00 7.049999999999998934e+00 7.205384615384615721e+00 7.469999999999999751e+00 7.926923076923075406e+00 7.793076923076923457e+00 7.703076923076921823e+00 8.146923076923076934e+00 1.331764909647249195e-01
6.872307692307692228e+00 7.097692307692307523e+00 7.049999999999998934e+00 7.205384615384615721e+00 7.469999999999999751e+00 7.926923076923075406e+00 7.793076923076923457e+00 7.703076923076921823e+00 1.315371024734982297e-01
6.764285714285713347e+00 6.872307692307692228e+00 7.097692307692307523e+00 7.049999999999998934e+00 7.205384615384615721e+00 7.469999999999999751e+00 7.926923076923075406e+00 7.793076923076923457e+00 1.315615114986748713e-01
6.877500000000001279e+00 6.764285714285713347e+00 6.872307692307692228e+00 7.097692307692307523e+00 7.049999999999998934e+00 7.205384615384615721e+00 7.469999999999999751e+00 7.926923076923075406e+00 1.364946414317431966e-01
7.181538461538461426e+00 6.877500000000001279e+00 6.764285714285713347e+00 6.872307692307692228e+00 7.097692307692307523e+00 7.049999999999998934e+00 7.205384615384615721e+00 7.469999999999999751e+00 1.455604043270320447e-01
7.786153846153845315e+00 7.181538461538461426e+00 6.877500000000001279e+00 6.764285714285713347e+00 6.872307692307692228e+00 7.097692307692307523e+00 7.049999999999998934e+00 7.205384615384615721e+00 1.587432990193085591e-01
7.840714285714285303e+00 7.786153846153845315e+00 7.181538461538461426e+00 6.877500000000001279e+00 6.764285714285713347e+00 6.872307692307692228e+00 7.097692307692307523e+00 7.049999999999998934e+00 1.579850241874816430e-01
8.256923076923076366e+00 7.840714285714285303e+00 7.786153846153845315e+00 7.181538461538461426e+00 6.877500000000001279e+00 6.764285714285713347e+00 6.872307692307692228e+00 7.097692307692307523e+00 1.637622289604668546e-01
8.316153846153843787e+00 8.256923076923076366e+00 7.840714285714285303e+00 7.786153846153845315e+00 7.181538461538461426e+00 6.877500000000001279e+00 6.764285714285713347e+00 6.872307692307692228e+00 1.612300671481247671e-01
8.019999999999999574e+00 8.316153846153843787e+00 8.256923076923076366e+00 7.840714285714285303e+00 7.786153846153845315e+00 7.181538461538461426e+00 6.877500000000001279e+00 6.764285714285713347e+00 1.512543476920510388e-01
7.620769230769231406e+00 8.019999999999999574e+00 8.316153846153843787e+00 8.256923076923076366e+00 7.840714285714285303e+00 7.786153846153845315e+00 7.181538461538461426e+00 6.877500000000001279e+00 1.403999989877287857e-01
7.006923076923076366e+00 7.620769230769231406e+00 8.019999999999999574e+00 8.316153846153843787e+00 8.256923076923076366e+00 7.840714285714285303e+00 7.786153846153845315e+00 7.181538461538461426e+00 1.273470773563143976e-01
7.129999999999999893e+00 7.006923076923076366e+00 7.620769230769231406e+00 8.019999999999999574e+00 8.316153846153843787e+00 8.256923076923076366e+00 7.840714285714285303e+00 7.786153846153845315e+00 1.299964837657166528e-01
6.963846153846152909e+00 7.129999999999999893e+00 7.006923076923076366e+00 7.620769230769231406e+00 8.019999999999999574e+00 8.316153846153843787e+00 8.256923076923076366e+00 7.840714285714285303e+00 1.285044383722757366e-01
6.770769230769230873e+00 6.963846153846152909e+00 7.129999999999999893e+00 7.006923076923076366e+00 7.620769230769231406e+00 8.019999999999999574e+00 8.316153846153843787e+00 8.256923076923076366e+00 1.269964939618231647e-01
6.971538461538461462e+00 6.770769230769230873e+00 6.963846153846152909e+00 7.129999999999999893e+00 7.006923076923076366e+00 7.620769230769231406e+00 8.019999999999999574e+00 8.316153846153843787e+00 1.345117770158956449e-01
6.813076923076921254e+00 6.971538461538461462e+00 6.770769230769230873e+00 6.963846153846152909e+00 7.129999999999999893e+00 7.006923076923076366e+00 7.620769230769231406e+00 8.019999999999999574e+00 1.349555836596625924e-01
6.289230769230768736e+00 6.813076923076921254e+00 6.971538461538461462e+00 6.770769230769230873e+00 6.963846153846152909e+00 7.129999999999999893e+00 7.006923076923076366e+00 7.620769230769231406e+00 1.276303465501092693e-01
6.075384615384616716e+00 6.289230769230768736e+00 6.813076923076921254e+00 6.971538461538461462e+00 6.770769230769230873e+00 6.963846153846152909e+00 7.129999999999999893e+00 7.006923076923076366e+00 1.267146913956585519e-01
5.840769230769231157e+00 6.075384615384616716e+00 6.289230769230768736e+00 6.813076923076921254e+00 6.971538461538461462e+00 6.770769230769230873e+00 6.963846153846152909e+00 7.129999999999999893e+00 1.242350862266435318e-01
5.506923076923076366e+00 5.840769230769231157e+00 6.075384615384616716e+00 6.289230769230768736e+00 6.813076923076921254e+00 6.971538461538461462e+00 6.770769230769230873e+00 6.963846153846152909e+00 1.204367282392920790e-01
6.033846153846154969e+00 5.506923076923076366e+00 5.840769230769231157e+00 6.075384615384616716e+00 6.289230769230768736e+00 6.813076923076921254e+00 6.971538461538461462e+00 6.770769230769230873e+00 1.363036074233683337e-01
5.919285714285714484e+00 6.033846153846154969e+00 5.506923076923076366e+00 5.840769230769231157e+00 6.075384615384616716e+00 6.289230769230768736e+00 6.813076923076921254e+00 6.971538461538461462e+00 1.359793502133137821e-01
5.597500000000000142e+00 5.919285714285714484e+00 6.033846153846154969e+00 5.506923076923076366e+00 5.840769230769231157e+00 6.075384615384616716e+00 6.289230769230768736e+00 6.813076923076921254e+00 1.317724926239379202e-01
6.106153846153845599e+00 5.597500000000000142e+00 5.919285714285714484e+00 6.033846153846154969e+00 5.506923076923076366e+00 5.840769230769231157e+00 6.075384615384616716e+00 6.289230769230768736e+00 1.479815522403561401e-01
5.894285714285714128e+00 6.106153846153845599e+00 5.597500000000000142e+00 5.919285714285714484e+00 6.033846153846154969e+00 5.506923076923076366e+00 5.840769230769231157e+00 6.075384615384616716e+00 1.434835789573646048e-01
5.736153846153846381e+00 5.894285714285714128e+00 6.106153846153845599e+00 5.597500000000000142e+00 5.919285714285714484e+00 6.033846153846154969e+00 5.506923076923076366e+00 5.840769230769231157e+00 1.402524996389503675e-01
5.768461538461538751e+00 5.736153846153846381e+00 5.894285714285714128e+00 6.106153846153845599e+00 5.597500000000000142e+00 5.919285714285714484e+00 6.033846153846154969e+00 5.506923076923076366e+00 1.414041418082075396e-01
5.708461538461539142e+00 5.768461538461538751e+00 5.736153846153846381e+00 5.894285714285714128e+00 6.106153846153845599e+00 5.597500000000000142e+00 5.919285714285714484e+00 6.033846153846154969e+00 1.390419204149818122e-01
5.763846153846154508e+00 5.708461538461539142e+00 5.768461538461538751e+00 5.736153846153846381e+00 5.894285714285714128e+00 6.106153846153845599e+00 5.597500000000000142e+00 5.919285714285714484e+00 1.415124819318716309e-01
6.226153846153845706e+00 5.763846153846154508e+00 5.708461538461539142e+00 5.768461538461538751e+00 5.736153846153846381e+00 5.894285714285714128e+00 6.106153846153845599e+00 5.597500000000000142e+00 1.534485501972002452e-01
6.246923076923075691e+00 6.226153846153845706e+00 5.763846153846154508e+00 5.708461538461539142e+00 5.768461538461538751e+00 5.736153846153846381e+00 5.894285714285714128e+00 6.106153846153845599e+00 1.516114062600012469e-01
6.602307692307691767e+00 6.246923076923075691e+00 6.226153846153845706e+00 5.763846153846154508e+00 5.708461538461539142e+00 5.768461538461538751e+00 5.736153846153846381e+00 5.894285714285714128e+00 1.596909362017685519e-01
6.560000000000000497e+00 6.602307692307691767e+00 6.246923076923075691e+00 6.226153846153845706e+00 5.763846153846154508e+00 5.708461538461539142e+00 5.768461538461538751e+00 5.736153846153846381e+00 1.559961952147508601e-01
6.243846153846153157e+00 6.560000000000000497e+00 6.602307692307691767e+00 6.246923076923075691e+00 6.226153846153845706e+00 5.763846153846154508e+00 5.708461538461539142e+00 5.768461538461538751e+00 1.456251457686718320e-01
6.214615384615384208e+00 6.243846153846153157e+00 6.560000000000000497e+00 6.602307692307691767e+00 6.246923076923075691e+00 6.226153846153845706e+00 5.763846153846154508e+00 5.708461538461539142e+00 1.433539755487339695e-01
6.358461538461538609e+00 6.214615384615384208e+00 6.243846153846153157e+00 6.560000000000000497e+00 6.602307692307691767e+00 6.246923076923075691e+00 6.226153846153845706e+00 5.763846153846154508e+00 1.449793913882312102e-01
6.551538461538461533e+00 6.358461538461538609e+00 6.214615384615384208e+00 6.243846153846153157e+00 6.560000000000000497e+00 6.602307692307691767e+00 6.246923076923075691e+00 6.226153846153845706e+00 1.473835398352599524e-01
6.224615384615384883e+00 6.551538461538461533e+00 6.358461538461538609e+00 6.214615384615384208e+00 6.243846153846153157e+00 6.560000000000000497e+00 6.602307692307691767e+00 6.246923076923075691e+00 1.390115270309735529e-01
5.872307692307692228e+00 6.224615384615384883e+00 6.551538461538461533e+00 6.358461538461538609e+00 6.214615384615384208e+00 6.243846153846153157e+00 6.560000000000000497e+00 6.602307692307691767e+00 1.312089649719844764e-01
6.086923076923076437e+00 5.872307692307692228e+00 6.224615384615384883e+00 6.551538461538461533e+00 6.358461538461538609e+00 6.214615384615384208e+00 6.243846153846153157e+00 6.560000000000000497e+00 1.382593958031205494e-01
6.322307692307692406e+00 6.086923076923076437e+00 5.872307692307692228e+00 6.224615384615384883e+00 6.551538461538461533e+00 6.358461538461538609e+00 6.214615384615384208e+00 6.243846153846153157e+00 1.451658483167897196e-01
5.841428571428570748e+00 6.322307692307692406e+00 6.086923076923076437e+00 5.872307692307692228e+00 6.224615384615384883e+00 6.551538461538461533e+00 6.358461538461538609e+00 6.214615384615384208e+00 1.338832359460003785e-01
5.059999999999999609e+00 5.841428571428570748e+00 6.322307692307692406e+00 6.086923076923076437e+00 5.872307692307692228e+00 6.224615384615384883e+00 6.551538461538461533e+00 6.358461538461538609e+00 1.169737122882604508e-01
5.012307692307691909e+00 5.059999999999999609e+00 5.841428571428570748e+00 6.322307692307692406e+00 6.086923076923076437e+00 5.872307692307692228e+00 6.224615384615384883e+00 6.551538461538461533e+00 1.194569282504163998e-01
5.162307692307692264e+00 5.012307692307691909e+00 5.059999999999999609e+00 5.841428571428570748e+00 6.322307692307692406e+00 6.086923076923076437e+00 5.872307692307692228e+00 6.224615384615384883e+00 1.277170145260874135e-01
4.922142857142857153e+00 5.162307692307692264e+00 5.012307692307691909e+00 5.059999999999999609e+00 5.841428571428570748e+00 6.322307692307692406e+00 6.086923076923076437e+00 5.872307692307692228e+00 1.250621241142078621e-01
4.995833333333333570e+00 4.922142857142857153e+00 5.162307692307692264e+00 5.012307692307691909e+00 5.059999999999999609e+00 5.841428571428570748e+00 6.322307692307692406e+00 6.086923076923076437e+00 1.300747003521622036e-01
4.922307692307692051e+00 4.995833333333333570e+00 4.922142857142857153e+00 5.162307692307692264e+00 5.012307692307691909e+00 5.059999999999999609e+00 5.841428571428570748e+00 6.322307692307692406e+00 1.319076119592347829e-01
4.447142857142856620e+00 4.922307692307692051e+00 4.995833333333333570e+00 4.922142857142857153e+00 5.162307692307692264e+00 5.012307692307691909e+00 5.059999999999999609e+00 5.841428571428570748e+00 1.238195306908634608e-01
4.436153846153846558e+00 4.447142857142856620e+00 4.922307692307692051e+00 4.995833333333333570e+00 4.922142857142857153e+00 5.162307692307692264e+00 5.012307692307691909e+00 5.059999999999999609e+00 1.285020692040733103e-01
4.846923076923077112e+00 4.436153846153846558e+00 4.447142857142856620e+00 4.922307692307692051e+00 4.995833333333333570e+00 4.922142857142857153e+00 5.162307692307692264e+00 5.012307692307691909e+00 1.429846910175722741e-01
4.650769230769229878e+00 4.846923076923077112e+00 4.436153846153846558e+00 4.447142857142856620e+00 4.922307692307692051e+00 4.995833333333333570e+00 4.922142857142857153e+00 5.162307692307692264e+00 1.378707864512736248e-01
4.291538461538461746e+00 4.650769230769229878e+00 4.846923076923077112e+00 4.436153846153846558e+00 4.447142857142856620e+00 4.922307692307692051e+00 4.995833333333333570e+00 4.922142857142857153e+00 1.291804343337754069e-01
4.002307692307692122e+00 4.291538461538461746e+00 4.650769230769229878e+00 4.846923076923077112e+00 4.436153846153846558e+00 4.447142857142856620e+00 4.922307692307692051e+00 4.995833333333333570e+00 1.228053267005741328e-01
3.922307692307692495e+00 4.002307692307692122e+00 4.291538461538461746e+00 4.650769230769229878e+00 4.846923076923077112e+00 4.436153846153846558e+00 4.447142857142856620e+00 4.922307692307692051e+00 1.241348849179575442e-01
3.794615384615384279e+00 3.922307692307692495e+00 4.002307692307692122e+00 4.291538461538461746e+00 4.650769230769229878e+00 4.846923076923077112e+00 4.436153846153846558e+00 4.447142857142856620e+00 1.240186184158543758e-01
3.553846153846152767e+00 3.794615384615384279e+00 3.922307692307692495e+00 4.002307692307692122e+00 4.291538461538461746e+00 4.650769230769229878e+00 4.846923076923077112e+00 4.436153846153846558e+00 1.186806411837237618e-01
3.359230769230769464e+00 3.553846153846152767e+00 3.794615384615384279e+00 3.922307692307692495e+00 4.002307692307692122e+00 4.291538461538461746e+00 4.650769230769229878e+00 4.846923076923077112e+00 1.155871999153013502e-01
3.496923076923077023e+00 3.359230769230769464e+00 3.553846153846152767e+00 3.794615384615384279e+00 3.922307692307692495e+00 4.002307692307692122e+00 4.291538461538461746e+00 4.650769230769229878e+00 1.268167489608614529e-01
3.672307692307692051e+00 3.496923076923077023e+00 3.359230769230769464e+00 3.553846153846152767e+00 3.794615384615384279e+00 3.922307692307692495e+00 4.002307692307692122e+00 4.291538461538461746e+00 1.389932162925437420e-01
4.439999999999999503e+00 3.672307692307692051e+00 3.496923076923077023e+00 3.359230769230769464e+00 3.553846153846152767e+00 3.794615384615384279e+00 3.922307692307692495e+00 4.002307692307692122e+00 1.720827619104406403e-01
4.293076923076923457e+00 4.439999999999999503e+00 3.672307692307692051e+00 3.496923076923077023e+00 3.359230769230769464e+00 3.553846153846152767e+00 3.794615384615384279e+00 3.922307692307692495e+00 1.636129107912403791e-01
4.364615384615384563e+00 4.293076923076923457e+00 4.439999999999999503e+00 3.672307692307692051e+00 3.496923076923077023e+00 3.359230769230769464e+00 3.553846153846152767e+00 3.794615384615384279e+00 1.640216228716792624e-01
4.227692307692307416e+00 4.364615384615384563e+00 4.293076923076923457e+00 4.439999999999999503e+00 3.672307692307692051e+00 3.496923076923077023e+00 3.359230769230769464e+00 3.553846153846152767e+00 1.555442350144336794e-01
4.134285714285715230e+00 4.227692307692307416e+00 4.364615384615384563e+00 4.293076923076923457e+00 4.439999999999999503e+00 3.672307692307692051e+00 3.496923076923077023e+00 3.359230769230769464e+00 1.484278218329585786e-01
3.963571428571428079e+00 4.134285714285715230e+00 4.227692307692307416e+00 4.364615384615384563e+00 4.293076923076923457e+00 4.439999999999999503e+00 3.672307692307692051e+00 3.496923076923077023e+00 1.384465095212322749e-01
3.716666666666666341e+00 3.963571428571428079e+00 4.134285714285715230e+00 4.227692307692307416e+00 4.364615384615384563e+00 4.293076923076923457e+00 4.439999999999999503e+00 3.672307692307692051e+00 1.277400405509949710e-01
3.819230769230768541e+00 3.716666666666666341e+00 3.963571428571428079e+00 4.134285714285715230e+00 4.227692307692307416e+00 4.364615384615384563e+00 4.293076923076923457e+00 4.439999999999999503e+00 1.310652975822716726e-01
3.954615384615385310e+00 3.819230769230768541e+00 3.716666666666666341e+00 3.963571428571428079e+00 4.134285714285715230e+00 4.227692307692307416e+00 4.364615384615384563e+00 4.293076923076923457e+00 1.386653137633297173e-01
3.897857142857142687e+00 3.954615384615385310e+00 3.819230769230768541e+00 3.716666666666666341e+00 3.963571428571428079e+00 4.134285714285715230e+00 4.227692307692307416e+00 4.364615384615384563e+00 1.383166576220294930e-01
3.738461538461538503e+00 3.897857142857142687e+00 3.954615384615385310e+00 3.819230769230768541e+00 3.716666666666666341e+00 3.963571428571428079e+00 4.134285714285715230e+00 4.227692307692307416e+00 1.348947250161910694e-01
3.589230769230769447e+00 3.738461538461538503e+00 3.897857142857142687e+00 3.954615384615385310e+00 3.819230769230768541e+00 3.716666666666666341e+00 3.963571428571428079e+00 4.134285714285715230e+00 1.318373486681179985e-01
3.444999999999999840e+00 3.589230769230769447e+00 3.738461538461538503e+00 3.897857142857142687e+00 3.954615384615385310e+00 3.819230769230768541e+00 3.716666666666666341e+00 3.963571428571428079e+00 1.291247113354220544e-01
3.842307692307691980e+00 3.444999999999999840e+00 3.589230769230769447e+00 3.738461538461538503e+00 3.897857142857142687e+00 3.954615384615385310e+00 3.819230769230768541e+00 3.716666666666666341e+00 1.468712414081829176e-01
4.173076923076923350e+00 3.842307692307691980e+00 3.444999999999999840e+00 3.589230769230769447e+00 3.738461538461538503e+00 3.897857142857142687e+00 3.954615384615385310e+00 3.819230769230768541e+00 1.587523880790438491e-01
3.979999999999999538e+00 4.173076923076923350e+00 3.842307692307691980e+00 3.444999999999999840e+00 3.589230769230769447e+00 3.738461538461538503e+00 3.897857142857142687e+00 3.954615384615385310e+00 1.493963180972573135e-01
3.883846153846154170e+00 3.979999999999999538e+00 4.173076923076923350e+00 3.842307692307691980e+00 3.444999999999999840e+00 3.589230769230769447e+00 3.738461538461538503e+00 3.897857142857142687e+00 1.456482320942883157e-01
