8.020000000000000284e+01 8.039999999999999147e+01 7.956666666666666288e+01 7.936666666666667425e+01 8.120000000000000284e+01 8.286666666666666003e+01 8.296666666666666856e+01 8.286666666666667425e+01 1.408912572465889912e-01
7.966666666666667140e+01 8.020000000000000284e+01 8.039999999999999147e+01 7.956666666666666288e+01 7.936666666666667425e+01 8.120000000000000284e+01 8.286666666666666003e+01 8.296666666666666856e+01 1.406130493616520871e-01
8.060000000000000853e+01 7.966666666666667140e+01 8.020000000000000284e+01 8.039999999999999147e+01 7.956666666666666288e+01 7.936666666666667425e+01 8.120000000000000284e+01 8.286666666666666003e+01 1.430938572612143744e-01
8.066666666666667140e+01 8.060000000000000853e+01 7.966666666666667140e+01 8.020000000000000284e+01 8.039999999999999147e+01 7.956666666666666288e+01 7.936666666666667425e+01 8.120000000000000284e+01 1.437908496732026309e-01
8.103333333333333144e+01 8.066666666666667140e+01 8.060000000000000853e+01 7.966666666666667140e+01 8.020000000000000284e+01 8.039999999999999147e+01 7.956666666666666288e+01 7.936666666666667425e+01 1.445818960390150842e-01
8.136666666666667425e+01 8.103333333333333144e+01 8.066666666666667140e+01 8.060000000000000853e+01 7.966666666666667140e+01 8.020000000000000284e+01 8.039999999999999147e+01 7.956666666666666288e+01 1.447462049335863643e-01
8.120000000000000284e+01 8.136666666666667425e+01 8.103333333333333144e+01 8.066666666666667140e+01 8.060000000000000853e+01 7.966666666666667140e+01 8.020000000000000284e+01 8.039999999999999147e+01 1.439886511407967862e-01
8.116666666666667140e+01 8.120000000000000284e+01 8.136666666666667425e+01 8.103333333333333144e+01 8.066666666666667140e+01 8.060000000000000853e+01 7.966666666666667140e+01 8.020000000000000284e+01 1.437256522252390589e-01
8.203333333333334565e+01 8.116666666666667140e+01 8.120000000000000284e+01 8.136666666666667425e+01 8.103333333333333144e+01 8.066666666666667140e+01 8.060000000000000853e+01 7.966666666666667140e+01 1.450120794296152482e-01
8.250000000000001421e+01 8.203333333333334565e+01 8.116666666666667140e+01 8.120000000000000284e+01 8.136666666666667425e+01 8.103333333333333144e+01 8.066666666666667140e+01 8.060000000000000853e+01 1.452294331651214632e-01
8.333333333333332860e+01 8.250000000000001421e+01 8.203333333333334565e+01 8.116666666666667140e+01 8.120000000000000284e+01 8.136666666666667425e+01 8.103333333333333144e+01 8.066666666666667140e+01 1.462073805485700762e-01
8.360000000000000853e+01 8.333333333333332860e+01 8.250000000000001421e+01 8.203333333333334565e+01 8.116666666666667140e+01 8.120000000000000284e+01 8.136666666666667425e+01 8.103333333333333144e+01 1.459921997787997083e-01
8.453333333333334565e+01 8.360000000000000853e+01 8.333333333333332860e+01 8.250000000000001421e+01 8.203333333333334565e+01 8.116666666666667140e+01 8.120000000000000284e+01 8.136666666666667425e+01 1.469633750579508735e-01
8.456666666666666288e+01 8.453333333333334565e+01 8.360000000000000853e+01 8.333333333333332860e+01 8.250000000000001421e+01 8.203333333333334565e+01 8.116666666666667140e+01 8.120000000000000284e+01 1.462163564059708043e-01
8.393333333333333712e+01 8.456666666666666288e+01 8.453333333333334565e+01 8.360000000000000853e+01 8.333333333333332860e+01 8.250000000000001421e+01 8.203333333333334565e+01 8.116666666666667140e+01 1.442814577125830777e-01
8.376666666666666572e+01 8.393333333333333712e+01 8.456666666666666288e+01 8.453333333333334565e+01 8.360000000000000853e+01 8.333333333333332860e+01 8.250000000000001421e+01 8.203333333333334565e+01 1.433133732534930260e-01
8.346666666666666856e+01 8.376666666666666572e+01 8.393333333333333712e+01 8.456666666666666288e+01 8.453333333333334565e+01 8.360000000000000853e+01 8.333333333333332860e+01 8.250000000000001421e+01 1.423778927616989876e-01
8.293333333333333712e+01 8.346666666666666856e+01 8.376666666666666572e+01 8.393333333333333712e+01 8.456666666666666288e+01 8.453333333333334565e+01 8.360000000000000853e+01 8.333333333333332860e+01 1.412352406902815660e-01
8.353333333333334565e+01 8.293333333333333712e+01 8.346666666666666856e+01 8.376666666666666572e+01 8.393333333333333712e+01 8.456666666666666288e+01 8.453333333333334565e+01 8.360000000000000853e+01 1.423540104521699712e-01
8.343333333333332291e+01 8.353333333333334565e+01 8.293333333333333712e+01 8.346666666666666856e+01 8.376666666666666572e+01 8.393333333333333712e+01 8.456666666666666288e+01 8.453333333333334565e+01 1.421997500284058469e-01
8.339999999999999147e+01 8.343333333333332291e+01 8.353333333333334565e+01 8.293333333333333712e+01 8.346666666666666856e+01 8.376666666666666572e+01 8.393333333333333712e+01 8.456666666666666288e+01 1.424099265752176990e-01
8.373333333333333428e+01 8.339999999999999147e+01 8.343333333333332291e+01 8.353333333333334565e+01 8.293333333333333712e+01 8.346666666666666856e+01 8.376666666666666572e+01 8.393333333333333712e+01 1.432645146572373573e-01
8.363333333333333997e+01 8.373333333333333428e+01 8.339999999999999147e+01 8.343333333333332291e+01 8.353333333333334565e+01 8.293333333333333712e+01 8.346666666666666856e+01 8.376666666666666572e+01 1.431424007302601609e-01
8.413333333333333997e+01 8.363333333333333997e+01 8.373333333333333428e+01 8.339999999999999147e+01 8.343333333333332291e+01 8.353333333333334565e+01 8.293333333333333712e+01 8.346666666666666856e+01 1.440310431408354519e-01
8.463333333333332575e+01 8.413333333333333997e+01 8.363333333333333997e+01 8.373333333333333428e+01 8.339999999999999147e+01 8.343333333333332291e+01 8.353333333333334565e+01 8.293333333333333712e+01 1.447218422252621872e-01
8.393333333333333712e+01 8.463333333333332575e+01 8.413333333333333997e+01 8.363333333333333997e+01 8.373333333333333428e+01 8.339999999999999147e+01 8.343333333333332291e+01 8.353333333333334565e+01 1.431088377379937659e-01
8.286666666666667425e+01 8.393333333333333712e+01 8.463333333333332575e+01 8.413333333333333997e+01 8.363333333333333997e+01 8.373333333333333428e+01 8.339999999999999147e+01 8.343333333333332291e+01 1.411938433577554497e-01
8.206666666666667709e+01 8.286666666666667425e+01 8.393333333333333712e+01 8.463333333333332575e+01 8.413333333333333997e+01 8.363333333333333997e+01 8.373333333333333428e+01 8.339999999999999147e+01 1.399658897100625465e-01
8.200000000000000000e+01 8.206666666666667709e+01 8.286666666666667425e+01 8.393333333333333712e+01 8.463333333333332575e+01 8.413333333333333997e+01 8.363333333333333997e+01 8.373333333333333428e+01 1.401709401709401726e-01
8.179999999999999716e+01 8.200000000000000000e+01 8.206666666666667709e+01 8.286666666666667425e+01 8.393333333333333712e+01 8.463333333333332575e+01 8.413333333333333997e+01 8.363333333333333997e+01 1.402445993827866055e-01
8.159999999999999432e+01 8.179999999999999716e+01 8.200000000000000000e+01 8.206666666666667709e+01 8.286666666666667425e+01 8.393333333333333712e+01 8.463333333333332575e+01 8.413333333333333997e+01 1.403428309350455427e-01
8.143333333333333712e+01 8.159999999999999432e+01 8.179999999999999716e+01 8.200000000000000000e+01 8.206666666666667709e+01 8.286666666666667425e+01 8.393333333333333712e+01 8.463333333333332575e+01 1.406690850463522824e-01
8.196666666666665435e+01 8.143333333333333712e+01 8.159999999999999432e+01 8.179999999999999716e+01 8.200000000000000000e+01 8.206666666666667709e+01 8.286666666666667425e+01 8.393333333333333712e+01 1.423773956343002411e-01
8.196666666666666856e+01 8.196666666666665435e+01 8.143333333333333712e+01 8.159999999999999432e+01 8.179999999999999716e+01 8.200000000000000000e+01 8.206666666666667709e+01 8.286666666666667425e+01 1.428654427143853101e-01
8.216666666666667140e+01 8.196666666666666856e+01 8.196666666666665435e+01 8.143333333333333712e+01 8.159999999999999432e+01 8.179999999999999716e+01 8.200000000000000000e+01 8.206666666666667709e+01 1.434390456793715463e-01
8.126666666666666572e+01 8.216666666666667140e+01 8.196666666666666856e+01 8.196666666666665435e+01 8.143333333333333712e+01 8.159999999999999432e+01 8.179999999999999716e+01 8.200000000000000000e+01 1.418431463811961613e-01
8.029999999999999716e+01 8.126666666666666572e+01 8.216666666666667140e+01 8.196666666666666856e+01 8.196666666666665435e+01 8.143333333333333712e+01 8.159999999999999432e+01 8.179999999999999716e+01 1.403355470115344450e-01
7.850000000000000000e+01 8.029999999999999716e+01 8.126666666666666572e+01 8.216666666666667140e+01 8.196666666666666856e+01 8.196666666666665435e+01 8.143333333333333712e+01 8.159999999999999432e+01 1.375503767303311586e-01
7.686666666666666003e+01 7.850000000000000000e+01 8.029999999999999716e+01 8.126666666666666572e+01 8.216666666666667140e+01 8.196666666666666856e+01 8.196666666666665435e+01 8.143333333333333712e+01 1.354240075170307644e-01
7.516666666666667140e+01 7.686666666666666003e+01 7.850000000000000000e+01 8.029999999999999716e+01 8.126666666666666572e+01 8.216666666666667140e+01 8.196666666666666856e+01 8.196666666666665435e+01 1.335030489609851378e-01
7.393333333333333712e+01 7.516666666666667140e+01 7.686666666666666003e+01 7.850000000000000000e+01 8.029999999999999716e+01 8.126666666666666572e+01 8.216666666666667140e+01 8.196666666666666856e+01 1.329178402349134036e-01
7.410000000000000853e+01 7.393333333333333712e+01 7.516666666666667140e+01 7.686666666666666003e+01 7.850000000000000000e+01 8.029999999999999716e+01 8.126666666666666572e+01 8.216666666666667140e+01 1.351696461145567296e-01
7.503333333333333144e+01 7.410000000000000853e+01 7.393333333333333712e+01 7.516666666666667140e+01 7.686666666666666003e+01 7.850000000000000000e+01 8.029999999999999716e+01 8.126666666666666572e+01 1.389163169587755708e-01
7.543333333333333712e+01 7.503333333333333144e+01 7.410000000000000853e+01 7.393333333333333712e+01 7.516666666666667140e+01 7.686666666666666003e+01 7.850000000000000000e+01 8.029999999999999716e+01 1.412873821564587795e-01
7.539999999999999147e+01 7.543333333333333712e+01 7.503333333333333144e+01 7.410000000000000853e+01 7.393333333333333712e+01 7.516666666666667140e+01 7.686666666666666003e+01 7.850000000000000000e+01 1.425241005607712219e-01
7.590000000000000568e+01 7.539999999999999147e+01 7.543333333333333712e+01 7.503333333333333144e+01 7.410000000000000853e+01 7.393333333333333712e+01 7.516666666666667140e+01 7.686666666666666003e+01 1.443148688046647365e-01
7.539999999999999147e+01 7.590000000000000568e+01 7.539999999999999147e+01 7.543333333333333712e+01 7.503333333333333144e+01 7.410000000000000853e+01 7.393333333333333712e+01 7.516666666666667140e+01 1.436281668677376055e-01
7.589999999999999147e+01 7.539999999999999147e+01 7.590000000000000568e+01 7.539999999999999147e+01 7.543333333333333712e+01 7.503333333333333144e+01 7.410000000000000853e+01 7.393333333333333712e+01 1.445163747143944910e-01
7.670000000000000284e+01 7.589999999999999147e+01 7.539999999999999147e+01 7.590000000000000568e+01 7.539999999999999147e+01 7.543333333333333712e+01 7.503333333333333144e+01 7.410000000000000853e+01 1.454947834334492651e-01
7.726666666666666572e+01 7.670000000000000284e+01 7.589999999999999147e+01 7.539999999999999147e+01 7.590000000000000568e+01 7.539999999999999147e+01 7.543333333333333712e+01 7.503333333333333144e+01 1.458503743786572771e-01
7.773333333333333428e+01 7.726666666666666572e+01 7.670000000000000284e+01 7.589999999999999147e+01 7.539999999999999147e+01 7.590000000000000568e+01 7.539999999999999147e+01 7.543333333333333712e+01 1.461152882205513925e-01
7.816666666666667140e+01 7.773333333333333428e+01 7.726666666666666572e+01 7.670000000000000284e+01 7.589999999999999147e+01 7.539999999999999147e+01 7.590000000000000568e+01 7.539999999999999147e+01 1.462973360783579868e-01
7.923333333333333428e+01 7.816666666666667140e+01 7.773333333333333428e+01 7.726666666666666572e+01 7.670000000000000284e+01 7.589999999999999147e+01 7.539999999999999147e+01 7.590000000000000568e+01 1.475297914597815396e-01
8.016666666666667140e+01 7.923333333333333428e+01 7.816666666666667140e+01 7.773333333333333428e+01 7.726666666666666572e+01 7.670000000000000284e+01 7.589999999999999147e+01 7.539999999999999147e+01 1.483469035282506954e-01
8.026666666666666572e+01 8.016666666666667140e+01 7.923333333333333428e+01 7.816666666666667140e+01 7.773333333333333428e+01 7.726666666666666572e+01 7.670000000000000284e+01 7.589999999999999147e+01 1.472332619993885761e-01
7.956666666666666288e+01 8.026666666666666572e+01 8.016666666666667140e+01 7.923333333333333428e+01 7.816666666666667140e+01 7.773333333333333428e+01 7.726666666666666572e+01 7.670000000000000284e+01 1.447895183792308471e-01
8.000000000000000000e+01 7.956666666666666288e+01 8.026666666666666572e+01 8.016666666666667140e+01 7.923333333333333428e+01 7.816666666666667140e+01 7.773333333333333428e+01 7.726666666666666572e+01 1.448225923244025881e-01
8.043333333333333712e+01 8.000000000000000000e+01 7.956666666666666288e+01 8.026666666666666572e+01 8.016666666666667140e+01 7.923333333333333428e+01 7.816666666666667140e+01 7.773333333333333428e+01 1.448901164885312842e-01
8.056666666666667709e+01 8.043333333333333712e+01 8.000000000000000000e+01 7.956666666666666288e+01 8.026666666666666572e+01 8.016666666666667140e+01 7.923333333333333428e+01 7.816666666666667140e+01 1.444278458320884528e-01
8.043333333333333712e+01 8.056666666666667709e+01 8.043333333333333712e+01 8.000000000000000000e+01 7.956666666666666288e+01 8.026666666666666572e+01 8.016666666666667140e+01 7.923333333333333428e+01 1.435711310763372328e-01
8.013333333333332575e+01 8.043333333333333712e+01 8.056666666666667709e+01 8.043333333333333712e+01 8.000000000000000000e+01 7.956666666666666288e+01 8.026666666666666572e+01 8.016666666666667140e+01 1.427299174731342379e-01
8.033333333333332860e+01 8.013333333333332575e+01 8.043333333333333712e+01 8.056666666666667709e+01 8.043333333333333712e+01 8.000000000000000000e+01 7.956666666666666288e+01 8.026666666666666572e+01 1.430946443415271330e-01
8.083333333333332860e+01 8.033333333333332860e+01 8.013333333333332575e+01 8.043333333333333712e+01 8.056666666666667709e+01 8.043333333333333712e+01 8.000000000000000000e+01 7.956666666666666288e+01 1.439681785799097335e-01
8.073333333333333428e+01 8.083333333333332860e+01 8.033333333333332860e+01 8.013333333333332575e+01 8.043333333333333712e+01 8.056666666666667709e+01 8.043333333333333712e+01 8.000000000000000000e+01 1.434664139319985765e-01
8.079999999999999716e+01 8.073333333333333428e+01 8.083333333333332860e+01 8.033333333333332860e+01 8.013333333333332575e+01 8.043333333333333712e+01 8.056666666666667709e+01 8.043333333333333712e+01 1.433980123047799149e-01
8.059999999999999432e+01 8.079999999999999716e+01 8.073333333333333428e+01 8.083333333333332860e+01 8.033333333333332860e+01 8.013333333333332575e+01 8.043333333333333712e+01 8.056666666666667709e+01 1.429500443393437459e-01
7.960000000000000853e+01 8.059999999999999432e+01 8.079999999999999716e+01 8.073333333333333428e+01 8.083333333333332860e+01 8.033333333333332860e+01 8.013333333333332575e+01 8.043333333333333712e+01 1.411681248522109744e-01
7.706666666666667709e+01 7.960000000000000853e+01 8.059999999999999432e+01 8.079999999999999716e+01 8.073333333333333428e+01 8.083333333333332860e+01 8.033333333333332860e+01 8.013333333333332575e+01 1.368776271387129595e-01
7.363333333333332575e+01 7.706666666666667709e+01 7.960000000000000853e+01 8.059999999999999432e+01 8.079999999999999716e+01 8.073333333333333428e+01 8.083333333333332860e+01 8.033333333333332860e+01 1.314959223763318974e-01
6.929999999999999716e+01 7.363333333333332575e+01 7.706666666666667709e+01 7.960000000000000853e+01 8.059999999999999432e+01 8.079999999999999716e+01 8.073333333333333428e+01 8.083333333333332860e+01 1.252560549463790918e-01
6.713333333333332575e+01 6.929999999999999716e+01 7.363333333333332575e+01 7.706666666666667709e+01 7.960000000000000853e+01 8.059999999999999432e+01 8.079999999999999716e+01 8.073333333333333428e+01 1.239232094511444615e-01
6.813333333333333997e+01 6.713333333333332575e+01 6.929999999999999716e+01 7.363333333333332575e+01 7.706666666666667709e+01 7.960000000000000853e+01 8.059999999999999432e+01 8.079999999999999716e+01 1.290078263064882713e-01
6.946666666666665435e+01 6.813333333333333997e+01 6.713333333333332575e+01 6.929999999999999716e+01 7.363333333333332575e+01 7.706666666666667709e+01 7.960000000000000853e+01 8.059999999999999432e+01 1.347646145887221591e-01
7.126666666666666572e+01 6.946666666666665435e+01 6.813333333333333997e+01 6.713333333333332575e+01 6.929999999999999716e+01 7.363333333333332575e+01 7.706666666666667709e+01 7.960000000000000853e+01 1.413086582947785941e-01
7.320000000000000284e+01 7.126666666666666572e+01 6.946666666666665435e+01 6.813333333333333997e+01 6.713333333333332575e+01 6.929999999999999716e+01 7.363333333333332575e+01 7.706666666666667709e+01 1.475806451612903247e-01
7.466666666666667140e+01 7.320000000000000284e+01 7.126666666666666572e+01 6.946666666666665435e+01 6.813333333333333997e+01 6.713333333333332575e+01 6.929999999999999716e+01 7.363333333333332575e+01 1.517204009753454486e-01
7.520000000000000284e+01 7.466666666666667140e+01 7.320000000000000284e+01 7.126666666666666572e+01 6.946666666666665435e+01 6.813333333333333997e+01 6.713333333333332575e+01 6.929999999999999716e+01 1.524839472794863315e-01
7.573333333333333428e+01 7.520000000000000284e+01 7.466666666666667140e+01 7.320000000000000284e+01 7.126666666666666572e+01 6.946666666666665435e+01 6.813333333333333997e+01 6.713333333333332575e+01 1.517499332086561792e-01
7.593333333333332291e+01 7.573333333333333428e+01 7.520000000000000284e+01 7.466666666666667140e+01 7.320000000000000284e+01 7.126666666666666572e+01 6.946666666666665435e+01 6.813333333333333997e+01 1.495732107682206102e-01
7.650000000000000000e+01 7.593333333333332291e+01 7.573333333333333428e+01 7.520000000000000284e+01 7.466666666666667140e+01 7.320000000000000284e+01 7.126666666666666572e+01 6.946666666666665435e+01 1.484092084842213999e-01
7.693333333333333712e+01 7.650000000000000000e+01 7.593333333333332291e+01 7.573333333333333428e+01 7.520000000000000284e+01 7.466666666666667140e+01 7.320000000000000284e+01 7.126666666666666572e+01 1.472408293460925055e-01
7.726666666666666572e+01 7.693333333333333712e+01 7.650000000000000000e+01 7.593333333333332291e+01 7.573333333333333428e+01 7.520000000000000284e+01 7.466666666666667140e+01 7.320000000000000284e+01 1.462922057431366163e-01
7.736666666666667425e+01 7.726666666666666572e+01 7.693333333333333712e+01 7.650000000000000000e+01 7.593333333333332291e+01 7.573333333333333428e+01 7.520000000000000284e+01 7.466666666666667140e+01 1.453623097638880313e-01
7.700000000000000000e+01 7.736666666666667425e+01 7.726666666666666572e+01 7.693333333333333712e+01 7.650000000000000000e+01 7.593333333333332291e+01 7.573333333333333428e+01 7.520000000000000284e+01 1.439431704885343888e-01
7.706666666666666288e+01 7.700000000000000000e+01 7.736666666666667425e+01 7.726666666666666572e+01 7.693333333333333712e+01 7.650000000000000000e+01 7.593333333333332291e+01 7.573333333333333428e+01 1.435846478698298290e-01
7.726666666666666572e+01 7.706666666666666288e+01 7.700000000000000000e+01 7.736666666666667425e+01 7.726666666666666572e+01 7.693333333333333712e+01 7.650000000000000000e+01 7.593333333333332291e+01 1.436005451616900186e-01
7.723333333333333428e+01 7.726666666666666572e+01 7.706666666666666288e+01 7.700000000000000000e+01 7.736666666666667425e+01 7.726666666666666572e+01 7.693333333333333712e+01 7.650000000000000000e+01 1.431837844518600855e-01
7.720000000000000284e+01 7.723333333333333428e+01 7.726666666666666572e+01 7.706666666666666288e+01 7.700000000000000000e+01 7.736666666666667425e+01 7.726666666666666572e+01 7.693333333333333712e+01 1.429276721797087257e-01
7.760000000000000853e+01 7.720000000000000284e+01 7.723333333333333428e+01 7.726666666666666572e+01 7.706666666666666288e+01 7.700000000000000000e+01 7.736666666666667425e+01 7.726666666666666572e+01 1.435973353071798853e-01
7.796666666666666856e+01 7.760000000000000853e+01 7.720000000000000284e+01 7.723333333333333428e+01 7.726666666666666572e+01 7.706666666666666288e+01 7.700000000000000000e+01 7.736666666666667425e+01 1.441869066699543733e-01
7.883333333333332860e+01 7.796666666666666856e+01 7.760000000000000853e+01 7.720000000000000284e+01 7.723333333333333428e+01 7.726666666666666572e+01 7.706666666666666288e+01 7.700000000000000000e+01 1.456280788177340135e-01
7.880000000000001137e+01 7.883333333333332860e+01 7.796666666666666856e+01 7.760000000000000853e+01 7.720000000000000284e+01 7.723333333333333428e+01 7.726666666666666572e+01 7.706666666666666288e+01 1.450751764344891115e-01
7.889999999999999147e+01 7.880000000000001137e+01 7.883333333333332860e+01 7.796666666666666856e+01 7.760000000000000853e+01 7.720000000000000284e+01 7.723333333333333428e+01 7.726666666666666572e+01 1.447972104973389573e-01
7.783333333333332860e+01 7.889999999999999147e+01 7.880000000000001137e+01 7.883333333333332860e+01 7.796666666666666856e+01 7.760000000000000853e+01 7.720000000000000284e+01 7.723333333333333428e+01 1.424127836057575147e-01
7.679999999999999716e+01 7.783333333333332860e+01 7.889999999999999147e+01 7.880000000000001137e+01 7.883333333333332860e+01 7.796666666666666856e+01 7.760000000000000853e+01 7.720000000000000284e+01 1.403679785548921366e-01
7.670000000000000284e+01 7.679999999999999716e+01 7.783333333333332860e+01 7.889999999999999147e+01 7.880000000000001137e+01 7.883333333333332860e+01 7.796666666666666856e+01 7.760000000000000853e+01 1.402877697841726501e-01
7.600000000000000000e+01 7.670000000000000284e+01 7.679999999999999716e+01 7.783333333333332860e+01 7.889999999999999147e+01 7.880000000000001137e+01 7.883333333333332860e+01 7.796666666666666856e+01 1.392366412213740523e-01
7.579999999999999716e+01 7.600000000000000000e+01 7.670000000000000284e+01 7.679999999999999716e+01 7.783333333333332860e+01 7.889999999999999147e+01 7.880000000000001137e+01 7.883333333333332860e+01 1.393723951949007167e-01
7.566666666666667140e+01 7.579999999999999716e+01 7.600000000000000000e+01 7.670000000000000284e+01 7.679999999999999716e+01 7.783333333333332860e+01 7.889999999999999147e+01 7.880000000000001137e+01 1.399075500770416425e-01
7.576666666666666572e+01 7.566666666666667140e+01 7.579999999999999716e+01 7.600000000000000000e+01 7.670000000000000284e+01 7.679999999999999716e+01 7.783333333333332860e+01 7.889999999999999147e+01 1.409088091252866937e-01
7.573333333333333428e+01 7.576666666666666572e+01 7.566666666666667140e+01 7.579999999999999716e+01 7.600000000000000000e+01 7.670000000000000284e+01 7.679999999999999716e+01 7.783333333333332860e+01 1.416723826152023191e-01
7.579999999999999716e+01 7.573333333333333428e+01 7.576666666666666572e+01 7.566666666666667140e+01 7.579999999999999716e+01 7.600000000000000000e+01 7.670000000000000284e+01 7.679999999999999716e+01 1.423563290346813448e-01
7.659999999999999432e+01 7.579999999999999716e+01 7.573333333333333428e+01 7.576666666666666572e+01 7.566666666666667140e+01 7.579999999999999716e+01 7.600000000000000000e+01 7.670000000000000284e+01 1.441294530858002743e-01
7.633333333333332860e+01 7.659999999999999432e+01 7.579999999999999716e+01 7.573333333333333428e+01 7.576666666666666572e+01 7.566666666666667140e+01 7.579999999999999716e+01 7.600000000000000000e+01 1.436547268050937798e-01
