-1.000000000000000000e+08 -1.000000000000000000e+08 -1.000000000000000000e+08 -1.000000000000000000e+08 -1.000000000000000000e+08 -1.000000000000000000e+08 -1.000000000000000000e+08 -1.000000000000000000e+08 -1.000000000000000000e+08
1.927033333333333212e+04 -1.000000000000000000e+08 -1.000000000000000000e+08 -1.000000000000000000e+08 -1.000000000000000000e+08 -1.000000000000000000e+08 -1.000000000000000000e+08 -1.000000000000000000e+08 -2.752904761904761789e-05
2.107566666666666788e+04 1.927033333333333212e+04 -1.000000000000000000e+08 -1.000000000000000000e+08 -1.000000000000000000e+08 -1.000000000000000000e+08 -1.000000000000000000e+08 -1.000000000000000000e+08 -3.512723930046177481e-05
2.148333333333333212e+04 2.107566666666666788e+04 1.927033333333333212e+04 -1.000000000000000000e+08 -1.000000000000000000e+08 -1.000000000000000000e+08 -1.000000000000000000e+08 -1.000000000000000000e+08 -4.297013401272041906e-05
2.114700000000000000e+04 2.148333333333333212e+04 2.107566666666666788e+04 1.927033333333333212e+04 -1.000000000000000000e+08 -1.000000000000000000e+08 -1.000000000000000000e+08 -1.000000000000000000e+08 -5.287567316905398532e-05
2.120000000000000000e+04 2.114700000000000000e+04 2.148333333333333212e+04 2.107566666666666788e+04 1.927033333333333212e+04 -1.000000000000000000e+08 -1.000000000000000000e+08 -1.000000000000000000e+08 -7.068621761051506404e-05
2.263766666666666788e+04 2.120000000000000000e+04 2.114700000000000000e+04 2.148333333333333212e+04 2.107566666666666788e+04 1.927033333333333212e+04 -1.000000000000000000e+08 -1.000000000000000000e+08 -1.132473217870513051e-04
2.299666666666666788e+04 2.263766666666666788e+04 2.120000000000000000e+04 2.114700000000000000e+04 2.148333333333333212e+04 2.107566666666666788e+04 1.927033333333333212e+04 -1.000000000000000000e+08 -2.302586668924997229e-04
2.349000000000000000e+04 2.299666666666666788e+04 2.263766666666666788e+04 2.120000000000000000e+04 2.114700000000000000e+04 2.148333333333333212e+04 2.107566666666666788e+04 1.927033333333333212e+04 1.567979138112105819e-01
2.278400000000000000e+04 2.349000000000000000e+04 2.299666666666666788e+04 2.263766666666666788e+04 2.120000000000000000e+04 2.114700000000000000e+04 2.148333333333333212e+04 2.107566666666666788e+04 1.479189164039117765e-01
2.460466666666666788e+04 2.278400000000000000e+04 2.349000000000000000e+04 2.299666666666666788e+04 2.263766666666666788e+04 2.120000000000000000e+04 2.114700000000000000e+04 2.148333333333333212e+04 1.579868840108215322e-01
2.477633333333333212e+04 2.460466666666666788e+04 2.278400000000000000e+04 2.349000000000000000e+04 2.299666666666666788e+04 2.263766666666666788e+04 2.120000000000000000e+04 2.114700000000000000e+04 1.559633220026018507e-01
2.483733333333333212e+04 2.477633333333333212e+04 2.460466666666666788e+04 2.278400000000000000e+04 2.349000000000000000e+04 2.299666666666666788e+04 2.263766666666666788e+04 2.120000000000000000e+04 1.528551617747216096e-01
2.431500000000000000e+04 2.483733333333333212e+04 2.477633333333333212e+04 2.460466666666666788e+04 2.278400000000000000e+04 2.349000000000000000e+04 2.299666666666666788e+04 2.263766666666666788e+04 1.463642200730366494e-01
2.538266666666666788e+04 2.431500000000000000e+04 2.483733333333333212e+04 2.477633333333333212e+04 2.460466666666666788e+04 2.278400000000000000e+04 2.349000000000000000e+04 2.299666666666666788e+04 1.512637759926263592e-01
2.585600000000000000e+04 2.538266666666666788e+04 2.431500000000000000e+04 2.483733333333333212e+04 2.477633333333333212e+04 2.460466666666666788e+04 2.278400000000000000e+04 2.349000000000000000e+04 1.519243198777836534e-01
2.555266666666666788e+04 2.585600000000000000e+04 2.538266666666666788e+04 2.431500000000000000e+04 2.483733333333333212e+04 2.477633333333333212e+04 2.460466666666666788e+04 2.278400000000000000e+04 1.480833275381132352e-01
2.453366666666666788e+04 2.555266666666666788e+04 2.585600000000000000e+04 2.538266666666666788e+04 2.431500000000000000e+04 2.483733333333333212e+04 2.477633333333333212e+04 2.460466666666666788e+04 1.399327723423591519e-01
2.733400000000000000e+04 2.453366666666666788e+04 2.555266666666666788e+04 2.585600000000000000e+04 2.538266666666666788e+04 2.431500000000000000e+04 2.483733333333333212e+04 2.477633333333333212e+04 1.559682060860352604e-01
2.769733333333333212e+04 2.733400000000000000e+04 2.453366666666666788e+04 2.555266666666666788e+04 2.585600000000000000e+04 2.538266666666666788e+04 2.431500000000000000e+04 2.483733333333333212e+04 1.557680987713568888e-01
2.699366666666666788e+04 2.769733333333333212e+04 2.733400000000000000e+04 2.453366666666666788e+04 2.555266666666666788e+04 2.585600000000000000e+04 2.538266666666666788e+04 2.431500000000000000e+04 1.494075798780105380e-01
2.645233333333333212e+04 2.699366666666666788e+04 2.769733333333333212e+04 2.733400000000000000e+04 2.453366666666666788e+04 2.555266666666666788e+04 2.585600000000000000e+04 2.538266666666666788e+04 1.442723388782837790e-01
2.874733333333333212e+04 2.645233333333333212e+04 2.699366666666666788e+04 2.769733333333333212e+04 2.733400000000000000e+04 2.453366666666666788e+04 2.555266666666666788e+04 2.585600000000000000e+04 1.558799766474653070e-01
2.920900000000000000e+04 2.874733333333333212e+04 2.645233333333333212e+04 2.699366666666666788e+04 2.769733333333333212e+04 2.733400000000000000e+04 2.453366666666666788e+04 2.555266666666666788e+04 1.559385193608490983e-01
2.857933333333333212e+04 2.920900000000000000e+04 2.874733333333333212e+04 2.645233333333333212e+04 2.699366666666666788e+04 2.769733333333333212e+04 2.733400000000000000e+04 2.453366666666666788e+04 1.496556130018746877e-01
2.846166666666666788e+04 2.857933333333333212e+04 2.920900000000000000e+04 2.874733333333333212e+04 2.645233333333333212e+04 2.699366666666666788e+04 2.769733333333333212e+04 2.733400000000000000e+04 1.459475351215901995e-01
3.036800000000000000e+04 2.846166666666666788e+04 2.857933333333333212e+04 2.920900000000000000e+04 2.874733333333333212e+04 2.645233333333333212e+04 2.699366666666666788e+04 2.769733333333333212e+04 1.548276577014455757e-01
3.055566666666666788e+04 3.036800000000000000e+04 2.846166666666666788e+04 2.857933333333333212e+04 2.920900000000000000e+04 2.874733333333333212e+04 2.645233333333333212e+04 2.699366666666666788e+04 1.536917747814511015e-01
3.009266666666666788e+04 3.055566666666666788e+04 3.036800000000000000e+04 2.846166666666666788e+04 2.857933333333333212e+04 2.920900000000000000e+04 2.874733333333333212e+04 2.645233333333333212e+04 1.486987745421003981e-01
2.969966666666666788e+04 3.009266666666666788e+04 3.055566666666666788e+04 3.036800000000000000e+04 2.846166666666666788e+04 2.857933333333333212e+04 2.920900000000000000e+04 2.874733333333333212e+04 1.441635749084607676e-01
3.183133333333333212e+04 2.969966666666666788e+04 3.009266666666666788e+04 3.055566666666666788e+04 3.036800000000000000e+04 2.846166666666666788e+04 2.857933333333333212e+04 2.920900000000000000e+04 1.537998189718762232e-01
3.199333333333333212e+04 3.183133333333333212e+04 2.969966666666666788e+04 3.009266666666666788e+04 3.055566666666666788e+04 3.036800000000000000e+04 2.846166666666666788e+04 2.857933333333333212e+04 1.526484457627253211e-01
3.128000000000000000e+04 3.199333333333333212e+04 3.183133333333333212e+04 2.969966666666666788e+04 3.009266666666666788e+04 3.055566666666666788e+04 3.036800000000000000e+04 2.846166666666666788e+04 1.468528513772149602e-01
3.078933333333333212e+04 3.128000000000000000e+04 3.199333333333333212e+04 3.183133333333333212e+04 2.969966666666666788e+04 3.009266666666666788e+04 3.055566666666666788e+04 3.036800000000000000e+04 1.426616542746910188e-01
3.278533333333333576e+04 3.078933333333333212e+04 3.128000000000000000e+04 3.199333333333333212e+04 3.183133333333333212e+04 2.969966666666666788e+04 3.009266666666666788e+04 3.055566666666666788e+04 1.516140866868292969e-01
3.241966666666666788e+04 3.278533333333333576e+04 3.078933333333333212e+04 3.128000000000000000e+04 3.199333333333333212e+04 3.183133333333333212e+04 2.969966666666666788e+04 3.009266666666666788e+04 1.483930029065554101e-01
3.113433333333333212e+04 3.241966666666666788e+04 3.278533333333333576e+04 3.078933333333333212e+04 3.128000000000000000e+04 3.199333333333333212e+04 3.183133333333333212e+04 2.969966666666666788e+04 1.410077959407967374e-01
2.967333333333333212e+04 3.113433333333333212e+04 3.241966666666666788e+04 3.278533333333333576e+04 3.078933333333333212e+04 3.128000000000000000e+04 3.199333333333333212e+04 3.183133333333333212e+04 1.335233238338082717e-01
3.195100000000000000e+04 2.967333333333333212e+04 3.113433333333333212e+04 3.241966666666666788e+04 3.278533333333333576e+04 3.078933333333333212e+04 3.128000000000000000e+04 3.199333333333333212e+04 1.451821043097363539e-01
3.161300000000000000e+04 3.195100000000000000e+04 2.967333333333333212e+04 3.113433333333333212e+04 3.241966666666666788e+04 3.278533333333333576e+04 3.078933333333333212e+04 3.128000000000000000e+04 1.436739034599355536e-01
3.024900000000000000e+04 3.161300000000000000e+04 3.195100000000000000e+04 2.967333333333333212e+04 3.113433333333333212e+04 3.241966666666666788e+04 3.278533333333333576e+04 3.078933333333333212e+04 1.372670920196400468e-01
2.985566666666666788e+04 3.024900000000000000e+04 3.161300000000000000e+04 3.195100000000000000e+04 2.967333333333333212e+04 3.113433333333333212e+04 3.241966666666666788e+04 3.278533333333333576e+04 1.358151990137639598e-01
3.310133333333333576e+04 2.985566666666666788e+04 3.024900000000000000e+04 3.161300000000000000e+04 3.195100000000000000e+04 2.967333333333333212e+04 3.113433333333333212e+04 3.241966666666666788e+04 1.526138487262712895e-01
3.306966666666666424e+04 3.310133333333333576e+04 2.985566666666666788e+04 3.024900000000000000e+04 3.161300000000000000e+04 3.195100000000000000e+04 2.967333333333333212e+04 3.113433333333333212e+04 1.519901705597847541e-01
3.235233333333333212e+04 3.306966666666666424e+04 3.310133333333333576e+04 2.985566666666666788e+04 3.024900000000000000e+04 3.161300000000000000e+04 3.195100000000000000e+04 2.967333333333333212e+04 1.473823114500431852e-01
3.058500000000000000e+04 3.235233333333333212e+04 3.306966666666666424e+04 3.310133333333333576e+04 2.985566666666666788e+04 3.024900000000000000e+04 3.161300000000000000e+04 3.195100000000000000e+04 1.376512205659969623e-01
3.283100000000000000e+04 3.058500000000000000e+04 3.235233333333333212e+04 3.306966666666666424e+04 3.310133333333333576e+04 2.985566666666666788e+04 3.024900000000000000e+04 3.161300000000000000e+04 1.486736163314102410e-01
3.407133333333333576e+04 3.283100000000000000e+04 3.058500000000000000e+04 3.235233333333333212e+04 3.306966666666666424e+04 3.310133333333333576e+04 2.985566666666666788e+04 3.024900000000000000e+04 1.534440621378345415e-01
3.367933333333333576e+04 3.407133333333333576e+04 3.283100000000000000e+04 3.058500000000000000e+04 3.235233333333333212e+04 3.306966666666666424e+04 3.310133333333333576e+04 2.985566666666666788e+04 1.491117903066563055e-01
3.213433333333333212e+04 3.367933333333333576e+04 3.407133333333333576e+04 3.283100000000000000e+04 3.058500000000000000e+04 3.235233333333333212e+04 3.306966666666666424e+04 3.310133333333333576e+04 1.399030577444961843e-01
3.539200000000000000e+04 3.213433333333333212e+04 3.367933333333333576e+04 3.407133333333333576e+04 3.283100000000000000e+04 3.058500000000000000e+04 3.235233333333333212e+04 3.306966666666666424e+04 1.547373897684098110e-01
3.574866666666666424e+04 3.539200000000000000e+04 3.213433333333333212e+04 3.367933333333333576e+04 3.407133333333333576e+04 3.283100000000000000e+04 3.058500000000000000e+04 3.235233333333333212e+04 1.547257681032293553e-01
3.579566666666666424e+04 3.574866666666666424e+04 3.539200000000000000e+04 3.213433333333333212e+04 3.367933333333333576e+04 3.407133333333333576e+04 3.283100000000000000e+04 3.058500000000000000e+04 1.526847474496143275e-01
3.497066666666666424e+04 3.579566666666666424e+04 3.574866666666666424e+04 3.539200000000000000e+04 3.213433333333333212e+04 3.367933333333333576e+04 3.407133333333333576e+04 3.283100000000000000e+04 1.459224960602650556e-01
3.844300000000000000e+04 3.497066666666666424e+04 3.579566666666666424e+04 3.574866666666666424e+04 3.539200000000000000e+04 3.213433333333333212e+04 3.367933333333333576e+04 3.407133333333333576e+04 1.589920262043409138e-01
3.869433333333333576e+04 3.844300000000000000e+04 3.497066666666666424e+04 3.579566666666666424e+04 3.574866666666666424e+04 3.539200000000000000e+04 3.213433333333333212e+04 3.367933333333333576e+04 1.571894579622500621e-01
3.919033333333333576e+04 3.869433333333333576e+04 3.844300000000000000e+04 3.497066666666666424e+04 3.579566666666666424e+04 3.574866666666666424e+04 3.539200000000000000e+04 3.213433333333333212e+04 1.560257240529981382e-01
3.864833333333333576e+04 3.919033333333333576e+04 3.869433333333333576e+04 3.844300000000000000e+04 3.497066666666666424e+04 3.579566666666666424e+04 3.574866666666666424e+04 3.539200000000000000e+04 1.496636134575270172e-01
4.075600000000000000e+04 3.864833333333333576e+04 3.919033333333333576e+04 3.869433333333333576e+04 3.844300000000000000e+04 3.497066666666666424e+04 3.579566666666666424e+04 3.574866666666666424e+04 1.558600487206060758e-01
3.994433333333333576e+04 4.075600000000000000e+04 3.864833333333333576e+04 3.919033333333333576e+04 3.869433333333333576e+04 3.844300000000000000e+04 3.497066666666666424e+04 3.579566666666666424e+04 1.498858654525669076e-01
3.890566666666666424e+04 3.994433333333333576e+04 4.075600000000000000e+04 3.864833333333333576e+04 3.919033333333333576e+04 3.869433333333333576e+04 3.844300000000000000e+04 3.497066666666666424e+04 1.437505927154805185e-01
3.668066666666666424e+04 3.890566666666666424e+04 3.994433333333333576e+04 4.075600000000000000e+04 3.864833333333333576e+04 3.919033333333333576e+04 3.869433333333333576e+04 3.844300000000000000e+04 1.335872951128138919e-01
3.998066666666666424e+04 3.668066666666666424e+04 3.890566666666666424e+04 3.994433333333333576e+04 4.075600000000000000e+04 3.864833333333333576e+04 3.919033333333333576e+04 3.869433333333333576e+04 1.465461312051061504e-01
3.963133333333333576e+04 3.998066666666666424e+04 3.668066666666666424e+04 3.890566666666666424e+04 3.994433333333333576e+04 4.075600000000000000e+04 3.864833333333333576e+04 3.919033333333333576e+04 1.445839687322909295e-01
3.825866666666666424e+04 3.963133333333333576e+04 3.998066666666666424e+04 3.668066666666666424e+04 3.890566666666666424e+04 3.994433333333333576e+04 4.075600000000000000e+04 3.864833333333333576e+04 1.393519749502513672e-01
3.556866666666666424e+04 3.825866666666666424e+04 3.963133333333333576e+04 3.998066666666666424e+04 3.668066666666666424e+04 3.890566666666666424e+04 3.994433333333333576e+04 4.075600000000000000e+04 1.297381552198737520e-01
3.863466666666666424e+04 3.556866666666666424e+04 3.825866666666666424e+04 3.963133333333333576e+04 3.998066666666666424e+04 3.668066666666666424e+04 3.890566666666666424e+04 3.994433333333333576e+04 1.436393154131191952e-01
3.750533333333333576e+04 3.863466666666666424e+04 3.556866666666666424e+04 3.825866666666666424e+04 3.963133333333333576e+04 3.998066666666666424e+04 3.668066666666666424e+04 3.890566666666666424e+04 1.401228671662218817e-01
3.335433333333333576e+04 3.750533333333333576e+04 3.863466666666666424e+04 3.556866666666666424e+04 3.825866666666666424e+04 3.963133333333333576e+04 3.998066666666666424e+04 3.668066666666666424e+04 1.252697864242970638e-01
2.859333333333333212e+04 3.335433333333333576e+04 3.750533333333333576e+04 3.863466666666666424e+04 3.556866666666666424e+04 3.825866666666666424e+04 3.963133333333333576e+04 3.998066666666666424e+04 1.087473266387846693e-01
3.035933333333333212e+04 2.859333333333333212e+04 3.335433333333333576e+04 3.750533333333333576e+04 3.863466666666666424e+04 3.556866666666666424e+04 3.825866666666666424e+04 3.963133333333333576e+04 1.206908203790156703e-01
3.068000000000000000e+04 3.035933333333333212e+04 2.859333333333333212e+04 3.335433333333333576e+04 3.750533333333333576e+04 3.863466666666666424e+04 3.556866666666666424e+04 3.825866666666666424e+04 1.266333068711364418e-01
2.911766666666666788e+04 3.068000000000000000e+04 3.035933333333333212e+04 2.859333333333333212e+04 3.335433333333333576e+04 3.750533333333333576e+04 3.863466666666666424e+04 3.556866666666666424e+04 1.240656339344427678e-01
2.829466666666666788e+04 2.911766666666666788e+04 3.068000000000000000e+04 3.035933333333333212e+04 2.859333333333333212e+04 3.335433333333333576e+04 3.750533333333333576e+04 3.863466666666666424e+04 1.239663869473401486e-01
3.191733333333333212e+04 2.829466666666666788e+04 2.911766666666666788e+04 3.068000000000000000e+04 3.035933333333333212e+04 2.859333333333333212e+04 3.335433333333333576e+04 3.750533333333333576e+04 1.464738402420630303e-01
3.129533333333333212e+04 3.191733333333333212e+04 2.829466666666666788e+04 2.911766666666666788e+04 3.068000000000000000e+04 3.035933333333333212e+04 2.859333333333333212e+04 3.335433333333333576e+04 1.473993249077635292e-01
3.001800000000000000e+04 3.129533333333333212e+04 3.191733333333333212e+04 2.829466666666666788e+04 2.911766666666666788e+04 3.068000000000000000e+04 3.035933333333333212e+04 2.859333333333333212e+04 1.427676834614036994e-01
2.920266666666666788e+04 3.001800000000000000e+04 3.129533333333333212e+04 3.191733333333333212e+04 2.829466666666666788e+04 2.911766666666666788e+04 3.068000000000000000e+04 3.035933333333333212e+04 1.379551434775693752e-01
3.200366666666666788e+04 2.920266666666666788e+04 3.001800000000000000e+04 3.129533333333333212e+04 3.191733333333333212e+04 2.829466666666666788e+04 2.911766666666666788e+04 3.068000000000000000e+04 1.520178853884799619e-01
3.207166666666666788e+04 3.200366666666666788e+04 2.920266666666666788e+04 3.001800000000000000e+04 3.129533333333333212e+04 3.191733333333333212e+04 2.829466666666666788e+04 2.911766666666666788e+04 1.513890374920541237e-01
3.100366666666666788e+04 3.207166666666666788e+04 3.200366666666666788e+04 2.920266666666666788e+04 3.001800000000000000e+04 3.129533333333333212e+04 3.191733333333333212e+04 2.829466666666666788e+04 1.443351282568550997e-01
3.077733333333333212e+04 3.100366666666666788e+04 3.207166666666666788e+04 3.200366666666666788e+04 2.920266666666666788e+04 3.001800000000000000e+04 3.129533333333333212e+04 3.191733333333333212e+04 1.414969572606610548e-01
3.371533333333333576e+04 3.077733333333333212e+04 3.100366666666666788e+04 3.207166666666666788e+04 3.200366666666666788e+04 2.920266666666666788e+04 3.001800000000000000e+04 3.129533333333333212e+04 1.558209074789290716e-01
3.370333333333333576e+04 3.371533333333333576e+04 3.077733333333333212e+04 3.100366666666666788e+04 3.207166666666666788e+04 3.200366666666666788e+04 2.920266666666666788e+04 3.001800000000000000e+04 1.540425700473965487e-01
3.282033333333333576e+04 3.370333333333333576e+04 3.371533333333333576e+04 3.077733333333333212e+04 3.100366666666666788e+04 3.207166666666666788e+04 3.200366666666666788e+04 2.920266666666666788e+04 1.475219235488805791e-01
3.247033333333333212e+04 3.282033333333333576e+04 3.370333333333333576e+04 3.371533333333333576e+04 3.077733333333333212e+04 3.100366666666666788e+04 3.207166666666666788e+04 3.200366666666666788e+04 1.436134609884326119e-01
3.618066666666666424e+04 3.247033333333333212e+04 3.282033333333333576e+04 3.370333333333333576e+04 3.371533333333333576e+04 3.077733333333333212e+04 3.100366666666666788e+04 3.207166666666666788e+04 1.596943294403592173e-01
3.637300000000000000e+04 3.618066666666666424e+04 3.247033333333333212e+04 3.282033333333333576e+04 3.370333333333333576e+04 3.371533333333333576e+04 3.077733333333333212e+04 3.100366666666666788e+04 1.576834539235534294e-01
3.461200000000000000e+04 3.637300000000000000e+04 3.618066666666666424e+04 3.247033333333333212e+04 3.282033333333333576e+04 3.370333333333333576e+04 3.371533333333333576e+04 3.077733333333333212e+04 1.466359562843073394e-01
3.292600000000000000e+04 3.461200000000000000e+04 3.637300000000000000e+04 3.618066666666666424e+04 3.247033333333333212e+04 3.282033333333333576e+04 3.370333333333333576e+04 3.371533333333333576e+04 1.372631578947368369e-01
3.710766666666666424e+04 3.292600000000000000e+04 3.461200000000000000e+04 3.637300000000000000e+04 3.618066666666666424e+04 3.247033333333333212e+04 3.282033333333333576e+04 3.370333333333333576e+04 1.552065717030297054e-01
3.742133333333333576e+04 3.710766666666666424e+04 3.292600000000000000e+04 3.461200000000000000e+04 3.637300000000000000e+04 3.618066666666666424e+04 3.247033333333333212e+04 3.282033333333333576e+04 1.543211403906690482e-01
3.571200000000000000e+04 3.742133333333333576e+04 3.710766666666666424e+04 3.292600000000000000e+04 3.461200000000000000e+04 3.637300000000000000e+04 3.618066666666666424e+04 3.247033333333333212e+04 1.445297481494672021e-01
3.403733333333333576e+04 3.571200000000000000e+04 3.742133333333333576e+04 3.710766666666666424e+04 3.292600000000000000e+04 3.461200000000000000e+04 3.637300000000000000e+04 3.618066666666666424e+04 1.359684047094666115e-01
3.813233333333333576e+04 3.403733333333333576e+04 3.571200000000000000e+04 3.742133333333333576e+04 3.710766666666666424e+04 3.292600000000000000e+04 3.461200000000000000e+04 3.637300000000000000e+04 1.536421119360488197e-01
3.825933333333333576e+04 3.813233333333333576e+04 3.403733333333333576e+04 3.571200000000000000e+04 3.742133333333333576e+04 3.710766666666666424e+04 3.292600000000000000e+04 3.461200000000000000e+04 1.530687634527623242e-01
3.671833333333333576e+04 3.825933333333333576e+04 3.813233333333333576e+04 3.403733333333333576e+04 3.571200000000000000e+04 3.742133333333333576e+04 3.710766666666666424e+04 3.292600000000000000e+04 1.447906644163683143e-01
3.577033333333333576e+04 3.671833333333333576e+04 3.825933333333333576e+04 3.813233333333333576e+04 3.403733333333333576e+04 3.571200000000000000e+04 3.742133333333333576e+04 3.710766666666666424e+04 1.389741829790265004e-01
3.895166666666666424e+04 3.577033333333333576e+04 3.671833333333333576e+04 3.825933333333333576e+04 3.813233333333333576e+04 3.403733333333333576e+04 3.571200000000000000e+04 3.742133333333333576e+04 1.521246418356759500e-01
3.886333333333333576e+04 3.895166666666666424e+04 3.577033333333333576e+04 3.671833333333333576e+04 3.825933333333333576e+04 3.813233333333333576e+04 3.403733333333333576e+04 3.571200000000000000e+04 1.508779104075864685e-01
3.709700000000000000e+04 3.886333333333333576e+04 3.895166666666666424e+04 3.577033333333333576e+04 3.671833333333333576e+04 3.825933333333333576e+04 3.813233333333333576e+04 3.403733333333333576e+04 1.422798319607055662e-01
3.637166666666666424e+04 3.709700000000000000e+04 3.886333333333333576e+04 3.895166666666666424e+04 3.577033333333333576e+04 3.671833333333333576e+04 3.825933333333333576e+04 3.813233333333333576e+04 1.378799232224337812e-01
4.000133333333333576e+04 3.637166666666666424e+04 3.709700000000000000e+04 3.886333333333333576e+04 3.895166666666666424e+04 3.577033333333333576e+04 3.671833333333333576e+04 3.825933333333333576e+04 1.526583937055953910e-01
4.010233333333333576e+04 4.000133333333333576e+04 3.637166666666666424e+04 3.709700000000000000e+04 3.886333333333333576e+04 3.895166666666666424e+04 3.577033333333333576e+04 3.671833333333333576e+04 1.520331193030388384e-01
