-1.000000000000000000e+08 -1.000000000000000000e+08 -1.000000000000000000e+08 -1.000000000000000000e+08 -1.000000000000000000e+08 -1.000000000000000000e+08 -1.000000000000000000e+08 -1.000000000000000000e+08 -1.000000000000000000e+08
3.435766666666666424e+04 -1.000000000000000000e+08 -1.000000000000000000e+08 -1.000000000000000000e+08 -1.000000000000000000e+08 -1.000000000000000000e+08 -1.000000000000000000e+08 -1.000000000000000000e+08 -4.908238095238095041e-05
3.459466666666666424e+04 3.435766666666666424e+04 -1.000000000000000000e+08 -1.000000000000000000e+08 -1.000000000000000000e+08 -1.000000000000000000e+08 -1.000000000000000000e+08 -1.000000000000000000e+08 -5.766107961136599099e-05
3.462300000000000000e+04 3.459466666666666424e+04 3.435766666666666424e+04 -1.000000000000000000e+08 -1.000000000000000000e+08 -1.000000000000000000e+08 -1.000000000000000000e+08 -1.000000000000000000e+08 -6.925555066362907534e-05
3.458033333333333576e+04 3.462300000000000000e+04 3.459466666666666424e+04 3.435766666666666424e+04 -1.000000000000000000e+08 -1.000000000000000000e+08 -1.000000000000000000e+08 -1.000000000000000000e+08 -8.647322456598040502e-05
3.471033333333333576e+04 3.458033333333333576e+04 3.462300000000000000e+04 3.459466666666666424e+04 3.435766666666666424e+04 -1.000000000000000000e+08 -1.000000000000000000e+08 -1.000000000000000000e+08 -1.157544182071678740e-04
3.560933333333333576e+04 3.471033333333333576e+04 3.458033333333333576e+04 3.462300000000000000e+04 3.459466666666666424e+04 3.435766666666666424e+04 -1.000000000000000000e+08 -1.000000000000000000e+08 -1.782006908698061825e-04
3.585400000000000000e+04 3.560933333333333576e+04 3.471033333333333576e+04 3.458033333333333576e+04 3.462300000000000000e+04 3.459466666666666424e+04 3.435766666666666424e+04 -1.000000000000000000e+08 -3.592890290008395938e-04
3.633233333333333576e+04 3.585400000000000000e+04 3.560933333333333576e+04 3.471033333333333576e+04 3.458033333333333576e+04 3.462300000000000000e+04 3.459466666666666424e+04 3.435766666666666424e+04 1.487022979912358822e-01
3.721500000000000000e+04 3.633233333333333576e+04 3.585400000000000000e+04 3.560933333333333576e+04 3.471033333333333576e+04 3.458033333333333576e+04 3.462300000000000000e+04 3.459466666666666424e+04 1.510937703001169197e-01
3.723833333333333576e+04 3.721500000000000000e+04 3.633233333333333576e+04 3.585400000000000000e+04 3.560933333333333576e+04 3.471033333333333576e+04 3.458033333333333576e+04 3.462300000000000000e+04 1.495969993558952937e-01
3.761433333333333576e+04 3.723833333333333576e+04 3.721500000000000000e+04 3.633233333333333576e+04 3.585400000000000000e+04 3.560933333333333576e+04 3.471033333333333576e+04 3.458033333333333576e+04 1.495363885616450006e-01
3.793666666666666424e+04 3.761433333333333576e+04 3.723833333333333576e+04 3.721500000000000000e+04 3.633233333333333576e+04 3.585400000000000000e+04 3.560933333333333576e+04 3.471033333333333576e+04 1.490203883355308845e-01
3.841466666666666424e+04 3.793666666666666424e+04 3.761433333333333576e+04 3.723833333333333576e+04 3.721500000000000000e+04 3.633233333333333576e+04 3.585400000000000000e+04 3.560933333333333576e+04 1.490095681406775063e-01
3.915633333333333576e+04 3.841466666666666424e+04 3.793666666666666424e+04 3.761433333333333576e+04 3.723833333333333576e+04 3.721500000000000000e+04 3.633233333333333576e+04 3.585400000000000000e+04 1.502514658180441609e-01
3.969866666666666424e+04 3.915633333333333576e+04 3.841466666666666424e+04 3.793666666666666424e+04 3.761433333333333576e+04 3.723833333333333576e+04 3.721500000000000000e+04 3.633233333333333576e+04 1.504263486092989321e-01
4.015966666666666424e+04 3.969866666666666424e+04 3.915633333333333576e+04 3.841466666666666424e+04 3.793666666666666424e+04 3.761433333333333576e+04 3.723833333333333576e+04 3.721500000000000000e+04 1.502565407284908450e-01
4.025866666666666424e+04 4.015966666666666424e+04 3.969866666666666424e+04 3.915633333333333576e+04 3.841466666666666424e+04 3.793666666666666424e+04 3.761433333333333576e+04 3.723833333333333576e+04 1.489855129672758849e-01
4.007933333333333576e+04 4.025866666666666424e+04 4.015966666666666424e+04 3.969866666666666424e+04 3.915633333333333576e+04 3.841466666666666424e+04 3.793666666666666424e+04 3.761433333333333576e+04 1.466823306092224499e-01
4.051300000000000000e+04 4.007933333333333576e+04 4.025866666666666424e+04 4.015966666666666424e+04 3.969866666666666424e+04 3.915633333333333576e+04 3.841466666666666424e+04 3.793666666666666424e+04 1.469438238110437334e-01
4.102666666666666424e+04 4.051300000000000000e+04 4.007933333333333576e+04 4.025866666666666424e+04 4.015966666666666424e+04 3.969866666666666424e+04 3.915633333333333576e+04 3.841466666666666424e+04 1.474292709629737852e-01
4.104000000000000000e+04 4.102666666666666424e+04 4.051300000000000000e+04 4.007933333333333576e+04 4.025866666666666424e+04 4.015966666666666424e+04 3.969866666666666424e+04 3.915633333333333576e+04 1.461058032911780047e-01
4.104933333333333576e+04 4.104000000000000000e+04 4.102666666666666424e+04 4.051300000000000000e+04 4.007933333333333576e+04 4.025866666666666424e+04 4.015966666666666424e+04 3.969866666666666424e+04 1.451655491743759629e-01
4.130433333333333576e+04 4.104933333333333576e+04 4.104000000000000000e+04 4.102666666666666424e+04 4.051300000000000000e+04 4.007933333333333576e+04 4.025866666666666424e+04 4.015966666666666424e+04 1.453729557239728798e-01
4.189100000000000000e+04 4.130433333333333576e+04 4.104933333333333576e+04 4.104000000000000000e+04 4.102666666666666424e+04 4.051300000000000000e+04 4.007933333333333576e+04 4.025866666666666424e+04 1.468461604974912460e-01
4.200366666666666424e+04 4.189100000000000000e+04 4.130433333333333576e+04 4.104933333333333576e+04 4.104000000000000000e+04 4.102666666666666424e+04 4.051300000000000000e+04 4.007933333333333576e+04 1.464033804610374301e-01
4.236766666666666424e+04 4.200366666666666424e+04 4.189100000000000000e+04 4.130433333333333576e+04 4.104933333333333576e+04 4.104000000000000000e+04 4.102666666666666424e+04 4.051300000000000000e+04 1.466882250566657886e-01
4.253033333333333576e+04 4.236766666666666424e+04 4.200366666666666424e+04 4.189100000000000000e+04 4.130433333333333576e+04 4.104933333333333576e+04 4.104000000000000000e+04 4.102666666666666424e+04 1.463119002623708698e-01
4.277566666666666424e+04 4.253033333333333576e+04 4.236766666666666424e+04 4.200366666666666424e+04 4.189100000000000000e+04 4.130433333333333576e+04 4.104933333333333576e+04 4.104000000000000000e+04 1.463985881155746294e-01
4.285866666666666424e+04 4.277566666666666424e+04 4.253033333333333576e+04 4.236766666666666424e+04 4.200366666666666424e+04 4.189100000000000000e+04 4.130433333333333576e+04 4.104933333333333576e+04 1.458164637783720408e-01
4.308700000000000000e+04 4.285866666666666424e+04 4.277566666666666424e+04 4.253033333333333576e+04 4.236766666666666424e+04 4.200366666666666424e+04 4.189100000000000000e+04 4.130433333333333576e+04 1.456964316710888663e-01
4.372066666666666424e+04 4.308700000000000000e+04 4.285866666666666424e+04 4.277566666666666424e+04 4.253033333333333576e+04 4.236766666666666424e+04 4.200366666666666424e+04 4.189100000000000000e+04 1.469533086398175092e-01
4.450766666666666424e+04 4.372066666666666424e+04 4.308700000000000000e+04 4.285866666666666424e+04 4.277566666666666424e+04 4.253033333333333576e+04 4.236766666666666424e+04 4.200366666666666424e+04 1.486841768268578889e-01
4.555033333333333576e+04 4.450766666666666424e+04 4.372066666666666424e+04 4.308700000000000000e+04 4.285866666666666424e+04 4.277566666666666424e+04 4.253033333333333576e+04 4.236766666666666424e+04 1.509050370882443204e-01
4.584700000000000000e+04 4.555033333333333576e+04 4.450766666666666424e+04 4.372066666666666424e+04 4.308700000000000000e+04 4.285866666666666424e+04 4.277566666666666424e+04 4.253033333333333576e+04 1.503030846112572427e-01
4.636800000000000000e+04 4.584700000000000000e+04 4.555033333333333576e+04 4.450766666666666424e+04 4.372066666666666424e+04 4.308700000000000000e+04 4.285866666666666424e+04 4.277566666666666424e+04 1.503760373864509725e-01
4.693633333333333576e+04 4.636800000000000000e+04 4.584700000000000000e+04 4.555033333333333576e+04 4.450766666666666424e+04 4.372066666666666424e+04 4.308700000000000000e+04 4.285866666666666424e+04 1.504662231331305999e-01
4.721633333333333576e+04 4.693633333333333576e+04 4.636800000000000000e+04 4.584700000000000000e+04 4.555033333333333576e+04 4.450766666666666424e+04 4.372066666666666424e+04 4.308700000000000000e+04 1.494107384518343629e-01
4.695566666666666424e+04 4.721633333333333576e+04 4.693633333333333576e+04 4.636800000000000000e+04 4.584700000000000000e+04 4.555033333333333576e+04 4.450766666666666424e+04 4.372066666666666424e+04 1.466693876446083233e-01
4.634433333333333576e+04 4.695566666666666424e+04 4.721633333333333576e+04 4.693633333333333576e+04 4.636800000000000000e+04 4.584700000000000000e+04 4.555033333333333576e+04 4.450766666666666424e+04 1.433117145495926281e-01
4.515900000000000000e+04 4.634433333333333576e+04 4.695566666666666424e+04 4.721633333333333576e+04 4.693633333333333576e+04 4.636800000000000000e+04 4.584700000000000000e+04 4.555033333333333576e+04 1.388576278065789815e-01
4.444000000000000000e+04 4.515900000000000000e+04 4.634433333333333576e+04 4.695566666666666424e+04 4.721633333333333576e+04 4.693633333333333576e+04 4.636800000000000000e+04 4.584700000000000000e+04 1.368114276331992285e-01
4.440066666666666424e+04 4.444000000000000000e+04 4.515900000000000000e+04 4.634433333333333576e+04 4.695566666666666424e+04 4.721633333333333576e+04 4.693633333333333576e+04 4.636800000000000000e+04 1.372849929761022492e-01
4.454300000000000000e+04 4.440066666666666424e+04 4.444000000000000000e+04 4.515900000000000000e+04 4.634433333333333576e+04 4.695566666666666424e+04 4.721633333333333576e+04 4.693633333333333576e+04 1.385679784561111849e-01
4.495000000000000000e+04 4.454300000000000000e+04 4.440066666666666424e+04 4.444000000000000000e+04 4.515900000000000000e+04 4.634433333333333576e+04 4.695566666666666424e+04 4.721633333333333576e+04 1.408830341723631141e-01
4.569733333333333576e+04 4.495000000000000000e+04 4.454300000000000000e+04 4.440066666666666424e+04 4.444000000000000000e+04 4.515900000000000000e+04 4.634433333333333576e+04 4.695566666666666424e+04 1.442499721163578996e-01
4.576966666666666424e+04 4.569733333333333576e+04 4.495000000000000000e+04 4.454300000000000000e+04 4.440066666666666424e+04 4.444000000000000000e+04 4.515900000000000000e+04 4.634433333333333576e+04 1.450544737339729551e-01
4.523100000000000000e+04 4.576966666666666424e+04 4.569733333333333576e+04 4.495000000000000000e+04 4.454300000000000000e+04 4.440066666666666424e+04 4.444000000000000000e+04 4.515900000000000000e+04 1.436088642037763874e-01
4.462166666666666424e+04 4.523100000000000000e+04 4.576966666666666424e+04 4.569733333333333576e+04 4.495000000000000000e+04 4.454300000000000000e+04 4.440066666666666424e+04 4.444000000000000000e+04 1.416418455287563605e-01
4.515566666666666424e+04 4.462166666666666424e+04 4.523100000000000000e+04 4.576966666666666424e+04 4.569733333333333576e+04 4.495000000000000000e+04 4.454300000000000000e+04 4.440066666666666424e+04 1.432543039634533166e-01
4.597433333333333576e+04 4.515566666666666424e+04 4.462166666666666424e+04 4.523100000000000000e+04 4.576966666666666424e+04 4.569733333333333576e+04 4.495000000000000000e+04 4.454300000000000000e+04 1.455029776190652213e-01
4.665833333333333576e+04 4.597433333333333576e+04 4.515566666666666424e+04 4.462166666666666424e+04 4.523100000000000000e+04 4.576966666666666424e+04 4.569733333333333576e+04 4.495000000000000000e+04 1.470018347005195569e-01
4.762833333333333576e+04 4.665833333333333576e+04 4.597433333333333576e+04 4.515566666666666424e+04 4.462166666666666424e+04 4.523100000000000000e+04 4.576966666666666424e+04 4.569733333333333576e+04 1.492545888330387704e-01
4.874600000000000000e+04 4.762833333333333576e+04 4.665833333333333576e+04 4.597433333333333576e+04 4.515566666666666424e+04 4.462166666666666424e+04 4.523100000000000000e+04 4.576966666666666424e+04 1.518382501814421193e-01
4.961400000000000000e+04 4.874600000000000000e+04 4.762833333333333576e+04 4.665833333333333576e+04 4.597433333333333576e+04 4.515566666666666424e+04 4.462166666666666424e+04 4.523100000000000000e+04 1.531223830970962207e-01
5.018833333333333576e+04 4.961400000000000000e+04 4.874600000000000000e+04 4.762833333333333576e+04 4.665833333333333576e+04 4.597433333333333576e+04 4.515566666666666424e+04 4.462166666666666424e+04 1.528276128076167528e-01
5.062033333333333576e+04 5.018833333333333576e+04 4.961400000000000000e+04 4.874600000000000000e+04 4.762833333333333576e+04 4.665833333333333576e+04 4.597433333333333576e+04 4.515566666666666424e+04 1.515737677101891834e-01
5.079433333333333576e+04 5.062033333333333576e+04 5.018833333333333576e+04 4.961400000000000000e+04 4.874600000000000000e+04 4.762833333333333576e+04 4.665833333333333576e+04 4.597433333333333576e+04 1.496461220733995845e-01
5.138766666666666424e+04 5.079433333333333576e+04 5.062033333333333576e+04 5.018833333333333576e+04 4.961400000000000000e+04 4.874600000000000000e+04 4.762833333333333576e+04 4.665833333333333576e+04 1.492744122724883049e-01
5.202333333333333576e+04 5.138766666666666424e+04 5.079433333333333576e+04 5.062033333333333576e+04 5.018833333333333576e+04 4.961400000000000000e+04 4.874600000000000000e+04 4.762833333333333576e+04 1.490729623654527547e-01
5.184800000000000000e+04 5.202333333333333576e+04 5.138766666666666424e+04 5.079433333333333576e+04 5.062033333333333576e+04 5.018833333333333576e+04 4.961400000000000000e+04 4.874600000000000000e+04 1.467227356851381337e-01
5.199366666666666424e+04 5.184800000000000000e+04 5.202333333333333576e+04 5.138766666666666424e+04 5.079433333333333576e+04 5.062033333333333576e+04 5.018833333333333576e+04 4.961400000000000000e+04 1.458546063877138033e-01
5.203500000000000000e+04 5.199366666666666424e+04 5.184800000000000000e+04 5.202333333333333576e+04 5.138766666666666424e+04 5.079433333333333576e+04 5.062033333333333576e+04 5.018833333333333576e+04 1.450025869267774492e-01
5.251966666666666424e+04 5.203500000000000000e+04 5.199366666666666424e+04 5.184800000000000000e+04 5.202333333333333576e+04 5.138766666666666424e+04 5.079433333333333576e+04 5.062033333333333576e+04 1.456039005384864859e-01
5.288366666666666424e+04 5.251966666666666424e+04 5.203500000000000000e+04 5.199366666666666424e+04 5.184800000000000000e+04 5.202333333333333576e+04 5.138766666666666424e+04 5.079433333333333576e+04 1.458450733357541107e-01
5.224600000000000000e+04 5.288366666666666424e+04 5.251966666666666424e+04 5.203500000000000000e+04 5.199366666666666424e+04 5.184800000000000000e+04 5.202333333333333576e+04 5.138766666666666424e+04 1.432610072636835152e-01
5.129666666666666424e+04 5.224600000000000000e+04 5.288366666666666424e+04 5.251966666666666424e+04 5.203500000000000000e+04 5.199366666666666424e+04 5.184800000000000000e+04 5.202333333333333576e+04 1.403276165187006264e-01
5.139266666666666424e+04 5.129666666666666424e+04 5.224600000000000000e+04 5.288366666666666424e+04 5.251966666666666424e+04 5.203500000000000000e+04 5.199366666666666424e+04 5.184800000000000000e+04 1.408702675637844293e-01
5.067000000000000000e+04 5.139266666666666424e+04 5.129666666666666424e+04 5.224600000000000000e+04 5.288366666666666424e+04 5.251966666666666424e+04 5.203500000000000000e+04 5.199366666666666424e+04 1.390629602726918546e-01
4.923400000000000000e+04 5.067000000000000000e+04 5.139266666666666424e+04 5.129666666666666424e+04 5.224600000000000000e+04 5.288366666666666424e+04 5.251966666666666424e+04 5.203500000000000000e+04 1.356145403996397159e-01
4.694733333333333576e+04 4.923400000000000000e+04 5.067000000000000000e+04 5.139266666666666424e+04 5.129666666666666424e+04 5.224600000000000000e+04 5.288366666666666424e+04 5.251966666666666424e+04 1.303214129734771298e-01
4.489166666666666424e+04 4.694733333333333576e+04 4.923400000000000000e+04 5.067000000000000000e+04 5.139266666666666424e+04 5.129666666666666424e+04 5.224600000000000000e+04 5.288366666666666424e+04 1.265729395654744127e-01
4.362966666666666424e+04 4.489166666666666424e+04 4.694733333333333576e+04 4.923400000000000000e+04 5.067000000000000000e+04 5.139266666666666424e+04 5.129666666666666424e+04 5.224600000000000000e+04 1.258505723365078988e-01
4.356133333333333576e+04 4.362966666666666424e+04 4.489166666666666424e+04 4.694733333333333576e+04 4.923400000000000000e+04 5.067000000000000000e+04 5.139266666666666424e+04 5.129666666666666424e+04 1.288560481016302883e-01
4.428666666666666424e+04 4.356133333333333576e+04 4.362966666666666424e+04 4.489166666666666424e+04 4.694733333333333576e+04 4.923400000000000000e+04 5.067000000000000000e+04 5.139266666666666424e+04 1.340693051322932594e-01
4.498633333333333576e+04 4.428666666666666424e+04 4.356133333333333576e+04 4.362966666666666424e+04 4.489166666666666424e+04 4.694733333333333576e+04 4.923400000000000000e+04 5.067000000000000000e+04 1.391814879824103957e-01
4.536766666666666424e+04 4.498633333333333576e+04 4.428666666666666424e+04 4.356133333333333576e+04 4.362966666666666424e+04 4.489166666666666424e+04 4.694733333333333576e+04 4.923400000000000000e+04 1.428736388725303230e-01
4.611833333333333576e+04 4.536766666666666424e+04 4.498633333333333576e+04 4.428666666666666424e+04 4.356133333333333576e+04 4.362966666666666424e+04 4.489166666666666424e+04 4.694733333333333576e+04 1.470278806221387569e-01
4.632700000000000000e+04 4.611833333333333576e+04 4.536766666666666424e+04 4.498633333333333576e+04 4.428666666666666424e+04 4.356133333333333576e+04 4.362966666666666424e+04 4.489166666666666424e+04 1.480844942862470370e-01
4.644333333333333576e+04 4.632700000000000000e+04 4.611833333333333576e+04 4.536766666666666424e+04 4.498633333333333576e+04 4.428666666666666424e+04 4.356133333333333576e+04 4.362966666666666424e+04 1.477783399145764232e-01
4.686533333333333576e+04 4.644333333333333576e+04 4.632700000000000000e+04 4.611833333333333576e+04 4.536766666666666424e+04 4.498633333333333576e+04 4.428666666666666424e+04 4.356133333333333576e+04 1.477978958699509571e-01
4.654866666666666424e+04 4.686533333333333576e+04 4.644333333333333576e+04 4.632700000000000000e+04 4.611833333333333576e+04 4.536766666666666424e+04 4.498633333333333576e+04 4.428666666666666424e+04 1.452853980091220742e-01
4.730600000000000000e+04 4.654866666666666424e+04 4.686533333333333576e+04 4.644333333333333576e+04 4.632700000000000000e+04 4.611833333333333576e+04 4.536766666666666424e+04 4.498633333333333576e+04 1.466140479560316956e-01
4.814633333333333576e+04 4.730600000000000000e+04 4.654866666666666424e+04 4.686533333333333576e+04 4.644333333333333576e+04 4.632700000000000000e+04 4.611833333333333576e+04 4.536766666666666424e+04 1.481533527056841937e-01
4.861233333333333576e+04 4.814633333333333576e+04 4.730600000000000000e+04 4.654866666666666424e+04 4.686533333333333576e+04 4.644333333333333576e+04 4.632700000000000000e+04 4.611833333333333576e+04 1.483191204812537856e-01
4.873933333333333576e+04 4.861233333333333576e+04 4.814633333333333576e+04 4.730600000000000000e+04 4.654866666666666424e+04 4.686533333333333576e+04 4.644333333333333576e+04 4.632700000000000000e+04 1.475835909672196800e-01
4.853200000000000000e+04 4.873933333333333576e+04 4.861233333333333576e+04 4.814633333333333576e+04 4.730600000000000000e+04 4.654866666666666424e+04 4.686533333333333576e+04 4.644333333333333576e+04 1.458901144707730746e-01
4.859033333333333576e+04 4.853200000000000000e+04 4.873933333333333576e+04 4.861233333333333576e+04 4.814633333333333576e+04 4.730600000000000000e+04 4.654866666666666424e+04 4.686533333333333576e+04 1.451540950958426779e-01
4.907600000000000000e+04 4.859033333333333576e+04 4.853200000000000000e+04 4.873933333333333576e+04 4.861233333333333576e+04 4.814633333333333576e+04 4.730600000000000000e+04 4.654866666666666424e+04 1.458533323426703110e-01
4.989933333333333576e+04 4.907600000000000000e+04 4.859033333333333576e+04 4.853200000000000000e+04 4.873933333333333576e+04 4.861233333333333576e+04 4.814633333333333576e+04 4.730600000000000000e+04 1.471946604104003020e-01
5.044433333333333576e+04 4.989933333333333576e+04 4.907600000000000000e+04 4.859033333333333576e+04 4.853200000000000000e+04 4.873933333333333576e+04 4.861233333333333576e+04 4.814633333333333576e+04 1.476726383141082066e-01
5.088166666666666424e+04 5.044433333333333576e+04 4.989933333333333576e+04 4.907600000000000000e+04 4.859033333333333576e+04 4.853200000000000000e+04 4.873933333333333576e+04 4.861233333333333576e+04 1.479575566478397719e-01
5.136133333333333576e+04 5.088166666666666424e+04 5.044433333333333576e+04 4.989933333333333576e+04 4.907600000000000000e+04 4.859033333333333576e+04 4.853200000000000000e+04 4.873933333333333576e+04 1.483732615367134300e-01
5.202233333333333576e+04 5.136133333333333576e+04 5.088166666666666424e+04 5.044433333333333576e+04 4.989933333333333576e+04 4.907600000000000000e+04 4.859033333333333576e+04 4.853200000000000000e+04 1.491530121230366379e-01
5.323066666666666424e+04 5.202233333333333576e+04 5.136133333333333576e+04 5.088166666666666424e+04 5.044433333333333576e+04 4.989933333333333576e+04 4.907600000000000000e+04 4.859033333333333576e+04 1.511052907479566165e-01
5.287233333333333576e+04 5.323066666666666424e+04 5.202233333333333576e+04 5.136133333333333576e+04 5.088166666666666424e+04 5.044433333333333576e+04 4.989933333333333576e+04 4.907600000000000000e+04 1.481367680693945477e-01
5.309133333333333576e+04 5.287233333333333576e+04 5.323066666666666424e+04 5.202233333333333576e+04 5.136133333333333576e+04 5.088166666666666424e+04 5.044433333333333576e+04 4.989933333333333576e+04 1.471848270457687402e-01
5.327433333333333576e+04 5.309133333333333576e+04 5.287233333333333576e+04 5.323066666666666424e+04 5.202233333333333576e+04 5.136133333333333576e+04 5.088166666666666424e+04 5.044433333333333576e+04 1.463966687184898585e-01
5.328433333333333576e+04 5.327433333333333576e+04 5.309133333333333576e+04 5.287233333333333576e+04 5.323066666666666424e+04 5.202233333333333576e+04 5.136133333333333576e+04 5.088166666666666424e+04 1.452942277872608934e-01
5.403800000000000000e+04 5.328433333333333576e+04 5.327433333333333576e+04 5.309133333333333576e+04 5.287233333333333576e+04 5.323066666666666424e+04 5.202233333333333576e+04 5.136133333333333576e+04 1.463902258422806468e-01
5.438033333333333576e+04 5.403800000000000000e+04 5.328433333333333576e+04 5.327433333333333576e+04 5.309133333333333576e+04 5.287233333333333576e+04 5.323066666666666424e+04 5.202233333333333576e+04 1.462570824069425457e-01
5.491700000000000000e+04 5.438033333333333576e+04 5.403800000000000000e+04 5.328433333333333576e+04 5.327433333333333576e+04 5.309133333333333576e+04 5.287233333333333576e+04 5.323066666666666424e+04 1.467696616701439638e-01
5.524566666666666424e+04 5.491700000000000000e+04 5.438033333333333576e+04 5.403800000000000000e+04 5.328433333333333576e+04 5.327433333333333576e+04 5.309133333333333576e+04 5.287233333333333576e+04 1.469856053665705153e-01
5.592133333333333576e+04 5.524566666666666424e+04 5.491700000000000000e+04 5.438033333333333576e+04 5.403800000000000000e+04 5.328433333333333576e+04 5.327433333333333576e+04 5.309133333333333576e+04 1.478496826895028260e-01
