-1.000000000000000000e+08 -1.000000000000000000e+08 -1.000000000000000000e+08 -1.000000000000000000e+08 -1.000000000000000000e+08 -1.000000000000000000e+08 -1.000000000000000000e+08 -1.000000000000000000e+08 -1.000000000000000000e+08
-1.000000000000000000e+08 -1.000000000000000000e+08 -1.000000000000000000e+08 -1.000000000000000000e+08 -1.000000000000000000e+08 -1.000000000000000000e+08 -1.000000000000000000e+08 -1.000000000000000000e+08 -1.000000000000000000e+08
-1.000000000000000000e+08 -1.000000000000000000e+08 -1.000000000000000000e+08 -1.000000000000000000e+08 -1.000000000000000000e+08 -1.000000000000000000e+08 -1.000000000000000000e+08 -1.000000000000000000e+08 -1.000000000000000000e+08
-1.000000000000000000e+08 -1.000000000000000000e+08 -1.000000000000000000e+08 -1.000000000000000000e+08 -1.000000000000000000e+08 -1.000000000000000000e+08 -1.000000000000000000e+08 -1.000000000000000000e+08 -1.000000000000000000e+08
-1.000000000000000000e+08 -1.000000000000000000e+08 -1.000000000000000000e+08 -1.000000000000000000e+08 -1.000000000000000000e+08 -1.000000000000000000e+08 -1.000000000000000000e+08 -1.000000000000000000e+08 -1.000000000000000000e+08
-1.000000000000000000e+08 -1.000000000000000000e+08 -1.000000000000000000e+08 -1.000000000000000000e+08 -1.000000000000000000e+08 -1.000000000000000000e+08 -1.000000000000000000e+08 -1.000000000000000000e+08 -1.000000000000000000e+08
-1.000000000000000000e+08 -1.000000000000000000e+08 -1.000000000000000000e+08 -1.000000000000000000e+08 -1.000000000000000000e+08 -1.000000000000000000e+08 -1.000000000000000000e+08 -1.000000000000000000e+08 -1.000000000000000000e+08
-1.000000000000000000e+08 -1.000000000000000000e+08 -1.000000000000000000e+08 -1.000000000000000000e+08 -1.000000000000000000e+08 -1.000000000000000000e+08 -1.000000000000000000e+08 -1.000000000000000000e+08 -1.000000000000000000e+08
-1.000000000000000000e+08 -1.000000000000000000e+08 -1.000000000000000000e+08 -1.000000000000000000e+08 -1.000000000000000000e+08 -1.000000000000000000e+08 -1.000000000000000000e+08 -1.000000000000000000e+08 -1.000000000000000000e+08
-1.000000000000000000e+08 -1.000000000000000000e+08 -1.000000000000000000e+08 -1.000000000000000000e+08 -1.000000000000000000e+08 -1.000000000000000000e+08 -1.000000000000000000e+08 -1.000000000000000000e+08 -1.000000000000000000e+08
-1.000000000000000000e+08 -1.000000000000000000e+08 -1.000000000000000000e+08 -1.000000000000000000e+08 -1.000000000000000000e+08 -1.000000000000000000e+08 -1.000000000000000000e+08 -1.000000000000000000e+08 -1.000000000000000000e+08
-1.000000000000000000e+08 -1.000000000000000000e+08 -1.000000000000000000e+08 -1.000000000000000000e+08 -1.000000000000000000e+08 -1.000000000000000000e+08 -1.000000000000000000e+08 -1.000000000000000000e+08 -1.000000000000000000e+08
-1.000000000000000000e+08 -1.000000000000000000e+08 -1.000000000000000000e+08 -1.000000000000000000e+08 -1.000000000000000000e+08 -1.000000000000000000e+08 -1.000000000000000000e+08 -1.000000000000000000e+08 -1.000000000000000000e+08
-1.000000000000000000e+08 -1.000000000000000000e+08 -1.000000000000000000e+08 -1.000000000000000000e+08 -1.000000000000000000e+08 -1.000000000000000000e+08 -1.000000000000000000e+08 -1.000000000000000000e+08 -1.000000000000000000e+08
-1.000000000000000000e+08 -1.000000000000000000e+08 -1.000000000000000000e+08 -1.000000000000000000e+08 -1.000000000000000000e+08 -1.000000000000000000e+08 -1.000000000000000000e+08 -1.000000000000000000e+08 -1.000000000000000000e+08
-1.000000000000000000e+08 -1.000000000000000000e+08 -1.000000000000000000e+08 -1.000000000000000000e+08 -1.000000000000000000e+08 -1.000000000000000000e+08 -1.000000000000000000e+08 -1.000000000000000000e+08 -1.000000000000000000e+08
-1.000000000000000000e+08 -1.000000000000000000e+08 -1.000000000000000000e+08 -1.000000000000000000e+08 -1.000000000000000000e+08 -1.000000000000000000e+08 -1.000000000000000000e+08 -1.000000000000000000e+08 -1.000000000000000000e+08
-1.000000000000000000e+08 -1.000000000000000000e+08 -1.000000000000000000e+08 -1.000000000000000000e+08 -1.000000000000000000e+08 -1.000000000000000000e+08 -1.000000000000000000e+08 -1.000000000000000000e+08 -1.000000000000000000e+08
-1.000000000000000000e+08 -1.000000000000000000e+08 -1.000000000000000000e+08 -1.000000000000000000e+08 -1.000000000000000000e+08 -1.000000000000000000e+08 -1.000000000000000000e+08 -1.000000000000000000e+08 -1.000000000000000000e+08
-1.000000000000000000e+08 -1.000000000000000000e+08 -1.000000000000000000e+08 -1.000000000000000000e+08 -1.000000000000000000e+08 -1.000000000000000000e+08 -1.000000000000000000e+08 -1.000000000000000000e+08 -1.000000000000000000e+08
-1.000000000000000000e+08 -1.000000000000000000e+08 -1.000000000000000000e+08 -1.000000000000000000e+08 -1.000000000000000000e+08 -1.000000000000000000e+08 -1.000000000000000000e+08 -1.000000000000000000e+08 -1.000000000000000000e+08
-1.000000000000000000e+08 -1.000000000000000000e+08 -1.000000000000000000e+08 -1.000000000000000000e+08 -1.000000000000000000e+08 -1.000000000000000000e+08 -1.000000000000000000e+08 -1.000000000000000000e+08 -1.000000000000000000e+08
-1.000000000000000000e+08 -1.000000000000000000e+08 -1.000000000000000000e+08 -1.000000000000000000e+08 -1.000000000000000000e+08 -1.000000000000000000e+08 -1.000000000000000000e+08 -1.000000000000000000e+08 -1.000000000000000000e+08
-1.000000000000000000e+08 -1.000000000000000000e+08 -1.000000000000000000e+08 -1.000000000000000000e+08 -1.000000000000000000e+08 -1.000000000000000000e+08 -1.000000000000000000e+08 -1.000000000000000000e+08 -1.000000000000000000e+08
-1.000000000000000000e+08 -1.000000000000000000e+08 -1.000000000000000000e+08 -1.000000000000000000e+08 -1.000000000000000000e+08 -1.000000000000000000e+08 -1.000000000000000000e+08 -1.000000000000000000e+08 -1.000000000000000000e+08
-1.000000000000000000e+08 -1.000000000000000000e+08 -1.000000000000000000e+08 -1.000000000000000000e+08 -1.000000000000000000e+08 -1.000000000000000000e+08 -1.000000000000000000e+08 -1.000000000000000000e+08 -1.000000000000000000e+08
-1.000000000000000000e+08 -1.000000000000000000e+08 -1.000000000000000000e+08 -1.000000000000000000e+08 -1.000000000000000000e+08 -1.000000000000000000e+08 -1.000000000000000000e+08 -1.000000000000000000e+08 -1.000000000000000000e+08
-1.000000000000000000e+08 -1.000000000000000000e+08 -1.000000000000000000e+08 -1.000000000000000000e+08 -1.000000000000000000e+08 -1.000000000000000000e+08 -1.000000000000000000e+08 -1.000000000000000000e+08 -1.000000000000000000e+08
-1.000000000000000000e+08 -1.000000000000000000e+08 -1.000000000000000000e+08 -1.000000000000000000e+08 -1.000000000000000000e+08 -1.000000000000000000e+08 -1.000000000000000000e+08 -1.000000000000000000e+08 -1.000000000000000000e+08
-1.000000000000000000e+08 -1.000000000000000000e+08 -1.000000000000000000e+08 -1.000000000000000000e+08 -1.000000000000000000e+08 -1.000000000000000000e+08 -1.000000000000000000e+08 -1.000000000000000000e+08 -1.000000000000000000e+08
-1.000000000000000000e+08 -1.000000000000000000e+08 -1.000000000000000000e+08 -1.000000000000000000e+08 -1.000000000000000000e+08 -1.000000000000000000e+08 -1.000000000000000000e+08 -1.000000000000000000e+08 -1.000000000000000000e+08
-1.000000000000000000e+08 -1.000000000000000000e+08 -1.000000000000000000e+08 -1.000000000000000000e+08 -1.000000000000000000e+08 -1.000000000000000000e+08 -1.000000000000000000e+08 -1.000000000000000000e+08 -1.000000000000000000e+08
-1.000000000000000000e+08 -1.000000000000000000e+08 -1.000000000000000000e+08 -1.000000000000000000e+08 -1.000000000000000000e+08 -1.000000000000000000e+08 -1.000000000000000000e+08 -1.000000000000000000e+08 -1.000000000000000000e+08
-1.000000000000000000e+08 -1.000000000000000000e+08 -1.000000000000000000e+08 -1.000000000000000000e+08 -1.000000000000000000e+08 -1.000000000000000000e+08 -1.000000000000000000e+08 -1.000000000000000000e+08 -1.000000000000000000e+08
-1.000000000000000000e+08 -1.000000000000000000e+08 -1.000000000000000000e+08 -1.000000000000000000e+08 -1.000000000000000000e+08 -1.000000000000000000e+08 -1.000000000000000000e+08 -1.000000000000000000e+08 -1.000000000000000000e+08
-1.000000000000000000e+08 -1.000000000000000000e+08 -1.000000000000000000e+08 -1.000000000000000000e+08 -1.000000000000000000e+08 -1.000000000000000000e+08 -1.000000000000000000e+08 -1.000000000000000000e+08 -1.000000000000000000e+08
-1.000000000000000000e+08 -1.000000000000000000e+08 -1.000000000000000000e+08 -1.000000000000000000e+08 -1.000000000000000000e+08 -1.000000000000000000e+08 -1.000000000000000000e+08 -1.000000000000000000e+08 -1.000000000000000000e+08
-1.000000000000000000e+08 -1.000000000000000000e+08 -1.000000000000000000e+08 -1.000000000000000000e+08 -1.000000000000000000e+08 -1.000000000000000000e+08 -1.000000000000000000e+08 -1.000000000000000000e+08 -1.000000000000000000e+08
-1.000000000000000000e+08 -1.000000000000000000e+08 -1.000000000000000000e+08 -1.000000000000000000e+08 -1.000000000000000000e+08 -1.000000000000000000e+08 -1.000000000000000000e+08 -1.000000000000000000e+08 -1.000000000000000000e+08
4.460000000000000142e+01 -1.000000000000000000e+08 -1.000000000000000000e+08 -1.000000000000000000e+08 -1.000000000000000000e+08 -1.000000000000000000e+08 -1.000000000000000000e+08 -1.000000000000000000e+08 -6.371428571428571760e-08
3.889999999999999858e+01 4.460000000000000142e+01 -1.000000000000000000e+08 -1.000000000000000000e+08 -1.000000000000000000e+08 -1.000000000000000000e+08 -1.000000000000000000e+08 -1.000000000000000000e+08 -6.483333815261146547e-08
4.816666666666666430e+01 3.889999999999999858e+01 4.460000000000000142e+01 -1.000000000000000000e+08 -1.000000000000000000e+08 -1.000000000000000000e+08 -1.000000000000000000e+08 -1.000000000000000000e+08 -9.633334942100268019e-08
5.056666666666666288e+01 4.816666666666666430e+01 3.889999999999999858e+01 4.460000000000000142e+01 -1.000000000000000000e+08 -1.000000000000000000e+08 -1.000000000000000000e+08 -1.000000000000000000e+08 -1.264167082788331473e-07
4.916666666666666430e+01 5.056666666666666288e+01 4.816666666666666430e+01 3.889999999999999858e+01 4.460000000000000142e+01 -1.000000000000000000e+08 -1.000000000000000000e+08 -1.000000000000000000e+08 -1.638889884423444300e-07
4.919999999999999574e+01 4.916666666666666430e+01 5.056666666666666288e+01 4.816666666666666430e+01 3.889999999999999858e+01 4.460000000000000142e+01 -1.000000000000000000e+08 -1.000000000000000000e+08 -2.460002846223292714e-07
5.339999999999999858e+01 4.919999999999999574e+01 4.916666666666666430e+01 5.056666666666666288e+01 4.816666666666666430e+01 3.889999999999999858e+01 4.460000000000000142e+01 -1.000000000000000000e+08 -5.340014984082044721e-07
4.956666666666666288e+01 5.339999999999999858e+01 4.919999999999999574e+01 4.916666666666666430e+01 5.056666666666666288e+01 4.816666666666666430e+01 3.889999999999999858e+01 4.460000000000000142e+01 1.484031936127744311e-01
4.600000000000000000e+01 4.956666666666666288e+01 5.339999999999999858e+01 4.919999999999999574e+01 4.916666666666666430e+01 5.056666666666666288e+01 4.816666666666666430e+01 3.889999999999999858e+01 1.357065591503589519e-01
5.033333333333333570e+01 4.600000000000000000e+01 4.956666666666666288e+01 5.339999999999999858e+01 4.919999999999999574e+01 4.916666666666666430e+01 5.056666666666666288e+01 4.816666666666666430e+01 1.454440377576574905e-01
3.716666666666666430e+01 5.033333333333333570e+01 4.600000000000000000e+01 4.956666666666666288e+01 5.339999999999999858e+01 4.919999999999999574e+01 4.916666666666666430e+01 5.056666666666666288e+01 1.067292045563319469e-01
3.919999999999999574e+01 3.716666666666666430e+01 5.033333333333333570e+01 4.600000000000000000e+01 4.956666666666666288e+01 5.339999999999999858e+01 4.919999999999999574e+01 4.916666666666666430e+01 1.170731707317072962e-01
4.620000000000000995e+01 3.919999999999999574e+01 3.716666666666666430e+01 5.033333333333333570e+01 4.600000000000000000e+01 4.956666666666666288e+01 5.339999999999999858e+01 4.919999999999999574e+01 1.422121896162528709e-01
4.900000000000000000e+01 4.620000000000000995e+01 3.919999999999999574e+01 3.716666666666666430e+01 5.033333333333333570e+01 4.600000000000000000e+01 4.956666666666666288e+01 5.339999999999999858e+01 1.522369511184755442e-01
4.663333333333333286e+01 4.900000000000000000e+01 4.620000000000000995e+01 3.919999999999999574e+01 3.716666666666666430e+01 5.033333333333333570e+01 4.600000000000000000e+01 4.956666666666666288e+01 1.468920621587568309e-01
4.886666666666666714e+01 4.663333333333333286e+01 4.900000000000000000e+01 4.620000000000000995e+01 3.919999999999999574e+01 3.716666666666666430e+01 5.033333333333333570e+01 4.600000000000000000e+01 1.553624417125900881e-01
4.743333333333333712e+01 4.886666666666666714e+01 4.663333333333333286e+01 4.900000000000000000e+01 4.620000000000000995e+01 3.919999999999999574e+01 3.716666666666666430e+01 5.033333333333333570e+01 1.494433942449065467e-01
4.833333333333333570e+01 4.743333333333333712e+01 4.886666666666666714e+01 4.663333333333333286e+01 4.900000000000000000e+01 4.620000000000000995e+01 3.919999999999999574e+01 3.716666666666666430e+01 1.536830948595654389e-01
4.396666666666666856e+01 4.833333333333333570e+01 4.743333333333333712e+01 4.886666666666666714e+01 4.663333333333333286e+01 4.900000000000000000e+01 4.620000000000000995e+01 3.919999999999999574e+01 1.350051177072671416e-01
4.350000000000000000e+01 4.396666666666666856e+01 4.833333333333333570e+01 4.743333333333333712e+01 4.886666666666666714e+01 4.663333333333333286e+01 4.900000000000000000e+01 4.620000000000000995e+01 1.316453142338343540e-01
4.819999999999999574e+01 4.350000000000000000e+01 4.396666666666666856e+01 4.833333333333333570e+01 4.743333333333333712e+01 4.886666666666666714e+01 4.663333333333333286e+01 4.900000000000000000e+01 1.470707892595606026e-01
4.713333333333333286e+01 4.819999999999999574e+01 4.350000000000000000e+01 4.396666666666666856e+01 4.833333333333333570e+01 4.743333333333333712e+01 4.886666666666666714e+01 4.663333333333333286e+01 1.441680261011419328e-01
4.069999999999999574e+01 4.713333333333333286e+01 4.819999999999999574e+01 4.350000000000000000e+01 4.396666666666666856e+01 4.833333333333333570e+01 4.743333333333333712e+01 4.886666666666666714e+01 1.243001119820828504e-01
4.666666666666666430e+01 4.069999999999999574e+01 4.713333333333333286e+01 4.819999999999999574e+01 4.350000000000000000e+01 4.396666666666666856e+01 4.833333333333333570e+01 4.743333333333333712e+01 1.461683023595740372e-01
4.610000000000000142e+01 4.666666666666666430e+01 4.069999999999999574e+01 4.713333333333333286e+01 4.819999999999999574e+01 4.350000000000000000e+01 4.396666666666666856e+01 4.833333333333333570e+01 1.447409733124019049e-01
4.113333333333333286e+01 4.610000000000000142e+01 4.666666666666666430e+01 4.069999999999999574e+01 4.713333333333333286e+01 4.819999999999999574e+01 4.350000000000000000e+01 4.396666666666666856e+01 1.300590219224283250e-01
4.743333333333333002e+01 4.113333333333333286e+01 4.610000000000000142e+01 4.666666666666666430e+01 4.069999999999999574e+01 4.713333333333333286e+01 4.819999999999999574e+01 4.350000000000000000e+01 1.513346804211421759e-01
4.933333333333333570e+01 4.743333333333333002e+01 4.113333333333333286e+01 4.610000000000000142e+01 4.666666666666666430e+01 4.069999999999999574e+01 4.713333333333333286e+01 4.819999999999999574e+01 1.554458565276757021e-01
4.513333333333333286e+01 4.933333333333333570e+01 4.743333333333333002e+01 4.113333333333333286e+01 4.610000000000000142e+01 4.666666666666666430e+01 4.069999999999999574e+01 4.713333333333333286e+01 1.417059131344845513e-01
3.040000000000000568e+01 4.513333333333333286e+01 4.933333333333333570e+01 4.743333333333333002e+01 4.113333333333333286e+01 4.610000000000000142e+01 4.666666666666666430e+01 4.069999999999999574e+01 9.605055292259084831e-02
4.163333333333333286e+01 3.040000000000000568e+01 4.513333333333333286e+01 4.933333333333333570e+01 4.743333333333333002e+01 4.113333333333333286e+01 4.610000000000000142e+01 4.666666666666666430e+01 1.359677770520356932e-01
4.166666666666666430e+01 4.163333333333333286e+01 3.040000000000000568e+01 4.513333333333333286e+01 4.933333333333333570e+01 4.743333333333333002e+01 4.113333333333333286e+01 4.610000000000000142e+01 1.383508577753181923e-01
4.750000000000000000e+01 4.166666666666666430e+01 4.163333333333333286e+01 3.040000000000000568e+01 4.513333333333333286e+01 4.933333333333333570e+01 4.743333333333333002e+01 4.113333333333333286e+01 1.600763873286901728e-01
4.110000000000000142e+01 4.750000000000000000e+01 4.166666666666666430e+01 4.163333333333333286e+01 3.040000000000000568e+01 4.513333333333333286e+01 4.933333333333333570e+01 4.743333333333333002e+01 1.355988122731771883e-01
4.189999999999999858e+01 4.110000000000000142e+01 4.750000000000000000e+01 4.166666666666666430e+01 4.163333333333333286e+01 3.040000000000000568e+01 4.513333333333333286e+01 4.933333333333333570e+01 1.411883634729866333e-01
4.103333333333333144e+01 4.189999999999999858e+01 4.110000000000000142e+01 4.750000000000000000e+01 4.166666666666666430e+01 4.163333333333333286e+01 3.040000000000000568e+01 4.513333333333333286e+01 1.418202764976958519e-01
4.513333333333332575e+01 4.103333333333333144e+01 4.189999999999999858e+01 4.110000000000000142e+01 4.750000000000000000e+01 4.166666666666666430e+01 4.163333333333333286e+01 3.040000000000000568e+01 1.582330255930816387e-01
4.803333333333333144e+01 4.513333333333332575e+01 4.103333333333333144e+01 4.189999999999999858e+01 4.110000000000000142e+01 4.750000000000000000e+01 4.166666666666666430e+01 4.163333333333333286e+01 1.601289032114679434e-01
4.713333333333333286e+01 4.803333333333333144e+01 4.513333333333332575e+01 4.103333333333333144e+01 4.189999999999999858e+01 4.110000000000000142e+01 4.750000000000000000e+01 4.166666666666666430e+01 1.538461538461538269e-01
5.783333333333333570e+01 4.713333333333333286e+01 4.803333333333333144e+01 4.513333333333332575e+01 4.103333333333333144e+01 4.189999999999999858e+01 4.110000000000000142e+01 4.750000000000000000e+01 1.854623196151790609e-01
4.930000000000000426e+01 5.783333333333333570e+01 4.713333333333333286e+01 4.803333333333333144e+01 4.513333333333332575e+01 4.103333333333333144e+01 4.189999999999999858e+01 4.110000000000000142e+01 1.530263838592860748e-01
4.970000000000000995e+01 4.930000000000000426e+01 5.783333333333333570e+01 4.713333333333333286e+01 4.803333333333333144e+01 4.513333333333332575e+01 4.103333333333333144e+01 4.189999999999999858e+01 1.504389062657653375e-01
4.956666666666666288e+01 4.970000000000000995e+01 4.930000000000000426e+01 5.783333333333333570e+01 4.713333333333333286e+01 4.803333333333333144e+01 4.513333333333332575e+01 4.103333333333333144e+01 1.465746673238048359e-01
4.406666666666666998e+01 4.956666666666666288e+01 4.970000000000000995e+01 4.930000000000000426e+01 5.783333333333333570e+01 4.713333333333333286e+01 4.803333333333333144e+01 4.513333333333332575e+01 1.271031631573887044e-01
4.953333333333333144e+01 4.406666666666666998e+01 4.956666666666666288e+01 4.970000000000000995e+01 4.930000000000000426e+01 5.783333333333333570e+01 4.713333333333333286e+01 4.803333333333333144e+01 1.433117947728806962e-01
5.056666666666666288e+01 4.953333333333333144e+01 4.406666666666666998e+01 4.956666666666666288e+01 4.970000000000000995e+01 4.930000000000000426e+01 5.783333333333333570e+01 4.713333333333333286e+01 1.456692913385826682e-01
4.763333333333333286e+01 5.056666666666666288e+01 4.953333333333333144e+01 4.406666666666666998e+01 4.956666666666666288e+01 4.970000000000000995e+01 4.930000000000000426e+01 5.783333333333333570e+01 1.358752495958923667e-01
5.089999999999999858e+01 4.763333333333333286e+01 5.056666666666666288e+01 4.953333333333333144e+01 4.406666666666666998e+01 4.956666666666666288e+01 4.970000000000000995e+01 4.930000000000000426e+01 1.495446087552639303e-01
5.136666666666666714e+01 5.089999999999999858e+01 4.763333333333333286e+01 5.056666666666666288e+01 4.953333333333333144e+01 4.406666666666666998e+01 4.956666666666666288e+01 4.970000000000000995e+01 1.502095720830490533e-01
4.673333333333332718e+01 5.136666666666666714e+01 5.089999999999999858e+01 4.763333333333333286e+01 5.056666666666666288e+01 4.953333333333333144e+01 4.406666666666666998e+01 4.956666666666666288e+01 1.359976719371422949e-01
4.376666666666667282e+01 4.673333333333332718e+01 5.136666666666666714e+01 5.089999999999999858e+01 4.763333333333333286e+01 5.056666666666666288e+01 4.953333333333333144e+01 4.406666666666666998e+01 1.284233176838810719e-01
4.463333333333333286e+01 4.376666666666667282e+01 4.673333333333332718e+01 5.136666666666666714e+01 5.089999999999999858e+01 4.763333333333333286e+01 5.056666666666666288e+01 4.953333333333333144e+01 1.310817425354870169e-01
4.606666666666666288e+01 4.463333333333333286e+01 4.376666666666667282e+01 4.673333333333332718e+01 5.136666666666666714e+01 5.089999999999999858e+01 4.763333333333333286e+01 5.056666666666666288e+01 1.372665872069924187e-01
4.866666666666666430e+01 4.606666666666666288e+01 4.463333333333333286e+01 4.376666666666667282e+01 4.673333333333332718e+01 5.136666666666666714e+01 5.089999999999999858e+01 4.763333333333333286e+01 1.469847981475888576e-01
4.769999999999999574e+01 4.866666666666666430e+01 4.606666666666666288e+01 4.463333333333333286e+01 4.376666666666667282e+01 4.673333333333332718e+01 5.136666666666666714e+01 5.089999999999999858e+01 1.436170212765957577e-01
4.666666666666666430e+01 4.769999999999999574e+01 4.866666666666666430e+01 4.606666666666666288e+01 4.463333333333333286e+01 4.376666666666667282e+01 4.673333333333332718e+01 5.136666666666666714e+01 1.418727199027158270e-01
4.546666666666666146e+01 4.666666666666666430e+01 4.769999999999999574e+01 4.866666666666666430e+01 4.606666666666666288e+01 4.463333333333333286e+01 4.376666666666667282e+01 4.673333333333332718e+01 1.402282306980569271e-01
4.436666666666666714e+01 4.546666666666666146e+01 4.666666666666666430e+01 4.769999999999999574e+01 4.866666666666666430e+01 4.606666666666666288e+01 4.463333333333333286e+01 4.376666666666667282e+01 1.373722778408504597e-01
4.633333333333333570e+01 4.436666666666666714e+01 4.546666666666666146e+01 4.666666666666666430e+01 4.769999999999999574e+01 4.866666666666666430e+01 4.606666666666666288e+01 4.463333333333333286e+01 1.431956320181312914e-01
5.043333333333333712e+01 4.633333333333333570e+01 4.436666666666666714e+01 4.546666666666666146e+01 4.666666666666666430e+01 4.769999999999999574e+01 4.866666666666666430e+01 4.606666666666666288e+01 1.550522648083624000e-01
4.693333333333333002e+01 5.043333333333333712e+01 4.633333333333333570e+01 4.436666666666666714e+01 4.546666666666666146e+01 4.666666666666666430e+01 4.769999999999999574e+01 4.866666666666666430e+01 1.423804226918798377e-01
4.186666666666666714e+01 4.693333333333333002e+01 5.043333333333333712e+01 4.633333333333333570e+01 4.436666666666666714e+01 4.546666666666666146e+01 4.666666666666666430e+01 4.769999999999999574e+01 1.276812036189895194e-01
4.656666666666666288e+01 4.186666666666666714e+01 4.693333333333333002e+01 5.043333333333333712e+01 4.633333333333333570e+01 4.436666666666666714e+01 4.546666666666666146e+01 4.666666666666666430e+01 1.445870420202856332e-01
4.386666666666666714e+01 4.656666666666666288e+01 4.186666666666666714e+01 4.693333333333333002e+01 5.043333333333333712e+01 4.633333333333333570e+01 4.436666666666666714e+01 4.546666666666666146e+01 1.362459881975359999e-01
4.646666666666666146e+01 4.386666666666666714e+01 4.656666666666666288e+01 4.186666666666666714e+01 4.693333333333333002e+01 5.043333333333333712e+01 4.633333333333333570e+01 4.436666666666666714e+01 1.450421392154822298e-01
