-1.000000000000000000e+08 -1.000000000000000000e+08 -1.000000000000000000e+08 -1.000000000000000000e+08 -1.000000000000000000e+08 -1.000000000000000000e+08 -1.000000000000000000e+08 -1.000000000000000000e+08 -1.000000000000000000e+08
-1.000000000000000000e+08 -1.000000000000000000e+08 -1.000000000000000000e+08 -1.000000000000000000e+08 -1.000000000000000000e+08 -1.000000000000000000e+08 -1.000000000000000000e+08 -1.000000000000000000e+08 -1.000000000000000000e+08
-1.000000000000000000e+08 -1.000000000000000000e+08 -1.000000000000000000e+08 -1.000000000000000000e+08 -1.000000000000000000e+08 -1.000000000000000000e+08 -1.000000000000000000e+08 -1.000000000000000000e+08 -1.000000000000000000e+08
-1.000000000000000000e+08 -1.000000000000000000e+08 -1.000000000000000000e+08 -1.000000000000000000e+08 -1.000000000000000000e+08 -1.000000000000000000e+08 -1.000000000000000000e+08 -1.000000000000000000e+08 -1.000000000000000000e+08
-1.000000000000000000e+08 -1.000000000000000000e+08 -1.000000000000000000e+08 -1.000000000000000000e+08 -1.000000000000000000e+08 -1.000000000000000000e+08 -1.000000000000000000e+08 -1.000000000000000000e+08 -1.000000000000000000e+08
-1.000000000000000000e+08 -1.000000000000000000e+08 -1.000000000000000000e+08 -1.000000000000000000e+08 -1.000000000000000000e+08 -1.000000000000000000e+08 -1.000000000000000000e+08 -1.000000000000000000e+08 -1.000000000000000000e+08
-1.000000000000000000e+08 -1.000000000000000000e+08 -1.000000000000000000e+08 -1.000000000000000000e+08 -1.000000000000000000e+08 -1.000000000000000000e+08 -1.000000000000000000e+08 -1.000000000000000000e+08 -1.000000000000000000e+08
-1.000000000000000000e+08 -1.000000000000000000e+08 -1.000000000000000000e+08 -1.000000000000000000e+08 -1.000000000000000000e+08 -1.000000000000000000e+08 -1.000000000000000000e+08 -1.000000000000000000e+08 -1.000000000000000000e+08
-1.000000000000000000e+08 -1.000000000000000000e+08 -1.000000000000000000e+08 -1.000000000000000000e+08 -1.000000000000000000e+08 -1.000000000000000000e+08 -1.000000000000000000e+08 -1.000000000000000000e+08 -1.000000000000000000e+08
-1.000000000000000000e+08 -1.000000000000000000e+08 -1.000000000000000000e+08 -1.000000000000000000e+08 -1.000000000000000000e+08 -1.000000000000000000e+08 -1.000000000000000000e+08 -1.000000000000000000e+08 -1.000000000000000000e+08
-1.000000000000000000e+08 -1.000000000000000000e+08 -1.000000000000000000e+08 -1.000000000000000000e+08 -1.000000000000000000e+08 -1.000000000000000000e+08 -1.000000000000000000e+08 -1.000000000000000000e+08 -1.000000000000000000e+08
-1.000000000000000000e+08 -1.000000000000000000e+08 -1.000000000000000000e+08 -1.000000000000000000e+08 -1.000000000000000000e+08 -1.000000000000000000e+08 -1.000000000000000000e+08 -1.000000000000000000e+08 -1.000000000000000000e+08
-1.000000000000000000e+08 -1.000000000000000000e+08 -1.000000000000000000e+08 -1.000000000000000000e+08 -1.000000000000000000e+08 -1.000000000000000000e+08 -1.000000000000000000e+08 -1.000000000000000000e+08 -1.000000000000000000e+08
-1.000000000000000000e+08 -1.000000000000000000e+08 -1.000000000000000000e+08 -1.000000000000000000e+08 -1.000000000000000000e+08 -1.000000000000000000e+08 -1.000000000000000000e+08 -1.000000000000000000e+08 -1.000000000000000000e+08
-1.000000000000000000e+08 -1.000000000000000000e+08 -1.000000000000000000e+08 -1.000000000000000000e+08 -1.000000000000000000e+08 -1.000000000000000000e+08 -1.000000000000000000e+08 -1.000000000000000000e+08 -1.000000000000000000e+08
-1.000000000000000000e+08 -1.000000000000000000e+08 -1.000000000000000000e+08 -1.000000000000000000e+08 -1.000000000000000000e+08 -1.000000000000000000e+08 -1.000000000000000000e+08 -1.000000000000000000e+08 -1.000000000000000000e+08
-1.000000000000000000e+08 -1.000000000000000000e+08 -1.000000000000000000e+08 -1.000000000000000000e+08 -1.000000000000000000e+08 -1.000000000000000000e+08 -1.000000000000000000e+08 -1.000000000000000000e+08 -1.000000000000000000e+08
-1.000000000000000000e+08 -1.000000000000000000e+08 -1.000000000000000000e+08 -1.000000000000000000e+08 -1.000000000000000000e+08 -1.000000000000000000e+08 -1.000000000000000000e+08 -1.000000000000000000e+08 -1.000000000000000000e+08
-1.000000000000000000e+08 -1.000000000000000000e+08 -1.000000000000000000e+08 -1.000000000000000000e+08 -1.000000000000000000e+08 -1.000000000000000000e+08 -1.000000000000000000e+08 -1.000000000000000000e+08 -1.000000000000000000e+08
-1.000000000000000000e+08 -1.000000000000000000e+08 -1.000000000000000000e+08 -1.000000000000000000e+08 -1.000000000000000000e+08 -1.000000000000000000e+08 -1.000000000000000000e+08 -1.000000000000000000e+08 -1.000000000000000000e+08
-1.000000000000000000e+08 -1.000000000000000000e+08 -1.000000000000000000e+08 -1.000000000000000000e+08 -1.000000000000000000e+08 -1.000000000000000000e+08 -1.000000000000000000e+08 -1.000000000000000000e+08 -1.000000000000000000e+08
-1.000000000000000000e+08 -1.000000000000000000e+08 -1.000000000000000000e+08 -1.000000000000000000e+08 -1.000000000000000000e+08 -1.000000000000000000e+08 -1.000000000000000000e+08 -1.000000000000000000e+08 -1.000000000000000000e+08
-1.000000000000000000e+08 -1.000000000000000000e+08 -1.000000000000000000e+08 -1.000000000000000000e+08 -1.000000000000000000e+08 -1.000000000000000000e+08 -1.000000000000000000e+08 -1.000000000000000000e+08 -1.000000000000000000e+08
-1.000000000000000000e+08 -1.000000000000000000e+08 -1.000000000000000000e+08 -1.000000000000000000e+08 -1.000000000000000000e+08 -1.000000000000000000e+08 -1.000000000000000000e+08 -1.000000000000000000e+08 -1.000000000000000000e+08
-1.000000000000000000e+08 -1.000000000000000000e+08 -1.000000000000000000e+08 -1.000000000000000000e+08 -1.000000000000000000e+08 -1.000000000000000000e+08 -1.000000000000000000e+08 -1.000000000000000000e+08 -1.000000000000000000e+08
-1.000000000000000000e+08 -1.000000000000000000e+08 -1.000000000000000000e+08 -1.000000000000000000e+08 -1.000000000000000000e+08 -1.000000000000000000e+08 -1.000000000000000000e+08 -1.000000000000000000e+08 -1.000000000000000000e+08
-1.000000000000000000e+08 -1.000000000000000000e+08 -1.000000000000000000e+08 -1.000000000000000000e+08 -1.000000000000000000e+08 -1.000000000000000000e+08 -1.000000000000000000e+08 -1.000000000000000000e+08 -1.000000000000000000e+08
-1.000000000000000000e+08 -1.000000000000000000e+08 -1.000000000000000000e+08 -1.000000000000000000e+08 -1.000000000000000000e+08 -1.000000000000000000e+08 -1.000000000000000000e+08 -1.000000000000000000e+08 -1.000000000000000000e+08
-1.000000000000000000e+08 -1.000000000000000000e+08 -1.000000000000000000e+08 -1.000000000000000000e+08 -1.000000000000000000e+08 -1.000000000000000000e+08 -1.000000000000000000e+08 -1.000000000000000000e+08 -1.000000000000000000e+08
2.750750000000000000e+05 -1.000000000000000000e+08 -1.000000000000000000e+08 -1.000000000000000000e+08 -1.000000000000000000e+08 -1.000000000000000000e+08 -1.000000000000000000e+08 -1.000000000000000000e+08 -3.929642857142857135e-04
3.000720000000000000e+05 2.750750000000000000e+05 -1.000000000000000000e+08 -1.000000000000000000e+08 -1.000000000000000000e+08 -1.000000000000000000e+08 -1.000000000000000000e+08 -1.000000000000000000e+08 -5.003493893471243955e-04
3.223730000000000000e+05 3.000720000000000000e+05 2.750750000000000000e+05 -1.000000000000000000e+08 -1.000000000000000000e+08 -1.000000000000000000e+08 -1.000000000000000000e+08 -1.000000000000000000e+08 -6.454885015504023896e-04
3.309650000000000000e+05 3.223730000000000000e+05 3.000720000000000000e+05 2.750750000000000000e+05 -1.000000000000000000e+08 -1.000000000000000000e+08 -1.000000000000000000e+08 -1.000000000000000000e+08 -8.292732232583470853e-04
3.343150000000000000e+05 3.309650000000000000e+05 3.223730000000000000e+05 3.000720000000000000e+05 2.750750000000000000e+05 -1.000000000000000000e+08 -1.000000000000000000e+08 -1.000000000000000000e+08 -1.118965440865405140e-03
3.593690000000000000e+05 3.343150000000000000e+05 3.309650000000000000e+05 3.223730000000000000e+05 3.000720000000000000e+05 2.750750000000000000e+05 -1.000000000000000000e+08 -1.000000000000000000e+08 -1.810996123710675214e-03
3.793330000000000000e+05 3.593690000000000000e+05 3.343150000000000000e+05 3.309650000000000000e+05 3.223730000000000000e+05 3.000720000000000000e+05 2.750750000000000000e+05 -1.000000000000000000e+08 -3.867673215571009251e-03
3.748200000000000000e+05 3.793330000000000000e+05 3.593690000000000000e+05 3.343150000000000000e+05 3.309650000000000000e+05 3.223730000000000000e+05 3.000720000000000000e+05 2.750750000000000000e+05 1.628588634726365614e-01
3.513610000000000000e+05 3.748200000000000000e+05 3.793330000000000000e+05 3.593690000000000000e+05 3.343150000000000000e+05 3.309650000000000000e+05 3.223730000000000000e+05 3.000720000000000000e+05 1.463243889529065589e-01
3.489850000000000000e+05 3.513610000000000000e+05 3.748200000000000000e+05 3.793330000000000000e+05 3.593690000000000000e+05 3.343150000000000000e+05 3.309650000000000000e+05 3.223730000000000000e+05 1.422955667113550982e-01
3.403460000000000000e+05 3.489850000000000000e+05 3.513610000000000000e+05 3.748200000000000000e+05 3.793330000000000000e+05 3.593690000000000000e+05 3.343150000000000000e+05 3.309650000000000000e+05 1.372834538317196096e-01
3.264740000000000000e+05 3.403460000000000000e+05 3.489850000000000000e+05 3.513610000000000000e+05 3.748200000000000000e+05 3.793330000000000000e+05 3.593690000000000000e+05 3.343150000000000000e+05 1.311915593509258016e-01
3.140590000000000000e+05 3.264740000000000000e+05 3.403460000000000000e+05 3.489850000000000000e+05 3.513610000000000000e+05 3.748200000000000000e+05 3.793330000000000000e+05 3.593690000000000000e+05 1.266015718220106778e-01
3.510650000000000000e+05 3.140590000000000000e+05 3.264740000000000000e+05 3.403460000000000000e+05 3.489850000000000000e+05 3.513610000000000000e+05 3.748200000000000000e+05 3.793330000000000000e+05 1.441521603627855808e-01
3.642570000000000000e+05 3.510650000000000000e+05 3.140590000000000000e+05 3.264740000000000000e+05 3.403460000000000000e+05 3.489850000000000000e+05 3.513610000000000000e+05 3.748200000000000000e+05 1.513254483592357535e-01
3.682800000000000000e+05 3.642570000000000000e+05 3.510650000000000000e+05 3.140590000000000000e+05 3.264740000000000000e+05 3.403460000000000000e+05 3.489850000000000000e+05 3.513610000000000000e+05 1.536710942869052854e-01
3.544950000000000000e+05 3.682800000000000000e+05 3.642570000000000000e+05 3.510650000000000000e+05 3.140590000000000000e+05 3.264740000000000000e+05 3.403460000000000000e+05 3.489850000000000000e+05 1.468821189111427228e-01
3.730410000000000000e+05 3.544950000000000000e+05 3.682800000000000000e+05 3.642570000000000000e+05 3.510650000000000000e+05 3.140590000000000000e+05 3.264740000000000000e+05 3.403460000000000000e+05 1.542144279232204040e-01
3.877660000000000000e+05 3.730410000000000000e+05 3.544950000000000000e+05 3.682800000000000000e+05 3.642570000000000000e+05 3.510650000000000000e+05 3.140590000000000000e+05 3.264740000000000000e+05 1.581639624566265334e-01
3.990060000000000000e+05 3.877660000000000000e+05 3.730410000000000000e+05 3.544950000000000000e+05 3.682800000000000000e+05 3.642570000000000000e+05 3.510650000000000000e+05 3.140590000000000000e+05 1.587790986178467534e-01
4.001410000000000000e+05 3.990060000000000000e+05 3.877660000000000000e+05 3.730410000000000000e+05 3.544950000000000000e+05 3.682800000000000000e+05 3.642570000000000000e+05 3.510650000000000000e+05 1.540241963732384978e-01
4.415890000000000000e+05 4.001410000000000000e+05 3.990060000000000000e+05 3.877660000000000000e+05 3.730410000000000000e+05 3.544950000000000000e+05 3.682800000000000000e+05 3.642570000000000000e+05 1.668271007100150805e-01
4.565010000000000000e+05 4.415890000000000000e+05 4.001410000000000000e+05 3.990060000000000000e+05 3.877660000000000000e+05 3.730410000000000000e+05 3.544950000000000000e+05 3.682800000000000000e+05 1.675652401812123271e-01
4.732010000000000000e+05 4.565010000000000000e+05 4.415890000000000000e+05 4.001410000000000000e+05 3.990060000000000000e+05 3.877660000000000000e+05 3.730410000000000000e+05 3.544950000000000000e+05 1.682469114206060767e-01
4.555930000000000000e+05 4.732010000000000000e+05 4.565010000000000000e+05 4.415890000000000000e+05 4.001410000000000000e+05 3.990060000000000000e+05 3.877660000000000000e+05 3.730410000000000000e+05 1.554264484886115072e-01
4.959400000000000000e+05 4.555930000000000000e+05 4.732010000000000000e+05 4.565010000000000000e+05 4.415890000000000000e+05 4.001410000000000000e+05 3.990060000000000000e+05 3.877660000000000000e+05 1.645565378159179193e-01
5.153910000000000000e+05 4.959400000000000000e+05 4.555930000000000000e+05 4.732010000000000000e+05 4.565010000000000000e+05 4.415890000000000000e+05 4.001410000000000000e+05 3.990060000000000000e+05 1.650851337184105760e-01
5.333440000000000000e+05 5.153910000000000000e+05 4.959400000000000000e+05 4.555930000000000000e+05 4.732010000000000000e+05 4.565010000000000000e+05 4.415890000000000000e+05 4.001410000000000000e+05 1.646959136055455297e-01
5.173130000000000000e+05 5.333440000000000000e+05 5.153910000000000000e+05 4.959400000000000000e+05 4.555930000000000000e+05 4.732010000000000000e+05 4.565010000000000000e+05 4.415890000000000000e+05 1.534343607808731913e-01
5.600780000000000000e+05 5.173130000000000000e+05 5.333440000000000000e+05 5.153910000000000000e+05 4.959400000000000000e+05 4.555930000000000000e+05 4.732010000000000000e+05 4.565010000000000000e+05 1.624693998142885398e-01
5.790390000000000000e+05 5.600780000000000000e+05 5.173130000000000000e+05 5.333440000000000000e+05 5.153910000000000000e+05 4.959400000000000000e+05 4.555930000000000000e+05 4.732010000000000000e+05 1.630700731653740299e-01
5.629270000000000000e+05 5.790390000000000000e+05 5.600780000000000000e+05 5.173130000000000000e+05 5.333440000000000000e+05 5.153910000000000000e+05 4.959400000000000000e+05 4.555930000000000000e+05 1.539440774162919578e-01
5.435980000000000000e+05 5.629270000000000000e+05 5.790390000000000000e+05 5.600780000000000000e+05 5.173130000000000000e+05 5.333440000000000000e+05 5.153910000000000000e+05 4.959400000000000000e+05 1.444190697634876730e-01
5.865930000000000000e+05 5.435980000000000000e+05 5.629270000000000000e+05 5.790390000000000000e+05 5.600780000000000000e+05 5.173130000000000000e+05 5.333440000000000000e+05 5.153910000000000000e+05 1.538931550047354380e-01
6.066930000000000000e+05 5.865930000000000000e+05 5.435980000000000000e+05 5.629270000000000000e+05 5.790390000000000000e+05 5.600780000000000000e+05 5.173130000000000000e+05 5.333440000000000000e+05 1.562477143325129714e-01
6.220370000000000000e+05 6.066930000000000000e+05 5.865930000000000000e+05 5.435980000000000000e+05 5.629270000000000000e+05 5.790390000000000000e+05 5.600780000000000000e+05 5.173130000000000000e+05 1.572292992262099287e-01
6.090500000000000000e+05 6.220370000000000000e+05 6.066930000000000000e+05 5.865930000000000000e+05 5.435980000000000000e+05 5.629270000000000000e+05 5.790390000000000000e+05 5.600780000000000000e+05 1.499766681072109697e-01
6.699370000000000000e+05 6.090500000000000000e+05 6.220370000000000000e+05 6.066930000000000000e+05 5.865930000000000000e+05 5.435980000000000000e+05 5.629270000000000000e+05 5.790390000000000000e+05 1.630042017675696620e-01
6.920780000000000000e+05 6.699370000000000000e+05 6.090500000000000000e+05 6.220370000000000000e+05 6.066930000000000000e+05 5.865930000000000000e+05 5.435980000000000000e+05 5.629270000000000000e+05 1.647477227741627470e-01
5.792740000000000000e+05 6.920780000000000000e+05 6.699370000000000000e+05 6.090500000000000000e+05 6.220370000000000000e+05 6.066930000000000000e+05 5.865930000000000000e+05 5.435980000000000000e+05 1.337819568007841131e-01
4.486530000000000000e+05 5.792740000000000000e+05 6.920780000000000000e+05 6.699370000000000000e+05 6.090500000000000000e+05 6.220370000000000000e+05 6.066930000000000000e+05 5.865930000000000000e+05 1.027686064564778540e-01
4.642290000000000000e+05 4.486530000000000000e+05 5.792740000000000000e+05 6.920780000000000000e+05 6.699370000000000000e+05 6.090500000000000000e+05 6.220370000000000000e+05 6.066930000000000000e+05 1.098059427748560579e-01
5.140220000000000000e+05 4.642290000000000000e+05 4.486530000000000000e+05 5.792740000000000000e+05 6.920780000000000000e+05 6.699370000000000000e+05 6.090500000000000000e+05 6.220370000000000000e+05 1.258236321916510470e-01
5.399230000000000000e+05 5.140220000000000000e+05 4.642290000000000000e+05 4.486530000000000000e+05 5.792740000000000000e+05 6.920780000000000000e+05 6.699370000000000000e+05 6.090500000000000000e+05 1.357530832287592304e-01
5.282540000000000000e+05 5.399230000000000000e+05 5.140220000000000000e+05 4.642290000000000000e+05 4.486530000000000000e+05 5.792740000000000000e+05 6.920780000000000000e+05 6.699370000000000000e+05 1.351684545699257667e-01
5.872900000000000000e+05 5.282540000000000000e+05 5.399230000000000000e+05 5.140220000000000000e+05 4.642290000000000000e+05 4.486530000000000000e+05 5.792740000000000000e+05 6.920780000000000000e+05 1.559273721316694061e-01
6.159480000000000000e+05 5.872900000000000000e+05 5.282540000000000000e+05 5.399230000000000000e+05 5.140220000000000000e+05 4.642290000000000000e+05 4.486530000000000000e+05 5.792740000000000000e+05 1.682161979110481653e-01
6.167700000000000000e+05 6.159480000000000000e+05 5.872900000000000000e+05 5.282540000000000000e+05 5.399230000000000000e+05 5.140220000000000000e+05 4.642290000000000000e+05 4.486530000000000000e+05 1.667703624268214724e-01
6.163060000000000000e+05 6.167700000000000000e+05 6.159480000000000000e+05 5.872900000000000000e+05 5.282540000000000000e+05 5.399230000000000000e+05 5.140220000000000000e+05 4.642290000000000000e+05 1.593989917329551032e-01
6.793820000000000000e+05 6.163060000000000000e+05 6.167700000000000000e+05 6.159480000000000000e+05 5.872900000000000000e+05 5.282540000000000000e+05 5.399230000000000000e+05 5.140220000000000000e+05 1.690630340128301268e-01
6.967660000000000000e+05 6.793820000000000000e+05 6.163060000000000000e+05 6.167700000000000000e+05 6.159480000000000000e+05 5.872900000000000000e+05 5.282540000000000000e+05 5.399230000000000000e+05 1.665361257380422455e-01
6.831920000000000000e+05 6.967660000000000000e+05 6.793820000000000000e+05 6.163060000000000000e+05 6.167700000000000000e+05 6.159480000000000000e+05 5.872900000000000000e+05 5.282540000000000000e+05 1.573915455422561505e-01
6.654700000000000000e+05 6.831920000000000000e+05 6.967660000000000000e+05 6.793820000000000000e+05 6.163060000000000000e+05 6.167700000000000000e+05 6.159480000000000000e+05 5.872900000000000000e+05 1.480251816532144049e-01
7.029390000000000000e+05 6.654700000000000000e+05 6.831920000000000000e+05 6.967660000000000000e+05 6.793820000000000000e+05 6.163060000000000000e+05 6.167700000000000000e+05 6.159480000000000000e+05 1.536870380516651979e-01
6.977260000000000000e+05 7.029390000000000000e+05 6.654700000000000000e+05 6.831920000000000000e+05 6.967660000000000000e+05 6.793820000000000000e+05 6.163060000000000000e+05 6.167700000000000000e+05 1.497001067407594255e-01
6.896270000000000000e+05 6.977260000000000000e+05 7.029390000000000000e+05 6.654700000000000000e+05 6.831920000000000000e+05 6.967660000000000000e+05 6.793820000000000000e+05 6.163060000000000000e+05 1.454362822745293438e-01
6.516170000000000000e+05 6.896270000000000000e+05 6.977260000000000000e+05 7.029390000000000000e+05 6.654700000000000000e+05 6.831920000000000000e+05 6.967660000000000000e+05 6.793820000000000000e+05 1.353277666807473634e-01
6.965220000000000000e+05 6.516170000000000000e+05 6.896270000000000000e+05 6.977260000000000000e+05 7.029390000000000000e+05 6.654700000000000000e+05 6.831920000000000000e+05 6.967660000000000000e+05 1.454925776062976073e-01
7.072720000000000000e+05 6.965220000000000000e+05 6.516170000000000000e+05 6.896270000000000000e+05 6.977260000000000000e+05 7.029390000000000000e+05 6.654700000000000000e+05 6.831920000000000000e+05 1.477456151363677195e-01
6.999220000000000000e+05 7.072720000000000000e+05 6.965220000000000000e+05 6.516170000000000000e+05 6.896270000000000000e+05 6.977260000000000000e+05 7.029390000000000000e+05 6.654700000000000000e+05 1.454784519284590127e-01
6.700670000000000000e+05 6.999220000000000000e+05 7.072720000000000000e+05 6.965220000000000000e+05 6.516170000000000000e+05 6.896270000000000000e+05 6.977260000000000000e+05 7.029390000000000000e+05 1.382828840448858398e-01
7.315140000000000000e+05 6.700670000000000000e+05 6.999220000000000000e+05 7.072720000000000000e+05 6.965220000000000000e+05 6.516170000000000000e+05 6.896270000000000000e+05 6.977260000000000000e+05 1.519949185009079051e-01
7.368940000000000000e+05 7.315140000000000000e+05 6.700670000000000000e+05 6.999220000000000000e+05 7.072720000000000000e+05 6.965220000000000000e+05 6.516170000000000000e+05 6.896270000000000000e+05 1.520453453297929414e-01
7.277670000000000000e+05 7.368940000000000000e+05 7.315140000000000000e+05 6.700670000000000000e+05 6.999220000000000000e+05 7.072720000000000000e+05 6.965220000000000000e+05 6.516170000000000000e+05 1.487118007081602022e-01
6.634580000000000000e+05 7.277670000000000000e+05 7.368940000000000000e+05 7.315140000000000000e+05 6.700670000000000000e+05 6.999220000000000000e+05 7.072720000000000000e+05 6.965220000000000000e+05 1.334936834476267153e-01
7.063620000000000000e+05 6.634580000000000000e+05 7.277670000000000000e+05 7.368940000000000000e+05 7.315140000000000000e+05 6.700670000000000000e+05 6.999220000000000000e+05 7.072720000000000000e+05 1.430782188153118251e-01
7.078780000000000000e+05 7.063620000000000000e+05 6.634580000000000000e+05 7.277670000000000000e+05 7.368940000000000000e+05 7.315140000000000000e+05 6.700670000000000000e+05 6.999220000000000000e+05 1.434117290493648333e-01
6.866540000000000000e+05 7.078780000000000000e+05 7.063620000000000000e+05 6.634580000000000000e+05 7.277670000000000000e+05 7.368940000000000000e+05 7.315140000000000000e+05 6.700670000000000000e+05 1.388880123949724210e-01
6.355130000000000000e+05 6.866540000000000000e+05 7.078780000000000000e+05 7.063620000000000000e+05 6.634580000000000000e+05 7.277670000000000000e+05 7.368940000000000000e+05 7.315140000000000000e+05 1.281140088543011590e-01
6.804590000000000000e+05 6.355130000000000000e+05 6.866540000000000000e+05 7.078780000000000000e+05 7.063620000000000000e+05 6.634580000000000000e+05 7.277670000000000000e+05 7.368940000000000000e+05 1.398818713272372283e-01
6.975690000000000000e+05 6.804590000000000000e+05 6.355130000000000000e+05 6.866540000000000000e+05 7.078780000000000000e+05 7.063620000000000000e+05 6.634580000000000000e+05 7.277670000000000000e+05 1.450823206133161902e-01
6.993240000000000000e+05 6.975690000000000000e+05 6.804590000000000000e+05 6.355130000000000000e+05 6.866540000000000000e+05 7.078780000000000000e+05 7.063620000000000000e+05 6.634580000000000000e+05 1.463666097168772884e-01
6.784730000000000000e+05 6.993240000000000000e+05 6.975690000000000000e+05 6.804590000000000000e+05 6.355130000000000000e+05 6.866540000000000000e+05 7.078780000000000000e+05 7.063620000000000000e+05 1.409445300439843285e-01
7.263740000000000000e+05 6.784730000000000000e+05 6.993240000000000000e+05 6.975690000000000000e+05 6.804590000000000000e+05 6.355130000000000000e+05 6.866540000000000000e+05 7.078780000000000000e+05 1.517747034499474512e-01
-1.000000000000000000e+08 7.263740000000000000e+05 6.784730000000000000e+05 6.993240000000000000e+05 6.975690000000000000e+05 6.804590000000000000e+05 6.355130000000000000e+05 6.866540000000000000e+05 -1.000000000000000000e+08
