-1.000000000000000000e+08 -1.000000000000000000e+08 -1.000000000000000000e+08 -1.000000000000000000e+08 -1.000000000000000000e+08 -1.000000000000000000e+08 -1.000000000000000000e+08 -1.000000000000000000e+08 -1.000000000000000000e+08
-1.000000000000000000e+08 -1.000000000000000000e+08 -1.000000000000000000e+08 -1.000000000000000000e+08 -1.000000000000000000e+08 -1.000000000000000000e+08 -1.000000000000000000e+08 -1.000000000000000000e+08 -1.000000000000000000e+08
-1.000000000000000000e+08 -1.000000000000000000e+08 -1.000000000000000000e+08 -1.000000000000000000e+08 -1.000000000000000000e+08 -1.000000000000000000e+08 -1.000000000000000000e+08 -1.000000000000000000e+08 -1.000000000000000000e+08
-1.000000000000000000e+08 -1.000000000000000000e+08 -1.000000000000000000e+08 -1.000000000000000000e+08 -1.000000000000000000e+08 -1.000000000000000000e+08 -1.000000000000000000e+08 -1.000000000000000000e+08 -1.000000000000000000e+08
-1.000000000000000000e+08 -1.000000000000000000e+08 -1.000000000000000000e+08 -1.000000000000000000e+08 -1.000000000000000000e+08 -1.000000000000000000e+08 -1.000000000000000000e+08 -1.000000000000000000e+08 -1.000000000000000000e+08
-1.000000000000000000e+08 -1.000000000000000000e+08 -1.000000000000000000e+08 -1.000000000000000000e+08 -1.000000000000000000e+08 -1.000000000000000000e+08 -1.000000000000000000e+08 -1.000000000000000000e+08 -1.000000000000000000e+08
-1.000000000000000000e+08 -1.000000000000000000e+08 -1.000000000000000000e+08 -1.000000000000000000e+08 -1.000000000000000000e+08 -1.000000000000000000e+08 -1.000000000000000000e+08 -1.000000000000000000e+08 -1.000000000000000000e+08
-1.000000000000000000e+08 -1.000000000000000000e+08 -1.000000000000000000e+08 -1.000000000000000000e+08 -1.000000000000000000e+08 -1.000000000000000000e+08 -1.000000000000000000e+08 -1.000000000000000000e+08 -1.000000000000000000e+08
-1.000000000000000000e+08 -1.000000000000000000e+08 -1.000000000000000000e+08 -1.000000000000000000e+08 -1.000000000000000000e+08 -1.000000000000000000e+08 -1.000000000000000000e+08 -1.000000000000000000e+08 -1.000000000000000000e+08
-1.000000000000000000e+08 -1.000000000000000000e+08 -1.000000000000000000e+08 -1.000000000000000000e+08 -1.000000000000000000e+08 -1.000000000000000000e+08 -1.000000000000000000e+08 -1.000000000000000000e+08 -1.000000000000000000e+08
-1.000000000000000000e+08 -1.000000000000000000e+08 -1.000000000000000000e+08 -1.000000000000000000e+08 -1.000000000000000000e+08 -1.000000000000000000e+08 -1.000000000000000000e+08 -1.000000000000000000e+08 -1.000000000000000000e+08
-1.000000000000000000e+08 -1.000000000000000000e+08 -1.000000000000000000e+08 -1.000000000000000000e+08 -1.000000000000000000e+08 -1.000000000000000000e+08 -1.000000000000000000e+08 -1.000000000000000000e+08 -1.000000000000000000e+08
-1.000000000000000000e+08 -1.000000000000000000e+08 -1.000000000000000000e+08 -1.000000000000000000e+08 -1.000000000000000000e+08 -1.000000000000000000e+08 -1.000000000000000000e+08 -1.000000000000000000e+08 -1.000000000000000000e+08
-1.000000000000000000e+08 -1.000000000000000000e+08 -1.000000000000000000e+08 -1.000000000000000000e+08 -1.000000000000000000e+08 -1.000000000000000000e+08 -1.000000000000000000e+08 -1.000000000000000000e+08 -1.000000000000000000e+08
-1.000000000000000000e+08 -1.000000000000000000e+08 -1.000000000000000000e+08 -1.000000000000000000e+08 -1.000000000000000000e+08 -1.000000000000000000e+08 -1.000000000000000000e+08 -1.000000000000000000e+08 -1.000000000000000000e+08
-1.000000000000000000e+08 -1.000000000000000000e+08 -1.000000000000000000e+08 -1.000000000000000000e+08 -1.000000000000000000e+08 -1.000000000000000000e+08 -1.000000000000000000e+08 -1.000000000000000000e+08 -1.000000000000000000e+08
-1.000000000000000000e+08 -1.000000000000000000e+08 -1.000000000000000000e+08 -1.000000000000000000e+08 -1.000000000000000000e+08 -1.000000000000000000e+08 -1.000000000000000000e+08 -1.000000000000000000e+08 -1.000000000000000000e+08
-1.000000000000000000e+08 -1.000000000000000000e+08 -1.000000000000000000e+08 -1.000000000000000000e+08 -1.000000000000000000e+08 -1.000000000000000000e+08 -1.000000000000000000e+08 -1.000000000000000000e+08 -1.000000000000000000e+08
-1.000000000000000000e+08 -1.000000000000000000e+08 -1.000000000000000000e+08 -1.000000000000000000e+08 -1.000000000000000000e+08 -1.000000000000000000e+08 -1.000000000000000000e+08 -1.000000000000000000e+08 -1.000000000000000000e+08
-1.000000000000000000e+08 -1.000000000000000000e+08 -1.000000000000000000e+08 -1.000000000000000000e+08 -1.000000000000000000e+08 -1.000000000000000000e+08 -1.000000000000000000e+08 -1.000000000000000000e+08 -1.000000000000000000e+08
5.196999999999999886e+01 -1.000000000000000000e+08 -1.000000000000000000e+08 -1.000000000000000000e+08 -1.000000000000000000e+08 -1.000000000000000000e+08 -1.000000000000000000e+08 -1.000000000000000000e+08 -7.424285714285714497e-08
-1.000000000000000000e+08 5.196999999999999886e+01 -1.000000000000000000e+08 -1.000000000000000000e+08 -1.000000000000000000e+08 -1.000000000000000000e+08 -1.000000000000000000e+08 -1.000000000000000000e+08 -1.000000000000000000e+08
-1.000000000000000000e+08 -1.000000000000000000e+08 5.196999999999999886e+01 -1.000000000000000000e+08 -1.000000000000000000e+08 -1.000000000000000000e+08 -1.000000000000000000e+08 -1.000000000000000000e+08 -1.000000000000000000e+08
-1.000000000000000000e+08 -1.000000000000000000e+08 -1.000000000000000000e+08 5.196999999999999886e+01 -1.000000000000000000e+08 -1.000000000000000000e+08 -1.000000000000000000e+08 -1.000000000000000000e+08 -1.000000000000000000e+08
-1.000000000000000000e+08 -1.000000000000000000e+08 -1.000000000000000000e+08 -1.000000000000000000e+08 5.196999999999999886e+01 -1.000000000000000000e+08 -1.000000000000000000e+08 -1.000000000000000000e+08 -1.000000000000000000e+08
-1.000000000000000000e+08 -1.000000000000000000e+08 -1.000000000000000000e+08 -1.000000000000000000e+08 -1.000000000000000000e+08 5.196999999999999886e+01 -1.000000000000000000e+08 -1.000000000000000000e+08 -1.000000000000000000e+08
-1.000000000000000000e+08 -1.000000000000000000e+08 -1.000000000000000000e+08 -1.000000000000000000e+08 -1.000000000000000000e+08 -1.000000000000000000e+08 5.196999999999999886e+01 -1.000000000000000000e+08 -1.000000000000000000e+08
-1.000000000000000000e+08 -1.000000000000000000e+08 -1.000000000000000000e+08 -1.000000000000000000e+08 -1.000000000000000000e+08 -1.000000000000000000e+08 -1.000000000000000000e+08 5.196999999999999886e+01 -1.000000000000000000e+08
-1.000000000000000000e+08 -1.000000000000000000e+08 -1.000000000000000000e+08 -1.000000000000000000e+08 -1.000000000000000000e+08 -1.000000000000000000e+08 -1.000000000000000000e+08 -1.000000000000000000e+08 -1.000000000000000000e+08
-1.000000000000000000e+08 -1.000000000000000000e+08 -1.000000000000000000e+08 -1.000000000000000000e+08 -1.000000000000000000e+08 -1.000000000000000000e+08 -1.000000000000000000e+08 -1.000000000000000000e+08 -1.000000000000000000e+08
3.160999999999999943e+01 -1.000000000000000000e+08 -1.000000000000000000e+08 -1.000000000000000000e+08 -1.000000000000000000e+08 -1.000000000000000000e+08 -1.000000000000000000e+08 -1.000000000000000000e+08 -4.515714285714285878e-08
-1.000000000000000000e+08 3.160999999999999943e+01 -1.000000000000000000e+08 -1.000000000000000000e+08 -1.000000000000000000e+08 -1.000000000000000000e+08 -1.000000000000000000e+08 -1.000000000000000000e+08 -1.000000000000000000e+08
3.482999999999999829e+01 -1.000000000000000000e+08 3.160999999999999943e+01 -1.000000000000000000e+08 -1.000000000000000000e+08 -1.000000000000000000e+08 -1.000000000000000000e+08 -1.000000000000000000e+08 -5.805000305826765912e-08
-1.000000000000000000e+08 3.482999999999999829e+01 -1.000000000000000000e+08 3.160999999999999943e+01 -1.000000000000000000e+08 -1.000000000000000000e+08 -1.000000000000000000e+08 -1.000000000000000000e+08 -1.000000000000000000e+08
2.767999999999999972e+01 -1.000000000000000000e+08 3.482999999999999829e+01 -1.000000000000000000e+08 3.160999999999999943e+01 -1.000000000000000000e+08 -1.000000000000000000e+08 -1.000000000000000000e+08 -5.536000735623777787e-08
-1.000000000000000000e+08 2.767999999999999972e+01 -1.000000000000000000e+08 3.482999999999999829e+01 -1.000000000000000000e+08 3.160999999999999943e+01 -1.000000000000000000e+08 -1.000000000000000000e+08 -1.000000000000000000e+08
5.577000000000000313e+01 -1.000000000000000000e+08 2.767999999999999972e+01 -1.000000000000000000e+08 3.482999999999999829e+01 -1.000000000000000000e+08 3.160999999999999943e+01 -1.000000000000000000e+08 -1.394250328067102380e-07
-1.000000000000000000e+08 5.577000000000000313e+01 -1.000000000000000000e+08 2.767999999999999972e+01 -1.000000000000000000e+08 3.482999999999999829e+01 -1.000000000000000000e+08 3.160999999999999943e+01 -1.000000000000000000e+08
5.975999999999999801e+01 -1.000000000000000000e+08 5.577000000000000313e+01 -1.000000000000000000e+08 2.767999999999999972e+01 -1.000000000000000000e+08 3.482999999999999829e+01 -1.000000000000000000e+08 -1.494000441775930589e-07
5.752999999999999403e+01 5.975999999999999801e+01 -1.000000000000000000e+08 5.577000000000000313e+01 -1.000000000000000000e+08 2.767999999999999972e+01 -1.000000000000000000e+08 3.482999999999999829e+01 -1.917667804738586545e-07
6.063333333333333286e+01 5.752999999999999403e+01 5.975999999999999801e+01 -1.000000000000000000e+08 5.577000000000000313e+01 -1.000000000000000000e+08 2.767999999999999972e+01 -1.000000000000000000e+08 -2.021112463504830907e-07
5.960999999999999233e+01 6.063333333333333286e+01 5.752999999999999403e+01 5.975999999999999801e+01 -1.000000000000000000e+08 5.577000000000000313e+01 -1.000000000000000000e+08 2.767999999999999972e+01 -2.980503895121190121e-07
5.703666666666666174e+01 5.960999999999999233e+01 6.063333333333333286e+01 5.752999999999999403e+01 5.975999999999999801e+01 -1.000000000000000000e+08 5.577000000000000313e+01 -1.000000000000000000e+08 -2.851837515600580437e-07
6.457333333333333769e+01 5.703666666666666174e+01 5.960999999999999233e+01 6.063333333333333286e+01 5.752999999999999403e+01 5.975999999999999801e+01 -1.000000000000000000e+08 5.577000000000000313e+01 -6.457355956034189322e-07
7.585999999999999943e+01 6.457333333333333769e+01 5.703666666666666174e+01 5.960999999999999233e+01 6.063333333333333286e+01 5.752999999999999403e+01 5.975999999999999801e+01 -1.000000000000000000e+08 -7.586027244711114252e-07
7.657000000000000739e+01 7.585999999999999943e+01 6.457333333333333769e+01 5.703666666666666174e+01 5.960999999999999233e+01 6.063333333333333286e+01 5.752999999999999403e+01 5.975999999999999801e+01 1.760216396809220207e-01
7.271666666666665435e+01 7.657000000000000739e+01 7.585999999999999943e+01 6.457333333333333769e+01 5.703666666666666174e+01 5.960999999999999233e+01 6.063333333333333286e+01 5.752999999999999403e+01 1.609440476893112260e-01
6.721999999999999886e+01 7.271666666666665435e+01 7.657000000000000739e+01 7.585999999999999943e+01 6.457333333333333769e+01 5.703666666666666174e+01 5.960999999999999233e+01 6.063333333333333286e+01 1.439400428265524556e-01
6.743666666666666742e+01 6.721999999999999886e+01 7.271666666666665435e+01 7.657000000000000739e+01 7.585999999999999943e+01 6.457333333333333769e+01 5.703666666666666174e+01 5.960999999999999233e+01 1.423956192460373305e-01
6.795000000000000284e+01 6.743666666666666742e+01 6.721999999999999886e+01 7.271666666666665435e+01 7.657000000000000739e+01 7.585999999999999943e+01 6.457333333333333769e+01 5.703666666666666174e+01 1.411469007921121177e-01
6.157666666666667510e+01 6.795000000000000284e+01 6.743666666666666742e+01 6.721999999999999886e+01 7.271666666666665435e+01 7.657000000000000739e+01 7.585999999999999943e+01 6.457333333333333769e+01 1.250727836531300430e-01
6.325333333333333030e+01 6.157666666666667510e+01 6.795000000000000284e+01 6.743666666666666742e+01 6.721999999999999886e+01 7.271666666666665435e+01 7.657000000000000739e+01 7.585999999999999943e+01 1.292651857301480300e-01
6.414000000000000057e+01 6.325333333333333030e+01 6.157666666666667510e+01 6.795000000000000284e+01 6.743666666666666742e+01 6.721999999999999886e+01 7.271666666666665435e+01 7.657000000000000739e+01 1.345434458840557290e-01
6.128000000000000114e+01 6.414000000000000057e+01 6.325333333333333030e+01 6.157666666666667510e+01 6.795000000000000284e+01 6.743666666666666742e+01 6.721999999999999886e+01 7.271666666666665435e+01 1.319855263913617682e-01
6.473000000000000398e+01 6.128000000000000114e+01 6.414000000000000057e+01 6.325333333333333030e+01 6.157666666666667510e+01 6.795000000000000284e+01 6.743666666666666742e+01 6.721999999999999886e+01 1.429370588191996028e-01
6.555666666666667197e+01 6.473000000000000398e+01 6.128000000000000114e+01 6.414000000000000057e+01 6.325333333333333030e+01 6.157666666666667510e+01 6.795000000000000284e+01 6.743666666666666742e+01 1.455628746946932284e-01
6.503666666666667595e+01 6.555666666666667197e+01 6.473000000000000398e+01 6.128000000000000114e+01 6.414000000000000057e+01 6.325333333333333030e+01 6.157666666666667510e+01 6.795000000000000284e+01 1.450136012962109644e-01
6.704999999999999716e+01 6.503666666666667595e+01 6.555666666666667197e+01 6.473000000000000398e+01 6.128000000000000114e+01 6.414000000000000057e+01 6.325333333333333030e+01 6.157666666666667510e+01 1.504802800885750302e-01
6.951333333333333542e+01 6.704999999999999716e+01 6.503666666666667595e+01 6.555666666666667197e+01 6.473000000000000398e+01 6.128000000000000114e+01 6.414000000000000057e+01 6.325333333333333030e+01 1.541156125751954875e-01
6.864333333333333087e+01 6.951333333333333542e+01 6.704999999999999716e+01 6.503666666666667595e+01 6.555666666666667197e+01 6.473000000000000398e+01 6.128000000000000114e+01 6.414000000000000057e+01 1.501035045775263588e-01
7.288333333333333997e+01 6.864333333333333087e+01 6.951333333333333542e+01 6.704999999999999716e+01 6.503666666666667595e+01 6.555666666666667197e+01 6.473000000000000398e+01 6.128000000000000114e+01 1.578210375118194175e-01
7.612666666666666515e+01 7.288333333333333997e+01 6.864333333333333087e+01 6.951333333333333542e+01 6.704999999999999716e+01 6.503666666666667595e+01 6.555666666666667197e+01 6.473000000000000398e+01 1.608038078071311605e-01
6.779000000000000625e+01 7.612666666666666515e+01 7.288333333333333997e+01 6.864333333333333087e+01 6.951333333333333542e+01 6.704999999999999716e+01 6.503666666666667595e+01 6.555666666666667197e+01 1.398279738454240029e-01
6.512666666666667936e+01 6.779000000000000625e+01 7.612666666666666515e+01 7.288333333333333997e+01 6.864333333333333087e+01 6.951333333333333542e+01 6.704999999999999716e+01 6.503666666666667595e+01 1.337184234120167570e-01
6.223666666666667169e+01 6.512666666666667936e+01 6.779000000000000625e+01 7.612666666666666515e+01 7.288333333333333997e+01 6.864333333333333087e+01 6.951333333333333542e+01 6.704999999999999716e+01 1.277610510469412985e-01
6.111333333333332263e+01 6.223666666666667169e+01 6.512666666666667936e+01 6.779000000000000625e+01 7.612666666666666515e+01 7.288333333333333997e+01 6.864333333333333087e+01 6.951333333333333542e+01 1.267070271465693398e-01
6.493999999999999773e+01 6.111333333333332263e+01 6.223666666666667169e+01 6.512666666666667936e+01 6.779000000000000625e+01 7.612666666666666515e+01 7.288333333333333997e+01 6.864333333333333087e+01 1.370273463875759656e-01
6.807999999999999829e+01 6.493999999999999773e+01 6.111333333333332263e+01 6.223666666666667169e+01 6.512666666666667936e+01 6.779000000000000625e+01 7.612666666666666515e+01 7.288333333333333997e+01 1.447843192854357808e-01
6.967333333333333201e+01 6.807999999999999829e+01 6.493999999999999773e+01 6.111333333333332263e+01 6.223666666666667169e+01 6.512666666666667936e+01 6.779000000000000625e+01 7.612666666666666515e+01 1.497020569529593781e-01
7.524666666666666970e+01 6.967333333333333201e+01 6.807999999999999829e+01 6.493999999999999773e+01 6.111333333333332263e+01 6.223666666666667169e+01 6.512666666666667936e+01 6.779000000000000625e+01 1.639503805705653239e-01
7.936333333333332973e+01 7.524666666666666970e+01 6.967333333333333201e+01 6.807999999999999829e+01 6.493999999999999773e+01 6.111333333333332263e+01 6.223666666666667169e+01 6.512666666666667936e+01 1.701554404145077526e-01
7.470666666666666345e+01 7.936333333333332973e+01 7.524666666666666970e+01 6.967333333333333201e+01 6.807999999999999829e+01 6.493999999999999773e+01 6.111333333333332263e+01 6.223666666666667169e+01 1.554273350162279077e-01
6.914999999999999147e+01 7.470666666666666345e+01 7.936333333333332973e+01 7.524666666666666970e+01 6.967333333333333201e+01 6.807999999999999829e+01 6.493999999999999773e+01 6.111333333333332263e+01 1.402286108275820065e-01
6.507999999999999829e+01 6.914999999999999147e+01 7.470666666666666345e+01 7.936333333333332973e+01 7.524666666666666970e+01 6.967333333333333201e+01 6.807999999999999829e+01 6.493999999999999773e+01 1.298587277516162486e-01
6.448333333333333428e+01 6.507999999999999829e+01 6.914999999999999147e+01 7.470666666666666345e+01 7.936333333333332973e+01 7.524666666666666970e+01 6.967333333333333201e+01 6.807999999999999829e+01 1.286322228871600581e-01
6.634666666666664980e+01 6.448333333333333428e+01 6.507999999999999829e+01 6.914999999999999147e+01 7.470666666666666345e+01 7.936333333333332973e+01 7.524666666666666970e+01 6.967333333333333201e+01 1.333056506218563697e-01
6.781666666666667709e+01 6.634666666666664980e+01 6.448333333333333428e+01 6.507999999999999829e+01 6.914999999999999147e+01 7.470666666666666345e+01 7.936333333333332973e+01 7.524666666666666970e+01 1.371761072866168607e-01
6.773333333333333428e+01 6.781666666666667709e+01 6.634666666666664980e+01 6.448333333333333428e+01 6.507999999999999829e+01 6.914999999999999147e+01 7.470666666666666345e+01 7.936333333333332973e+01 1.390980531748857163e-01
6.403666666666667595e+01 6.773333333333333428e+01 6.781666666666667709e+01 6.634666666666664980e+01 6.448333333333333428e+01 6.507999999999999829e+01 6.914999999999999147e+01 7.470666666666666345e+01 1.347242189417581504e-01
6.339999999999999858e+01 6.403666666666667595e+01 6.773333333333333428e+01 6.781666666666667709e+01 6.634666666666664980e+01 6.448333333333333428e+01 6.507999999999999829e+01 6.914999999999999147e+01 1.364477667618405332e-01
6.948999999999999488e+01 6.339999999999999858e+01 6.403666666666667595e+01 6.773333333333333428e+01 6.781666666666667709e+01 6.634666666666664980e+01 6.448333333333333428e+01 6.507999999999999829e+01 1.514284261525833675e-01
7.142333333333333201e+01 6.948999999999999488e+01 6.339999999999999858e+01 6.403666666666667595e+01 6.773333333333333428e+01 6.781666666666667709e+01 6.634666666666664980e+01 6.448333333333333428e+01 1.541599516518936397e-01
7.109666666666667822e+01 7.142333333333333201e+01 6.948999999999999488e+01 6.339999999999999858e+01 6.403666666666667595e+01 6.773333333333333428e+01 6.781666666666667709e+01 6.634666666666664980e+01 1.511901555212158410e-01
6.847333333333332916e+01 7.109666666666667822e+01 7.142333333333333201e+01 6.948999999999999488e+01 6.339999999999999858e+01 6.403666666666667595e+01 6.773333333333333428e+01 6.781666666666667709e+01 1.441553975817373989e-01
6.110666666666666202e+01 6.847333333333332916e+01 7.109666666666667822e+01 7.142333333333333201e+01 6.948999999999999488e+01 6.339999999999999858e+01 6.403666666666667595e+01 6.773333333333333428e+01 1.284689129337892866e-01
6.120666666666667055e+01 6.110666666666666202e+01 6.847333333333332916e+01 7.109666666666667822e+01 7.142333333333333201e+01 6.948999999999999488e+01 6.339999999999999858e+01 6.403666666666667595e+01 1.304971998749182571e-01
6.198666666666665748e+01 6.120666666666667055e+01 6.110666666666666202e+01 6.847333333333332916e+01 7.109666666666667822e+01 7.142333333333333201e+01 6.948999999999999488e+01 6.339999999999999858e+01 1.329624836442416802e-01
5.765333333333332888e+01 6.198666666666665748e+01 6.120666666666667055e+01 6.110666666666666202e+01 6.847333333333332916e+01 7.109666666666667822e+01 7.142333333333333201e+01 6.948999999999999488e+01 1.240434611109118845e-01
5.307666666666666089e+01 5.765333333333332888e+01 6.198666666666665748e+01 6.120666666666667055e+01 6.110666666666666202e+01 6.847333333333332916e+01 7.109666666666667822e+01 7.142333333333333201e+01 1.171808307085455136e-01
4.833999999999999631e+01 5.307666666666666089e+01 5.765333333333332888e+01 6.198666666666665748e+01 6.120666666666667055e+01 6.110666666666666202e+01 6.847333333333332916e+01 7.109666666666667822e+01 1.112287160607454972e-01
4.959000000000000341e+01 4.833999999999999631e+01 5.307666666666666089e+01 5.765333333333332888e+01 6.198666666666665748e+01 6.120666666666667055e+01 6.110666666666666202e+01 6.847333333333332916e+01 1.204098645925230499e-01
4.689999999999999858e+01 4.959000000000000341e+01 4.833999999999999631e+01 5.307666666666666089e+01 5.765333333333332888e+01 6.198666666666665748e+01 6.120666666666667055e+01 6.110666666666666202e+01 1.193505700325732943e-01
4.550666666666666771e+01 4.689999999999999858e+01 4.959000000000000341e+01 4.833999999999999631e+01 5.307666666666666089e+01 5.765333333333332888e+01 6.198666666666665748e+01 6.120666666666667055e+01 1.201485575484484286e-01
4.742999999999999972e+01 4.550666666666666771e+01 4.689999999999999858e+01 4.959000000000000341e+01 4.833999999999999631e+01 5.307666666666666089e+01 5.765333333333332888e+01 6.198666666666665748e+01 1.306419626133901446e-01
4.905333333333333456e+01 4.742999999999999972e+01 4.550666666666666771e+01 4.689999999999999858e+01 4.959000000000000341e+01 4.833999999999999631e+01 5.307666666666666089e+01 5.765333333333332888e+01 1.407569656333393926e-01
4.882333333333333059e+01 4.905333333333333456e+01 4.742999999999999972e+01 4.550666666666666771e+01 4.689999999999999858e+01 4.959000000000000341e+01 4.833999999999999631e+01 5.307666666666666089e+01 1.436416950249585767e-01
4.796333333333333115e+01 4.882333333333333059e+01 4.905333333333333456e+01 4.742999999999999972e+01 4.550666666666666771e+01 4.689999999999999858e+01 4.959000000000000341e+01 4.833999999999999631e+01 1.428997050440447836e-01
4.914999999999999858e+01 4.796333333333333115e+01 4.882333333333333059e+01 4.905333333333333456e+01 4.742999999999999972e+01 4.550666666666666771e+01 4.689999999999999858e+01 4.959000000000000341e+01 1.465997216146351090e-01
5.046999999999999886e+01 4.914999999999999858e+01 4.796333333333333115e+01 4.882333333333333059e+01 4.905333333333333456e+01 4.742999999999999972e+01 4.550666666666666771e+01 4.689999999999999858e+01 1.507347085058935998e-01
5.071999999999999886e+01 5.046999999999999886e+01 4.914999999999999858e+01 4.796333333333333115e+01 4.882333333333333059e+01 4.905333333333333456e+01 4.742999999999999972e+01 4.550666666666666771e+01 1.498832730818861481e-01
4.421666666666666856e+01 5.071999999999999886e+01 5.046999999999999886e+01 4.914999999999999858e+01 4.796333333333333115e+01 4.882333333333333059e+01 4.905333333333333456e+01 4.742999999999999972e+01 1.286827119893677873e-01
4.017999999999999972e+01 4.421666666666666856e+01 5.071999999999999886e+01 5.046999999999999886e+01 4.914999999999999858e+01 4.796333333333333115e+01 4.882333333333333059e+01 4.905333333333333456e+01 1.180387587030816837e-01
3.809666666666666401e+01 4.017999999999999972e+01 4.421666666666666856e+01 5.071999999999999886e+01 5.046999999999999886e+01 4.914999999999999858e+01 4.796333333333333115e+01 4.882333333333333059e+01 1.149139829272952107e-01
3.908999999999999631e+01 3.809666666666666401e+01 4.017999999999999972e+01 4.421666666666666856e+01 5.071999999999999886e+01 5.046999999999999886e+01 4.914999999999999858e+01 4.796333333333333115e+01 1.218528870831991212e-01
