5.160999999999999943e+01 -1.000000000000000000e+08 6.456999999999999318e+01 -1.000000000000000000e+08 5.939999999999999858e+01 -1.000000000000000000e+08 6.060999999999999943e+01 -1.000000000000000000e+08 -1.290250595386137271e-07
-1.000000000000000000e+08 5.160999999999999943e+01 -1.000000000000000000e+08 6.456999999999999318e+01 -1.000000000000000000e+08 5.939999999999999858e+01 -1.000000000000000000e+08 6.060999999999999943e+01 -1.000000000000000000e+08
5.146000000000000085e+01 -1.000000000000000000e+08 5.160999999999999943e+01 -1.000000000000000000e+08 6.456999999999999318e+01 -1.000000000000000000e+08 5.939999999999999858e+01 -1.000000000000000000e+08 -1.286500564709422936e-07
-1.000000000000000000e+08 5.146000000000000085e+01 -1.000000000000000000e+08 5.160999999999999943e+01 -1.000000000000000000e+08 6.456999999999999318e+01 -1.000000000000000000e+08 5.939999999999999858e+01 -1.000000000000000000e+08
5.507999999999999829e+01 -1.000000000000000000e+08 5.146000000000000085e+01 -1.000000000000000000e+08 5.160999999999999943e+01 -1.000000000000000000e+08 6.456999999999999318e+01 -1.000000000000000000e+08 -1.377000577100941800e-07
-1.000000000000000000e+08 5.507999999999999829e+01 -1.000000000000000000e+08 5.146000000000000085e+01 -1.000000000000000000e+08 5.160999999999999943e+01 -1.000000000000000000e+08 6.456999999999999318e+01 -1.000000000000000000e+08
5.714000000000000057e+01 -1.000000000000000000e+08 5.507999999999999829e+01 -1.000000000000000000e+08 5.146000000000000085e+01 -1.000000000000000000e+08 5.160999999999999943e+01 -1.000000000000000000e+08 -1.428500564793410833e-07
-1.000000000000000000e+08 5.714000000000000057e+01 -1.000000000000000000e+08 5.507999999999999829e+01 -1.000000000000000000e+08 5.146000000000000085e+01 -1.000000000000000000e+08 5.160999999999999943e+01 -1.000000000000000000e+08
5.500000000000000000e+01 -1.000000000000000000e+08 5.714000000000000057e+01 -1.000000000000000000e+08 5.507999999999999829e+01 -1.000000000000000000e+08 5.146000000000000085e+01 -1.000000000000000000e+08 -1.375000562650230286e-07
-1.000000000000000000e+08 5.500000000000000000e+01 -1.000000000000000000e+08 5.714000000000000057e+01 -1.000000000000000000e+08 5.507999999999999829e+01 -1.000000000000000000e+08 5.146000000000000085e+01 -1.000000000000000000e+08
5.797999999999999687e+01 -1.000000000000000000e+08 5.500000000000000000e+01 -1.000000000000000000e+08 5.714000000000000057e+01 -1.000000000000000000e+08 5.507999999999999829e+01 -1.000000000000000000e+08 -1.449500605963728068e-07
-1.000000000000000000e+08 5.797999999999999687e+01 -1.000000000000000000e+08 5.500000000000000000e+01 -1.000000000000000000e+08 5.714000000000000057e+01 -1.000000000000000000e+08 5.507999999999999829e+01 -1.000000000000000000e+08
6.551999999999999602e+01 -1.000000000000000000e+08 5.797999999999999687e+01 -1.000000000000000000e+08 5.500000000000000000e+01 -1.000000000000000000e+08 5.714000000000000057e+01 -1.000000000000000000e+08 -1.638000696641696080e-07
-1.000000000000000000e+08 6.551999999999999602e+01 -1.000000000000000000e+08 5.797999999999999687e+01 -1.000000000000000000e+08 5.500000000000000000e+01 -1.000000000000000000e+08 5.714000000000000057e+01 -1.000000000000000000e+08
6.470999999999999375e+01 -1.000000000000000000e+08 6.551999999999999602e+01 -1.000000000000000000e+08 5.797999999999999687e+01 -1.000000000000000000e+08 5.500000000000000000e+01 -1.000000000000000000e+08 -1.617750721921259462e-07
-1.000000000000000000e+08 6.470999999999999375e+01 -1.000000000000000000e+08 6.551999999999999602e+01 -1.000000000000000000e+08 5.797999999999999687e+01 -1.000000000000000000e+08 5.500000000000000000e+01 -1.000000000000000000e+08
7.065000000000000568e+01 -1.000000000000000000e+08 6.470999999999999375e+01 -1.000000000000000000e+08 6.551999999999999602e+01 -1.000000000000000000e+08 5.797999999999999687e+01 -1.000000000000000000e+08 -1.766250831065172701e-07
-1.000000000000000000e+08 7.065000000000000568e+01 -1.000000000000000000e+08 6.470999999999999375e+01 -1.000000000000000000e+08 6.551999999999999602e+01 -1.000000000000000000e+08 5.797999999999999687e+01 -1.000000000000000000e+08
6.049000000000000199e+01 -1.000000000000000000e+08 7.065000000000000568e+01 -1.000000000000000000e+08 6.470999999999999375e+01 -1.000000000000000000e+08 6.551999999999999602e+01 -1.000000000000000000e+08 -1.512250759452331429e-07
-1.000000000000000000e+08 6.049000000000000199e+01 -1.000000000000000000e+08 7.065000000000000568e+01 -1.000000000000000000e+08 6.470999999999999375e+01 -1.000000000000000000e+08 6.551999999999999602e+01 -1.000000000000000000e+08
5.861999999999999744e+01 -1.000000000000000000e+08 6.049000000000000199e+01 -1.000000000000000000e+08 7.065000000000000568e+01 -1.000000000000000000e+08 6.470999999999999375e+01 -1.000000000000000000e+08 -1.465500717545788691e-07
-1.000000000000000000e+08 5.861999999999999744e+01 -1.000000000000000000e+08 6.049000000000000199e+01 -1.000000000000000000e+08 7.065000000000000568e+01 -1.000000000000000000e+08 6.470999999999999375e+01 -1.000000000000000000e+08
4.954999999999999716e+01 -1.000000000000000000e+08 5.861999999999999744e+01 -1.000000000000000000e+08 6.049000000000000199e+01 -1.000000000000000000e+08 7.065000000000000568e+01 -1.000000000000000000e+08 -1.238750587663278741e-07
-1.000000000000000000e+08 4.954999999999999716e+01 -1.000000000000000000e+08 5.861999999999999744e+01 -1.000000000000000000e+08 6.049000000000000199e+01 -1.000000000000000000e+08 7.065000000000000568e+01 -1.000000000000000000e+08
3.561999999999999744e+01 -1.000000000000000000e+08 4.954999999999999716e+01 -1.000000000000000000e+08 5.861999999999999744e+01 -1.000000000000000000e+08 6.049000000000000199e+01 -1.000000000000000000e+08 -8.905003754794833521e-08
-1.000000000000000000e+08 3.561999999999999744e+01 -1.000000000000000000e+08 4.954999999999999716e+01 -1.000000000000000000e+08 5.861999999999999744e+01 -1.000000000000000000e+08 6.049000000000000199e+01 -1.000000000000000000e+08
4.596999999999999886e+01 -1.000000000000000000e+08 3.561999999999999744e+01 -1.000000000000000000e+08 4.954999999999999716e+01 -1.000000000000000000e+08 5.861999999999999744e+01 -1.000000000000000000e+08 -1.149250413126792296e-07
-1.000000000000000000e+08 4.596999999999999886e+01 -1.000000000000000000e+08 3.561999999999999744e+01 -1.000000000000000000e+08 4.954999999999999716e+01 -1.000000000000000000e+08 5.861999999999999744e+01 -1.000000000000000000e+08
5.096000000000000085e+01 -1.000000000000000000e+08 4.596999999999999886e+01 -1.000000000000000000e+08 3.561999999999999744e+01 -1.000000000000000000e+08 4.954999999999999716e+01 -1.000000000000000000e+08 -1.274000417681037231e-07
-1.000000000000000000e+08 5.096000000000000085e+01 -1.000000000000000000e+08 4.596999999999999886e+01 -1.000000000000000000e+08 3.561999999999999744e+01 -1.000000000000000000e+08 4.954999999999999716e+01 -1.000000000000000000e+08
3.303999999999999915e+01 -1.000000000000000000e+08 5.096000000000000085e+01 -1.000000000000000000e+08 4.596999999999999886e+01 -1.000000000000000000e+08 3.561999999999999744e+01 -1.000000000000000000e+08 -8.260002737158405362e-08
-1.000000000000000000e+08 3.303999999999999915e+01 -1.000000000000000000e+08 5.096000000000000085e+01 -1.000000000000000000e+08 4.596999999999999886e+01 -1.000000000000000000e+08 3.561999999999999744e+01 -1.000000000000000000e+08
2.878999999999999915e+01 -1.000000000000000000e+08 3.303999999999999915e+01 -1.000000000000000000e+08 5.096000000000000085e+01 -1.000000000000000000e+08 4.596999999999999886e+01 -1.000000000000000000e+08 -7.197502338648448270e-08
-1.000000000000000000e+08 2.878999999999999915e+01 -1.000000000000000000e+08 3.303999999999999915e+01 -1.000000000000000000e+08 5.096000000000000085e+01 -1.000000000000000000e+08 4.596999999999999886e+01 -1.000000000000000000e+08
3.103000000000000114e+01 -1.000000000000000000e+08 2.878999999999999915e+01 -1.000000000000000000e+08 3.303999999999999915e+01 -1.000000000000000000e+08 5.096000000000000085e+01 -1.000000000000000000e+08 -7.757502187421680364e-08
-1.000000000000000000e+08 3.103000000000000114e+01 -1.000000000000000000e+08 2.878999999999999915e+01 -1.000000000000000000e+08 3.303999999999999915e+01 -1.000000000000000000e+08 5.096000000000000085e+01 -1.000000000000000000e+08
5.357000000000000028e+01 -1.000000000000000000e+08 3.103000000000000114e+01 -1.000000000000000000e+08 2.878999999999999915e+01 -1.000000000000000000e+08 3.303999999999999915e+01 -1.000000000000000000e+08 -1.339250310906959831e-07
-1.000000000000000000e+08 5.357000000000000028e+01 -1.000000000000000000e+08 3.103000000000000114e+01 -1.000000000000000000e+08 2.878999999999999915e+01 -1.000000000000000000e+08 3.303999999999999915e+01 -1.000000000000000000e+08
5.892999999999999972e+01 -1.000000000000000000e+08 5.357000000000000028e+01 -1.000000000000000000e+08 3.103000000000000114e+01 -1.000000000000000000e+08 2.878999999999999915e+01 -1.000000000000000000e+08 -1.473250417629662182e-07
5.867333333333332490e+01 5.892999999999999972e+01 -1.000000000000000000e+08 5.357000000000000028e+01 -1.000000000000000000e+08 3.103000000000000114e+01 -1.000000000000000000e+08 2.878999999999999915e+01 -1.955778901177178372e-07
5.517999999999999972e+01 5.867333333333332490e+01 5.892999999999999972e+01 -1.000000000000000000e+08 5.357000000000000028e+01 -1.000000000000000000e+08 3.103000000000000114e+01 -1.000000000000000000e+08 -1.839334573065273006e-07
4.840333333333333599e+01 5.517999999999999972e+01 5.867333333333332490e+01 5.892999999999999972e+01 -1.000000000000000000e+08 5.357000000000000028e+01 -1.000000000000000000e+08 3.103000000000000114e+01 -2.420169781223494512e-07
4.992333333333332490e+01 4.840333333333333599e+01 5.517999999999999972e+01 5.867333333333332490e+01 5.892999999999999972e+01 -1.000000000000000000e+08 5.357000000000000028e+01 -1.000000000000000000e+08 -2.496170095863540949e-07
5.757333333333333059e+01 4.992333333333332490e+01 4.840333333333333599e+01 5.517999999999999972e+01 5.867333333333332490e+01 5.892999999999999972e+01 -1.000000000000000000e+08 5.357000000000000028e+01 -5.757352026303891881e-07
6.314666666666666828e+01 5.757333333333333059e+01 4.992333333333332490e+01 4.840333333333333599e+01 5.517999999999999972e+01 5.867333333333332490e+01 5.892999999999999972e+01 -1.000000000000000000e+08 -6.314687421991774866e-07
6.897333333333334338e+01 6.314666666666666828e+01 5.757333333333333059e+01 4.992333333333332490e+01 4.840333333333333599e+01 5.517999999999999972e+01 5.867333333333332490e+01 5.892999999999999972e+01 1.760287199380684009e-01
7.448999999999999488e+01 6.897333333333334338e+01 6.314666666666666828e+01 5.757333333333333059e+01 4.992333333333332490e+01 4.840333333333333599e+01 5.517999999999999972e+01 5.867333333333332490e+01 1.853569117964200819e-01
7.648000000000000398e+01 7.448999999999999488e+01 6.897333333333334338e+01 6.314666666666666828e+01 5.757333333333333059e+01 4.992333333333332490e+01 4.840333333333333599e+01 5.517999999999999972e+01 1.831023007493595700e-01
7.917666666666666231e+01 7.648000000000000398e+01 7.448999999999999488e+01 6.897333333333334338e+01 6.314666666666666828e+01 5.757333333333333059e+01 4.992333333333332490e+01 4.840333333333333599e+01 1.803609801286285841e-01
7.497000000000001307e+01 7.917666666666666231e+01 7.648000000000000398e+01 7.448999999999999488e+01 6.897333333333334338e+01 6.314666666666666828e+01 5.757333333333333059e+01 4.992333333333332490e+01 1.595909997232649313e-01
6.940666666666668050e+01 7.497000000000001307e+01 7.917666666666666231e+01 7.648000000000000398e+01 7.448999999999999488e+01 6.897333333333334338e+01 6.314666666666666828e+01 5.757333333333333059e+01 1.402693289680214117e-01
6.706666666666667709e+01 6.940666666666668050e+01 7.497000000000001307e+01 7.917666666666666231e+01 7.648000000000000398e+01 7.448999999999999488e+01 6.897333333333334338e+01 6.314666666666666828e+01 1.323745172475048193e-01
6.859333333333333371e+01 6.706666666666667709e+01 6.940666666666668050e+01 7.497000000000001307e+01 7.917666666666666231e+01 7.648000000000000398e+01 7.448999999999999488e+01 6.897333333333334338e+01 1.343483341929502528e-01
7.483666666666665890e+01 6.859333333333333371e+01 6.706666666666667709e+01 6.940666666666668050e+01 7.497000000000001307e+01 7.917666666666666231e+01 7.648000000000000398e+01 7.448999999999999488e+01 1.466858318904968317e-01
7.457999999999999829e+01 7.483666666666665890e+01 6.859333333333333371e+01 6.706666666666667709e+01 6.940666666666668050e+01 7.497000000000001307e+01 7.917666666666666231e+01 7.648000000000000398e+01 1.460834818717802741e-01
7.420666666666666345e+01 7.457999999999999829e+01 7.483666666666665890e+01 6.859333333333333371e+01 6.706666666666667709e+01 6.940666666666668050e+01 7.497000000000001307e+01 7.917666666666666231e+01 1.458951824836652589e-01
7.598333333333333428e+01 7.420666666666666345e+01 7.457999999999999829e+01 7.483666666666665890e+01 6.859333333333333371e+01 6.706666666666667709e+01 6.940666666666668050e+01 7.497000000000001307e+01 1.508623542336761381e-01
8.208666666666665890e+01 7.598333333333333428e+01 7.420666666666666345e+01 7.457999999999999829e+01 7.483666666666665890e+01 6.859333333333333371e+01 6.706666666666667709e+01 6.940666666666668050e+01 1.626530693121623350e-01
8.804000000000000625e+01 8.208666666666665890e+01 7.598333333333333428e+01 7.420666666666666345e+01 7.457999999999999829e+01 7.483666666666665890e+01 6.859333333333333371e+01 6.706666666666667709e+01 1.701738334858188539e-01
7.995333333333333314e+01 8.804000000000000625e+01 8.208666666666665890e+01 7.598333333333333428e+01 7.420666666666666345e+01 7.457999999999999829e+01 7.483666666666665890e+01 6.859333333333333371e+01 1.485219631202863433e-01
7.667333333333333201e+01 7.995333333333333314e+01 8.804000000000000625e+01 8.208666666666665890e+01 7.598333333333333428e+01 7.420666666666666345e+01 7.457999999999999829e+01 7.483666666666665890e+01 1.394855250870192798e-01
7.985000000000000853e+01 7.667333333333333201e+01 7.995333333333333314e+01 8.804000000000000625e+01 8.208666666666665890e+01 7.598333333333333428e+01 7.420666666666666345e+01 7.457999999999999829e+01 1.447808191856494731e-01
7.543999999999999773e+01 7.985000000000000853e+01 7.667333333333333201e+01 7.995333333333333314e+01 8.804000000000000625e+01 8.208666666666665890e+01 7.598333333333333428e+01 7.420666666666666345e+01 1.354901279948275139e-01
7.330333333333334167e+01 7.543999999999999773e+01 7.985000000000000853e+01 7.667333333333333201e+01 7.995333333333333314e+01 8.804000000000000625e+01 8.208666666666665890e+01 7.598333333333333428e+01 1.313617031444136718e-01
7.466666666666667140e+01 7.330333333333334167e+01 7.543999999999999773e+01 7.985000000000000853e+01 7.667333333333333201e+01 7.995333333333333314e+01 8.804000000000000625e+01 8.208666666666665890e+01 1.344505534080814302e-01
7.587333333333333485e+01 7.466666666666667140e+01 7.330333333333334167e+01 7.543999999999999773e+01 7.985000000000000853e+01 7.667333333333333201e+01 7.995333333333333314e+01 8.804000000000000625e+01 1.384735183540376224e-01
7.706333333333333258e+01 7.587333333333333485e+01 7.466666666666667140e+01 7.330333333333334167e+01 7.543999999999999773e+01 7.985000000000000853e+01 7.667333333333333201e+01 7.995333333333333314e+01 1.438392812702204704e-01
7.773333333333333428e+01 7.706333333333333258e+01 7.587333333333333485e+01 7.466666666666667140e+01 7.330333333333334167e+01 7.543999999999999773e+01 7.985000000000000853e+01 7.667333333333333201e+01 1.458767304095432982e-01
7.957000000000000739e+01 7.773333333333333428e+01 7.706333333333333258e+01 7.587333333333333485e+01 7.466666666666667140e+01 7.330333333333334167e+01 7.543999999999999773e+01 7.985000000000000853e+01 1.490270260146461245e-01
8.153333333333334565e+01 7.957000000000000739e+01 7.773333333333333428e+01 7.706333333333333258e+01 7.587333333333333485e+01 7.466666666666667140e+01 7.330333333333334167e+01 7.543999999999999773e+01 1.527842843311783549e-01
8.137666666666666515e+01 8.153333333333334565e+01 7.957000000000000739e+01 7.773333333333333428e+01 7.706333333333333258e+01 7.587333333333333485e+01 7.466666666666667140e+01 7.330333333333334167e+01 1.507691927644621288e-01
7.678666666666667595e+01 8.137666666666666515e+01 8.153333333333334565e+01 7.957000000000000739e+01 7.773333333333333428e+01 7.706333333333333258e+01 7.587333333333333485e+01 7.466666666666667140e+01 1.401685478718549538e-01
7.254000000000000625e+01 7.678666666666667595e+01 8.137666666666666515e+01 8.153333333333334565e+01 7.957000000000000739e+01 7.773333333333333428e+01 7.706333333333333258e+01 7.587333333333333485e+01 1.319060982779835245e-01
6.567333333333333201e+01 7.254000000000000625e+01 7.678666666666667595e+01 8.137666666666666515e+01 8.153333333333334565e+01 7.957000000000000739e+01 7.773333333333333428e+01 7.706333333333333258e+01 1.201480659344680152e-01
6.074333333333333229e+01 6.567333333333333201e+01 7.254000000000000625e+01 7.678666666666667595e+01 8.137666666666666515e+01 8.153333333333334565e+01 7.957000000000000739e+01 7.773333333333333428e+01 1.134936847612166982e-01
6.651333333333333542e+01 6.074333333333333229e+01 6.567333333333333201e+01 7.254000000000000625e+01 7.678666666666667595e+01 8.137666666666666515e+01 8.153333333333334565e+01 7.957000000000000739e+01 1.283487814134189331e-01
7.307999999999999829e+01 6.651333333333333542e+01 6.074333333333333229e+01 6.567333333333333201e+01 7.254000000000000625e+01 7.678666666666667595e+01 8.137666666666666515e+01 8.153333333333334565e+01 1.446651270207851836e-01
7.422333333333334338e+01 7.307999999999999829e+01 6.651333333333333542e+01 6.074333333333333229e+01 6.567333333333333201e+01 7.254000000000000625e+01 7.678666666666667595e+01 8.137666666666666515e+01 1.494289127196102573e-01
7.282333333333333769e+01 7.422333333333334338e+01 7.307999999999999829e+01 6.651333333333333542e+01 6.074333333333333229e+01 6.567333333333333201e+01 7.254000000000000625e+01 7.678666666666667595e+01 1.487526214015306159e-01
7.451000000000000512e+01 7.282333333333333769e+01 7.422333333333334338e+01 7.307999999999999829e+01 6.651333333333333542e+01 6.074333333333333229e+01 6.567333333333333201e+01 7.254000000000000625e+01 1.534400977491608420e-01
8.062666666666666515e+01 7.451000000000000512e+01 7.282333333333333769e+01 7.422333333333334338e+01 7.307999999999999829e+01 6.651333333333333542e+01 6.074333333333333229e+01 6.567333333333333201e+01 1.653654201134887591e-01
8.156666666666667709e+01 8.062666666666666515e+01 7.451000000000000512e+01 7.282333333333333769e+01 7.422333333333334338e+01 7.307999999999999829e+01 6.651333333333333542e+01 6.074333333333333229e+01 1.623152644007535561e-01
8.100666666666666060e+01 8.156666666666667709e+01 8.062666666666666515e+01 7.451000000000000512e+01 7.282333333333333769e+01 7.422333333333334338e+01 7.307999999999999829e+01 6.651333333333333542e+01 1.547868512066648272e-01
7.838666666666667027e+01 8.100666666666666060e+01 8.156666666666667709e+01 8.062666666666666515e+01 7.451000000000000512e+01 7.282333333333333769e+01 7.422333333333334338e+01 7.307999999999999829e+01 1.457443709676419785e-01
7.221333333333333826e+01 7.838666666666667027e+01 8.100666666666666060e+01 8.156666666666667709e+01 8.062666666666666515e+01 7.451000000000000512e+01 7.282333333333333769e+01 7.422333333333334338e+01 1.329544687406025438e-01
6.765666666666666629e+01 7.221333333333333826e+01 7.838666666666667027e+01 8.100666666666666060e+01 8.156666666666667709e+01 8.062666666666666515e+01 7.451000000000000512e+01 7.282333333333333769e+01 1.250277196008377500e-01
6.463666666666667027e+01 6.765666666666666629e+01 7.221333333333333826e+01 7.838666666666667027e+01 8.100666666666666060e+01 8.156666666666667709e+01 8.062666666666666515e+01 7.451000000000000512e+01 1.205982959139249994e-01
6.803666666666667595e+01 6.463666666666667027e+01 6.765666666666666629e+01 7.221333333333333826e+01 7.838666666666667027e+01 8.100666666666666060e+01 8.156666666666667709e+01 8.062666666666666515e+01 1.293243277491953336e-01
6.873000000000000398e+01 6.803666666666667595e+01 6.463666666666667027e+01 6.765666666666666629e+01 7.221333333333333826e+01 7.838666666666667027e+01 8.100666666666666060e+01 8.156666666666667709e+01 1.338452850030184826e-01
6.481666666666666288e+01 6.873000000000000398e+01 6.803666666666667595e+01 6.463666666666667027e+01 6.765666666666666629e+01 7.221333333333333826e+01 7.838666666666667027e+01 8.100666666666666060e+01 1.294607190412782605e-01
6.589666666666666117e+01 6.481666666666666288e+01 6.873000000000000398e+01 6.803666666666667595e+01 6.463666666666667027e+01 6.765666666666666629e+01 7.221333333333333826e+01 7.838666666666667027e+01 1.360161824098855554e-01
6.573666666666666458e+01 6.589666666666666117e+01 6.481666666666666288e+01 6.873000000000000398e+01 6.803666666666667595e+01 6.463666666666667027e+01 6.765666666666666629e+01 7.221333333333333826e+01 1.392765332354021224e-01
6.309666666666666401e+01 6.573666666666666458e+01 6.589666666666666117e+01 6.481666666666666288e+01 6.873000000000000398e+01 6.803666666666667595e+01 6.463666666666667027e+01 6.765666666666666629e+01 1.355430961024825798e-01
6.112999999999999545e+01 6.309666666666666401e+01 6.573666666666666458e+01 6.589666666666666117e+01 6.481666666666666288e+01 6.873000000000000398e+01 6.803666666666667595e+01 6.463666666666667027e+01 1.326174205445276033e-01
5.799000000000000199e+01 6.112999999999999545e+01 6.309666666666666401e+01 6.573666666666666458e+01 6.589666666666666117e+01 6.481666666666666288e+01 6.873000000000000398e+01 6.803666666666667595e+01 1.267698002666997059e-01
5.728666666666666885e+01 5.799000000000000199e+01 6.112999999999999545e+01 6.309666666666666401e+01 6.573666666666666458e+01 6.589666666666666117e+01 6.481666666666666288e+01 6.873000000000000398e+01 1.280444646436048606e-01
6.170666666666667055e+01 5.728666666666666885e+01 5.799000000000000199e+01 6.112999999999999545e+01 6.309666666666666401e+01 6.573666666666666458e+01 6.589666666666666117e+01 6.481666666666666288e+01 1.415442019788050731e-01
6.372333333333333627e+01 6.170666666666667055e+01 5.728666666666666885e+01 5.799000000000000199e+01 6.112999999999999545e+01 6.309666666666666401e+01 6.573666666666666458e+01 6.589666666666666117e+01 1.472203183599916920e-01
5.828333333333333144e+01 6.372333333333333627e+01 6.170666666666667055e+01 5.728666666666666885e+01 5.799000000000000199e+01 6.112999999999999545e+01 6.309666666666666401e+01 6.573666666666666458e+01 1.353317698779420986e-01
5.126333333333332831e+01 5.828333333333333144e+01 6.372333333333333627e+01 6.170666666666667055e+01 5.728666666666666885e+01 5.799000000000000199e+01 6.112999999999999545e+01 6.309666666666666401e+01 1.211278698854014735e-01
4.851666666666667282e+01 5.126333333333332831e+01 5.828333333333333144e+01 6.372333333333333627e+01 6.170666666666667055e+01 5.728666666666666885e+01 5.799000000000000199e+01 6.112999999999999545e+01 1.179354211400559238e-01
4.802666666666667084e+01 4.851666666666667282e+01 5.126333333333332831e+01 5.828333333333333144e+01 6.372333333333333627e+01 6.170666666666667055e+01 5.728666666666666885e+01 5.799000000000000199e+01 1.204370104738738262e-01
4.802333333333333343e+01 4.802666666666667084e+01 4.851666666666667282e+01 5.126333333333332831e+01 5.828333333333333144e+01 6.372333333333333627e+01 6.170666666666667055e+01 5.728666666666666885e+01 1.235146859621748527e-01
4.787666666666666515e+01 4.802333333333333343e+01 4.802666666666667084e+01 4.851666666666667282e+01 5.126333333333332831e+01 5.828333333333333144e+01 6.372333333333333627e+01 6.170666666666667055e+01 1.261428207582796779e-01
