5.000000000000000000e+00 5.000000000000000000e+00 5.000000000000000000e+00 5.000000000000000000e+00 5.000000000000000000e+00 5.009999999999999787e+00 5.009999999999999787e+00 5.009999999999999787e+00 1.427347987439337995e-01
5.000000000000000000e+00 5.000000000000000000e+00 5.000000000000000000e+00 5.000000000000000000e+00 5.000000000000000000e+00 5.000000000000000000e+00 5.009999999999999787e+00 5.009999999999999787e+00 1.427755568246716344e-01
5.000000000000000000e+00 5.000000000000000000e+00 5.000000000000000000e+00 5.000000000000000000e+00 5.000000000000000000e+00 5.000000000000000000e+00 5.000000000000000000e+00 5.009999999999999787e+00 1.428163381890888428e-01
5.000000000000000000e+00 5.000000000000000000e+00 5.000000000000000000e+00 5.000000000000000000e+00 5.000000000000000000e+00 5.000000000000000000e+00 5.000000000000000000e+00 5.000000000000000000e+00 1.428571428571428492e-01
5.000000000000000000e+00 5.000000000000000000e+00 5.000000000000000000e+00 5.000000000000000000e+00 5.000000000000000000e+00 5.000000000000000000e+00 5.000000000000000000e+00 5.000000000000000000e+00 1.428571428571428492e-01
5.000000000000000000e+00 5.000000000000000000e+00 5.000000000000000000e+00 5.000000000000000000e+00 5.000000000000000000e+00 5.000000000000000000e+00 5.000000000000000000e+00 5.000000000000000000e+00 1.428571428571428492e-01
5.000000000000000000e+00 5.000000000000000000e+00 5.000000000000000000e+00 5.000000000000000000e+00 5.000000000000000000e+00 5.000000000000000000e+00 5.000000000000000000e+00 5.000000000000000000e+00 1.428571428571428492e-01
5.000000000000000000e+00 5.000000000000000000e+00 5.000000000000000000e+00 5.000000000000000000e+00 5.000000000000000000e+00 5.000000000000000000e+00 5.000000000000000000e+00 5.000000000000000000e+00 1.428571428571428492e-01
5.000000000000000000e+00 5.000000000000000000e+00 5.000000000000000000e+00 5.000000000000000000e+00 5.000000000000000000e+00 5.000000000000000000e+00 5.000000000000000000e+00 5.000000000000000000e+00 1.428571428571428492e-01
5.000000000000000000e+00 5.000000000000000000e+00 5.000000000000000000e+00 5.000000000000000000e+00 5.000000000000000000e+00 5.000000000000000000e+00 5.000000000000000000e+00 5.000000000000000000e+00 1.428571428571428492e-01
5.000000000000000000e+00 5.000000000000000000e+00 5.000000000000000000e+00 5.000000000000000000e+00 5.000000000000000000e+00 5.000000000000000000e+00 5.000000000000000000e+00 5.000000000000000000e+00 1.428571428571428492e-01
5.000000000000000000e+00 5.000000000000000000e+00 5.000000000000000000e+00 5.000000000000000000e+00 5.000000000000000000e+00 5.000000000000000000e+00 5.000000000000000000e+00 5.000000000000000000e+00 1.428571428571428492e-01
5.000000000000000000e+00 5.000000000000000000e+00 5.000000000000000000e+00 5.000000000000000000e+00 5.000000000000000000e+00 5.000000000000000000e+00 5.000000000000000000e+00 5.000000000000000000e+00 1.428571428571428492e-01
5.000000000000000000e+00 5.000000000000000000e+00 5.000000000000000000e+00 5.000000000000000000e+00 5.000000000000000000e+00 5.000000000000000000e+00 5.000000000000000000e+00 5.000000000000000000e+00 1.428571428571428492e-01
5.000000000000000000e+00 5.000000000000000000e+00 5.000000000000000000e+00 5.000000000000000000e+00 5.000000000000000000e+00 5.000000000000000000e+00 5.000000000000000000e+00 5.000000000000000000e+00 1.428571428571428492e-01
5.000000000000000000e+00 5.000000000000000000e+00 5.000000000000000000e+00 5.000000000000000000e+00 5.000000000000000000e+00 5.000000000000000000e+00 5.000000000000000000e+00 5.000000000000000000e+00 1.428571428571428492e-01
4.980000000000000426e+00 5.000000000000000000e+00 5.000000000000000000e+00 5.000000000000000000e+00 5.000000000000000000e+00 5.000000000000000000e+00 5.000000000000000000e+00 5.000000000000000000e+00 1.422857142857142931e-01
4.969999999999999751e+00 4.980000000000000426e+00 5.000000000000000000e+00 5.000000000000000000e+00 5.000000000000000000e+00 5.000000000000000000e+00 5.000000000000000000e+00 5.000000000000000000e+00 1.420811892510005503e-01
4.969999999999999751e+00 4.969999999999999751e+00 4.980000000000000426e+00 5.000000000000000000e+00 5.000000000000000000e+00 5.000000000000000000e+00 5.000000000000000000e+00 5.000000000000000000e+00 1.422031473533619250e-01
4.959999999999999964e+00 4.969999999999999751e+00 4.969999999999999751e+00 4.980000000000000426e+00 5.000000000000000000e+00 5.000000000000000000e+00 5.000000000000000000e+00 5.000000000000000000e+00 1.420389461626574978e-01
4.950000000000000178e+00 4.959999999999999964e+00 4.969999999999999751e+00 4.969999999999999751e+00 4.980000000000000426e+00 5.000000000000000000e+00 5.000000000000000000e+00 5.000000000000000000e+00 1.419151376146789156e-01
4.950000000000000178e+00 4.950000000000000178e+00 4.959999999999999964e+00 4.969999999999999751e+00 4.969999999999999751e+00 4.980000000000000426e+00 5.000000000000000000e+00 5.000000000000000000e+00 1.421188630490956284e-01
4.940000000000000391e+00 4.950000000000000178e+00 4.950000000000000178e+00 4.959999999999999964e+00 4.969999999999999751e+00 4.969999999999999751e+00 4.980000000000000426e+00 5.000000000000000000e+00 1.420356526739505465e-01
4.940000000000000391e+00 4.940000000000000391e+00 4.950000000000000178e+00 4.950000000000000178e+00 4.959999999999999964e+00 4.969999999999999751e+00 4.969999999999999751e+00 4.980000000000000426e+00 1.422811059907834186e-01
4.929999999999999716e+00 4.940000000000000391e+00 4.940000000000000391e+00 4.950000000000000178e+00 4.950000000000000178e+00 4.959999999999999964e+00 4.969999999999999751e+00 4.969999999999999751e+00 1.421568627450980338e-01
4.929999999999999716e+00 4.929999999999999716e+00 4.940000000000000391e+00 4.940000000000000391e+00 4.950000000000000178e+00 4.950000000000000178e+00 4.959999999999999964e+00 4.969999999999999751e+00 1.423210161662817330e-01
4.929999999999999716e+00 4.929999999999999716e+00 4.929999999999999716e+00 4.940000000000000391e+00 4.940000000000000391e+00 4.950000000000000178e+00 4.950000000000000178e+00 4.959999999999999964e+00 1.424855491329479751e-01
4.919999999999999929e+00 4.929999999999999716e+00 4.929999999999999716e+00 4.929999999999999716e+00 4.940000000000000391e+00 4.940000000000000391e+00 4.950000000000000178e+00 4.950000000000000178e+00 1.423199305756436273e-01
4.919999999999999929e+00 4.919999999999999929e+00 4.929999999999999716e+00 4.929999999999999716e+00 4.929999999999999716e+00 4.940000000000000391e+00 4.940000000000000391e+00 4.950000000000000178e+00 1.424435437174290386e-01
4.919999999999999929e+00 4.919999999999999929e+00 4.919999999999999929e+00 4.929999999999999716e+00 4.929999999999999716e+00 4.929999999999999716e+00 4.940000000000000391e+00 4.940000000000000391e+00 1.425673717762967196e-01
4.969999999999999751e+00 4.919999999999999929e+00 4.919999999999999929e+00 4.919999999999999929e+00 4.929999999999999716e+00 4.929999999999999716e+00 4.929999999999999716e+00 4.940000000000000391e+00 1.440997390547985035e-01
5.000000000000000000e+00 4.969999999999999751e+00 4.919999999999999929e+00 4.919999999999999929e+00 4.919999999999999929e+00 4.929999999999999716e+00 4.929999999999999716e+00 4.929999999999999716e+00 1.448435689455388475e-01
5.019999999999999574e+00 5.000000000000000000e+00 4.969999999999999751e+00 4.919999999999999929e+00 4.919999999999999929e+00 4.919999999999999929e+00 4.929999999999999716e+00 4.929999999999999716e+00 1.451286498988146878e-01
5.059999999999999609e+00 5.019999999999999574e+00 5.000000000000000000e+00 4.969999999999999751e+00 4.919999999999999929e+00 4.919999999999999929e+00 4.919999999999999929e+00 4.929999999999999716e+00 1.459054209919261602e-01
5.080000000000000071e+00 5.059999999999999609e+00 5.019999999999999574e+00 5.000000000000000000e+00 4.969999999999999751e+00 4.919999999999999929e+00 4.919999999999999929e+00 4.919999999999999929e+00 1.459350761275495512e-01
5.099999999999999645e+00 5.080000000000000071e+00 5.059999999999999609e+00 5.019999999999999574e+00 5.000000000000000000e+00 4.969999999999999751e+00 4.919999999999999929e+00 4.919999999999999929e+00 1.458392908207034599e-01
5.110000000000000320e+00 5.099999999999999645e+00 5.080000000000000071e+00 5.059999999999999609e+00 5.019999999999999574e+00 5.000000000000000000e+00 4.969999999999999751e+00 4.919999999999999929e+00 1.453769559032717096e-01
5.129999999999999893e+00 5.110000000000000320e+00 5.099999999999999645e+00 5.080000000000000071e+00 5.059999999999999609e+00 5.019999999999999574e+00 5.000000000000000000e+00 4.969999999999999751e+00 1.451612903225806273e-01
5.139999999999999680e+00 5.129999999999999893e+00 5.110000000000000320e+00 5.099999999999999645e+00 5.080000000000000071e+00 5.059999999999999609e+00 5.019999999999999574e+00 5.000000000000000000e+00 1.447887323943661819e-01
5.150000000000000355e+00 5.139999999999999680e+00 5.129999999999999893e+00 5.110000000000000320e+00 5.099999999999999645e+00 5.080000000000000071e+00 5.059999999999999609e+00 5.019999999999999574e+00 1.445005611672278700e-01
5.150000000000000355e+00 5.150000000000000355e+00 5.139999999999999680e+00 5.129999999999999893e+00 5.110000000000000320e+00 5.099999999999999645e+00 5.080000000000000071e+00 5.059999999999999609e+00 1.439753983785295177e-01
5.129999999999999893e+00 5.150000000000000355e+00 5.150000000000000355e+00 5.139999999999999680e+00 5.129999999999999893e+00 5.110000000000000320e+00 5.099999999999999645e+00 5.080000000000000071e+00 1.430563301728945969e-01
5.120000000000000107e+00 5.129999999999999893e+00 5.150000000000000355e+00 5.150000000000000355e+00 5.139999999999999680e+00 5.129999999999999893e+00 5.110000000000000320e+00 5.099999999999999645e+00 1.425786688944583880e-01
5.099999999999999645e+00 5.120000000000000107e+00 5.129999999999999893e+00 5.150000000000000355e+00 5.150000000000000355e+00 5.139999999999999680e+00 5.129999999999999893e+00 5.110000000000000320e+00 1.419426662955747265e-01
5.070000000000000284e+00 5.099999999999999645e+00 5.120000000000000107e+00 5.129999999999999893e+00 5.150000000000000355e+00 5.150000000000000355e+00 5.139999999999999680e+00 5.129999999999999893e+00 1.411469933184855141e-01
5.049999999999999822e+00 5.070000000000000284e+00 5.099999999999999645e+00 5.120000000000000107e+00 5.129999999999999893e+00 5.150000000000000355e+00 5.150000000000000355e+00 5.139999999999999680e+00 1.408254322364751732e-01
5.030000000000000249e+00 5.049999999999999822e+00 5.070000000000000284e+00 5.099999999999999645e+00 5.120000000000000107e+00 5.129999999999999893e+00 5.150000000000000355e+00 5.150000000000000355e+00 1.406206318143695955e-01
5.000000000000000000e+00 5.030000000000000249e+00 5.049999999999999822e+00 5.070000000000000284e+00 5.099999999999999645e+00 5.120000000000000107e+00 5.129999999999999893e+00 5.150000000000000355e+00 1.402524544179523103e-01
4.980000000000000426e+00 5.000000000000000000e+00 5.030000000000000249e+00 5.049999999999999822e+00 5.070000000000000284e+00 5.099999999999999645e+00 5.120000000000000107e+00 5.129999999999999893e+00 1.402816901408450723e-01
4.950000000000000178e+00 4.980000000000000426e+00 5.000000000000000000e+00 5.030000000000000249e+00 5.049999999999999822e+00 5.070000000000000284e+00 5.099999999999999645e+00 5.120000000000000107e+00 1.400282885431400337e-01
4.929999999999999716e+00 4.950000000000000178e+00 4.980000000000000426e+00 5.000000000000000000e+00 5.030000000000000249e+00 5.049999999999999822e+00 5.070000000000000284e+00 5.099999999999999645e+00 1.401364411597498527e-01
4.919999999999999929e+00 4.929999999999999716e+00 4.950000000000000178e+00 4.980000000000000426e+00 5.000000000000000000e+00 5.030000000000000249e+00 5.049999999999999822e+00 5.070000000000000284e+00 1.405312767780633743e-01
4.879999999999999893e+00 4.919999999999999929e+00 4.929999999999999716e+00 4.950000000000000178e+00 4.980000000000000426e+00 5.000000000000000000e+00 5.030000000000000249e+00 5.049999999999999822e+00 1.399885255306942133e-01
4.830000000000000071e+00 4.879999999999999893e+00 4.919999999999999929e+00 4.929999999999999716e+00 4.950000000000000178e+00 4.980000000000000426e+00 5.000000000000000000e+00 5.030000000000000249e+00 1.392332084174113804e-01
4.790000000000000036e+00 4.830000000000000071e+00 4.879999999999999893e+00 4.919999999999999929e+00 4.929999999999999716e+00 4.950000000000000178e+00 4.980000000000000426e+00 5.000000000000000000e+00 1.388808350246448220e-01
4.769999999999999574e+00 4.790000000000000036e+00 4.830000000000000071e+00 4.879999999999999893e+00 4.919999999999999929e+00 4.929999999999999716e+00 4.950000000000000178e+00 4.980000000000000426e+00 1.391481913652275193e-01
4.759999999999999787e+00 4.769999999999999574e+00 4.790000000000000036e+00 4.830000000000000071e+00 4.879999999999999893e+00 4.919999999999999929e+00 4.929999999999999716e+00 4.950000000000000178e+00 1.397123569122394882e-01
4.750000000000000000e+00 4.759999999999999787e+00 4.769999999999999574e+00 4.790000000000000036e+00 4.830000000000000071e+00 4.879999999999999893e+00 4.919999999999999929e+00 4.929999999999999716e+00 1.402007083825265732e-01
4.750000000000000000e+00 4.750000000000000000e+00 4.759999999999999787e+00 4.769999999999999574e+00 4.790000000000000036e+00 4.830000000000000071e+00 4.879999999999999893e+00 4.919999999999999929e+00 1.409495548961424427e-01
4.740000000000000213e+00 4.750000000000000000e+00 4.750000000000000000e+00 4.759999999999999787e+00 4.769999999999999574e+00 4.790000000000000036e+00 4.830000000000000071e+00 4.879999999999999893e+00 1.413659409484044061e-01
4.740000000000000213e+00 4.740000000000000213e+00 4.750000000000000000e+00 4.750000000000000000e+00 4.759999999999999787e+00 4.769999999999999574e+00 4.790000000000000036e+00 4.830000000000000071e+00 1.419586702605570572e-01
4.740000000000000213e+00 4.740000000000000213e+00 4.740000000000000213e+00 4.750000000000000000e+00 4.750000000000000000e+00 4.759999999999999787e+00 4.769999999999999574e+00 4.790000000000000036e+00 1.423423423423423317e-01
4.740000000000000213e+00 4.740000000000000213e+00 4.740000000000000213e+00 4.740000000000000213e+00 4.750000000000000000e+00 4.750000000000000000e+00 4.759999999999999787e+00 4.769999999999999574e+00 1.425563909774436033e-01
4.740000000000000213e+00 4.740000000000000213e+00 4.740000000000000213e+00 4.740000000000000213e+00 4.740000000000000213e+00 4.750000000000000000e+00 4.750000000000000000e+00 4.759999999999999787e+00 1.426851294400963421e-01
4.740000000000000213e+00 4.740000000000000213e+00 4.740000000000000213e+00 4.740000000000000213e+00 4.740000000000000213e+00 4.740000000000000213e+00 4.750000000000000000e+00 4.750000000000000000e+00 1.427710843373493910e-01
4.730000000000000426e+00 4.740000000000000213e+00 4.740000000000000213e+00 4.740000000000000213e+00 4.740000000000000213e+00 4.740000000000000213e+00 4.740000000000000213e+00 4.750000000000000000e+00 1.425128050617655850e-01
4.730000000000000426e+00 4.730000000000000426e+00 4.740000000000000213e+00 4.740000000000000213e+00 4.740000000000000213e+00 4.740000000000000213e+00 4.740000000000000213e+00 4.740000000000000213e+00 1.425987337955983980e-01
4.730000000000000426e+00 4.730000000000000426e+00 4.730000000000000426e+00 4.740000000000000213e+00 4.740000000000000213e+00 4.740000000000000213e+00 4.740000000000000213e+00 4.740000000000000213e+00 1.426417370325693545e-01
4.730000000000000426e+00 4.730000000000000426e+00 4.730000000000000426e+00 4.730000000000000426e+00 4.740000000000000213e+00 4.740000000000000213e+00 4.740000000000000213e+00 4.740000000000000213e+00 1.426847662141779716e-01
4.730000000000000426e+00 4.730000000000000426e+00 4.730000000000000426e+00 4.730000000000000426e+00 4.730000000000000426e+00 4.740000000000000213e+00 4.740000000000000213e+00 4.740000000000000213e+00 1.427278213639106563e-01
4.730000000000000426e+00 4.730000000000000426e+00 4.730000000000000426e+00 4.730000000000000426e+00 4.730000000000000426e+00 4.730000000000000426e+00 4.740000000000000213e+00 4.740000000000000213e+00 1.427709025052822100e-01
4.730000000000000426e+00 4.730000000000000426e+00 4.730000000000000426e+00 4.730000000000000426e+00 4.730000000000000426e+00 4.730000000000000426e+00 4.730000000000000426e+00 4.740000000000000213e+00 1.428140096618357446e-01
4.719999999999999751e+00 4.730000000000000426e+00 4.730000000000000426e+00 4.730000000000000426e+00 4.730000000000000426e+00 4.730000000000000426e+00 4.730000000000000426e+00 4.730000000000000426e+00 1.425551192993053384e-01
4.719999999999999751e+00 4.719999999999999751e+00 4.730000000000000426e+00 4.730000000000000426e+00 4.730000000000000426e+00 4.730000000000000426e+00 4.730000000000000426e+00 4.730000000000000426e+00 1.425981873111782372e-01
4.719999999999999751e+00 4.719999999999999751e+00 4.719999999999999751e+00 4.730000000000000426e+00 4.730000000000000426e+00 4.730000000000000426e+00 4.730000000000000426e+00 4.730000000000000426e+00 1.426412813538833202e-01
4.719999999999999751e+00 4.719999999999999751e+00 4.719999999999999751e+00 4.719999999999999751e+00 4.730000000000000426e+00 4.730000000000000426e+00 4.730000000000000426e+00 4.730000000000000426e+00 1.426844014510278147e-01
4.719999999999999751e+00 4.719999999999999751e+00 4.719999999999999751e+00 4.719999999999999751e+00 4.719999999999999751e+00 4.730000000000000426e+00 4.730000000000000426e+00 4.730000000000000426e+00 1.427275476262473419e-01
4.719999999999999751e+00 4.719999999999999751e+00 4.719999999999999751e+00 4.719999999999999751e+00 4.719999999999999751e+00 4.719999999999999751e+00 4.730000000000000426e+00 4.730000000000000426e+00 1.427707199032062779e-01
4.709999999999999964e+00 4.719999999999999751e+00 4.719999999999999751e+00 4.719999999999999751e+00 4.719999999999999751e+00 4.719999999999999751e+00 4.719999999999999751e+00 4.730000000000000426e+00 1.425113464447806400e-01
4.709999999999999964e+00 4.709999999999999964e+00 4.719999999999999751e+00 4.719999999999999751e+00 4.719999999999999751e+00 4.719999999999999751e+00 4.719999999999999751e+00 4.719999999999999751e+00 1.425976385104450739e-01
4.709999999999999964e+00 4.709999999999999964e+00 4.709999999999999964e+00 4.719999999999999751e+00 4.719999999999999751e+00 4.719999999999999751e+00 4.719999999999999751e+00 4.719999999999999751e+00 1.426408237431859571e-01
4.709999999999999964e+00 4.709999999999999964e+00 4.709999999999999964e+00 4.709999999999999964e+00 4.719999999999999751e+00 4.719999999999999751e+00 4.719999999999999751e+00 4.719999999999999751e+00 1.426840351408664165e-01
4.709999999999999964e+00 4.709999999999999964e+00 4.709999999999999964e+00 4.709999999999999964e+00 4.709999999999999964e+00 4.719999999999999751e+00 4.719999999999999751e+00 4.719999999999999751e+00 1.427272727272727304e-01
4.709999999999999964e+00 4.709999999999999964e+00 4.709999999999999964e+00 4.709999999999999964e+00 4.709999999999999964e+00 4.709999999999999964e+00 4.719999999999999751e+00 4.719999999999999751e+00 1.427705365262200432e-01
4.709999999999999964e+00 4.709999999999999964e+00 4.709999999999999964e+00 4.709999999999999964e+00 4.709999999999999964e+00 4.709999999999999964e+00 4.709999999999999964e+00 4.719999999999999751e+00 1.428138265615524483e-01
4.700000000000000178e+00 4.709999999999999964e+00 4.709999999999999964e+00 4.709999999999999964e+00 4.709999999999999964e+00 4.709999999999999964e+00 4.709999999999999964e+00 4.709999999999999964e+00 1.425538368213527529e-01
4.700000000000000178e+00 4.700000000000000178e+00 4.709999999999999964e+00 4.709999999999999964e+00 4.709999999999999964e+00 4.709999999999999964e+00 4.709999999999999964e+00 4.709999999999999964e+00 1.425970873786407689e-01
4.700000000000000178e+00 4.700000000000000178e+00 4.700000000000000178e+00 4.709999999999999964e+00 4.709999999999999964e+00 4.709999999999999964e+00 4.709999999999999964e+00 4.709999999999999964e+00 1.426403641881638651e-01
4.700000000000000178e+00 4.700000000000000178e+00 4.700000000000000178e+00 4.700000000000000178e+00 4.709999999999999964e+00 4.709999999999999964e+00 4.709999999999999964e+00 4.709999999999999964e+00 1.426836672738311940e-01
4.700000000000000178e+00 4.700000000000000178e+00 4.700000000000000178e+00 4.700000000000000178e+00 4.700000000000000178e+00 4.709999999999999964e+00 4.709999999999999964e+00 4.709999999999999964e+00 1.427269966595809403e-01
4.700000000000000178e+00 4.700000000000000178e+00 4.700000000000000178e+00 4.700000000000000178e+00 4.700000000000000178e+00 4.700000000000000178e+00 4.709999999999999964e+00 4.709999999999999964e+00 1.427703523693803211e-01
4.690000000000000391e+00 4.700000000000000178e+00 4.700000000000000178e+00 4.700000000000000178e+00 4.700000000000000178e+00 4.700000000000000178e+00 4.700000000000000178e+00 4.709999999999999964e+00 1.425098754178061589e-01
4.690000000000000391e+00 4.690000000000000391e+00 4.700000000000000178e+00 4.700000000000000178e+00 4.700000000000000178e+00 4.700000000000000178e+00 4.700000000000000178e+00 4.700000000000000178e+00 1.425965339008817279e-01
4.690000000000000391e+00 4.690000000000000391e+00 4.690000000000000391e+00 4.700000000000000178e+00 4.700000000000000178e+00 4.700000000000000178e+00 4.700000000000000178e+00 4.700000000000000178e+00 1.426399026763990330e-01
4.690000000000000391e+00 4.690000000000000391e+00 4.690000000000000391e+00 4.690000000000000391e+00 4.700000000000000178e+00 4.700000000000000178e+00 4.700000000000000178e+00 4.700000000000000178e+00 1.426832978399756868e-01
4.690000000000000391e+00 4.690000000000000391e+00 4.690000000000000391e+00 4.690000000000000391e+00 4.690000000000000391e+00 4.700000000000000178e+00 4.700000000000000178e+00 4.700000000000000178e+00 1.427267194157030017e-01
4.690000000000000391e+00 4.690000000000000391e+00 4.690000000000000391e+00 4.690000000000000391e+00 4.690000000000000391e+00 4.690000000000000391e+00 4.700000000000000178e+00 4.700000000000000178e+00 1.427701674277016830e-01
4.690000000000000391e+00 4.690000000000000391e+00 4.690000000000000391e+00 4.690000000000000391e+00 4.690000000000000391e+00 4.690000000000000391e+00 4.690000000000000391e+00 4.700000000000000178e+00 1.428136419001218016e-01
4.679999999999999716e+00 4.690000000000000391e+00 4.690000000000000391e+00 4.690000000000000391e+00 4.690000000000000391e+00 4.690000000000000391e+00 4.690000000000000391e+00 4.690000000000000391e+00 1.425525434054218388e-01
4.679999999999999716e+00 4.679999999999999716e+00 4.690000000000000391e+00 4.690000000000000391e+00 4.690000000000000391e+00 4.690000000000000391e+00 4.690000000000000391e+00 4.690000000000000391e+00 1.425959780621571804e-01
4.679999999999999716e+00 4.679999999999999716e+00 4.679999999999999716e+00 4.690000000000000391e+00 4.690000000000000391e+00 4.690000000000000391e+00 4.690000000000000391e+00 4.690000000000000391e+00 1.426394391953672569e-01
4.669999999999999929e+00 4.679999999999999716e+00 4.679999999999999716e+00 4.679999999999999716e+00 4.690000000000000391e+00 4.690000000000000391e+00 4.690000000000000391e+00 4.690000000000000391e+00 1.423780487804877926e-01
4.669999999999999929e+00 4.669999999999999929e+00 4.679999999999999716e+00 4.679999999999999716e+00 4.679999999999999716e+00 4.690000000000000391e+00 4.690000000000000391e+00 4.690000000000000391e+00 1.424649176327028588e-01
4.660000000000000142e+00 4.669999999999999929e+00 4.669999999999999929e+00 4.679999999999999716e+00 4.679999999999999716e+00 4.679999999999999716e+00 4.690000000000000391e+00 4.690000000000000391e+00 1.422466422466422686e-01
