4.000000000000000000e+00 4.000000000000000000e+00 4.000000000000000000e+00 3.000000000000000000e+00 8.000000000000000000e+00 7.000000000000000000e+00 6.000000000000000000e+00 5.000000000000000000e+00 1.081081081081081141e-01
5.000000000000000000e+00 4.000000000000000000e+00 4.000000000000000000e+00 4.000000000000000000e+00 3.000000000000000000e+00 8.000000000000000000e+00 7.000000000000000000e+00 6.000000000000000000e+00 1.388888888888888951e-01
4.000000000000000000e+00 5.000000000000000000e+00 4.000000000000000000e+00 4.000000000000000000e+00 4.000000000000000000e+00 3.000000000000000000e+00 8.000000000000000000e+00 7.000000000000000000e+00 1.142857142857142821e-01
3.000000000000000000e+00 4.000000000000000000e+00 5.000000000000000000e+00 4.000000000000000000e+00 4.000000000000000000e+00 4.000000000000000000e+00 3.000000000000000000e+00 8.000000000000000000e+00 9.375000000000000000e-02
3.000000000000000000e+00 3.000000000000000000e+00 4.000000000000000000e+00 5.000000000000000000e+00 4.000000000000000000e+00 4.000000000000000000e+00 4.000000000000000000e+00 3.000000000000000000e+00 1.111111111111111049e-01
2.000000000000000000e+00 3.000000000000000000e+00 3.000000000000000000e+00 4.000000000000000000e+00 5.000000000000000000e+00 4.000000000000000000e+00 4.000000000000000000e+00 4.000000000000000000e+00 7.407407407407406996e-02
2.000000000000000000e+00 2.000000000000000000e+00 3.000000000000000000e+00 3.000000000000000000e+00 4.000000000000000000e+00 5.000000000000000000e+00 4.000000000000000000e+00 4.000000000000000000e+00 8.000000000000000167e-02
4.000000000000000000e+00 2.000000000000000000e+00 2.000000000000000000e+00 3.000000000000000000e+00 3.000000000000000000e+00 4.000000000000000000e+00 5.000000000000000000e+00 4.000000000000000000e+00 1.739130434782608647e-01
3.000000000000000000e+00 4.000000000000000000e+00 2.000000000000000000e+00 2.000000000000000000e+00 3.000000000000000000e+00 3.000000000000000000e+00 4.000000000000000000e+00 5.000000000000000000e+00 1.304347826086956486e-01
3.000000000000000000e+00 3.000000000000000000e+00 4.000000000000000000e+00 2.000000000000000000e+00 2.000000000000000000e+00 3.000000000000000000e+00 3.000000000000000000e+00 4.000000000000000000e+00 1.428571428571428492e-01
4.000000000000000000e+00 3.000000000000000000e+00 3.000000000000000000e+00 4.000000000000000000e+00 2.000000000000000000e+00 2.000000000000000000e+00 3.000000000000000000e+00 3.000000000000000000e+00 2.000000000000000111e-01
5.000000000000000000e+00 4.000000000000000000e+00 3.000000000000000000e+00 3.000000000000000000e+00 4.000000000000000000e+00 2.000000000000000000e+00 2.000000000000000000e+00 3.000000000000000000e+00 2.380952380952380820e-01
4.000000000000000000e+00 5.000000000000000000e+00 4.000000000000000000e+00 3.000000000000000000e+00 3.000000000000000000e+00 4.000000000000000000e+00 2.000000000000000000e+00 2.000000000000000000e+00 1.739130434782608647e-01
3.000000000000000000e+00 4.000000000000000000e+00 5.000000000000000000e+00 4.000000000000000000e+00 3.000000000000000000e+00 3.000000000000000000e+00 4.000000000000000000e+00 2.000000000000000000e+00 1.199999999999999956e-01
6.000000000000000000e+00 3.000000000000000000e+00 4.000000000000000000e+00 5.000000000000000000e+00 4.000000000000000000e+00 3.000000000000000000e+00 3.000000000000000000e+00 4.000000000000000000e+00 2.307692307692307820e-01
3.000000000000000000e+00 6.000000000000000000e+00 3.000000000000000000e+00 4.000000000000000000e+00 5.000000000000000000e+00 4.000000000000000000e+00 3.000000000000000000e+00 3.000000000000000000e+00 1.071428571428571369e-01
4.000000000000000000e+00 3.000000000000000000e+00 6.000000000000000000e+00 3.000000000000000000e+00 4.000000000000000000e+00 5.000000000000000000e+00 4.000000000000000000e+00 3.000000000000000000e+00 1.428571428571428492e-01
3.000000000000000000e+00 4.000000000000000000e+00 3.000000000000000000e+00 6.000000000000000000e+00 3.000000000000000000e+00 4.000000000000000000e+00 5.000000000000000000e+00 4.000000000000000000e+00 1.034482758620689641e-01
6.000000000000000000e+00 3.000000000000000000e+00 4.000000000000000000e+00 3.000000000000000000e+00 6.000000000000000000e+00 3.000000000000000000e+00 4.000000000000000000e+00 5.000000000000000000e+00 2.142857142857142738e-01
5.000000000000000000e+00 6.000000000000000000e+00 3.000000000000000000e+00 4.000000000000000000e+00 3.000000000000000000e+00 6.000000000000000000e+00 3.000000000000000000e+00 4.000000000000000000e+00 1.724137931034482873e-01
6.000000000000000000e+00 5.000000000000000000e+00 6.000000000000000000e+00 3.000000000000000000e+00 4.000000000000000000e+00 3.000000000000000000e+00 6.000000000000000000e+00 3.000000000000000000e+00 2.000000000000000111e-01
6.000000000000000000e+00 6.000000000000000000e+00 5.000000000000000000e+00 6.000000000000000000e+00 3.000000000000000000e+00 4.000000000000000000e+00 3.000000000000000000e+00 6.000000000000000000e+00 1.818181818181818232e-01
6.000000000000000000e+00 6.000000000000000000e+00 6.000000000000000000e+00 5.000000000000000000e+00 6.000000000000000000e+00 3.000000000000000000e+00 4.000000000000000000e+00 3.000000000000000000e+00 1.818181818181818232e-01
7.000000000000000000e+00 6.000000000000000000e+00 6.000000000000000000e+00 6.000000000000000000e+00 5.000000000000000000e+00 6.000000000000000000e+00 3.000000000000000000e+00 4.000000000000000000e+00 1.944444444444444475e-01
7.000000000000000000e+00 7.000000000000000000e+00 6.000000000000000000e+00 6.000000000000000000e+00 6.000000000000000000e+00 5.000000000000000000e+00 6.000000000000000000e+00 3.000000000000000000e+00 1.794871794871794879e-01
6.000000000000000000e+00 7.000000000000000000e+00 7.000000000000000000e+00 6.000000000000000000e+00 6.000000000000000000e+00 6.000000000000000000e+00 5.000000000000000000e+00 6.000000000000000000e+00 1.395348837209302306e-01
6.000000000000000000e+00 6.000000000000000000e+00 7.000000000000000000e+00 7.000000000000000000e+00 6.000000000000000000e+00 6.000000000000000000e+00 6.000000000000000000e+00 5.000000000000000000e+00 1.395348837209302306e-01
7.000000000000000000e+00 6.000000000000000000e+00 6.000000000000000000e+00 7.000000000000000000e+00 7.000000000000000000e+00 6.000000000000000000e+00 6.000000000000000000e+00 6.000000000000000000e+00 1.590909090909090884e-01
8.000000000000000000e+00 7.000000000000000000e+00 6.000000000000000000e+00 6.000000000000000000e+00 7.000000000000000000e+00 7.000000000000000000e+00 6.000000000000000000e+00 6.000000000000000000e+00 1.777777777777777846e-01
6.000000000000000000e+00 8.000000000000000000e+00 7.000000000000000000e+00 6.000000000000000000e+00 6.000000000000000000e+00 7.000000000000000000e+00 7.000000000000000000e+00 6.000000000000000000e+00 1.276595744680850963e-01
6.000000000000000000e+00 6.000000000000000000e+00 8.000000000000000000e+00 7.000000000000000000e+00 6.000000000000000000e+00 6.000000000000000000e+00 7.000000000000000000e+00 7.000000000000000000e+00 1.276595744680850963e-01
1.100000000000000000e+01 6.000000000000000000e+00 6.000000000000000000e+00 8.000000000000000000e+00 7.000000000000000000e+00 6.000000000000000000e+00 6.000000000000000000e+00 7.000000000000000000e+00 2.391304347826087029e-01
6.000000000000000000e+00 1.100000000000000000e+01 6.000000000000000000e+00 6.000000000000000000e+00 8.000000000000000000e+00 7.000000000000000000e+00 6.000000000000000000e+00 6.000000000000000000e+00 1.199999999999999956e-01
9.000000000000000000e+00 6.000000000000000000e+00 1.100000000000000000e+01 6.000000000000000000e+00 6.000000000000000000e+00 8.000000000000000000e+00 7.000000000000000000e+00 6.000000000000000000e+00 1.799999999999999933e-01
7.000000000000000000e+00 9.000000000000000000e+00 6.000000000000000000e+00 1.100000000000000000e+01 6.000000000000000000e+00 6.000000000000000000e+00 8.000000000000000000e+00 7.000000000000000000e+00 1.320754716981132060e-01
9.000000000000000000e+00 7.000000000000000000e+00 9.000000000000000000e+00 6.000000000000000000e+00 1.100000000000000000e+01 6.000000000000000000e+00 6.000000000000000000e+00 8.000000000000000000e+00 1.698113207547169712e-01
1.100000000000000000e+01 9.000000000000000000e+00 7.000000000000000000e+00 9.000000000000000000e+00 6.000000000000000000e+00 1.100000000000000000e+01 6.000000000000000000e+00 6.000000000000000000e+00 2.037037037037036924e-01
8.000000000000000000e+00 1.100000000000000000e+01 9.000000000000000000e+00 7.000000000000000000e+00 9.000000000000000000e+00 6.000000000000000000e+00 1.100000000000000000e+01 6.000000000000000000e+00 1.355932203389830504e-01
1.000000000000000000e+01 8.000000000000000000e+00 1.100000000000000000e+01 9.000000000000000000e+00 7.000000000000000000e+00 9.000000000000000000e+00 6.000000000000000000e+00 1.100000000000000000e+01 1.639344262295081844e-01
1.000000000000000000e+01 1.000000000000000000e+01 8.000000000000000000e+00 1.100000000000000000e+01 9.000000000000000000e+00 7.000000000000000000e+00 9.000000000000000000e+00 6.000000000000000000e+00 1.666666666666666574e-01
1.100000000000000000e+01 1.000000000000000000e+01 1.000000000000000000e+01 8.000000000000000000e+00 1.100000000000000000e+01 9.000000000000000000e+00 7.000000000000000000e+00 9.000000000000000000e+00 1.718750000000000000e-01
7.000000000000000000e+00 1.100000000000000000e+01 1.000000000000000000e+01 1.000000000000000000e+01 8.000000000000000000e+00 1.100000000000000000e+01 9.000000000000000000e+00 7.000000000000000000e+00 1.060606060606060635e-01
9.000000000000000000e+00 7.000000000000000000e+00 1.100000000000000000e+01 1.000000000000000000e+01 1.000000000000000000e+01 8.000000000000000000e+00 1.100000000000000000e+01 9.000000000000000000e+00 1.363636363636363535e-01
1.500000000000000000e+01 9.000000000000000000e+00 7.000000000000000000e+00 1.100000000000000000e+01 1.000000000000000000e+01 1.000000000000000000e+01 8.000000000000000000e+00 1.100000000000000000e+01 2.272727272727272652e-01
9.000000000000000000e+00 1.500000000000000000e+01 9.000000000000000000e+00 7.000000000000000000e+00 1.100000000000000000e+01 1.000000000000000000e+01 1.000000000000000000e+01 8.000000000000000000e+00 1.285714285714285587e-01
8.000000000000000000e+00 9.000000000000000000e+00 1.500000000000000000e+01 9.000000000000000000e+00 7.000000000000000000e+00 1.100000000000000000e+01 1.000000000000000000e+01 1.000000000000000000e+01 1.126760563380281716e-01
1.000000000000000000e+01 8.000000000000000000e+00 9.000000000000000000e+00 1.500000000000000000e+01 9.000000000000000000e+00 7.000000000000000000e+00 1.100000000000000000e+01 1.000000000000000000e+01 1.449275362318840632e-01
1.700000000000000000e+01 1.000000000000000000e+01 8.000000000000000000e+00 9.000000000000000000e+00 1.500000000000000000e+01 9.000000000000000000e+00 7.000000000000000000e+00 1.100000000000000000e+01 2.463768115942029102e-01
1.200000000000000000e+01 1.700000000000000000e+01 1.000000000000000000e+01 8.000000000000000000e+00 9.000000000000000000e+00 1.500000000000000000e+01 9.000000000000000000e+00 7.000000000000000000e+00 1.600000000000000033e-01
1.000000000000000000e+01 1.200000000000000000e+01 1.700000000000000000e+01 1.000000000000000000e+01 8.000000000000000000e+00 9.000000000000000000e+00 1.500000000000000000e+01 9.000000000000000000e+00 1.250000000000000000e-01
1.100000000000000000e+01 1.000000000000000000e+01 1.200000000000000000e+01 1.700000000000000000e+01 1.000000000000000000e+01 8.000000000000000000e+00 9.000000000000000000e+00 1.500000000000000000e+01 1.358024691358024616e-01
1.600000000000000000e+01 1.100000000000000000e+01 1.000000000000000000e+01 1.200000000000000000e+01 1.700000000000000000e+01 1.000000000000000000e+01 8.000000000000000000e+00 9.000000000000000000e+00 2.077922077922078059e-01
1.200000000000000000e+01 1.600000000000000000e+01 1.100000000000000000e+01 1.000000000000000000e+01 1.200000000000000000e+01 1.700000000000000000e+01 1.000000000000000000e+01 8.000000000000000000e+00 1.428571428571428492e-01
1.200000000000000000e+01 1.200000000000000000e+01 1.600000000000000000e+01 1.100000000000000000e+01 1.000000000000000000e+01 1.200000000000000000e+01 1.700000000000000000e+01 1.000000000000000000e+01 1.363636363636363535e-01
1.400000000000000000e+01 1.200000000000000000e+01 1.200000000000000000e+01 1.600000000000000000e+01 1.100000000000000000e+01 1.000000000000000000e+01 1.200000000000000000e+01 1.700000000000000000e+01 1.555555555555555580e-01
1.600000000000000000e+01 1.400000000000000000e+01 1.200000000000000000e+01 1.200000000000000000e+01 1.600000000000000000e+01 1.100000000000000000e+01 1.000000000000000000e+01 1.200000000000000000e+01 1.839080459770114917e-01
1.100000000000000000e+01 1.600000000000000000e+01 1.400000000000000000e+01 1.200000000000000000e+01 1.200000000000000000e+01 1.600000000000000000e+01 1.100000000000000000e+01 1.000000000000000000e+01 1.208791208791208799e-01
1.000000000000000000e+01 1.100000000000000000e+01 1.600000000000000000e+01 1.400000000000000000e+01 1.200000000000000000e+01 1.200000000000000000e+01 1.600000000000000000e+01 1.100000000000000000e+01 1.086956521739130405e-01
1.600000000000000000e+01 1.000000000000000000e+01 1.100000000000000000e+01 1.600000000000000000e+01 1.400000000000000000e+01 1.200000000000000000e+01 1.200000000000000000e+01 1.600000000000000000e+01 1.758241758241758379e-01
1.100000000000000000e+01 1.600000000000000000e+01 1.000000000000000000e+01 1.100000000000000000e+01 1.600000000000000000e+01 1.400000000000000000e+01 1.200000000000000000e+01 1.200000000000000000e+01 1.208791208791208799e-01
1.200000000000000000e+01 1.100000000000000000e+01 1.600000000000000000e+01 1.000000000000000000e+01 1.100000000000000000e+01 1.600000000000000000e+01 1.400000000000000000e+01 1.200000000000000000e+01 1.333333333333333315e-01
1.000000000000000000e+01 1.200000000000000000e+01 1.100000000000000000e+01 1.600000000000000000e+01 1.000000000000000000e+01 1.100000000000000000e+01 1.600000000000000000e+01 1.400000000000000000e+01 1.111111111111111049e-01
1.400000000000000000e+01 1.000000000000000000e+01 1.200000000000000000e+01 1.100000000000000000e+01 1.600000000000000000e+01 1.000000000000000000e+01 1.100000000000000000e+01 1.600000000000000000e+01 1.627906976744186163e-01
1.300000000000000000e+01 1.400000000000000000e+01 1.000000000000000000e+01 1.200000000000000000e+01 1.100000000000000000e+01 1.600000000000000000e+01 1.000000000000000000e+01 1.100000000000000000e+01 1.547619047619047672e-01
1.200000000000000000e+01 1.300000000000000000e+01 1.400000000000000000e+01 1.000000000000000000e+01 1.200000000000000000e+01 1.100000000000000000e+01 1.600000000000000000e+01 1.000000000000000000e+01 1.395348837209302306e-01
1.000000000000000000e+01 1.200000000000000000e+01 1.300000000000000000e+01 1.400000000000000000e+01 1.000000000000000000e+01 1.200000000000000000e+01 1.100000000000000000e+01 1.600000000000000000e+01 1.136363636363636326e-01
2.400000000000000000e+01 1.000000000000000000e+01 1.200000000000000000e+01 1.300000000000000000e+01 1.400000000000000000e+01 1.000000000000000000e+01 1.200000000000000000e+01 1.100000000000000000e+01 2.926829268292682751e-01
2.000000000000000000e+01 2.400000000000000000e+01 1.000000000000000000e+01 1.200000000000000000e+01 1.300000000000000000e+01 1.400000000000000000e+01 1.000000000000000000e+01 1.200000000000000000e+01 2.105263157894736725e-01
4.000000000000000000e+00 2.000000000000000000e+01 2.400000000000000000e+01 1.000000000000000000e+01 1.200000000000000000e+01 1.300000000000000000e+01 1.400000000000000000e+01 1.000000000000000000e+01 3.883495145631067624e-02
4.000000000000000000e+00 4.000000000000000000e+00 2.000000000000000000e+01 2.400000000000000000e+01 1.000000000000000000e+01 1.200000000000000000e+01 1.300000000000000000e+01 1.400000000000000000e+01 4.123711340206185488e-02
6.000000000000000000e+00 4.000000000000000000e+00 4.000000000000000000e+00 2.000000000000000000e+01 2.400000000000000000e+01 1.000000000000000000e+01 1.200000000000000000e+01 1.300000000000000000e+01 6.896551724137930939e-02
4.000000000000000000e+00 6.000000000000000000e+00 4.000000000000000000e+00 4.000000000000000000e+00 2.000000000000000000e+01 2.400000000000000000e+01 1.000000000000000000e+01 1.200000000000000000e+01 5.000000000000000278e-02
3.000000000000000000e+00 4.000000000000000000e+00 6.000000000000000000e+00 4.000000000000000000e+00 4.000000000000000000e+00 2.000000000000000000e+01 2.400000000000000000e+01 1.000000000000000000e+01 4.166666666666666435e-02
3.000000000000000000e+00 3.000000000000000000e+00 4.000000000000000000e+00 6.000000000000000000e+00 4.000000000000000000e+00 4.000000000000000000e+00 2.000000000000000000e+01 2.400000000000000000e+01 4.615384615384615641e-02
5.000000000000000000e+00 3.000000000000000000e+00 3.000000000000000000e+00 4.000000000000000000e+00 6.000000000000000000e+00 4.000000000000000000e+00 4.000000000000000000e+00 2.000000000000000000e+01 1.136363636363636326e-01
7.000000000000000000e+00 5.000000000000000000e+00 3.000000000000000000e+00 3.000000000000000000e+00 4.000000000000000000e+00 6.000000000000000000e+00 4.000000000000000000e+00 4.000000000000000000e+00 2.413793103448275967e-01
5.000000000000000000e+00 7.000000000000000000e+00 5.000000000000000000e+00 3.000000000000000000e+00 3.000000000000000000e+00 4.000000000000000000e+00 6.000000000000000000e+00 4.000000000000000000e+00 1.562500000000000000e-01
6.000000000000000000e+00 5.000000000000000000e+00 7.000000000000000000e+00 5.000000000000000000e+00 3.000000000000000000e+00 3.000000000000000000e+00 4.000000000000000000e+00 6.000000000000000000e+00 1.818181818181818232e-01
6.000000000000000000e+00 6.000000000000000000e+00 5.000000000000000000e+00 7.000000000000000000e+00 5.000000000000000000e+00 3.000000000000000000e+00 3.000000000000000000e+00 4.000000000000000000e+00 1.818181818181818232e-01
8.000000000000000000e+00 6.000000000000000000e+00 6.000000000000000000e+00 5.000000000000000000e+00 7.000000000000000000e+00 5.000000000000000000e+00 3.000000000000000000e+00 3.000000000000000000e+00 2.285714285714285643e-01
7.000000000000000000e+00 8.000000000000000000e+00 6.000000000000000000e+00 6.000000000000000000e+00 5.000000000000000000e+00 7.000000000000000000e+00 5.000000000000000000e+00 3.000000000000000000e+00 1.749999999999999889e-01
6.000000000000000000e+00 7.000000000000000000e+00 8.000000000000000000e+00 6.000000000000000000e+00 6.000000000000000000e+00 5.000000000000000000e+00 7.000000000000000000e+00 5.000000000000000000e+00 1.363636363636363535e-01
8.000000000000000000e+00 6.000000000000000000e+00 7.000000000000000000e+00 8.000000000000000000e+00 6.000000000000000000e+00 6.000000000000000000e+00 5.000000000000000000e+00 7.000000000000000000e+00 1.777777777777777846e-01
9.000000000000000000e+00 8.000000000000000000e+00 6.000000000000000000e+00 7.000000000000000000e+00 8.000000000000000000e+00 6.000000000000000000e+00 6.000000000000000000e+00 5.000000000000000000e+00 1.956521739130434867e-01
9.000000000000000000e+00 9.000000000000000000e+00 8.000000000000000000e+00 6.000000000000000000e+00 7.000000000000000000e+00 8.000000000000000000e+00 6.000000000000000000e+00 6.000000000000000000e+00 1.799999999999999933e-01
9.000000000000000000e+00 9.000000000000000000e+00 9.000000000000000000e+00 8.000000000000000000e+00 6.000000000000000000e+00 7.000000000000000000e+00 8.000000000000000000e+00 6.000000000000000000e+00 1.698113207547169712e-01
9.000000000000000000e+00 9.000000000000000000e+00 9.000000000000000000e+00 9.000000000000000000e+00 8.000000000000000000e+00 6.000000000000000000e+00 7.000000000000000000e+00 8.000000000000000000e+00 1.607142857142857262e-01
1.300000000000000000e+01 9.000000000000000000e+00 9.000000000000000000e+00 9.000000000000000000e+00 9.000000000000000000e+00 8.000000000000000000e+00 6.000000000000000000e+00 7.000000000000000000e+00 2.280701754385964786e-01
1.000000000000000000e+01 1.300000000000000000e+01 9.000000000000000000e+00 9.000000000000000000e+00 9.000000000000000000e+00 9.000000000000000000e+00 8.000000000000000000e+00 6.000000000000000000e+00 1.587301587301587213e-01
1.400000000000000000e+01 1.000000000000000000e+01 1.300000000000000000e+01 9.000000000000000000e+00 9.000000000000000000e+00 9.000000000000000000e+00 9.000000000000000000e+00 8.000000000000000000e+00 2.089552238805970075e-01
1.300000000000000000e+01 1.400000000000000000e+01 1.000000000000000000e+01 1.300000000000000000e+01 9.000000000000000000e+00 9.000000000000000000e+00 9.000000000000000000e+00 9.000000000000000000e+00 1.780821917808219079e-01
1.800000000000000000e+01 1.300000000000000000e+01 1.400000000000000000e+01 1.000000000000000000e+01 1.300000000000000000e+01 9.000000000000000000e+00 9.000000000000000000e+00 9.000000000000000000e+00 2.337662337662337608e-01
1.300000000000000000e+01 1.800000000000000000e+01 1.300000000000000000e+01 1.400000000000000000e+01 1.000000000000000000e+01 1.300000000000000000e+01 9.000000000000000000e+00 9.000000000000000000e+00 1.511627906976744096e-01
1.000000000000000000e+01 1.300000000000000000e+01 1.800000000000000000e+01 1.300000000000000000e+01 1.400000000000000000e+01 1.000000000000000000e+01 1.300000000000000000e+01 9.000000000000000000e+00 1.111111111111111049e-01
3.500000000000000000e+01 1.000000000000000000e+01 1.300000000000000000e+01 1.800000000000000000e+01 1.300000000000000000e+01 1.400000000000000000e+01 1.000000000000000000e+01 1.300000000000000000e+01 3.846153846153846367e-01
2.000000000000000000e+01 3.500000000000000000e+01 1.000000000000000000e+01 1.300000000000000000e+01 1.800000000000000000e+01 1.300000000000000000e+01 1.400000000000000000e+01 1.000000000000000000e+01 1.769911504424778736e-01
1.900000000000000000e+01 2.000000000000000000e+01 3.500000000000000000e+01 1.000000000000000000e+01 1.300000000000000000e+01 1.800000000000000000e+01 1.300000000000000000e+01 1.400000000000000000e+01 1.544715447154471621e-01
1.500000000000000000e+01 1.900000000000000000e+01 2.000000000000000000e+01 3.500000000000000000e+01 1.000000000000000000e+01 1.300000000000000000e+01 1.800000000000000000e+01 1.300000000000000000e+01 1.171875000000000000e-01
1.100000000000000000e+01 1.500000000000000000e+01 1.900000000000000000e+01 2.000000000000000000e+01 3.500000000000000000e+01 1.000000000000000000e+01 1.300000000000000000e+01 1.800000000000000000e+01 8.461538461538462008e-02
1.700000000000000000e+01 1.100000000000000000e+01 1.500000000000000000e+01 1.900000000000000000e+01 2.000000000000000000e+01 3.500000000000000000e+01 1.000000000000000000e+01 1.300000000000000000e+01 1.382113821138211407e-01
1.300000000000000000e+01 1.700000000000000000e+01 1.100000000000000000e+01 1.500000000000000000e+01 1.900000000000000000e+01 2.000000000000000000e+01 3.500000000000000000e+01 1.000000000000000000e+01 1.023622047244094474e-01
1.200000000000000000e+01 1.300000000000000000e+01 1.700000000000000000e+01 1.100000000000000000e+01 1.500000000000000000e+01 1.900000000000000000e+01 2.000000000000000000e+01 3.500000000000000000e+01 9.230769230769231282e-02
1.500000000000000000e+01 1.200000000000000000e+01 1.300000000000000000e+01 1.700000000000000000e+01 1.100000000000000000e+01 1.500000000000000000e+01 1.900000000000000000e+01 2.000000000000000000e+01 1.401869158878504551e-01
1.100000000000000000e+01 1.500000000000000000e+01 1.200000000000000000e+01 1.300000000000000000e+01 1.700000000000000000e+01 1.100000000000000000e+01 1.500000000000000000e+01 1.900000000000000000e+01 1.078431372549019662e-01
