-1.000000000000000000e+08 -1.000000000000000000e+08 -1.000000000000000000e+08 -1.000000000000000000e+08 -1.000000000000000000e+08 -1.000000000000000000e+08 -1.000000000000000000e+08 -1.000000000000000000e+08 -1.000000000000000000e+08
-1.000000000000000000e+08 -1.000000000000000000e+08 -1.000000000000000000e+08 -1.000000000000000000e+08 -1.000000000000000000e+08 -1.000000000000000000e+08 -1.000000000000000000e+08 -1.000000000000000000e+08 -1.000000000000000000e+08
-1.000000000000000000e+08 -1.000000000000000000e+08 -1.000000000000000000e+08 -1.000000000000000000e+08 -1.000000000000000000e+08 -1.000000000000000000e+08 -1.000000000000000000e+08 -1.000000000000000000e+08 -1.000000000000000000e+08
-1.000000000000000000e+08 -1.000000000000000000e+08 -1.000000000000000000e+08 -1.000000000000000000e+08 -1.000000000000000000e+08 -1.000000000000000000e+08 -1.000000000000000000e+08 -1.000000000000000000e+08 -1.000000000000000000e+08
-1.000000000000000000e+08 -1.000000000000000000e+08 -1.000000000000000000e+08 -1.000000000000000000e+08 -1.000000000000000000e+08 -1.000000000000000000e+08 -1.000000000000000000e+08 -1.000000000000000000e+08 -1.000000000000000000e+08
-1.000000000000000000e+08 -1.000000000000000000e+08 -1.000000000000000000e+08 -1.000000000000000000e+08 -1.000000000000000000e+08 -1.000000000000000000e+08 -1.000000000000000000e+08 -1.000000000000000000e+08 -1.000000000000000000e+08
-1.000000000000000000e+08 -1.000000000000000000e+08 -1.000000000000000000e+08 -1.000000000000000000e+08 -1.000000000000000000e+08 -1.000000000000000000e+08 -1.000000000000000000e+08 -1.000000000000000000e+08 -1.000000000000000000e+08
-1.000000000000000000e+08 -1.000000000000000000e+08 -1.000000000000000000e+08 -1.000000000000000000e+08 -1.000000000000000000e+08 -1.000000000000000000e+08 -1.000000000000000000e+08 -1.000000000000000000e+08 -1.000000000000000000e+08
-1.000000000000000000e+08 -1.000000000000000000e+08 -1.000000000000000000e+08 -1.000000000000000000e+08 -1.000000000000000000e+08 -1.000000000000000000e+08 -1.000000000000000000e+08 -1.000000000000000000e+08 -1.000000000000000000e+08
-1.000000000000000000e+08 -1.000000000000000000e+08 -1.000000000000000000e+08 -1.000000000000000000e+08 -1.000000000000000000e+08 -1.000000000000000000e+08 -1.000000000000000000e+08 -1.000000000000000000e+08 -1.000000000000000000e+08
-1.000000000000000000e+08 -1.000000000000000000e+08 -1.000000000000000000e+08 -1.000000000000000000e+08 -1.000000000000000000e+08 -1.000000000000000000e+08 -1.000000000000000000e+08 -1.000000000000000000e+08 -1.000000000000000000e+08
-1.000000000000000000e+08 -1.000000000000000000e+08 -1.000000000000000000e+08 -1.000000000000000000e+08 -1.000000000000000000e+08 -1.000000000000000000e+08 -1.000000000000000000e+08 -1.000000000000000000e+08 -1.000000000000000000e+08
-1.000000000000000000e+08 -1.000000000000000000e+08 -1.000000000000000000e+08 -1.000000000000000000e+08 -1.000000000000000000e+08 -1.000000000000000000e+08 -1.000000000000000000e+08 -1.000000000000000000e+08 -1.000000000000000000e+08
-1.000000000000000000e+08 -1.000000000000000000e+08 -1.000000000000000000e+08 -1.000000000000000000e+08 -1.000000000000000000e+08 -1.000000000000000000e+08 -1.000000000000000000e+08 -1.000000000000000000e+08 -1.000000000000000000e+08
-1.000000000000000000e+08 -1.000000000000000000e+08 -1.000000000000000000e+08 -1.000000000000000000e+08 -1.000000000000000000e+08 -1.000000000000000000e+08 -1.000000000000000000e+08 -1.000000000000000000e+08 -1.000000000000000000e+08
-1.000000000000000000e+08 -1.000000000000000000e+08 -1.000000000000000000e+08 -1.000000000000000000e+08 -1.000000000000000000e+08 -1.000000000000000000e+08 -1.000000000000000000e+08 -1.000000000000000000e+08 -1.000000000000000000e+08
-1.000000000000000000e+08 -1.000000000000000000e+08 -1.000000000000000000e+08 -1.000000000000000000e+08 -1.000000000000000000e+08 -1.000000000000000000e+08 -1.000000000000000000e+08 -1.000000000000000000e+08 -1.000000000000000000e+08
-1.000000000000000000e+08 -1.000000000000000000e+08 -1.000000000000000000e+08 -1.000000000000000000e+08 -1.000000000000000000e+08 -1.000000000000000000e+08 -1.000000000000000000e+08 -1.000000000000000000e+08 -1.000000000000000000e+08
-1.000000000000000000e+08 -1.000000000000000000e+08 -1.000000000000000000e+08 -1.000000000000000000e+08 -1.000000000000000000e+08 -1.000000000000000000e+08 -1.000000000000000000e+08 -1.000000000000000000e+08 -1.000000000000000000e+08
-1.000000000000000000e+08 -1.000000000000000000e+08 -1.000000000000000000e+08 -1.000000000000000000e+08 -1.000000000000000000e+08 -1.000000000000000000e+08 -1.000000000000000000e+08 -1.000000000000000000e+08 -1.000000000000000000e+08
-1.000000000000000000e+08 -1.000000000000000000e+08 -1.000000000000000000e+08 -1.000000000000000000e+08 -1.000000000000000000e+08 -1.000000000000000000e+08 -1.000000000000000000e+08 -1.000000000000000000e+08 -1.000000000000000000e+08
-1.000000000000000000e+08 -1.000000000000000000e+08 -1.000000000000000000e+08 -1.000000000000000000e+08 -1.000000000000000000e+08 -1.000000000000000000e+08 -1.000000000000000000e+08 -1.000000000000000000e+08 -1.000000000000000000e+08
-1.000000000000000000e+08 -1.000000000000000000e+08 -1.000000000000000000e+08 -1.000000000000000000e+08 -1.000000000000000000e+08 -1.000000000000000000e+08 -1.000000000000000000e+08 -1.000000000000000000e+08 -1.000000000000000000e+08
-1.000000000000000000e+08 -1.000000000000000000e+08 -1.000000000000000000e+08 -1.000000000000000000e+08 -1.000000000000000000e+08 -1.000000000000000000e+08 -1.000000000000000000e+08 -1.000000000000000000e+08 -1.000000000000000000e+08
-1.000000000000000000e+08 -1.000000000000000000e+08 -1.000000000000000000e+08 -1.000000000000000000e+08 -1.000000000000000000e+08 -1.000000000000000000e+08 -1.000000000000000000e+08 -1.000000000000000000e+08 -1.000000000000000000e+08
-1.000000000000000000e+08 -1.000000000000000000e+08 -1.000000000000000000e+08 -1.000000000000000000e+08 -1.000000000000000000e+08 -1.000000000000000000e+08 -1.000000000000000000e+08 -1.000000000000000000e+08 -1.000000000000000000e+08
-1.000000000000000000e+08 -1.000000000000000000e+08 -1.000000000000000000e+08 -1.000000000000000000e+08 -1.000000000000000000e+08 -1.000000000000000000e+08 -1.000000000000000000e+08 -1.000000000000000000e+08 -1.000000000000000000e+08
-1.000000000000000000e+08 -1.000000000000000000e+08 -1.000000000000000000e+08 -1.000000000000000000e+08 -1.000000000000000000e+08 -1.000000000000000000e+08 -1.000000000000000000e+08 -1.000000000000000000e+08 -1.000000000000000000e+08
-1.000000000000000000e+08 -1.000000000000000000e+08 -1.000000000000000000e+08 -1.000000000000000000e+08 -1.000000000000000000e+08 -1.000000000000000000e+08 -1.000000000000000000e+08 -1.000000000000000000e+08 -1.000000000000000000e+08
-1.000000000000000000e+08 -1.000000000000000000e+08 -1.000000000000000000e+08 -1.000000000000000000e+08 -1.000000000000000000e+08 -1.000000000000000000e+08 -1.000000000000000000e+08 -1.000000000000000000e+08 -1.000000000000000000e+08
-1.000000000000000000e+08 -1.000000000000000000e+08 -1.000000000000000000e+08 -1.000000000000000000e+08 -1.000000000000000000e+08 -1.000000000000000000e+08 -1.000000000000000000e+08 -1.000000000000000000e+08 -1.000000000000000000e+08
-1.000000000000000000e+08 -1.000000000000000000e+08 -1.000000000000000000e+08 -1.000000000000000000e+08 -1.000000000000000000e+08 -1.000000000000000000e+08 -1.000000000000000000e+08 -1.000000000000000000e+08 -1.000000000000000000e+08
-1.000000000000000000e+08 -1.000000000000000000e+08 -1.000000000000000000e+08 -1.000000000000000000e+08 -1.000000000000000000e+08 -1.000000000000000000e+08 -1.000000000000000000e+08 -1.000000000000000000e+08 -1.000000000000000000e+08
-1.000000000000000000e+08 -1.000000000000000000e+08 -1.000000000000000000e+08 -1.000000000000000000e+08 -1.000000000000000000e+08 -1.000000000000000000e+08 -1.000000000000000000e+08 -1.000000000000000000e+08 -1.000000000000000000e+08
-1.000000000000000000e+08 -1.000000000000000000e+08 -1.000000000000000000e+08 -1.000000000000000000e+08 -1.000000000000000000e+08 -1.000000000000000000e+08 -1.000000000000000000e+08 -1.000000000000000000e+08 -1.000000000000000000e+08
-1.000000000000000000e+08 -1.000000000000000000e+08 -1.000000000000000000e+08 -1.000000000000000000e+08 -1.000000000000000000e+08 -1.000000000000000000e+08 -1.000000000000000000e+08 -1.000000000000000000e+08 -1.000000000000000000e+08
-1.000000000000000000e+08 -1.000000000000000000e+08 -1.000000000000000000e+08 -1.000000000000000000e+08 -1.000000000000000000e+08 -1.000000000000000000e+08 -1.000000000000000000e+08 -1.000000000000000000e+08 -1.000000000000000000e+08
-1.000000000000000000e+08 -1.000000000000000000e+08 -1.000000000000000000e+08 -1.000000000000000000e+08 -1.000000000000000000e+08 -1.000000000000000000e+08 -1.000000000000000000e+08 -1.000000000000000000e+08 -1.000000000000000000e+08
-1.000000000000000000e+08 -1.000000000000000000e+08 -1.000000000000000000e+08 -1.000000000000000000e+08 -1.000000000000000000e+08 -1.000000000000000000e+08 -1.000000000000000000e+08 -1.000000000000000000e+08 -1.000000000000000000e+08
-1.000000000000000000e+08 -1.000000000000000000e+08 -1.000000000000000000e+08 -1.000000000000000000e+08 -1.000000000000000000e+08 -1.000000000000000000e+08 -1.000000000000000000e+08 -1.000000000000000000e+08 -1.000000000000000000e+08
-1.000000000000000000e+08 -1.000000000000000000e+08 -1.000000000000000000e+08 -1.000000000000000000e+08 -1.000000000000000000e+08 -1.000000000000000000e+08 -1.000000000000000000e+08 -1.000000000000000000e+08 -1.000000000000000000e+08
-1.000000000000000000e+08 -1.000000000000000000e+08 -1.000000000000000000e+08 -1.000000000000000000e+08 -1.000000000000000000e+08 -1.000000000000000000e+08 -1.000000000000000000e+08 -1.000000000000000000e+08 -1.000000000000000000e+08
-1.000000000000000000e+08 -1.000000000000000000e+08 -1.000000000000000000e+08 -1.000000000000000000e+08 -1.000000000000000000e+08 -1.000000000000000000e+08 -1.000000000000000000e+08 -1.000000000000000000e+08 -1.000000000000000000e+08
-1.000000000000000000e+08 -1.000000000000000000e+08 -1.000000000000000000e+08 -1.000000000000000000e+08 -1.000000000000000000e+08 -1.000000000000000000e+08 -1.000000000000000000e+08 -1.000000000000000000e+08 -1.000000000000000000e+08
-1.000000000000000000e+08 -1.000000000000000000e+08 -1.000000000000000000e+08 -1.000000000000000000e+08 -1.000000000000000000e+08 -1.000000000000000000e+08 -1.000000000000000000e+08 -1.000000000000000000e+08 -1.000000000000000000e+08
-1.000000000000000000e+08 -1.000000000000000000e+08 -1.000000000000000000e+08 -1.000000000000000000e+08 -1.000000000000000000e+08 -1.000000000000000000e+08 -1.000000000000000000e+08 -1.000000000000000000e+08 -1.000000000000000000e+08
-1.000000000000000000e+08 -1.000000000000000000e+08 -1.000000000000000000e+08 -1.000000000000000000e+08 -1.000000000000000000e+08 -1.000000000000000000e+08 -1.000000000000000000e+08 -1.000000000000000000e+08 -1.000000000000000000e+08
-1.000000000000000000e+08 -1.000000000000000000e+08 -1.000000000000000000e+08 -1.000000000000000000e+08 -1.000000000000000000e+08 -1.000000000000000000e+08 -1.000000000000000000e+08 -1.000000000000000000e+08 -1.000000000000000000e+08
-1.000000000000000000e+08 -1.000000000000000000e+08 -1.000000000000000000e+08 -1.000000000000000000e+08 -1.000000000000000000e+08 -1.000000000000000000e+08 -1.000000000000000000e+08 -1.000000000000000000e+08 -1.000000000000000000e+08
-1.000000000000000000e+08 -1.000000000000000000e+08 -1.000000000000000000e+08 -1.000000000000000000e+08 -1.000000000000000000e+08 -1.000000000000000000e+08 -1.000000000000000000e+08 -1.000000000000000000e+08 -1.000000000000000000e+08
-1.000000000000000000e+08 -1.000000000000000000e+08 -1.000000000000000000e+08 -1.000000000000000000e+08 -1.000000000000000000e+08 -1.000000000000000000e+08 -1.000000000000000000e+08 -1.000000000000000000e+08 -1.000000000000000000e+08
-1.000000000000000000e+08 -1.000000000000000000e+08 -1.000000000000000000e+08 -1.000000000000000000e+08 -1.000000000000000000e+08 -1.000000000000000000e+08 -1.000000000000000000e+08 -1.000000000000000000e+08 -1.000000000000000000e+08
-1.000000000000000000e+08 -1.000000000000000000e+08 -1.000000000000000000e+08 -1.000000000000000000e+08 -1.000000000000000000e+08 -1.000000000000000000e+08 -1.000000000000000000e+08 -1.000000000000000000e+08 -1.000000000000000000e+08
-1.000000000000000000e+08 -1.000000000000000000e+08 -1.000000000000000000e+08 -1.000000000000000000e+08 -1.000000000000000000e+08 -1.000000000000000000e+08 -1.000000000000000000e+08 -1.000000000000000000e+08 -1.000000000000000000e+08
-1.000000000000000000e+08 -1.000000000000000000e+08 -1.000000000000000000e+08 -1.000000000000000000e+08 -1.000000000000000000e+08 -1.000000000000000000e+08 -1.000000000000000000e+08 -1.000000000000000000e+08 -1.000000000000000000e+08
-1.000000000000000000e+08 -1.000000000000000000e+08 -1.000000000000000000e+08 -1.000000000000000000e+08 -1.000000000000000000e+08 -1.000000000000000000e+08 -1.000000000000000000e+08 -1.000000000000000000e+08 -1.000000000000000000e+08
-1.000000000000000000e+08 -1.000000000000000000e+08 -1.000000000000000000e+08 -1.000000000000000000e+08 -1.000000000000000000e+08 -1.000000000000000000e+08 -1.000000000000000000e+08 -1.000000000000000000e+08 -1.000000000000000000e+08
-1.000000000000000000e+08 -1.000000000000000000e+08 -1.000000000000000000e+08 -1.000000000000000000e+08 -1.000000000000000000e+08 -1.000000000000000000e+08 -1.000000000000000000e+08 -1.000000000000000000e+08 -1.000000000000000000e+08
-1.000000000000000000e+08 -1.000000000000000000e+08 -1.000000000000000000e+08 -1.000000000000000000e+08 -1.000000000000000000e+08 -1.000000000000000000e+08 -1.000000000000000000e+08 -1.000000000000000000e+08 -1.000000000000000000e+08
-1.000000000000000000e+08 -1.000000000000000000e+08 -1.000000000000000000e+08 -1.000000000000000000e+08 -1.000000000000000000e+08 -1.000000000000000000e+08 -1.000000000000000000e+08 -1.000000000000000000e+08 -1.000000000000000000e+08
-1.000000000000000000e+08 -1.000000000000000000e+08 -1.000000000000000000e+08 -1.000000000000000000e+08 -1.000000000000000000e+08 -1.000000000000000000e+08 -1.000000000000000000e+08 -1.000000000000000000e+08 -1.000000000000000000e+08
-1.000000000000000000e+08 -1.000000000000000000e+08 -1.000000000000000000e+08 -1.000000000000000000e+08 -1.000000000000000000e+08 -1.000000000000000000e+08 -1.000000000000000000e+08 -1.000000000000000000e+08 -1.000000000000000000e+08
-1.000000000000000000e+08 -1.000000000000000000e+08 -1.000000000000000000e+08 -1.000000000000000000e+08 -1.000000000000000000e+08 -1.000000000000000000e+08 -1.000000000000000000e+08 -1.000000000000000000e+08 -1.000000000000000000e+08
-1.000000000000000000e+08 -1.000000000000000000e+08 -1.000000000000000000e+08 -1.000000000000000000e+08 -1.000000000000000000e+08 -1.000000000000000000e+08 -1.000000000000000000e+08 -1.000000000000000000e+08 -1.000000000000000000e+08
-1.000000000000000000e+08 -1.000000000000000000e+08 -1.000000000000000000e+08 -1.000000000000000000e+08 -1.000000000000000000e+08 -1.000000000000000000e+08 -1.000000000000000000e+08 -1.000000000000000000e+08 -1.000000000000000000e+08
4.810000000000000142e+01 -1.000000000000000000e+08 -1.000000000000000000e+08 -1.000000000000000000e+08 -1.000000000000000000e+08 -1.000000000000000000e+08 -1.000000000000000000e+08 -1.000000000000000000e+08 -6.871428571428572267e-08
5.050000000000000000e+01 4.810000000000000142e+01 -1.000000000000000000e+08 -1.000000000000000000e+08 -1.000000000000000000e+08 -1.000000000000000000e+08 -1.000000000000000000e+08 -1.000000000000000000e+08 -8.416667341402832177e-08
5.000000000000000000e+01 5.050000000000000000e+01 4.810000000000000142e+01 -1.000000000000000000e+08 -1.000000000000000000e+08 -1.000000000000000000e+08 -1.000000000000000000e+08 -1.000000000000000000e+08 -1.000000197200038908e-07
4.076666666666667282e+01 5.000000000000000000e+01 5.050000000000000000e+01 4.810000000000000142e+01 -1.000000000000000000e+08 -1.000000000000000000e+08 -1.000000000000000000e+08 -1.000000000000000000e+08 -1.019167045287224228e-07
4.153333333333333144e+01 4.076666666666667282e+01 5.000000000000000000e+01 5.050000000000000000e+01 4.810000000000000142e+01 -1.000000000000000000e+08 -1.000000000000000000e+08 -1.000000000000000000e+08 -1.384445318337094756e-07
4.479999999999999005e+01 4.153333333333333144e+01 4.076666666666667282e+01 5.000000000000000000e+01 5.050000000000000000e+01 4.810000000000000142e+01 -1.000000000000000000e+08 -1.000000000000000000e+08 -2.240002586082985146e-07
4.886666666666666714e+01 4.479999999999999005e+01 4.153333333333333144e+01 4.076666666666667282e+01 5.000000000000000000e+01 5.050000000000000000e+01 4.810000000000000142e+01 -1.000000000000000000e+08 -4.886680139243811236e-07
5.003333333333333144e+01 4.886666666666666714e+01 4.479999999999999005e+01 4.153333333333333144e+01 4.076666666666667282e+01 5.000000000000000000e+01 5.050000000000000000e+01 4.810000000000000142e+01 1.541542569579952560e-01
5.120000000000000995e+01 5.003333333333333144e+01 4.886666666666666714e+01 4.479999999999999005e+01 4.153333333333333144e+01 4.076666666666667282e+01 5.000000000000000000e+01 5.050000000000000000e+01 1.568147013782542343e-01
5.523333333333332718e+01 5.120000000000000995e+01 5.003333333333333144e+01 4.886666666666666714e+01 4.479999999999999005e+01 4.153333333333333144e+01 4.076666666666667282e+01 5.000000000000000000e+01 1.688060309698451444e-01
5.369999999999999574e+01 5.523333333333332718e+01 5.120000000000000995e+01 5.003333333333333144e+01 4.886666666666666714e+01 4.479999999999999005e+01 4.153333333333333144e+01 4.076666666666667282e+01 1.615361475985160056e-01
5.633333333333333570e+01 5.369999999999999574e+01 5.523333333333332718e+01 5.120000000000000995e+01 5.003333333333333144e+01 4.886666666666666714e+01 4.479999999999999005e+01 4.153333333333333144e+01 1.631116687578419155e-01
5.650000000000000000e+01 5.633333333333333570e+01 5.369999999999999574e+01 5.523333333333332718e+01 5.120000000000000995e+01 5.003333333333333144e+01 4.886666666666666714e+01 4.479999999999999005e+01 1.568718186024988248e-01
5.483333333333333570e+01 5.650000000000000000e+01 5.633333333333333570e+01 5.369999999999999574e+01 5.523333333333332718e+01 5.120000000000000995e+01 5.003333333333333144e+01 4.886666666666666714e+01 1.474542846898529991e-01
5.353333333333333854e+01 5.483333333333333570e+01 5.650000000000000000e+01 5.633333333333333570e+01 5.369999999999999574e+01 5.523333333333332718e+01 5.120000000000000995e+01 5.003333333333333144e+01 1.416850463167181329e-01
5.289999999999999858e+01 5.353333333333333854e+01 5.483333333333333570e+01 5.650000000000000000e+01 5.633333333333333570e+01 5.369999999999999574e+01 5.523333333333332718e+01 5.120000000000000995e+01 1.387237762237762129e-01
5.519999999999999574e+01 5.289999999999999858e+01 5.353333333333333854e+01 5.483333333333333570e+01 5.650000000000000000e+01 5.633333333333333570e+01 5.369999999999999574e+01 5.523333333333332718e+01 1.441127839178487358e-01
5.406666666666666288e+01 5.519999999999999574e+01 5.289999999999999858e+01 5.353333333333333854e+01 5.483333333333333570e+01 5.650000000000000000e+01 5.633333333333333570e+01 5.369999999999999574e+01 1.411662315056570749e-01
5.400000000000000000e+01 5.406666666666666288e+01 5.519999999999999574e+01 5.289999999999999858e+01 5.353333333333333854e+01 5.483333333333333570e+01 5.650000000000000000e+01 5.633333333333333570e+01 1.408573167550647987e-01
5.510000000000000142e+01 5.400000000000000000e+01 5.406666666666666288e+01 5.519999999999999574e+01 5.289999999999999858e+01 5.353333333333333854e+01 5.483333333333333570e+01 5.650000000000000000e+01 1.446067710611495249e-01
5.473333333333332718e+01 5.510000000000000142e+01 5.400000000000000000e+01 5.406666666666666288e+01 5.519999999999999574e+01 5.289999999999999858e+01 5.353333333333333854e+01 5.483333333333333570e+01 1.441742031785055722e-01
5.373333333333332718e+01 5.473333333333332718e+01 5.510000000000000142e+01 5.400000000000000000e+01 5.406666666666666288e+01 5.519999999999999574e+01 5.289999999999999858e+01 5.353333333333333854e+01 1.415773757245740450e-01
5.610000000000000142e+01 5.373333333333332718e+01 5.473333333333332718e+01 5.510000000000000142e+01 5.400000000000000000e+01 5.406666666666666288e+01 5.519999999999999574e+01 5.289999999999999858e+01 1.477352528089887762e-01
5.406666666666666288e+01 5.610000000000000142e+01 5.373333333333332718e+01 5.473333333333332718e+01 5.510000000000000142e+01 5.400000000000000000e+01 5.406666666666666288e+01 5.519999999999999574e+01 1.411908077994429023e-01
5.289999999999999858e+01 5.406666666666666288e+01 5.610000000000000142e+01 5.373333333333332718e+01 5.473333333333332718e+01 5.510000000000000142e+01 5.400000000000000000e+01 5.406666666666666288e+01 1.385542168674698815e-01
5.583333333333333570e+01 5.289999999999999858e+01 5.406666666666666288e+01 5.610000000000000142e+01 5.373333333333332718e+01 5.473333333333332718e+01 5.510000000000000142e+01 5.400000000000000000e+01 1.466853489797705634e-01
5.896666666666666856e+01 5.583333333333333570e+01 5.289999999999999858e+01 5.406666666666666288e+01 5.610000000000000142e+01 5.373333333333332718e+01 5.473333333333332718e+01 5.510000000000000142e+01 1.541746557434199028e-01
5.753333333333333854e+01 5.896666666666666856e+01 5.583333333333333570e+01 5.289999999999999858e+01 5.406666666666666288e+01 5.610000000000000142e+01 5.373333333333332718e+01 5.473333333333332718e+01 1.489214840379637639e-01
5.669999999999999574e+01 5.753333333333333854e+01 5.896666666666666856e+01 5.583333333333333570e+01 5.289999999999999858e+01 5.406666666666666288e+01 5.610000000000000142e+01 5.373333333333332718e+01 1.457084118554051455e-01
5.650000000000000000e+01 5.669999999999999574e+01 5.753333333333333854e+01 5.896666666666666856e+01 5.583333333333333570e+01 5.289999999999999858e+01 5.406666666666666288e+01 5.610000000000000142e+01 1.440958939046161624e-01
5.873333333333332718e+01 5.650000000000000000e+01 5.669999999999999574e+01 5.753333333333333854e+01 5.896666666666666856e+01 5.583333333333333570e+01 5.289999999999999858e+01 5.406666666666666288e+01 1.496390658174097665e-01
5.676666666666667282e+01 5.873333333333332718e+01 5.650000000000000000e+01 5.669999999999999574e+01 5.753333333333333854e+01 5.896666666666666856e+01 5.583333333333333570e+01 5.289999999999999858e+01 1.429290809903483450e-01
5.423333333333332718e+01 5.676666666666667282e+01 5.873333333333332718e+01 5.650000000000000000e+01 5.669999999999999574e+01 5.753333333333333854e+01 5.896666666666666856e+01 5.583333333333333570e+01 1.352339788878729743e-01
5.513333333333333286e+01 5.423333333333332718e+01 5.676666666666667282e+01 5.873333333333332718e+01 5.650000000000000000e+01 5.669999999999999574e+01 5.753333333333333854e+01 5.896666666666666856e+01 1.380288742385045175e-01
5.439999999999999858e+01 5.513333333333333286e+01 5.423333333333332718e+01 5.676666666666667282e+01 5.873333333333332718e+01 5.650000000000000000e+01 5.669999999999999574e+01 5.753333333333333854e+01 1.375126390293225365e-01
5.580000000000000426e+01 5.439999999999999858e+01 5.513333333333333286e+01 5.423333333333332718e+01 5.676666666666667282e+01 5.873333333333332718e+01 5.650000000000000000e+01 5.669999999999999574e+01 1.421776796330898873e-01
5.643333333333333712e+01 5.580000000000000426e+01 5.439999999999999858e+01 5.513333333333333286e+01 5.423333333333332718e+01 5.676666666666667282e+01 5.873333333333332718e+01 5.650000000000000000e+01 1.441219034647144015e-01
5.726666666666667282e+01 5.643333333333333712e+01 5.580000000000000426e+01 5.439999999999999858e+01 5.513333333333333286e+01 5.423333333333332718e+01 5.676666666666667282e+01 5.873333333333332718e+01 1.462750106428267471e-01
5.633333333333333570e+01 5.726666666666667282e+01 5.643333333333333712e+01 5.580000000000000426e+01 5.439999999999999858e+01 5.513333333333333286e+01 5.423333333333332718e+01 5.676666666666667282e+01 1.444320998205281537e-01
