4.017070000000000000e+06 3.989639333333333489e+06 3.943691000000000000e+06 3.890219000000000000e+06 3.884448000000000000e+06 3.863401333333333489e+06 3.800162666666666511e+06 3.754497000000000000e+06 1.480889685717331206e-01
4.117667666666666511e+06 4.017070000000000000e+06 3.989639333333333489e+06 3.943691000000000000e+06 3.890219000000000000e+06 3.884448000000000000e+06 3.863401333333333489e+06 3.800162666666666511e+06 1.503422210680260829e-01
4.173357000000000000e+06 4.117667666666666511e+06 4.017070000000000000e+06 3.989639333333333489e+06 3.943691000000000000e+06 3.890219000000000000e+06 3.884448000000000000e+06 3.863401333333333489e+06 1.506293389229815538e-01
4.245408000000000000e+06 4.173357000000000000e+06 4.117667666666666511e+06 4.017070000000000000e+06 3.989639333333333489e+06 3.943691000000000000e+06 3.890219000000000000e+06 3.884448000000000000e+06 1.515346251718476533e-01
4.326189000000000000e+06 4.245408000000000000e+06 4.173357000000000000e+06 4.117667666666666511e+06 4.017070000000000000e+06 3.989639333333333489e+06 3.943691000000000000e+06 3.890219000000000000e+06 1.524537855447422874e-01
4.368488333333333023e+06 4.326189000000000000e+06 4.245408000000000000e+06 4.173357000000000000e+06 4.117667666666666511e+06 4.017070000000000000e+06 3.989639333333333489e+06 3.943691000000000000e+06 1.516150695103530843e-01
4.437454666666666977e+06 4.368488333333333023e+06 4.326189000000000000e+06 4.245408000000000000e+06 4.173357000000000000e+06 4.117667666666666511e+06 4.017070000000000000e+06 3.989639333333333489e+06 1.517710543346723617e-01
4.506031333333333023e+06 4.437454666666666977e+06 4.368488333333333023e+06 4.326189000000000000e+06 4.245408000000000000e+06 4.173357000000000000e+06 4.117667666666666511e+06 4.017070000000000000e+06 1.517916454854527364e-01
4.572022000000000000e+06 4.506031333333333023e+06 4.437454666666666977e+06 4.368488333333333023e+06 4.326189000000000000e+06 4.245408000000000000e+06 4.173357000000000000e+06 4.117667666666666511e+06 1.515189134595207043e-01
4.640853000000000000e+06 4.572022000000000000e+06 4.506031333333333023e+06 4.437454666666666977e+06 4.368488333333333023e+06 4.326189000000000000e+06 4.245408000000000000e+06 4.173357000000000000e+06 1.515185126977525998e-01
4.702880666666666977e+06 4.640853000000000000e+06 4.572022000000000000e+06 4.506031333333333023e+06 4.437454666666666977e+06 4.368488333333333023e+06 4.326189000000000000e+06 4.245408000000000000e+06 1.512353088920482258e-01
4.773112333333333023e+06 4.702880666666666977e+06 4.640853000000000000e+06 4.572022000000000000e+06 4.506031333333333023e+06 4.437454666666666977e+06 4.368488333333333023e+06 4.326189000000000000e+06 1.512684472991558671e-01
4.847224666666666977e+06 4.773112333333333023e+06 4.702880666666666977e+06 4.640853000000000000e+06 4.572022000000000000e+06 4.506031333333333023e+06 4.437454666666666977e+06 4.368488333333333023e+06 1.514717836541948637e-01
4.883351333333333023e+06 4.847224666666666977e+06 4.773112333333333023e+06 4.702880666666666977e+06 4.640853000000000000e+06 4.572022000000000000e+06 4.506031333333333023e+06 4.437454666666666977e+06 1.503514372353926820e-01
4.954956666666666977e+06 4.883351333333333023e+06 4.847224666666666977e+06 4.773112333333333023e+06 4.702880666666666977e+06 4.640853000000000000e+06 4.572022000000000000e+06 4.506031333333333023e+06 1.504900572126390002e-01
5.020463000000000000e+06 4.954956666666666977e+06 4.883351333333333023e+06 4.847224666666666977e+06 4.773112333333333023e+06 4.702880666666666977e+06 4.640853000000000000e+06 4.572022000000000000e+06 1.504285590067325207e-01
5.077936000000000000e+06 5.020463000000000000e+06 4.954956666666666977e+06 4.883351333333333023e+06 4.847224666666666977e+06 4.773112333333333023e+06 4.702880666666666977e+06 4.640853000000000000e+06 1.501333344502642220e-01
5.153790333333333023e+06 5.077936000000000000e+06 5.020463000000000000e+06 4.954956666666666977e+06 4.883351333333333023e+06 4.847224666666666977e+06 4.773112333333333023e+06 4.702880666666666977e+06 1.504320392843050969e-01
5.244134666666666977e+06 5.153790333333333023e+06 5.077936000000000000e+06 5.020463000000000000e+06 4.954956666666666977e+06 4.883351333333333023e+06 4.847224666666666977e+06 4.773112333333333023e+06 1.510806284950242662e-01
5.298285000000000000e+06 5.244134666666666977e+06 5.153790333333333023e+06 5.077936000000000000e+06 5.020463000000000000e+06 4.954956666666666977e+06 4.883351333333333023e+06 4.847224666666666977e+06 1.505970833261879305e-01
5.376067000000000000e+06 5.298285000000000000e+06 5.244134666666666977e+06 5.153790333333333023e+06 5.077936000000000000e+06 5.020463000000000000e+06 4.954956666666666977e+06 4.883351333333333023e+06 1.508736149779710822e-01
5.456726333333333023e+06 5.376067000000000000e+06 5.298285000000000000e+06 5.244134666666666977e+06 5.153790333333333023e+06 5.077936000000000000e+06 5.020463000000000000e+06 4.954956666666666977e+06 1.510486026274714122e-01
5.495076666666666977e+06 5.456726333333333023e+06 5.376067000000000000e+06 5.298285000000000000e+06 5.244134666666666977e+06 5.153790333333333023e+06 5.077936000000000000e+06 5.020463000000000000e+06 1.500263823423204634e-01
5.603460000000000000e+06 5.495076666666666977e+06 5.456726333333333023e+06 5.376067000000000000e+06 5.298285000000000000e+06 5.244134666666666977e+06 5.153790333333333023e+06 5.077936000000000000e+06 1.510284508529132208e-01
5.687613666666666977e+06 5.603460000000000000e+06 5.495076666666666977e+06 5.456726333333333023e+06 5.376067000000000000e+06 5.298285000000000000e+06 5.244134666666666977e+06 5.153790333333333023e+06 1.511556074796988336e-01
5.745925333333333023e+06 5.687613666666666977e+06 5.603460000000000000e+06 5.495076666666666977e+06 5.456726333333333023e+06 5.376067000000000000e+06 5.298285000000000000e+06 5.244134666666666977e+06 1.505691838927138149e-01
5.857830666666666977e+06 5.745925333333333023e+06 5.687613666666666977e+06 5.603460000000000000e+06 5.495076666666666977e+06 5.456726333333333023e+06 5.376067000000000000e+06 5.298285000000000000e+06 1.515093845335708234e-01
5.952814333333333023e+06 5.857830666666666977e+06 5.745925333333333023e+06 5.687613666666666977e+06 5.603460000000000000e+06 5.495076666666666977e+06 5.456726333333333023e+06 5.376067000000000000e+06 1.517696227930052377e-01
6.055545000000000000e+06 5.952814333333333023e+06 5.857830666666666977e+06 5.745925333333333023e+06 5.687613666666666977e+06 5.603460000000000000e+06 5.495076666666666977e+06 5.456726333333333023e+06 1.521514859239124495e-01
6.129003333333333023e+06 6.055545000000000000e+06 5.952814333333333023e+06 5.857830666666666977e+06 5.745925333333333023e+06 5.687613666666666977e+06 5.603460000000000000e+06 5.495076666666666977e+06 1.517145162593077357e-01
6.252977666666666977e+06 6.129003333333333023e+06 6.055545000000000000e+06 5.952814333333333023e+06 5.857830666666666977e+06 5.745925333333333023e+06 5.687613666666666977e+06 5.603460000000000000e+06 1.523919954329843174e-01
6.357220666666666977e+06 6.252977666666666977e+06 6.129003333333333023e+06 6.055545000000000000e+06 5.952814333333333023e+06 5.857830666666666977e+06 5.745925333333333023e+06 5.687613666666666977e+06 1.525182308179454937e-01
6.488888666666666977e+06 6.357220666666666977e+06 6.252977666666666977e+06 6.129003333333333023e+06 6.055545000000000000e+06 5.952814333333333023e+06 5.857830666666666977e+06 5.745925333333333023e+06 1.532157469073905653e-01
6.642744333333333023e+06 6.488888666666666977e+06 6.357220666666666977e+06 6.252977666666666977e+06 6.129003333333333023e+06 6.055545000000000000e+06 5.952814333333333023e+06 5.857830666666666977e+06 1.541444544833293073e-01
6.737273333333333023e+06 6.642744333333333023e+06 6.488888666666666977e+06 6.357220666666666977e+06 6.252977666666666977e+06 6.129003333333333023e+06 6.055545000000000000e+06 5.952814333333333023e+06 1.535414103853715295e-01
6.845140333333333023e+06 6.737273333333333023e+06 6.642744333333333023e+06 6.488888666666666977e+06 6.357220666666666977e+06 6.252977666666666977e+06 6.129003333333333023e+06 6.055545000000000000e+06 1.532597509060294183e-01
6.944403333333333023e+06 6.845140333333333023e+06 6.737273333333333023e+06 6.642744333333333023e+06 6.488888666666666977e+06 6.357220666666666977e+06 6.252977666666666977e+06 6.129003333333333023e+06 1.527812332004580831e-01
7.020381666666666977e+06 6.944403333333333023e+06 6.845140333333333023e+06 6.737273333333333023e+06 6.642744333333333023e+06 6.488888666666666977e+06 6.357220666666666977e+06 6.252977666666666977e+06 1.517308570609133822e-01
7.072098666666666977e+06 7.020381666666666977e+06 6.944403333333333023e+06 6.845140333333333023e+06 6.737273333333333023e+06 6.642744333333333023e+06 6.488888666666666977e+06 6.357220666666666977e+06 1.503548515625500182e-01
7.103358666666666977e+06 7.072098666666666977e+06 7.020381666666666977e+06 6.944403333333333023e+06 6.845140333333333023e+06 6.737273333333333023e+06 6.642744333333333023e+06 6.488888666666666977e+06 1.487585397201789950e-01
7.216593666666666977e+06 7.103358666666666977e+06 7.072098666666666977e+06 7.020381666666666977e+06 6.944403333333333023e+06 6.845140333333333023e+06 6.737273333333333023e+06 6.642744333333333023e+06 1.492098404423421176e-01
7.251355333333333023e+06 7.216593666666666977e+06 7.103358666666666977e+06 7.072098666666666977e+06 7.020381666666666977e+06 6.944403333333333023e+06 6.845140333333333023e+06 6.737273333333333023e+06 1.481705457832621919e-01
7.344497666666666977e+06 7.251355333333333023e+06 7.216593666666666977e+06 7.103358666666666977e+06 7.072098666666666977e+06 7.020381666666666977e+06 6.944403333333333023e+06 6.845140333333333023e+06 1.485137081596693276e-01
7.433118000000000000e+06 7.344497666666666977e+06 7.251355333333333023e+06 7.216593666666666977e+06 7.103358666666666977e+06 7.072098666666666977e+06 7.020381666666666977e+06 6.944403333333333023e+06 1.488031605265534296e-01
7.507236333333333023e+06 7.433118000000000000e+06 7.344497666666666977e+06 7.251355333333333023e+06 7.216593666666666977e+06 7.103358666666666977e+06 7.072098666666666977e+06 7.020381666666666977e+06 1.488308371222896997e-01
7.593531333333333023e+06 7.507236333333333023e+06 7.433118000000000000e+06 7.344497666666666977e+06 7.251355333333333023e+06 7.216593666666666977e+06 7.103358666666666977e+06 7.072098666666666977e+06 1.491025136503293658e-01
7.684578000000000000e+06 7.593531333333333023e+06 7.507236333333333023e+06 7.433118000000000000e+06 7.344497666666666977e+06 7.251355333333333023e+06 7.216593666666666977e+06 7.103358666666666977e+06 1.493610136550674594e-01
7.845544666666666977e+06 7.684578000000000000e+06 7.593531333333333023e+06 7.507236333333333023e+06 7.433118000000000000e+06 7.344497666666666977e+06 7.251355333333333023e+06 7.216593666666666977e+06 1.507862271946539545e-01
7.938459666666666977e+06 7.845544666666666977e+06 7.684578000000000000e+06 7.593531333333333023e+06 7.507236333333333023e+06 7.433118000000000000e+06 7.344497666666666977e+06 7.251355333333333023e+06 1.507497259899102104e-01
8.076798333333333023e+06 7.938459666666666977e+06 7.845544666666666977e+06 7.684578000000000000e+06 7.593531333333333023e+06 7.507236333333333023e+06 7.433118000000000000e+06 7.344497666666666977e+06 1.514012696392222912e-01
8.186343333333333023e+06 8.076798333333333023e+06 7.938459666666666977e+06 7.845544666666666977e+06 7.684578000000000000e+06 7.593531333333333023e+06 7.507236333333333023e+06 7.433118000000000000e+06 1.513767454401917512e-01
8.312675666666666977e+06 8.186343333333333023e+06 8.076798333333333023e+06 7.938459666666666977e+06 7.845544666666666977e+06 7.684578000000000000e+06 7.593531333333333023e+06 7.507236333333333023e+06 1.516012753387248058e-01
8.464247666666666046e+06 8.312675666666666977e+06 8.186343333333333023e+06 8.076798333333333023e+06 7.938459666666666977e+06 7.845544666666666977e+06 7.684578000000000000e+06 7.593531333333333023e+06 1.521308847136437492e-01
8.573120000000000000e+06 8.464247666666666046e+06 8.312675666666666977e+06 8.186343333333333023e+06 8.076798333333333023e+06 7.938459666666666977e+06 7.845544666666666977e+06 7.684578000000000000e+06 1.517134174072308217e-01
8.723927000000000000e+06 8.573120000000000000e+06 8.464247666666666046e+06 8.312675666666666977e+06 8.186343333333333023e+06 8.076798333333333023e+06 7.938459666666666977e+06 7.845544666666666977e+06 1.519922334408384257e-01
8.888051333333333954e+06 8.723927000000000000e+06 8.573120000000000000e+06 8.464247666666666046e+06 8.312675666666666977e+06 8.186343333333333023e+06 8.076798333333333023e+06 7.938459666666666977e+06 1.525176172302957489e-01
8.991336666666666046e+06 8.888051333333333954e+06 8.723927000000000000e+06 8.573120000000000000e+06 8.464247666666666046e+06 8.312675666666666977e+06 8.186343333333333023e+06 8.076798333333333023e+06 1.518161565222079790e-01
9.134283000000000000e+06 8.991336666666666046e+06 8.888051333333333954e+06 8.723927000000000000e+06 8.573120000000000000e+06 8.464247666666666046e+06 8.312675666666666977e+06 8.186343333333333023e+06 1.518844082504455517e-01
9.253743666666666046e+06 9.134283000000000000e+06 8.991336666666666046e+06 8.888051333333333954e+06 8.723927000000000000e+06 8.573120000000000000e+06 8.464247666666666046e+06 8.312675666666666977e+06 1.514830735757550229e-01
9.374318000000000000e+06 9.253743666666666046e+06 9.134283000000000000e+06 8.991336666666666046e+06 8.888051333333333954e+06 8.723927000000000000e+06 8.573120000000000000e+06 8.464247666666666046e+06 1.511286967075805010e-01
9.453635666666666046e+06 9.374318000000000000e+06 9.253743666666666046e+06 9.134283000000000000e+06 8.991336666666666046e+06 8.888051333333333954e+06 8.723927000000000000e+06 8.573120000000000000e+06 1.502036696093339563e-01
9.591850333333333954e+06 9.453635666666666046e+06 9.374318000000000000e+06 9.253743666666666046e+06 9.134283000000000000e+06 8.991336666666666046e+06 8.888051333333333954e+06 8.723927000000000000e+06 1.502970266787548581e-01
9.700918666666666046e+06 9.591850333333333954e+06 9.453635666666666046e+06 9.374318000000000000e+06 9.253743666666666046e+06 9.134283000000000000e+06 8.991336666666666046e+06 8.888051333333333954e+06 1.499665446532106317e-01
9.799230000000000000e+06 9.700918666666666046e+06 9.591850333333333954e+06 9.453635666666666046e+06 9.374318000000000000e+06 9.253743666666666046e+06 9.134283000000000000e+06 8.991336666666666046e+06 1.496063684557605300e-01
9.910024333333333954e+06 9.799230000000000000e+06 9.700918666666666046e+06 9.591850333333333954e+06 9.453635666666666046e+06 9.374318000000000000e+06 9.253743666666666046e+06 9.134283000000000000e+06 1.494544764139950077e-01
9.974371333333333954e+06 9.910024333333333954e+06 9.799230000000000000e+06 9.700918666666666046e+06 9.591850333333333954e+06 9.453635666666666046e+06 9.374318000000000000e+06 9.253743666666666046e+06 1.486854222486427290e-01
1.009577033333333395e+07 9.974371333333333954e+06 9.910024333333333954e+06 9.799230000000000000e+06 9.700918666666666046e+06 9.591850333333333954e+06 9.453635666666666046e+06 9.374318000000000000e+06 1.488956177810523418e-01
1.012485933333333395e+07 1.009577033333333395e+07 9.974371333333333954e+06 9.910024333333333954e+06 9.799230000000000000e+06 9.700918666666666046e+06 9.591850333333333954e+06 9.453635666666666046e+06 1.477525141600923575e-01
9.859591333333333954e+06 1.012485933333333395e+07 1.009577033333333395e+07 9.974371333333333954e+06 9.910024333333333954e+06 9.799230000000000000e+06 9.700918666666666046e+06 9.591850333333333954e+06 1.424857705706834843e-01
9.770223333333333954e+06 9.859591333333333954e+06 1.012485933333333395e+07 1.009577033333333395e+07 9.974371333333333954e+06 9.910024333333333954e+06 9.799230000000000000e+06 9.700918666666666046e+06 1.406500588672542074e-01
9.769753666666666046e+06 9.770223333333333954e+06 9.859591333333333954e+06 1.012485933333333395e+07 1.009577033333333395e+07 9.974371333333333954e+06 9.910024333333333954e+06 9.799230000000000000e+06 1.405031183514307003e-01
9.890809000000000000e+06 9.769753666666666046e+06 9.770223333333333954e+06 9.859591333333333954e+06 1.012485933333333395e+07 1.009577033333333395e+07 9.974371333333333954e+06 9.910024333333333954e+06 1.423043928209234144e-01
9.957092000000000000e+06 9.890809000000000000e+06 9.769753666666666046e+06 9.770223333333333954e+06 9.859591333333333954e+06 1.012485933333333395e+07 1.009577033333333395e+07 9.974371333333333954e+06 1.432976582819210087e-01
1.004452333333333395e+07 9.957092000000000000e+06 9.890809000000000000e+06 9.769753666666666046e+06 9.770223333333333954e+06 9.859591333333333954e+06 1.012485933333333395e+07 1.009577033333333395e+07 1.445918843026542944e-01
1.013764966666666605e+07 1.004452333333333395e+07 9.957092000000000000e+06 9.890809000000000000e+06 9.769753666666666046e+06 9.770223333333333954e+06 9.859591333333333954e+06 1.012485933333333395e+07 1.460401815205717713e-01
1.023342266666666605e+07 1.013764966666666605e+07 1.004452333333333395e+07 9.957092000000000000e+06 9.890809000000000000e+06 9.769753666666666046e+06 9.770223333333333954e+06 9.859591333333333954e+06 1.473927032136470583e-01
1.039318533333333395e+07 1.023342266666666605e+07 1.013764966666666605e+07 1.004452333333333395e+07 9.957092000000000000e+06 9.890809000000000000e+06 9.769753666666666046e+06 9.770223333333333954e+06 1.488920935792398259e-01
1.052354300000000000e+07 1.039318533333333395e+07 1.023342266666666605e+07 1.013764966666666605e+07 1.004452333333333395e+07 9.957092000000000000e+06 9.890809000000000000e+06 9.769753666666666046e+06 1.494260344199254686e-01
1.065135666666666605e+07 1.052354300000000000e+07 1.039318533333333395e+07 1.023342266666666605e+07 1.013764966666666605e+07 1.004452333333333395e+07 9.957092000000000000e+06 9.890809000000000000e+06 1.496392666174722885e-01
1.075445600000000000e+07 1.065135666666666605e+07 1.052354300000000000e+07 1.039318533333333395e+07 1.023342266666666605e+07 1.013764966666666605e+07 1.004452333333333395e+07 9.957092000000000000e+06 1.494904155370993803e-01
1.082784833333333395e+07 1.075445600000000000e+07 1.065135666666666605e+07 1.052354300000000000e+07 1.039318533333333395e+07 1.023342266666666605e+07 1.013764966666666605e+07 1.004452333333333395e+07 1.488606778993193380e-01
1.095623000000000000e+07 1.082784833333333395e+07 1.075445600000000000e+07 1.065135666666666605e+07 1.052354300000000000e+07 1.039318533333333395e+07 1.023342266666666605e+07 1.013764966666666605e+07 1.490208403319511210e-01
1.100834666666666605e+07 1.095623000000000000e+07 1.082784833333333395e+07 1.075445600000000000e+07 1.065135666666666605e+07 1.052354300000000000e+07 1.039318533333333395e+07 1.023342266666666605e+07 1.480809853008512589e-01
1.107360266666666605e+07 1.100834666666666605e+07 1.095623000000000000e+07 1.082784833333333395e+07 1.075445600000000000e+07 1.065135666666666605e+07 1.052354300000000000e+07 1.039318533333333395e+07 1.474220552355261227e-01
1.116432866666666605e+07 1.107360266666666605e+07 1.100834666666666605e+07 1.095623000000000000e+07 1.082784833333333395e+07 1.075445600000000000e+07 1.065135666666666605e+07 1.052354300000000000e+07 1.472956290433696247e-01
1.125665466666666605e+07 1.116432866666666605e+07 1.107360266666666605e+07 1.100834666666666605e+07 1.095623000000000000e+07 1.082784833333333395e+07 1.075445600000000000e+07 1.065135666666666605e+07 1.472686924781207440e-01
1.128454133333333395e+07 1.125665466666666605e+07 1.116432866666666605e+07 1.107360266666666605e+07 1.100834666666666605e+07 1.095623000000000000e+07 1.082784833333333395e+07 1.075445600000000000e+07 1.464736040570636388e-01
1.137910266666666605e+07 1.128454133333333395e+07 1.125665466666666605e+07 1.116432866666666605e+07 1.107360266666666605e+07 1.100834666666666605e+07 1.095623000000000000e+07 1.082784833333333395e+07 1.466916972058188717e-01
1.152439833333333395e+07 1.137910266666666605e+07 1.128454133333333395e+07 1.125665466666666605e+07 1.116432866666666605e+07 1.107360266666666605e+07 1.100834666666666605e+07 1.095623000000000000e+07 1.475164401415515192e-01
1.164016700000000000e+07 1.152439833333333395e+07 1.137910266666666605e+07 1.128454133333333395e+07 1.125665466666666605e+07 1.116432866666666605e+07 1.107360266666666605e+07 1.100834666666666605e+07 1.479225158920702277e-01
1.179194433333333395e+07 1.164016700000000000e+07 1.152439833333333395e+07 1.137910266666666605e+07 1.128454133333333395e+07 1.125665466666666605e+07 1.116432866666666605e+07 1.107360266666666605e+07 1.486577002711612083e-01
1.194114300000000000e+07 1.179194433333333395e+07 1.164016700000000000e+07 1.152439833333333395e+07 1.137910266666666605e+07 1.128454133333333395e+07 1.125665466666666605e+07 1.116432866666666605e+07 1.491875733849207797e-01
1.208142133333333395e+07 1.194114300000000000e+07 1.179194433333333395e+07 1.164016700000000000e+07 1.152439833333333395e+07 1.137910266666666605e+07 1.128454133333333395e+07 1.125665466666666605e+07 1.494893292147873864e-01
1.214216333333333395e+07 1.208142133333333395e+07 1.194114300000000000e+07 1.179194433333333395e+07 1.164016700000000000e+07 1.152439833333333395e+07 1.137910266666666605e+07 1.128454133333333395e+07 1.487231639364742231e-01
1.228419900000000000e+07 1.214216333333333395e+07 1.208142133333333395e+07 1.194114300000000000e+07 1.179194433333333395e+07 1.164016700000000000e+07 1.152439833333333395e+07 1.137910266666666605e+07 1.488987681747735436e-01
1.240777533333333395e+07 1.228419900000000000e+07 1.214216333333333395e+07 1.208142133333333395e+07 1.194114300000000000e+07 1.179194433333333395e+07 1.164016700000000000e+07 1.152439833333333395e+07 1.487645875233496728e-01
1.249488933333333395e+07 1.240777533333333395e+07 1.228419900000000000e+07 1.214216333333333395e+07 1.208142133333333395e+07 1.194114300000000000e+07 1.179194433333333395e+07 1.164016700000000000e+07 1.482389992123905320e-01
1.257146266666666605e+07 1.249488933333333395e+07 1.240777533333333395e+07 1.228419900000000000e+07 1.214216333333333395e+07 1.208142133333333395e+07 1.194114300000000000e+07 1.179194433333333395e+07 1.476502304988062675e-01
1.275499366666666605e+07 1.257146266666666605e+07 1.249488933333333395e+07 1.240777533333333395e+07 1.228419900000000000e+07 1.214216333333333395e+07 1.208142133333333395e+07 1.194114300000000000e+07 1.484466982128762047e-01
1.289941766666666605e+07 1.275499366666666605e+07 1.257146266666666605e+07 1.249488933333333395e+07 1.240777533333333395e+07 1.228419900000000000e+07 1.214216333333333395e+07 1.208142133333333395e+07 1.487189070931183854e-01
1.305690033333333395e+07 1.289941766666666605e+07 1.275499366666666605e+07 1.257146266666666605e+07 1.249488933333333395e+07 1.240777533333333395e+07 1.228419900000000000e+07 1.214216333333333395e+07 1.491281491293483807e-01
1.319156200000000000e+07 1.305690033333333395e+07 1.289941766666666605e+07 1.275499366666666605e+07 1.257146266666666605e+07 1.249488933333333395e+07 1.240777533333333395e+07 1.228419900000000000e+07 1.491083528566037597e-01
1.330702133333333395e+07 1.319156200000000000e+07 1.305690033333333395e+07 1.289941766666666605e+07 1.275499366666666605e+07 1.257146266666666605e+07 1.249488933333333395e+07 1.240777533333333395e+07 1.488864157942974276e-01
1.343471200000000000e+07 1.330702133333333395e+07 1.319156200000000000e+07 1.305690033333333395e+07 1.289941766666666605e+07 1.275499366666666605e+07 1.257146266666666605e+07 1.249488933333333395e+07 1.488177947849338434e-01
