1.162333333333333485e+02 1.161333333333333258e+02 1.162999999999999972e+02 1.174666666666666544e+02 1.198666666666666600e+02 1.164666666666666544e+02 1.143333333333333286e+02 1.145000000000000000e+02 1.426059218059872458e-01
1.158999999999999915e+02 1.162333333333333485e+02 1.161333333333333258e+02 1.162999999999999972e+02 1.174666666666666544e+02 1.198666666666666600e+02 1.164666666666666544e+02 1.143333333333333286e+02 1.418952007835455331e-01
1.171666666666666714e+02 1.158999999999999915e+02 1.162333333333333485e+02 1.161333333333333258e+02 1.162999999999999972e+02 1.174666666666666544e+02 1.198666666666666600e+02 1.164666666666666544e+02 1.431713575821758899e-01
1.178666666666666742e+02 1.171666666666666714e+02 1.158999999999999915e+02 1.162333333333333485e+02 1.161333333333333258e+02 1.162999999999999972e+02 1.174666666666666544e+02 1.198666666666666600e+02 1.439036301481360913e-01
1.178333333333333286e+02 1.178666666666666742e+02 1.171666666666666714e+02 1.158999999999999915e+02 1.162333333333333485e+02 1.161333333333333258e+02 1.162999999999999972e+02 1.174666666666666544e+02 1.442150783289817273e-01
1.183666666666666742e+02 1.178333333333333286e+02 1.178666666666666742e+02 1.171666666666666714e+02 1.158999999999999915e+02 1.162333333333333485e+02 1.161333333333333258e+02 1.162999999999999972e+02 1.448028381519390062e-01
1.195000000000000000e+02 1.183666666666666742e+02 1.178333333333333286e+02 1.178666666666666742e+02 1.171666666666666714e+02 1.158999999999999915e+02 1.162333333333333485e+02 1.161333333333333258e+02 1.458206223306894311e-01
1.188666666666666742e+02 1.195000000000000000e+02 1.183666666666666742e+02 1.178333333333333286e+02 1.178666666666666742e+02 1.171666666666666714e+02 1.158999999999999915e+02 1.162333333333333485e+02 1.444543465932107418e-01
1.188999999999999915e+02 1.188666666666666742e+02 1.195000000000000000e+02 1.183666666666666742e+02 1.178333333333333286e+02 1.178666666666666742e+02 1.171666666666666714e+02 1.158999999999999915e+02 1.440339188370684254e-01
1.193666666666666600e+02 1.188999999999999915e+02 1.188666666666666742e+02 1.195000000000000000e+02 1.183666666666666742e+02 1.178333333333333286e+02 1.178666666666666742e+02 1.171666666666666714e+02 1.440756387044860032e-01
1.200333333333333456e+02 1.193666666666666600e+02 1.188999999999999915e+02 1.188666666666666742e+02 1.195000000000000000e+02 1.183666666666666742e+02 1.178333333333333286e+02 1.178666666666666742e+02 1.444966092853416928e-01
1.209666666666666544e+02 1.200333333333333456e+02 1.193666666666666600e+02 1.188999999999999915e+02 1.188666666666666742e+02 1.195000000000000000e+02 1.183666666666666742e+02 1.178333333333333286e+02 1.452413351476826708e-01
1.214333333333333371e+02 1.209666666666666544e+02 1.200333333333333456e+02 1.193666666666666600e+02 1.188999999999999915e+02 1.188666666666666742e+02 1.195000000000000000e+02 1.183666666666666742e+02 1.452551834130781649e-01
1.234333333333333371e+02 1.214333333333333371e+02 1.209666666666666544e+02 1.200333333333333456e+02 1.193666666666666600e+02 1.188999999999999915e+02 1.188666666666666742e+02 1.195000000000000000e+02 1.471078976640711744e-01
1.249333333333333371e+02 1.234333333333333371e+02 1.214333333333333371e+02 1.209666666666666544e+02 1.200333333333333456e+02 1.193666666666666600e+02 1.188999999999999915e+02 1.188666666666666742e+02 1.482008699090549553e-01
1.251999999999999886e+02 1.249333333333333371e+02 1.234333333333333371e+02 1.214333333333333371e+02 1.209666666666666544e+02 1.200333333333333456e+02 1.193666666666666600e+02 1.188999999999999915e+02 1.474560301507537585e-01
1.254666666666666544e+02 1.251999999999999886e+02 1.249333333333333371e+02 1.234333333333333371e+02 1.214333333333333371e+02 1.209666666666666544e+02 1.200333333333333456e+02 1.193666666666666600e+02 1.466817349284906813e-01
1.262999999999999972e+02 1.254666666666666544e+02 1.251999999999999886e+02 1.249333333333333371e+02 1.234333333333333371e+02 1.214333333333333371e+02 1.209666666666666544e+02 1.200333333333333456e+02 1.466104318216994162e-01
1.278333333333333286e+02 1.262999999999999972e+02 1.254666666666666544e+02 1.251999999999999886e+02 1.249333333333333371e+02 1.234333333333333371e+02 1.214333333333333371e+02 1.209666666666666544e+02 1.473186846957590668e-01
1.281666666666666572e+02 1.278333333333333286e+02 1.262999999999999972e+02 1.254666666666666544e+02 1.251999999999999886e+02 1.249333333333333371e+02 1.234333333333333371e+02 1.214333333333333371e+02 1.465431816449424274e-01
1.284333333333333087e+02 1.281666666666666572e+02 1.278333333333333286e+02 1.262999999999999972e+02 1.254666666666666544e+02 1.251999999999999886e+02 1.249333333333333371e+02 1.234333333333333371e+02 1.457261724659606184e-01
1.285000000000000000e+02 1.284333333333333087e+02 1.281666666666666572e+02 1.278333333333333286e+02 1.262999999999999972e+02 1.254666666666666544e+02 1.251999999999999886e+02 1.249333333333333371e+02 1.449793155321549565e-01
1.272000000000000028e+02 1.285000000000000000e+02 1.284333333333333087e+02 1.281666666666666572e+02 1.278333333333333286e+02 1.262999999999999972e+02 1.254666666666666544e+02 1.251999999999999886e+02 1.429374086976064884e-01
1.272000000000000028e+02 1.272000000000000028e+02 1.285000000000000000e+02 1.284333333333333087e+02 1.281666666666666572e+02 1.278333333333333286e+02 1.262999999999999972e+02 1.254666666666666544e+02 1.426168853010427173e-01
1.275000000000000000e+02 1.272000000000000028e+02 1.272000000000000028e+02 1.285000000000000000e+02 1.284333333333333087e+02 1.281666666666666572e+02 1.278333333333333286e+02 1.262999999999999972e+02 1.426759670259987456e-01
1.250333333333333456e+02 1.275000000000000000e+02 1.272000000000000028e+02 1.272000000000000028e+02 1.285000000000000000e+02 1.284333333333333087e+02 1.281666666666666572e+02 1.278333333333333286e+02 1.397280685416278923e-01
1.249333333333333371e+02 1.250333333333333456e+02 1.275000000000000000e+02 1.272000000000000028e+02 1.272000000000000028e+02 1.285000000000000000e+02 1.284333333333333087e+02 1.281666666666666572e+02 1.400545570045962362e-01
1.243000000000000114e+02 1.249333333333333371e+02 1.250333333333333456e+02 1.275000000000000000e+02 1.272000000000000028e+02 1.272000000000000028e+02 1.285000000000000000e+02 1.284333333333333087e+02 1.398514851485148647e-01
1.234666666666666544e+02 1.243000000000000114e+02 1.249333333333333371e+02 1.250333333333333456e+02 1.275000000000000000e+02 1.272000000000000028e+02 1.272000000000000028e+02 1.285000000000000000e+02 1.395629238884702195e-01
1.225999999999999801e+02 1.234666666666666544e+02 1.243000000000000114e+02 1.249333333333333371e+02 1.250333333333333456e+02 1.275000000000000000e+02 1.272000000000000028e+02 1.272000000000000028e+02 1.393762552578725611e-01
1.245000000000000000e+02 1.225999999999999801e+02 1.234666666666666544e+02 1.243000000000000114e+02 1.249333333333333371e+02 1.250333333333333456e+02 1.275000000000000000e+02 1.272000000000000028e+02 1.422802940840348918e-01
1.268666666666666742e+02 1.245000000000000000e+02 1.225999999999999801e+02 1.234666666666666544e+02 1.243000000000000114e+02 1.249333333333333371e+02 1.250333333333333456e+02 1.275000000000000000e+02 1.454337027130302162e-01
1.279333333333333371e+02 1.268666666666666742e+02 1.245000000000000000e+02 1.225999999999999801e+02 1.234666666666666544e+02 1.243000000000000114e+02 1.249333333333333371e+02 1.250333333333333456e+02 1.467630300944514632e-01
1.296333333333333542e+02 1.279333333333333371e+02 1.268666666666666742e+02 1.245000000000000000e+02 1.225999999999999801e+02 1.234666666666666544e+02 1.243000000000000114e+02 1.249333333333333371e+02 1.482201387300861317e-01
1.320333333333333314e+02 1.296333333333333542e+02 1.279333333333333371e+02 1.268666666666666742e+02 1.245000000000000000e+02 1.225999999999999801e+02 1.234666666666666544e+02 1.243000000000000114e+02 1.501573221122862456e-01
1.337666666666666799e+02 1.320333333333333314e+02 1.296333333333333542e+02 1.279333333333333371e+02 1.268666666666666742e+02 1.245000000000000000e+02 1.225999999999999801e+02 1.234666666666666544e+02 1.508022998008342330e-01
1.355333333333333314e+02 1.337666666666666799e+02 1.320333333333333314e+02 1.296333333333333542e+02 1.279333333333333371e+02 1.268666666666666742e+02 1.245000000000000000e+02 1.225999999999999801e+02 1.510401188707280462e-01
1.377666666666666515e+02 1.355333333333333314e+02 1.337666666666666799e+02 1.320333333333333314e+02 1.296333333333333542e+02 1.279333333333333371e+02 1.268666666666666742e+02 1.245000000000000000e+02 1.513475904496850433e-01
1.362333333333333485e+02 1.377666666666666515e+02 1.355333333333333314e+02 1.337666666666666799e+02 1.320333333333333314e+02 1.296333333333333542e+02 1.279333333333333371e+02 1.268666666666666742e+02 1.475131740417238435e-01
1.333666666666666742e+02 1.362333333333333485e+02 1.377666666666666515e+02 1.355333333333333314e+02 1.337666666666666799e+02 1.320333333333333314e+02 1.296333333333333542e+02 1.279333333333333371e+02 1.429592310715689651e-01
1.294000000000000057e+02 1.333666666666666742e+02 1.362333333333333485e+02 1.377666666666666515e+02 1.355333333333333314e+02 1.337666666666666799e+02 1.320333333333333314e+02 1.296333333333333542e+02 1.379040852575488529e-01
1.289000000000000057e+02 1.294000000000000057e+02 1.333666666666666742e+02 1.362333333333333485e+02 1.377666666666666515e+02 1.355333333333333314e+02 1.337666666666666799e+02 1.320333333333333314e+02 1.374053938812493658e-01
1.308333333333333428e+02 1.289000000000000057e+02 1.294000000000000057e+02 1.333666666666666742e+02 1.362333333333333485e+02 1.377666666666666515e+02 1.355333333333333314e+02 1.337666666666666799e+02 1.399336874754893156e-01
1.316666666666666572e+02 1.308333333333333428e+02 1.289000000000000057e+02 1.294000000000000057e+02 1.333666666666666742e+02 1.362333333333333485e+02 1.377666666666666515e+02 1.355333333333333314e+02 1.412681949858731745e-01
1.330666666666666345e+02 1.316666666666666572e+02 1.308333333333333428e+02 1.289000000000000057e+02 1.294000000000000057e+02 1.333666666666666742e+02 1.362333333333333485e+02 1.377666666666666515e+02 1.433650565631172380e-01
1.380333333333333314e+02 1.330666666666666345e+02 1.316666666666666572e+02 1.308333333333333428e+02 1.289000000000000057e+02 1.294000000000000057e+02 1.333666666666666742e+02 1.362333333333333485e+02 1.494730002887669773e-01
1.371666666666666572e+02 1.380333333333333314e+02 1.330666666666666345e+02 1.316666666666666572e+02 1.308333333333333428e+02 1.289000000000000057e+02 1.294000000000000057e+02 1.333666666666666742e+02 1.482455508321925131e-01
1.380666666666666629e+02 1.371666666666666572e+02 1.380333333333333314e+02 1.330666666666666345e+02 1.316666666666666572e+02 1.308333333333333428e+02 1.289000000000000057e+02 1.294000000000000057e+02 1.486079219288174436e-01
1.392333333333333485e+02 1.380666666666666629e+02 1.371666666666666572e+02 1.380333333333333314e+02 1.330666666666666345e+02 1.316666666666666572e+02 1.308333333333333428e+02 1.289000000000000057e+02 1.484786008815583980e-01
1.422000000000000171e+02 1.392333333333333485e+02 1.380666666666666629e+02 1.371666666666666572e+02 1.380333333333333314e+02 1.330666666666666345e+02 1.316666666666666572e+02 1.308333333333333428e+02 1.499894522185500623e-01
1.462666666666666799e+02 1.422000000000000171e+02 1.392333333333333485e+02 1.380666666666666629e+02 1.371666666666666572e+02 1.380333333333333314e+02 1.330666666666666345e+02 1.316666666666666572e+02 1.524510996074071589e-01
1.476999999999999886e+02 1.462666666666666799e+02 1.422000000000000171e+02 1.392333333333333485e+02 1.380666666666666629e+02 1.371666666666666572e+02 1.380333333333333314e+02 1.330666666666666345e+02 1.516375209609527597e-01
1.505333333333333314e+02 1.476999999999999886e+02 1.462666666666666799e+02 1.422000000000000171e+02 1.392333333333333485e+02 1.380666666666666629e+02 1.371666666666666572e+02 1.380333333333333314e+02 1.522589345920431492e-01
1.520666666666666629e+02 1.505333333333333314e+02 1.476999999999999886e+02 1.462666666666666799e+02 1.422000000000000171e+02 1.392333333333333485e+02 1.380666666666666629e+02 1.371666666666666572e+02 1.518894622939903349e-01
1.545333333333333314e+02 1.520666666666666629e+02 1.505333333333333314e+02 1.476999999999999886e+02 1.462666666666666799e+02 1.422000000000000171e+02 1.392333333333333485e+02 1.380666666666666629e+02 1.520897578899021996e-01
1.586999999999999886e+02 1.545333333333333314e+02 1.520666666666666629e+02 1.505333333333333314e+02 1.476999999999999886e+02 1.462666666666666799e+02 1.422000000000000171e+02 1.392333333333333485e+02 1.536996384297520668e-01
1.642999999999999829e+02 1.586999999999999886e+02 1.545333333333333314e+02 1.520666666666666629e+02 1.505333333333333314e+02 1.476999999999999886e+02 1.462666666666666799e+02 1.422000000000000171e+02 1.561787072243345786e-01
1.627666666666666799e+02 1.642999999999999829e+02 1.586999999999999886e+02 1.545333333333333314e+02 1.520666666666666629e+02 1.505333333333333314e+02 1.476999999999999886e+02 1.462666666666666799e+02 1.515377215032740754e-01
1.654000000000000057e+02 1.627666666666666799e+02 1.642999999999999829e+02 1.586999999999999886e+02 1.545333333333333314e+02 1.520666666666666629e+02 1.505333333333333314e+02 1.476999999999999886e+02 1.516596368971208642e-01
1.667000000000000171e+02 1.654000000000000057e+02 1.627666666666666799e+02 1.642999999999999829e+02 1.586999999999999886e+02 1.545333333333333314e+02 1.520666666666666629e+02 1.505333333333333314e+02 1.504105386628169505e-01
1.641333333333333258e+02 1.667000000000000171e+02 1.654000000000000057e+02 1.627666666666666799e+02 1.642999999999999829e+02 1.586999999999999886e+02 1.545333333333333314e+02 1.520666666666666629e+02 1.459654947530681368e-01
1.667000000000000171e+02 1.641333333333333258e+02 1.667000000000000171e+02 1.654000000000000057e+02 1.627666666666666799e+02 1.642999999999999829e+02 1.586999999999999886e+02 1.545333333333333314e+02 1.466740966682308911e-01
1.728333333333333428e+02 1.667000000000000171e+02 1.641333333333333258e+02 1.667000000000000171e+02 1.654000000000000057e+02 1.627666666666666799e+02 1.642999999999999829e+02 1.586999999999999886e+02 1.504599402222802640e-01
1.736666666666666572e+02 1.728333333333333428e+02 1.667000000000000171e+02 1.641333333333333258e+02 1.667000000000000171e+02 1.654000000000000057e+02 1.627666666666666799e+02 1.642999999999999829e+02 1.493478572452343334e-01
1.774333333333333087e+02 1.736666666666666572e+02 1.728333333333333428e+02 1.667000000000000171e+02 1.641333333333333258e+02 1.667000000000000171e+02 1.654000000000000057e+02 1.627666666666666799e+02 1.513677984416765820e-01
1.838666666666666742e+02 1.774333333333333087e+02 1.736666666666666572e+02 1.728333333333333428e+02 1.667000000000000171e+02 1.641333333333333258e+02 1.667000000000000171e+02 1.654000000000000057e+02 1.549177104982306374e-01
1.960000000000000000e+02 1.838666666666666742e+02 1.774333333333333087e+02 1.736666666666666572e+02 1.728333333333333428e+02 1.667000000000000171e+02 1.641333333333333258e+02 1.667000000000000171e+02 1.626106194690265516e-01
2.004666666666666686e+02 1.960000000000000000e+02 1.838666666666666742e+02 1.774333333333333087e+02 1.736666666666666572e+02 1.728333333333333428e+02 1.667000000000000171e+02 1.641333333333333258e+02 1.623693944220956364e-01
1.780333333333333314e+02 2.004666666666666686e+02 1.960000000000000000e+02 1.838666666666666742e+02 1.774333333333333087e+02 1.736666666666666572e+02 1.728333333333333428e+02 1.667000000000000171e+02 1.400771066642188256e-01
1.695333333333333314e+02 1.780333333333333314e+02 2.004666666666666686e+02 1.960000000000000000e+02 1.838666666666666742e+02 1.774333333333333087e+02 1.736666666666666572e+02 1.728333333333333428e+02 1.322103511918687746e-01
1.713333333333333428e+02 1.695333333333333314e+02 1.780333333333333314e+02 2.004666666666666686e+02 1.960000000000000000e+02 1.838666666666666742e+02 1.774333333333333087e+02 1.736666666666666572e+02 1.339588219963513127e-01
1.738666666666666742e+02 1.713333333333333428e+02 1.695333333333333314e+02 1.780333333333333314e+02 2.004666666666666686e+02 1.960000000000000000e+02 1.838666666666666742e+02 1.774333333333333087e+02 1.361879895561357579e-01
1.769000000000000057e+02 1.738666666666666742e+02 1.713333333333333428e+02 1.695333333333333314e+02 1.780333333333333314e+02 2.004666666666666686e+02 1.960000000000000000e+02 1.838666666666666742e+02 1.389521640091116450e-01
1.820666666666666913e+02 1.769000000000000057e+02 1.738666666666666742e+02 1.713333333333333428e+02 1.695333333333333314e+02 1.780333333333333314e+02 2.004666666666666686e+02 1.960000000000000000e+02 1.437973883740522596e-01
1.842333333333333485e+02 1.820666666666666913e+02 1.769000000000000057e+02 1.738666666666666742e+02 1.713333333333333428e+02 1.695333333333333314e+02 1.780333333333333314e+02 2.004666666666666686e+02 1.471277218761646299e-01
1.846333333333333258e+02 1.842333333333333485e+02 1.820666666666666913e+02 1.769000000000000057e+02 1.738666666666666742e+02 1.713333333333333428e+02 1.695333333333333314e+02 1.780333333333333314e+02 1.493837482132743533e-01
1.880000000000000000e+02 1.846333333333333258e+02 1.842333333333333485e+02 1.820666666666666913e+02 1.769000000000000057e+02 1.738666666666666742e+02 1.713333333333333428e+02 1.695333333333333314e+02 1.512997290554497498e-01
1.959000000000000057e+02 1.880000000000000000e+02 1.846333333333333258e+02 1.842333333333333485e+02 1.820666666666666913e+02 1.769000000000000057e+02 1.738666666666666742e+02 1.713333333333333428e+02 1.553487880309799007e-01
2.037000000000000171e+02 1.959000000000000057e+02 1.880000000000000000e+02 1.846333333333333258e+02 1.842333333333333485e+02 1.820666666666666913e+02 1.769000000000000057e+02 1.738666666666666742e+02 1.584474175482265268e-01
2.038333333333333428e+02 2.037000000000000171e+02 1.959000000000000057e+02 1.880000000000000000e+02 1.846333333333333258e+02 1.842333333333333485e+02 1.820666666666666913e+02 1.769000000000000057e+02 1.549552745609811821e-01
2.007666666666666515e+02 2.038333333333333428e+02 2.037000000000000171e+02 1.959000000000000057e+02 1.880000000000000000e+02 1.846333333333333258e+02 1.842333333333333485e+02 1.820666666666666913e+02 1.495617193513942844e-01
2.021666666666666572e+02 2.007666666666666515e+02 2.038333333333333428e+02 2.037000000000000171e+02 1.959000000000000057e+02 1.880000000000000000e+02 1.846333333333333258e+02 1.842333333333333485e+02 1.485354623824451104e-01
2.018000000000000398e+02 2.021666666666666572e+02 2.007666666666666515e+02 2.038333333333333428e+02 2.037000000000000171e+02 1.959000000000000057e+02 1.880000000000000000e+02 1.846333333333333258e+02 1.463379260333575460e-01
2.023999999999999773e+02 2.018000000000000398e+02 2.021666666666666572e+02 2.007666666666666515e+02 2.038333333333333428e+02 2.037000000000000171e+02 1.959000000000000057e+02 1.880000000000000000e+02 1.449683657633997480e-01
2.022666666666666515e+02 2.023999999999999773e+02 2.018000000000000398e+02 2.021666666666666572e+02 2.007666666666666515e+02 2.038333333333333428e+02 2.037000000000000171e+02 1.959000000000000057e+02 1.433939078857196514e-01
2.035999999999999943e+02 2.022666666666666515e+02 2.023999999999999773e+02 2.018000000000000398e+02 2.021666666666666572e+02 2.007666666666666515e+02 2.038333333333333428e+02 2.037000000000000171e+02 1.436905994165804112e-01
2.039666666666666970e+02 2.035999999999999943e+02 2.022666666666666515e+02 2.023999999999999773e+02 2.018000000000000398e+02 2.021666666666666572e+02 2.007666666666666515e+02 2.038333333333333428e+02 1.439595341724503319e-01
2.041666666666666572e+02 2.039666666666666970e+02 2.035999999999999943e+02 2.022666666666666515e+02 2.023999999999999773e+02 2.018000000000000398e+02 2.021666666666666572e+02 2.007666666666666515e+02 1.440871344891669903e-01
2.019000000000000057e+02 2.041666666666666572e+02 2.039666666666666970e+02 2.035999999999999943e+02 2.022666666666666515e+02 2.023999999999999773e+02 2.018000000000000398e+02 2.021666666666666572e+02 1.421463941235830974e-01
2.055000000000000000e+02 2.019000000000000057e+02 2.041666666666666572e+02 2.039666666666666970e+02 2.035999999999999943e+02 2.022666666666666515e+02 2.023999999999999773e+02 2.018000000000000398e+02 1.447081191465389716e-01
2.082000000000000171e+02 2.055000000000000000e+02 2.019000000000000057e+02 2.041666666666666572e+02 2.039666666666666970e+02 2.035999999999999943e+02 2.022666666666666515e+02 2.023999999999999773e+02 1.462284028655710111e-01
2.071333333333333258e+02 2.082000000000000171e+02 2.055000000000000000e+02 2.019000000000000057e+02 2.041666666666666572e+02 2.039666666666666970e+02 2.035999999999999943e+02 2.022666666666666515e+02 1.448890132437977984e-01
2.004333333333333087e+02 2.071333333333333258e+02 2.082000000000000171e+02 2.055000000000000000e+02 2.019000000000000057e+02 2.041666666666666572e+02 2.039666666666666970e+02 2.035999999999999943e+02 1.397267277036761401e-01
1.915333333333333314e+02 2.004333333333333087e+02 2.071333333333333258e+02 2.082000000000000171e+02 2.055000000000000000e+02 2.019000000000000057e+02 2.041666666666666572e+02 2.039666666666666970e+02 1.338177414471692361e-01
1.930333333333333314e+02 1.915333333333333314e+02 2.004333333333333087e+02 2.071333333333333258e+02 2.082000000000000171e+02 2.055000000000000000e+02 2.019000000000000057e+02 2.041666666666666572e+02 1.360475496875440393e-01
1.916333333333333258e+02 1.930333333333333314e+02 1.915333333333333314e+02 2.004333333333333087e+02 2.071333333333333258e+02 2.082000000000000171e+02 2.055000000000000000e+02 2.019000000000000057e+02 1.361290017048683298e-01
1.855666666666666913e+02 1.916333333333333258e+02 1.930333333333333314e+02 1.915333333333333314e+02 2.004333333333333087e+02 2.071333333333333258e+02 2.082000000000000171e+02 2.055000000000000000e+02 1.327879019177559683e-01
1.820000000000000000e+02 1.855666666666666913e+02 1.916333333333333258e+02 1.930333333333333314e+02 1.915333333333333314e+02 2.004333333333333087e+02 2.071333333333333258e+02 2.082000000000000171e+02 1.321202148768329809e-01
1.853666666666666742e+02 1.820000000000000000e+02 1.855666666666666913e+02 1.916333333333333258e+02 1.930333333333333314e+02 1.915333333333333314e+02 2.004333333333333087e+02 2.071333333333333258e+02 1.371731623088307817e-01
1.870666666666666345e+02 1.853666666666666742e+02 1.820000000000000000e+02 1.855666666666666913e+02 1.916333333333333258e+02 1.930333333333333314e+02 1.915333333333333314e+02 2.004333333333333087e+02 1.406974703537492988e-01
1.870666666666666913e+02 1.870666666666666345e+02 1.853666666666666742e+02 1.820000000000000000e+02 1.855666666666666913e+02 1.916333333333333258e+02 1.930333333333333314e+02 1.915333333333333314e+02 1.421263232538114984e-01
1.912666666666666515e+02 1.870666666666666913e+02 1.870666666666666345e+02 1.853666666666666742e+02 1.820000000000000000e+02 1.855666666666666913e+02 1.916333333333333258e+02 1.930333333333333314e+02 1.458121569424679631e-01
1.931333333333333258e+02 1.912666666666666515e+02 1.870666666666666913e+02 1.870666666666666345e+02 1.853666666666666742e+02 1.820000000000000000e+02 1.855666666666666913e+02 1.916333333333333258e+02 1.474337769408890775e-01
1.938666666666666742e+02 1.931333333333333258e+02 1.912666666666666515e+02 1.870666666666666913e+02 1.870666666666666345e+02 1.853666666666666742e+02 1.820000000000000000e+02 1.855666666666666913e+02 1.478243188287921839e-01
