-1.000000000000000000e+08 -1.000000000000000000e+08 -1.000000000000000000e+08 -1.000000000000000000e+08 -1.000000000000000000e+08 -1.000000000000000000e+08 -1.000000000000000000e+08 -1.000000000000000000e+08 -1.000000000000000000e+08
-1.000000000000000000e+08 -1.000000000000000000e+08 -1.000000000000000000e+08 -1.000000000000000000e+08 -1.000000000000000000e+08 -1.000000000000000000e+08 -1.000000000000000000e+08 -1.000000000000000000e+08 -1.000000000000000000e+08
-1.000000000000000000e+08 -1.000000000000000000e+08 -1.000000000000000000e+08 -1.000000000000000000e+08 -1.000000000000000000e+08 -1.000000000000000000e+08 -1.000000000000000000e+08 -1.000000000000000000e+08 -1.000000000000000000e+08
-1.000000000000000000e+08 -1.000000000000000000e+08 -1.000000000000000000e+08 -1.000000000000000000e+08 -1.000000000000000000e+08 -1.000000000000000000e+08 -1.000000000000000000e+08 -1.000000000000000000e+08 -1.000000000000000000e+08
-1.000000000000000000e+08 -1.000000000000000000e+08 -1.000000000000000000e+08 -1.000000000000000000e+08 -1.000000000000000000e+08 -1.000000000000000000e+08 -1.000000000000000000e+08 -1.000000000000000000e+08 -1.000000000000000000e+08
-1.000000000000000000e+08 -1.000000000000000000e+08 -1.000000000000000000e+08 -1.000000000000000000e+08 -1.000000000000000000e+08 -1.000000000000000000e+08 -1.000000000000000000e+08 -1.000000000000000000e+08 -1.000000000000000000e+08
-1.000000000000000000e+08 -1.000000000000000000e+08 -1.000000000000000000e+08 -1.000000000000000000e+08 -1.000000000000000000e+08 -1.000000000000000000e+08 -1.000000000000000000e+08 -1.000000000000000000e+08 -1.000000000000000000e+08
-1.000000000000000000e+08 -1.000000000000000000e+08 -1.000000000000000000e+08 -1.000000000000000000e+08 -1.000000000000000000e+08 -1.000000000000000000e+08 -1.000000000000000000e+08 -1.000000000000000000e+08 -1.000000000000000000e+08
-1.000000000000000000e+08 -1.000000000000000000e+08 -1.000000000000000000e+08 -1.000000000000000000e+08 -1.000000000000000000e+08 -1.000000000000000000e+08 -1.000000000000000000e+08 -1.000000000000000000e+08 -1.000000000000000000e+08
-1.000000000000000000e+08 -1.000000000000000000e+08 -1.000000000000000000e+08 -1.000000000000000000e+08 -1.000000000000000000e+08 -1.000000000000000000e+08 -1.000000000000000000e+08 -1.000000000000000000e+08 -1.000000000000000000e+08
-1.000000000000000000e+08 -1.000000000000000000e+08 -1.000000000000000000e+08 -1.000000000000000000e+08 -1.000000000000000000e+08 -1.000000000000000000e+08 -1.000000000000000000e+08 -1.000000000000000000e+08 -1.000000000000000000e+08
-1.000000000000000000e+08 -1.000000000000000000e+08 -1.000000000000000000e+08 -1.000000000000000000e+08 -1.000000000000000000e+08 -1.000000000000000000e+08 -1.000000000000000000e+08 -1.000000000000000000e+08 -1.000000000000000000e+08
1.239999999999999991e+00 -1.000000000000000000e+08 -1.000000000000000000e+08 -1.000000000000000000e+08 -1.000000000000000000e+08 -1.000000000000000000e+08 -1.000000000000000000e+08 -1.000000000000000000e+08 -1.771428571428571515e-09
1.246000000000000218e+00 1.239999999999999991e+00 -1.000000000000000000e+08 -1.000000000000000000e+08 -1.000000000000000000e+08 -1.000000000000000000e+08 -1.000000000000000000e+08 -1.000000000000000000e+08 -2.076666670958444951e-09
1.337333333333333485e+00 1.246000000000000218e+00 1.239999999999999991e+00 -1.000000000000000000e+08 -1.000000000000000000e+08 -1.000000000000000000e+08 -1.000000000000000000e+08 -1.000000000000000000e+08 -2.674666679965109857e-09
1.310666666666666647e+00 1.337333333333333485e+00 1.246000000000000218e+00 1.239999999999999991e+00 -1.000000000000000000e+08 -1.000000000000000000e+08 -1.000000000000000000e+08 -1.000000000000000000e+08 -3.276666697986139257e-09
1.250333333333333297e+00 1.310666666666666647e+00 1.337333333333333485e+00 1.246000000000000218e+00 1.239999999999999991e+00 -1.000000000000000000e+08 -1.000000000000000000e+08 -1.000000000000000000e+08 -4.167777849102349381e-09
1.278666666666666840e+00 1.250333333333333297e+00 1.310666666666666647e+00 1.337333333333333485e+00 1.246000000000000218e+00 1.239999999999999991e+00 -1.000000000000000000e+08 -1.000000000000000000e+08 -6.393333537419196011e-09
1.420666666666666522e+00 1.278666666666666840e+00 1.250333333333333297e+00 1.310666666666666647e+00 1.337333333333333485e+00 1.246000000000000218e+00 1.239999999999999991e+00 -1.000000000000000000e+08 -1.420666775532361554e-08
1.381666666666666599e+00 1.420666666666666522e+00 1.278666666666666840e+00 1.250333333333333297e+00 1.310666666666666647e+00 1.337333333333333485e+00 1.246000000000000218e+00 1.239999999999999991e+00 1.521045099262412215e-01
1.403333333333333321e+00 1.381666666666666599e+00 1.420666666666666522e+00 1.278666666666666840e+00 1.250333333333333297e+00 1.310666666666666647e+00 1.337333333333333485e+00 1.246000000000000218e+00 1.521173579997109337e-01
1.399666666666666615e+00 1.403333333333333321e+00 1.381666666666666599e+00 1.420666666666666522e+00 1.278666666666666840e+00 1.250333333333333297e+00 1.310666666666666647e+00 1.337333333333333485e+00 1.491757851357112252e-01
1.366333333333333400e+00 1.399666666666666615e+00 1.403333333333333321e+00 1.381666666666666599e+00 1.420666666666666522e+00 1.278666666666666840e+00 1.250333333333333297e+00 1.310666666666666647e+00 1.446620787012528608e-01
1.375333333333333519e+00 1.366333333333333400e+00 1.399666666666666615e+00 1.403333333333333321e+00 1.381666666666666599e+00 1.420666666666666522e+00 1.278666666666666840e+00 1.250333333333333297e+00 1.447617711037821886e-01
1.335666666666666780e+00 1.375333333333333519e+00 1.366333333333333400e+00 1.399666666666666615e+00 1.403333333333333321e+00 1.381666666666666599e+00 1.420666666666666522e+00 1.278666666666666840e+00 1.387609516223984596e-01
1.229333333333333167e+00 1.335666666666666780e+00 1.375333333333333519e+00 1.366333333333333400e+00 1.399666666666666615e+00 1.403333333333333321e+00 1.381666666666666599e+00 1.420666666666666522e+00 1.269622693472872432e-01
1.221000000000000085e+00 1.229333333333333167e+00 1.335666666666666780e+00 1.375333333333333519e+00 1.366333333333333400e+00 1.399666666666666615e+00 1.403333333333333321e+00 1.381666666666666599e+00 1.286436749315165162e-01
1.192666666666666764e+00 1.221000000000000085e+00 1.229333333333333167e+00 1.335666666666666780e+00 1.375333333333333519e+00 1.366333333333333400e+00 1.399666666666666615e+00 1.403333333333333321e+00 1.278222349242640887e-01
1.154000000000000137e+00 1.192666666666666764e+00 1.221000000000000085e+00 1.229333333333333167e+00 1.335666666666666780e+00 1.375333333333333519e+00 1.366333333333333400e+00 1.399666666666666615e+00 1.265350877192982504e-01
1.109333333333333282e+00 1.154000000000000137e+00 1.192666666666666764e+00 1.221000000000000085e+00 1.229333333333333167e+00 1.335666666666666780e+00 1.375333333333333519e+00 1.366333333333333400e+00 1.250046951883709567e-01
1.276000000000000023e+00 1.109333333333333282e+00 1.154000000000000137e+00 1.192666666666666764e+00 1.221000000000000085e+00 1.229333333333333167e+00 1.335666666666666780e+00 1.375333333333333519e+00 1.480736500077363682e-01
1.370333333333333181e+00 1.276000000000000023e+00 1.109333333333333282e+00 1.154000000000000137e+00 1.192666666666666764e+00 1.221000000000000085e+00 1.229333333333333167e+00 1.335666666666666780e+00 1.608750097832041537e-01
1.428000000000000158e+00 1.370333333333333181e+00 1.276000000000000023e+00 1.109333333333333282e+00 1.154000000000000137e+00 1.192666666666666764e+00 1.221000000000000085e+00 1.229333333333333167e+00 1.669654688596149406e-01
1.560666666666666424e+00 1.428000000000000158e+00 1.370333333333333181e+00 1.276000000000000023e+00 1.109333333333333282e+00 1.154000000000000137e+00 1.192666666666666764e+00 1.221000000000000085e+00 1.783347299459129565e-01
1.674999999999999822e+00 1.560666666666666424e+00 1.428000000000000158e+00 1.370333333333333181e+00 1.276000000000000023e+00 1.109333333333333282e+00 1.154000000000000137e+00 1.192666666666666764e+00 1.842481575184247711e-01
1.676999999999999824e+00 1.674999999999999822e+00 1.560666666666666424e+00 1.428000000000000158e+00 1.370333333333333181e+00 1.276000000000000023e+00 1.109333333333333282e+00 1.154000000000000137e+00 1.751740947075208776e-01
1.651000000000000023e+00 1.676999999999999824e+00 1.674999999999999822e+00 1.560666666666666424e+00 1.428000000000000158e+00 1.370333333333333181e+00 1.276000000000000023e+00 1.109333333333333282e+00 1.635247119416289863e-01
1.596333333333333160e+00 1.651000000000000023e+00 1.676999999999999824e+00 1.674999999999999822e+00 1.560666666666666424e+00 1.428000000000000158e+00 1.370333333333333181e+00 1.276000000000000023e+00 1.500595350003133266e-01
1.747666666666666702e+00 1.596333333333333160e+00 1.651000000000000023e+00 1.676999999999999824e+00 1.674999999999999822e+00 1.560666666666666424e+00 1.428000000000000158e+00 1.370333333333333181e+00 1.594828897338403106e-01
1.581999999999999851e+00 1.747666666666666702e+00 1.596333333333333160e+00 1.651000000000000023e+00 1.676999999999999824e+00 1.674999999999999822e+00 1.560666666666666424e+00 1.428000000000000158e+00 1.395595024553768215e-01
1.341666666666666785e+00 1.581999999999999851e+00 1.747666666666666702e+00 1.596333333333333160e+00 1.651000000000000023e+00 1.676999999999999824e+00 1.674999999999999822e+00 1.560666666666666424e+00 1.167715918651542201e-01
1.316000000000000059e+00 1.341666666666666785e+00 1.581999999999999851e+00 1.747666666666666702e+00 1.596333333333333160e+00 1.651000000000000023e+00 1.676999999999999824e+00 1.674999999999999822e+00 1.167632793091210180e-01
1.536666666666666847e+00 1.316000000000000059e+00 1.341666666666666785e+00 1.581999999999999851e+00 1.747666666666666702e+00 1.596333333333333160e+00 1.651000000000000023e+00 1.676999999999999824e+00 1.408278600885902176e-01
1.543666666666666742e+00 1.536666666666666847e+00 1.316000000000000059e+00 1.341666666666666785e+00 1.581999999999999851e+00 1.747666666666666702e+00 1.596333333333333160e+00 1.651000000000000023e+00 1.433124961317076285e-01
1.571333333333333471e+00 1.543666666666666742e+00 1.536666666666666847e+00 1.316000000000000059e+00 1.341666666666666785e+00 1.581999999999999851e+00 1.747666666666666702e+00 1.596333333333333160e+00 1.473493373343335855e-01
1.731333333333333391e+00 1.571333333333333471e+00 1.543666666666666742e+00 1.536666666666666847e+00 1.316000000000000059e+00 1.341666666666666785e+00 1.581999999999999851e+00 1.747666666666666702e+00 1.627345928502051953e-01
1.650333333333333208e+00 1.731333333333333391e+00 1.571333333333333471e+00 1.543666666666666742e+00 1.536666666666666847e+00 1.316000000000000059e+00 1.341666666666666785e+00 1.581999999999999851e+00 1.553596083845864007e-01
1.739666666666666694e+00 1.650333333333333208e+00 1.731333333333333391e+00 1.571333333333333471e+00 1.543666666666666742e+00 1.536666666666666847e+00 1.316000000000000059e+00 1.341666666666666785e+00 1.627225392074330423e-01
1.661000000000000254e+00 1.739666666666666694e+00 1.650333333333333208e+00 1.731333333333333391e+00 1.571333333333333471e+00 1.543666666666666742e+00 1.536666666666666847e+00 1.316000000000000059e+00 1.497880782757687601e-01
1.806666666666666643e+00 1.661000000000000254e+00 1.739666666666666694e+00 1.650333333333333208e+00 1.731333333333333391e+00 1.571333333333333471e+00 1.543666666666666742e+00 1.536666666666666847e+00 1.580082794006180125e-01
2.049666666666666970e+00 1.806666666666666643e+00 1.661000000000000254e+00 1.739666666666666694e+00 1.650333333333333208e+00 1.731333333333333391e+00 1.571333333333333471e+00 1.543666666666666742e+00 1.751253132832080450e-01
2.032333333333333325e+00 2.049666666666666970e+00 1.806666666666666643e+00 1.661000000000000254e+00 1.739666666666666694e+00 1.650333333333333208e+00 1.731333333333333391e+00 1.571333333333333471e+00 1.664482664482664354e-01
2.088666666666666671e+00 2.032333333333333325e+00 2.049666666666666970e+00 1.806666666666666643e+00 1.661000000000000254e+00 1.739666666666666694e+00 1.650333333333333208e+00 1.731333333333333391e+00 1.648383447767868826e-01
2.109666666666666579e+00 2.088666666666666671e+00 2.032333333333333325e+00 2.049666666666666970e+00 1.806666666666666643e+00 1.661000000000000254e+00 1.739666666666666694e+00 1.650333333333333208e+00 1.619291288217986347e-01
2.339000000000000412e+00 2.109666666666666579e+00 2.088666666666666671e+00 2.032333333333333325e+00 2.049666666666666970e+00 1.806666666666666643e+00 1.661000000000000254e+00 1.739666666666666694e+00 1.734176902355238636e-01
2.715999999999999748e+00 2.339000000000000412e+00 2.109666666666666579e+00 2.088666666666666671e+00 2.032333333333333325e+00 2.049666666666666970e+00 1.806666666666666643e+00 1.661000000000000254e+00 1.928018740682898857e-01
2.569666666666666544e+00 2.715999999999999748e+00 2.339000000000000412e+00 2.109666666666666579e+00 2.088666666666666671e+00 2.032333333333333325e+00 2.049666666666666970e+00 1.806666666666666643e+00 1.697045744727688765e-01
2.521999999999999797e+00 2.569666666666666544e+00 2.715999999999999748e+00 2.339000000000000412e+00 2.109666666666666579e+00 2.088666666666666671e+00 2.032333333333333325e+00 2.049666666666666970e+00 1.585664885256208578e-01
2.984999999999999432e+00 2.521999999999999797e+00 2.569666666666666544e+00 2.715999999999999748e+00 2.339000000000000412e+00 2.109666666666666579e+00 2.088666666666666671e+00 2.032333333333333325e+00 1.822641048603761138e-01
2.983333333333333837e+00 2.984999999999999432e+00 2.521999999999999797e+00 2.569666666666666544e+00 2.715999999999999748e+00 2.339000000000000412e+00 2.109666666666666579e+00 2.088666666666666671e+00 1.721484900942489293e-01
2.440999999999999837e+00 2.983333333333333837e+00 2.984999999999999432e+00 2.521999999999999797e+00 2.569666666666666544e+00 2.715999999999999748e+00 2.339000000000000412e+00 2.109666666666666579e+00 1.339393495994439520e-01
2.514333333333333531e+00 2.440999999999999837e+00 2.983333333333333837e+00 2.984999999999999432e+00 2.521999999999999797e+00 2.569666666666666544e+00 2.715999999999999748e+00 2.339000000000000412e+00 1.354997485090177756e-01
3.174333333333333229e+00 2.514333333333333531e+00 2.440999999999999837e+00 2.983333333333333837e+00 2.984999999999999432e+00 2.521999999999999797e+00 2.569666666666666544e+00 2.715999999999999748e+00 1.694664910844573824e-01
3.049666666666666970e+00 3.174333333333333229e+00 2.514333333333333531e+00 2.440999999999999837e+00 2.983333333333333837e+00 2.984999999999999432e+00 2.521999999999999797e+00 2.569666666666666544e+00 1.589223366742518184e-01
3.170333333333333226e+00 3.049666666666666970e+00 3.174333333333333229e+00 2.514333333333333531e+00 2.440999999999999837e+00 2.983333333333333837e+00 2.984999999999999432e+00 2.521999999999999797e+00 1.611788032334050824e-01
3.310999999999999943e+00 3.170333333333333226e+00 3.049666666666666970e+00 3.174333333333333229e+00 2.514333333333333531e+00 2.440999999999999837e+00 2.983333333333333837e+00 2.984999999999999432e+00 1.629589526528201493e-01
3.943999999999999506e+00 3.310999999999999943e+00 3.170333333333333226e+00 3.049666666666666970e+00 3.174333333333333229e+00 2.514333333333333531e+00 2.440999999999999837e+00 2.983333333333333837e+00 1.910482464638635636e-01
4.055000000000000604e+00 3.943999999999999506e+00 3.310999999999999943e+00 3.170333333333333226e+00 3.049666666666666970e+00 3.174333333333333229e+00 2.514333333333333531e+00 2.440999999999999837e+00 1.876909309717036956e-01
2.514999999999999680e+00 4.055000000000000604e+00 3.943999999999999506e+00 3.310999999999999943e+00 3.170333333333333226e+00 3.049666666666666970e+00 3.174333333333333229e+00 2.514333333333333531e+00 1.083180199839209601e-01
2.101666666666666572e+00 2.514999999999999680e+00 4.055000000000000604e+00 3.943999999999999506e+00 3.310999999999999943e+00 3.170333333333333226e+00 3.049666666666666970e+00 3.174333333333333229e+00 9.051365241609003742e-02
2.518333333333333091e+00 2.101666666666666572e+00 2.514999999999999680e+00 4.055000000000000604e+00 3.943999999999999506e+00 3.310999999999999943e+00 3.170333333333333226e+00 3.049666666666666970e+00 1.137116195063214985e-01
2.748666666666666814e+00 2.518333333333333091e+00 2.101666666666666572e+00 2.514999999999999680e+00 4.055000000000000604e+00 3.943999999999999506e+00 3.310999999999999943e+00 3.170333333333333226e+00 1.271628165191376614e-01
2.803000000000000380e+00 2.748666666666666814e+00 2.518333333333333091e+00 2.101666666666666572e+00 2.514999999999999680e+00 4.055000000000000604e+00 3.943999999999999506e+00 3.310999999999999943e+00 1.322564917192243228e-01
2.920666666666666966e+00 2.803000000000000380e+00 2.748666666666666814e+00 2.518333333333333091e+00 2.101666666666666572e+00 2.514999999999999680e+00 4.055000000000000604e+00 3.943999999999999506e+00 1.411927743848397643e-01
3.005333333333332746e+00 2.920666666666666966e+00 2.803000000000000380e+00 2.748666666666666814e+00 2.518333333333333091e+00 2.101666666666666572e+00 2.514999999999999680e+00 4.055000000000000604e+00 1.528472375269126771e-01
2.912999999999999812e+00 3.005333333333332746e+00 2.920666666666666966e+00 2.803000000000000380e+00 2.748666666666666814e+00 2.518333333333333091e+00 2.101666666666666572e+00 2.514999999999999680e+00 1.565063218596654260e-01
3.088666666666666227e+00 2.912999999999999812e+00 3.005333333333332746e+00 2.920666666666666966e+00 2.803000000000000380e+00 2.748666666666666814e+00 2.518333333333333091e+00 2.101666666666666572e+00 1.624701921728152199e-01
3.491999999999999549e+00 3.088666666666666227e+00 2.912999999999999812e+00 3.005333333333332746e+00 2.920666666666666966e+00 2.803000000000000380e+00 2.748666666666666814e+00 2.518333333333333091e+00 1.746203723767772720e-01
3.983000000000000096e+00 3.491999999999999549e+00 3.088666666666666227e+00 2.912999999999999812e+00 3.005333333333332746e+00 2.920666666666666966e+00 2.803000000000000380e+00 2.748666666666666814e+00 1.899259306354706411e-01
3.846000000000000085e+00 3.983000000000000096e+00 3.491999999999999549e+00 3.088666666666666227e+00 2.912999999999999812e+00 3.005333333333332746e+00 2.920666666666666966e+00 2.803000000000000380e+00 1.731990332797934684e-01
3.580000000000000071e+00 3.846000000000000085e+00 3.983000000000000096e+00 3.491999999999999549e+00 3.088666666666666227e+00 2.912999999999999812e+00 3.005333333333332746e+00 2.920666666666666966e+00 1.539873254380179635e-01
3.813333333333333020e+00 3.580000000000000071e+00 3.846000000000000085e+00 3.983000000000000096e+00 3.491999999999999549e+00 3.088666666666666227e+00 2.912999999999999812e+00 3.005333333333332746e+00 1.595003067313590928e-01
3.904999999999999805e+00 3.813333333333333020e+00 3.580000000000000071e+00 3.846000000000000085e+00 3.983000000000000096e+00 3.491999999999999549e+00 3.088666666666666227e+00 2.912999999999999812e+00 1.579948211684738812e-01
3.884666666666666490e+00 3.904999999999999805e+00 3.813333333333333020e+00 3.580000000000000071e+00 3.846000000000000085e+00 3.983000000000000096e+00 3.491999999999999549e+00 3.088666666666666227e+00 1.511073077122555841e-01
3.731999999999999762e+00 3.884666666666666490e+00 3.904999999999999805e+00 3.813333333333333020e+00 3.580000000000000071e+00 3.846000000000000085e+00 3.983000000000000096e+00 3.491999999999999549e+00 1.408089345004527593e-01
3.817666666666666320e+00 3.731999999999999762e+00 3.884666666666666490e+00 3.904999999999999805e+00 3.813333333333333020e+00 3.580000000000000071e+00 3.846000000000000085e+00 3.983000000000000096e+00 1.427485292651310966e-01
3.835333333333333261e+00 3.817666666666666320e+00 3.731999999999999762e+00 3.884666666666666490e+00 3.904999999999999805e+00 3.813333333333333020e+00 3.580000000000000071e+00 3.846000000000000085e+00 1.443011939400020149e-01
3.825333333333333030e+00 3.835333333333333261e+00 3.817666666666666320e+00 3.731999999999999762e+00 3.884666666666666490e+00 3.904999999999999805e+00 3.813333333333333020e+00 3.580000000000000071e+00 1.439827361236575287e-01
3.585999999999999854e+00 3.825333333333333030e+00 3.835333333333333261e+00 3.817666666666666320e+00 3.731999999999999762e+00 3.884666666666666490e+00 3.904999999999999805e+00 3.813333333333333020e+00 1.337394331178518025e-01
3.701333333333332920e+00 3.585999999999999854e+00 3.825333333333333030e+00 3.835333333333333261e+00 3.817666666666666320e+00 3.731999999999999762e+00 3.884666666666666490e+00 3.904999999999999805e+00 1.392211439604804368e-01
3.960666666666666558e+00 3.701333333333332920e+00 3.585999999999999854e+00 3.825333333333333030e+00 3.835333333333333261e+00 3.817666666666666320e+00 3.731999999999999762e+00 3.884666666666666490e+00 1.501257154408884853e-01
3.798000000000000043e+00 3.960666666666666558e+00 3.701333333333332920e+00 3.585999999999999854e+00 3.825333333333333030e+00 3.835333333333333261e+00 3.817666666666666320e+00 3.731999999999999762e+00 1.435464566929133823e-01
3.217666666666666675e+00 3.798000000000000043e+00 3.960666666666666558e+00 3.701333333333332920e+00 3.585999999999999854e+00 3.825333333333333030e+00 3.835333333333333261e+00 3.817666666666666320e+00 1.213099920827416245e-01
2.582000000000000295e+00 3.217666666666666675e+00 3.798000000000000043e+00 3.960666666666666558e+00 3.701333333333332920e+00 3.585999999999999854e+00 3.825333333333333030e+00 3.835333333333333261e+00 9.959754670644055397e-02
2.939666666666666206e+00 2.582000000000000295e+00 3.217666666666666675e+00 3.798000000000000043e+00 3.960666666666666558e+00 3.701333333333332920e+00 3.585999999999999854e+00 3.825333333333333030e+00 1.191547430856741280e-01
2.899666666666667059e+00 2.939666666666666206e+00 2.582000000000000295e+00 3.217666666666666675e+00 3.798000000000000043e+00 3.960666666666666558e+00 3.701333333333332920e+00 3.585999999999999854e+00 1.219098604181849121e-01
2.556000000000000050e+00 2.899666666666667059e+00 2.939666666666666206e+00 2.582000000000000295e+00 3.217666666666666675e+00 3.798000000000000043e+00 3.960666666666666558e+00 3.701333333333332920e+00 1.106541408718992175e-01
2.295333333333333670e+00 2.556000000000000050e+00 2.899666666666667059e+00 2.939666666666666206e+00 2.582000000000000295e+00 3.217666666666666675e+00 3.798000000000000043e+00 3.960666666666666558e+00 1.045535294028332313e-01
2.654666666666666952e+00 2.295333333333333670e+00 2.556000000000000050e+00 2.899666666666667059e+00 2.939666666666666206e+00 2.582000000000000295e+00 3.217666666666666675e+00 3.798000000000000043e+00 1.308469563788712819e-01
2.645333333333333314e+00 2.654666666666666952e+00 2.295333333333333670e+00 2.556000000000000050e+00 2.899666666666667059e+00 2.939666666666666206e+00 2.582000000000000295e+00 3.217666666666666675e+00 1.381735875337337660e-01
2.682333333333333680e+00 2.645333333333333314e+00 2.654666666666666952e+00 2.295333333333333670e+00 2.556000000000000050e+00 2.899666666666667059e+00 2.939666666666666206e+00 2.582000000000000295e+00 1.444237050863275973e-01
2.770000000000000018e+00 2.682333333333333680e+00 2.645333333333333314e+00 2.654666666666666952e+00 2.295333333333333670e+00 2.556000000000000050e+00 2.899666666666667059e+00 2.939666666666666206e+00 1.483425266427461919e-01
2.822333333333332916e+00 2.770000000000000018e+00 2.682333333333333680e+00 2.645333333333333314e+00 2.654666666666666952e+00 2.295333333333333670e+00 2.556000000000000050e+00 2.899666666666667059e+00 1.525310754818950953e-01
2.899666666666666615e+00 2.822333333333332916e+00 2.770000000000000018e+00 2.682333333333333680e+00 2.645333333333333314e+00 2.654666666666666952e+00 2.295333333333333670e+00 2.556000000000000050e+00 1.573682115850790486e-01
