7.674207453599800033e+01 -1.000000000000000000e+08 -1.000000000000000000e+08 -1.000000000000000000e+08 7.963498843103000979e+01 -1.000000000000000000e+08 -1.000000000000000000e+08 -1.000000000000000000e+08 -1.279034745359828641e-07
-1.000000000000000000e+08 7.674207453599800033e+01 -1.000000000000000000e+08 -1.000000000000000000e+08 -1.000000000000000000e+08 7.963498843103000979e+01 -1.000000000000000000e+08 -1.000000000000000000e+08 -1.000000000000000000e+08
-1.000000000000000000e+08 -1.000000000000000000e+08 7.674207453599800033e+01 -1.000000000000000000e+08 -1.000000000000000000e+08 -1.000000000000000000e+08 7.963498843103000979e+01 -1.000000000000000000e+08 -1.000000000000000000e+08
-1.000000000000000000e+08 -1.000000000000000000e+08 -1.000000000000000000e+08 7.674207453599800033e+01 -1.000000000000000000e+08 -1.000000000000000000e+08 -1.000000000000000000e+08 7.963498843103000979e+01 -1.000000000000000000e+08
7.705381962620799641e+01 -1.000000000000000000e+08 -1.000000000000000000e+08 -1.000000000000000000e+08 7.674207453599800033e+01 -1.000000000000000000e+08 -1.000000000000000000e+08 -1.000000000000000000e+08 -1.284230491360986635e-07
-1.000000000000000000e+08 7.705381962620799641e+01 -1.000000000000000000e+08 -1.000000000000000000e+08 -1.000000000000000000e+08 7.674207453599800033e+01 -1.000000000000000000e+08 -1.000000000000000000e+08 -1.000000000000000000e+08
-1.000000000000000000e+08 -1.000000000000000000e+08 7.705381962620799641e+01 -1.000000000000000000e+08 -1.000000000000000000e+08 -1.000000000000000000e+08 7.674207453599800033e+01 -1.000000000000000000e+08 -1.000000000000000000e+08
-1.000000000000000000e+08 -1.000000000000000000e+08 -1.000000000000000000e+08 7.705381962620799641e+01 -1.000000000000000000e+08 -1.000000000000000000e+08 -1.000000000000000000e+08 7.674207453599800033e+01 -1.000000000000000000e+08
7.888788053790899824e+01 -1.000000000000000000e+08 -1.000000000000000000e+08 -1.000000000000000000e+08 7.705381962620799641e+01 -1.000000000000000000e+08 -1.000000000000000000e+08 -1.000000000000000000e+08 -1.314798177815519350e-07
-1.000000000000000000e+08 7.888788053790899824e+01 -1.000000000000000000e+08 -1.000000000000000000e+08 -1.000000000000000000e+08 7.705381962620799641e+01 -1.000000000000000000e+08 -1.000000000000000000e+08 -1.000000000000000000e+08
-1.000000000000000000e+08 -1.000000000000000000e+08 7.888788053790899824e+01 -1.000000000000000000e+08 -1.000000000000000000e+08 -1.000000000000000000e+08 7.705381962620799641e+01 -1.000000000000000000e+08 -1.000000000000000000e+08
-1.000000000000000000e+08 -1.000000000000000000e+08 -1.000000000000000000e+08 7.888788053790899824e+01 -1.000000000000000000e+08 -1.000000000000000000e+08 -1.000000000000000000e+08 7.705381962620799641e+01 -1.000000000000000000e+08
7.989887108940500582e+01 -1.000000000000000000e+08 -1.000000000000000000e+08 -1.000000000000000000e+08 7.888788053790899824e+01 -1.000000000000000000e+08 -1.000000000000000000e+08 -1.000000000000000000e+08 -1.331648026574900931e-07
-1.000000000000000000e+08 7.989887108940500582e+01 -1.000000000000000000e+08 -1.000000000000000000e+08 -1.000000000000000000e+08 7.888788053790899824e+01 -1.000000000000000000e+08 -1.000000000000000000e+08 -1.000000000000000000e+08
-1.000000000000000000e+08 -1.000000000000000000e+08 7.989887108940500582e+01 -1.000000000000000000e+08 -1.000000000000000000e+08 -1.000000000000000000e+08 7.888788053790899824e+01 -1.000000000000000000e+08 -1.000000000000000000e+08
-1.000000000000000000e+08 -1.000000000000000000e+08 -1.000000000000000000e+08 7.989887108940500582e+01 -1.000000000000000000e+08 -1.000000000000000000e+08 -1.000000000000000000e+08 7.888788053790899824e+01 -1.000000000000000000e+08
7.774430980443401040e+01 -1.000000000000000000e+08 -1.000000000000000000e+08 -1.000000000000000000e+08 7.989887108940500582e+01 -1.000000000000000000e+08 -1.000000000000000000e+08 -1.000000000000000000e+08 -1.295738669287328316e-07
-1.000000000000000000e+08 7.774430980443401040e+01 -1.000000000000000000e+08 -1.000000000000000000e+08 -1.000000000000000000e+08 7.989887108940500582e+01 -1.000000000000000000e+08 -1.000000000000000000e+08 -1.000000000000000000e+08
-1.000000000000000000e+08 -1.000000000000000000e+08 7.774430980443401040e+01 -1.000000000000000000e+08 -1.000000000000000000e+08 -1.000000000000000000e+08 7.989887108940500582e+01 -1.000000000000000000e+08 -1.000000000000000000e+08
-1.000000000000000000e+08 -1.000000000000000000e+08 -1.000000000000000000e+08 7.774430980443401040e+01 -1.000000000000000000e+08 -1.000000000000000000e+08 -1.000000000000000000e+08 7.989887108940500582e+01 -1.000000000000000000e+08
7.789285948266299897e+01 -1.000000000000000000e+08 -1.000000000000000000e+08 -1.000000000000000000e+08 7.774430980443401040e+01 -1.000000000000000000e+08 -1.000000000000000000e+08 -1.000000000000000000e+08 -1.298214492925699404e-07
-1.000000000000000000e+08 7.789285948266299897e+01 -1.000000000000000000e+08 -1.000000000000000000e+08 -1.000000000000000000e+08 7.774430980443401040e+01 -1.000000000000000000e+08 -1.000000000000000000e+08 -1.000000000000000000e+08
-1.000000000000000000e+08 -1.000000000000000000e+08 7.789285948266299897e+01 -1.000000000000000000e+08 -1.000000000000000000e+08 -1.000000000000000000e+08 7.774430980443401040e+01 -1.000000000000000000e+08 -1.000000000000000000e+08
-1.000000000000000000e+08 -1.000000000000000000e+08 -1.000000000000000000e+08 7.789285948266299897e+01 -1.000000000000000000e+08 -1.000000000000000000e+08 -1.000000000000000000e+08 7.774430980443401040e+01 -1.000000000000000000e+08
7.939146428733100436e+01 -1.000000000000000000e+08 -1.000000000000000000e+08 -1.000000000000000000e+08 7.789285948266299897e+01 -1.000000000000000000e+08 -1.000000000000000000e+08 -1.000000000000000000e+08 -1.323191243234099195e-07
-1.000000000000000000e+08 7.939146428733100436e+01 -1.000000000000000000e+08 -1.000000000000000000e+08 -1.000000000000000000e+08 7.789285948266299897e+01 -1.000000000000000000e+08 -1.000000000000000000e+08 -1.000000000000000000e+08
-1.000000000000000000e+08 -1.000000000000000000e+08 7.939146428733100436e+01 -1.000000000000000000e+08 -1.000000000000000000e+08 -1.000000000000000000e+08 7.789285948266299897e+01 -1.000000000000000000e+08 -1.000000000000000000e+08
-1.000000000000000000e+08 -1.000000000000000000e+08 -1.000000000000000000e+08 7.939146428733100436e+01 -1.000000000000000000e+08 -1.000000000000000000e+08 -1.000000000000000000e+08 7.789285948266299897e+01 -1.000000000000000000e+08
7.879060548990599955e+01 -1.000000000000000000e+08 -1.000000000000000000e+08 -1.000000000000000000e+08 7.939146428733100436e+01 -1.000000000000000000e+08 -1.000000000000000000e+08 -1.000000000000000000e+08 -1.313176931923499159e-07
-1.000000000000000000e+08 7.879060548990599955e+01 -1.000000000000000000e+08 -1.000000000000000000e+08 -1.000000000000000000e+08 7.939146428733100436e+01 -1.000000000000000000e+08 -1.000000000000000000e+08 -1.000000000000000000e+08
-1.000000000000000000e+08 -1.000000000000000000e+08 7.879060548990599955e+01 -1.000000000000000000e+08 -1.000000000000000000e+08 -1.000000000000000000e+08 7.939146428733100436e+01 -1.000000000000000000e+08 -1.000000000000000000e+08
-1.000000000000000000e+08 -1.000000000000000000e+08 -1.000000000000000000e+08 7.879060548990599955e+01 -1.000000000000000000e+08 -1.000000000000000000e+08 -1.000000000000000000e+08 7.939146428733100436e+01 -1.000000000000000000e+08
7.898128130837800143e+01 -1.000000000000000000e+08 -1.000000000000000000e+08 -1.000000000000000000e+08 7.879060548990599955e+01 -1.000000000000000000e+08 -1.000000000000000000e+08 -1.000000000000000000e+08 -1.316354861333627864e-07
-1.000000000000000000e+08 7.898128130837800143e+01 -1.000000000000000000e+08 -1.000000000000000000e+08 -1.000000000000000000e+08 7.879060548990599955e+01 -1.000000000000000000e+08 -1.000000000000000000e+08 -1.000000000000000000e+08
-1.000000000000000000e+08 -1.000000000000000000e+08 7.898128130837800143e+01 -1.000000000000000000e+08 -1.000000000000000000e+08 -1.000000000000000000e+08 7.879060548990599955e+01 -1.000000000000000000e+08 -1.000000000000000000e+08
-1.000000000000000000e+08 -1.000000000000000000e+08 -1.000000000000000000e+08 7.898128130837800143e+01 -1.000000000000000000e+08 -1.000000000000000000e+08 -1.000000000000000000e+08 7.879060548990599955e+01 -1.000000000000000000e+08
7.872200104739600590e+01 -1.000000000000000000e+08 -1.000000000000000000e+08 -1.000000000000000000e+08 7.898128130837800143e+01 -1.000000000000000000e+08 -1.000000000000000000e+08 -1.000000000000000000e+08 -1.312033523500081421e-07
-1.000000000000000000e+08 7.872200104739600590e+01 -1.000000000000000000e+08 -1.000000000000000000e+08 -1.000000000000000000e+08 7.898128130837800143e+01 -1.000000000000000000e+08 -1.000000000000000000e+08 -1.000000000000000000e+08
-1.000000000000000000e+08 -1.000000000000000000e+08 7.872200104739600590e+01 -1.000000000000000000e+08 -1.000000000000000000e+08 -1.000000000000000000e+08 7.898128130837800143e+01 -1.000000000000000000e+08 -1.000000000000000000e+08
-1.000000000000000000e+08 -1.000000000000000000e+08 -1.000000000000000000e+08 7.872200104739600590e+01 -1.000000000000000000e+08 -1.000000000000000000e+08 -1.000000000000000000e+08 7.898128130837800143e+01 -1.000000000000000000e+08
7.664016069981499868e+01 -1.000000000000000000e+08 -1.000000000000000000e+08 -1.000000000000000000e+08 7.872200104739600590e+01 -1.000000000000000000e+08 -1.000000000000000000e+08 -1.000000000000000000e+08 -1.277336179254350162e-07
-1.000000000000000000e+08 7.664016069981499868e+01 -1.000000000000000000e+08 -1.000000000000000000e+08 -1.000000000000000000e+08 7.872200104739600590e+01 -1.000000000000000000e+08 -1.000000000000000000e+08 -1.000000000000000000e+08
-1.000000000000000000e+08 -1.000000000000000000e+08 7.664016069981499868e+01 -1.000000000000000000e+08 -1.000000000000000000e+08 -1.000000000000000000e+08 7.872200104739600590e+01 -1.000000000000000000e+08 -1.000000000000000000e+08
-1.000000000000000000e+08 -1.000000000000000000e+08 -1.000000000000000000e+08 7.664016069981499868e+01 -1.000000000000000000e+08 -1.000000000000000000e+08 -1.000000000000000000e+08 7.872200104739600590e+01 -1.000000000000000000e+08
7.681353949728800501e+01 -1.000000000000000000e+08 -1.000000000000000000e+08 -1.000000000000000000e+08 7.664016069981499868e+01 -1.000000000000000000e+08 -1.000000000000000000e+08 -1.000000000000000000e+08 -1.280225821815987818e-07
-1.000000000000000000e+08 7.681353949728800501e+01 -1.000000000000000000e+08 -1.000000000000000000e+08 -1.000000000000000000e+08 7.664016069981499868e+01 -1.000000000000000000e+08 -1.000000000000000000e+08 -1.000000000000000000e+08
-1.000000000000000000e+08 -1.000000000000000000e+08 7.681353949728800501e+01 -1.000000000000000000e+08 -1.000000000000000000e+08 -1.000000000000000000e+08 7.664016069981499868e+01 -1.000000000000000000e+08 -1.000000000000000000e+08
-1.000000000000000000e+08 -1.000000000000000000e+08 -1.000000000000000000e+08 7.681353949728800501e+01 -1.000000000000000000e+08 -1.000000000000000000e+08 -1.000000000000000000e+08 7.664016069981499868e+01 -1.000000000000000000e+08
7.631543515929699595e+01 -1.000000000000000000e+08 -1.000000000000000000e+08 -1.000000000000000000e+08 7.681353949728800501e+01 -1.000000000000000000e+08 -1.000000000000000000e+08 -1.000000000000000000e+08 -1.271924082156601100e-07
-1.000000000000000000e+08 7.631543515929699595e+01 -1.000000000000000000e+08 -1.000000000000000000e+08 -1.000000000000000000e+08 7.681353949728800501e+01 -1.000000000000000000e+08 -1.000000000000000000e+08 -1.000000000000000000e+08
-1.000000000000000000e+08 -1.000000000000000000e+08 7.631543515929699595e+01 -1.000000000000000000e+08 -1.000000000000000000e+08 -1.000000000000000000e+08 7.681353949728800501e+01 -1.000000000000000000e+08 -1.000000000000000000e+08
-1.000000000000000000e+08 -1.000000000000000000e+08 -1.000000000000000000e+08 7.631543515929699595e+01 -1.000000000000000000e+08 -1.000000000000000000e+08 -1.000000000000000000e+08 7.681353949728800501e+01 -1.000000000000000000e+08
8.077302578850299142e+01 -1.000000000000000000e+08 -1.000000000000000000e+08 -1.000000000000000000e+08 7.631543515929699595e+01 -1.000000000000000000e+08 -1.000000000000000000e+08 -1.000000000000000000e+08 -1.346217267703644331e-07
-1.000000000000000000e+08 8.077302578850299142e+01 -1.000000000000000000e+08 -1.000000000000000000e+08 -1.000000000000000000e+08 7.631543515929699595e+01 -1.000000000000000000e+08 -1.000000000000000000e+08 -1.000000000000000000e+08
-1.000000000000000000e+08 -1.000000000000000000e+08 8.077302578850299142e+01 -1.000000000000000000e+08 -1.000000000000000000e+08 -1.000000000000000000e+08 7.631543515929699595e+01 -1.000000000000000000e+08 -1.000000000000000000e+08
-1.000000000000000000e+08 -1.000000000000000000e+08 -1.000000000000000000e+08 8.077302578850299142e+01 -1.000000000000000000e+08 -1.000000000000000000e+08 -1.000000000000000000e+08 7.631543515929699595e+01 -1.000000000000000000e+08
8.279484771968000700e+01 -1.000000000000000000e+08 -1.000000000000000000e+08 -1.000000000000000000e+08 8.077302578850299142e+01 -1.000000000000000000e+08 -1.000000000000000000e+08 -1.000000000000000000e+08 -1.379914314427757626e-07
-1.000000000000000000e+08 8.279484771968000700e+01 -1.000000000000000000e+08 -1.000000000000000000e+08 -1.000000000000000000e+08 8.077302578850299142e+01 -1.000000000000000000e+08 -1.000000000000000000e+08 -1.000000000000000000e+08
-1.000000000000000000e+08 -1.000000000000000000e+08 8.279484771968000700e+01 -1.000000000000000000e+08 -1.000000000000000000e+08 -1.000000000000000000e+08 8.077302578850299142e+01 -1.000000000000000000e+08 -1.000000000000000000e+08
-1.000000000000000000e+08 -1.000000000000000000e+08 -1.000000000000000000e+08 8.279484771968000700e+01 -1.000000000000000000e+08 -1.000000000000000000e+08 -1.000000000000000000e+08 8.077302578850299142e+01 -1.000000000000000000e+08
8.272701137236599322e+01 -1.000000000000000000e+08 -1.000000000000000000e+08 -1.000000000000000000e+08 8.279484771968000700e+01 -1.000000000000000000e+08 -1.000000000000000000e+08 -1.000000000000000000e+08 -1.378783713133079131e-07
-1.000000000000000000e+08 8.272701137236599322e+01 -1.000000000000000000e+08 -1.000000000000000000e+08 -1.000000000000000000e+08 8.279484771968000700e+01 -1.000000000000000000e+08 -1.000000000000000000e+08 -1.000000000000000000e+08
-1.000000000000000000e+08 -1.000000000000000000e+08 8.272701137236599322e+01 -1.000000000000000000e+08 -1.000000000000000000e+08 -1.000000000000000000e+08 8.279484771968000700e+01 -1.000000000000000000e+08 -1.000000000000000000e+08
-1.000000000000000000e+08 -1.000000000000000000e+08 -1.000000000000000000e+08 8.272701137236599322e+01 -1.000000000000000000e+08 -1.000000000000000000e+08 -1.000000000000000000e+08 8.279484771968000700e+01 -1.000000000000000000e+08
8.319660676053599957e+01 -1.000000000000000000e+08 -1.000000000000000000e+08 -1.000000000000000000e+08 8.272701137236599322e+01 -1.000000000000000000e+08 -1.000000000000000000e+08 -1.000000000000000000e+08 -1.386610303859144076e-07
-1.000000000000000000e+08 8.319660676053599957e+01 -1.000000000000000000e+08 -1.000000000000000000e+08 -1.000000000000000000e+08 8.272701137236599322e+01 -1.000000000000000000e+08 -1.000000000000000000e+08 -1.000000000000000000e+08
-1.000000000000000000e+08 -1.000000000000000000e+08 8.319660676053599957e+01 -1.000000000000000000e+08 -1.000000000000000000e+08 -1.000000000000000000e+08 8.272701137236599322e+01 -1.000000000000000000e+08 -1.000000000000000000e+08
-1.000000000000000000e+08 -1.000000000000000000e+08 -1.000000000000000000e+08 8.319660676053599957e+01 -1.000000000000000000e+08 -1.000000000000000000e+08 -1.000000000000000000e+08 8.272701137236599322e+01 -1.000000000000000000e+08
8.344615919614599875e+01 -1.000000000000000000e+08 -1.000000000000000000e+08 -1.000000000000000000e+08 8.319660676053599957e+01 -1.000000000000000000e+08 -1.000000000000000000e+08 -1.000000000000000000e+08 -1.390769512781273738e-07
-1.000000000000000000e+08 8.344615919614599875e+01 -1.000000000000000000e+08 -1.000000000000000000e+08 -1.000000000000000000e+08 8.319660676053599957e+01 -1.000000000000000000e+08 -1.000000000000000000e+08 -1.000000000000000000e+08
-1.000000000000000000e+08 -1.000000000000000000e+08 8.344615919614599875e+01 -1.000000000000000000e+08 -1.000000000000000000e+08 -1.000000000000000000e+08 8.319660676053599957e+01 -1.000000000000000000e+08 -1.000000000000000000e+08
-1.000000000000000000e+08 -1.000000000000000000e+08 -1.000000000000000000e+08 8.344615919614599875e+01 -1.000000000000000000e+08 -1.000000000000000000e+08 -1.000000000000000000e+08 8.319660676053599957e+01 -1.000000000000000000e+08
8.480835495034099836e+01 -1.000000000000000000e+08 -1.000000000000000000e+08 -1.000000000000000000e+08 8.344615919614599875e+01 -1.000000000000000000e+08 -1.000000000000000000e+08 -1.000000000000000000e+08 -1.413472779087140724e-07
-1.000000000000000000e+08 8.480835495034099836e+01 -1.000000000000000000e+08 -1.000000000000000000e+08 -1.000000000000000000e+08 8.344615919614599875e+01 -1.000000000000000000e+08 -1.000000000000000000e+08 -1.000000000000000000e+08
-1.000000000000000000e+08 -1.000000000000000000e+08 8.480835495034099836e+01 -1.000000000000000000e+08 -1.000000000000000000e+08 -1.000000000000000000e+08 8.344615919614599875e+01 -1.000000000000000000e+08 -1.000000000000000000e+08
-1.000000000000000000e+08 -1.000000000000000000e+08 -1.000000000000000000e+08 8.480835495034099836e+01 -1.000000000000000000e+08 -1.000000000000000000e+08 -1.000000000000000000e+08 8.344615919614599875e+01 -1.000000000000000000e+08
8.461393100421199165e+01 -1.000000000000000000e+08 -1.000000000000000000e+08 -1.000000000000000000e+08 8.480835495034099836e+01 -1.000000000000000000e+08 -1.000000000000000000e+08 -1.000000000000000000e+08 -1.410232382736014040e-07
-1.000000000000000000e+08 8.461393100421199165e+01 -1.000000000000000000e+08 -1.000000000000000000e+08 -1.000000000000000000e+08 8.480835495034099836e+01 -1.000000000000000000e+08 -1.000000000000000000e+08 -1.000000000000000000e+08
-1.000000000000000000e+08 -1.000000000000000000e+08 8.461393100421199165e+01 -1.000000000000000000e+08 -1.000000000000000000e+08 -1.000000000000000000e+08 8.480835495034099836e+01 -1.000000000000000000e+08 -1.000000000000000000e+08
-1.000000000000000000e+08 -1.000000000000000000e+08 -1.000000000000000000e+08 8.461393100421199165e+01 -1.000000000000000000e+08 -1.000000000000000000e+08 -1.000000000000000000e+08 8.480835495034099836e+01 -1.000000000000000000e+08
8.623908799805499825e+01 -1.000000000000000000e+08 -1.000000000000000000e+08 -1.000000000000000000e+08 8.461393100421199165e+01 -1.000000000000000000e+08 -1.000000000000000000e+08 -1.000000000000000000e+08 -1.437318335996174119e-07
-1.000000000000000000e+08 8.623908799805499825e+01 -1.000000000000000000e+08 -1.000000000000000000e+08 -1.000000000000000000e+08 8.461393100421199165e+01 -1.000000000000000000e+08 -1.000000000000000000e+08 -1.000000000000000000e+08
-1.000000000000000000e+08 -1.000000000000000000e+08 8.623908799805499825e+01 -1.000000000000000000e+08 -1.000000000000000000e+08 -1.000000000000000000e+08 8.461393100421199165e+01 -1.000000000000000000e+08 -1.000000000000000000e+08
-1.000000000000000000e+08 -1.000000000000000000e+08 -1.000000000000000000e+08 8.623908799805499825e+01 -1.000000000000000000e+08 -1.000000000000000000e+08 -1.000000000000000000e+08 8.461393100421199165e+01 -1.000000000000000000e+08
8.570969790261500521e+01 -1.000000000000000000e+08 -1.000000000000000000e+08 -1.000000000000000000e+08 8.623908799805499825e+01 -1.000000000000000000e+08 -1.000000000000000000e+08 -1.000000000000000000e+08 -1.428495170363784837e-07
-1.000000000000000000e+08 8.570969790261500521e+01 -1.000000000000000000e+08 -1.000000000000000000e+08 -1.000000000000000000e+08 8.623908799805499825e+01 -1.000000000000000000e+08 -1.000000000000000000e+08 -1.000000000000000000e+08
-1.000000000000000000e+08 -1.000000000000000000e+08 8.570969790261500521e+01 -1.000000000000000000e+08 -1.000000000000000000e+08 -1.000000000000000000e+08 8.623908799805499825e+01 -1.000000000000000000e+08 -1.000000000000000000e+08
-1.000000000000000000e+08 -1.000000000000000000e+08 -1.000000000000000000e+08 8.570969790261500521e+01 -1.000000000000000000e+08 -1.000000000000000000e+08 -1.000000000000000000e+08 8.623908799805499825e+01 -1.000000000000000000e+08
8.605996591094499593e+01 -1.000000000000000000e+08 -1.000000000000000000e+08 -1.000000000000000000e+08 8.570969790261500521e+01 -1.000000000000000000e+08 -1.000000000000000000e+08 -1.000000000000000000e+08 -1.434332970076159413e-07
-1.000000000000000000e+08 8.605996591094499593e+01 -1.000000000000000000e+08 -1.000000000000000000e+08 -1.000000000000000000e+08 8.570969790261500521e+01 -1.000000000000000000e+08 -1.000000000000000000e+08 -1.000000000000000000e+08
-1.000000000000000000e+08 -1.000000000000000000e+08 8.605996591094499593e+01 -1.000000000000000000e+08 -1.000000000000000000e+08 -1.000000000000000000e+08 8.570969790261500521e+01 -1.000000000000000000e+08 -1.000000000000000000e+08
-1.000000000000000000e+08 -1.000000000000000000e+08 -1.000000000000000000e+08 8.605996591094499593e+01 -1.000000000000000000e+08 -1.000000000000000000e+08 -1.000000000000000000e+08 8.570969790261500521e+01 -1.000000000000000000e+08
8.647190999999999406e+01 -1.000000000000000000e+08 -1.000000000000000000e+08 -1.000000000000000000e+08 8.605996591094499593e+01 -1.000000000000000000e+08 -1.000000000000000000e+08 -1.000000000000000000e+08 -1.441198706715852404e-07
-1.000000000000000000e+08 8.647190999999999406e+01 -1.000000000000000000e+08 -1.000000000000000000e+08 -1.000000000000000000e+08 8.605996591094499593e+01 -1.000000000000000000e+08 -1.000000000000000000e+08 -1.000000000000000000e+08
-1.000000000000000000e+08 -1.000000000000000000e+08 8.647190999999999406e+01 -1.000000000000000000e+08 -1.000000000000000000e+08 -1.000000000000000000e+08 8.605996591094499593e+01 -1.000000000000000000e+08 -1.000000000000000000e+08
-1.000000000000000000e+08 -1.000000000000000000e+08 -1.000000000000000000e+08 8.647190999999999406e+01 -1.000000000000000000e+08 -1.000000000000000000e+08 -1.000000000000000000e+08 8.605996591094499593e+01 -1.000000000000000000e+08
8.852540000000000475e+01 -1.000000000000000000e+08 -1.000000000000000000e+08 -1.000000000000000000e+08 8.647190999999999406e+01 -1.000000000000000000e+08 -1.000000000000000000e+08 -1.000000000000000000e+08 -1.475423545971153457e-07
-1.000000000000000000e+08 8.852540000000000475e+01 -1.000000000000000000e+08 -1.000000000000000000e+08 -1.000000000000000000e+08 8.647190999999999406e+01 -1.000000000000000000e+08 -1.000000000000000000e+08 -1.000000000000000000e+08
-1.000000000000000000e+08 -1.000000000000000000e+08 8.852540000000000475e+01 -1.000000000000000000e+08 -1.000000000000000000e+08 -1.000000000000000000e+08 8.647190999999999406e+01 -1.000000000000000000e+08 -1.000000000000000000e+08
-1.000000000000000000e+08 -1.000000000000000000e+08 -1.000000000000000000e+08 8.852540000000000475e+01 -1.000000000000000000e+08 -1.000000000000000000e+08 -1.000000000000000000e+08 8.647190999999999406e+01 -1.000000000000000000e+08
-1.000000000000000000e+08 -1.000000000000000000e+08 -1.000000000000000000e+08 -1.000000000000000000e+08 8.852540000000000475e+01 -1.000000000000000000e+08 -1.000000000000000000e+08 -1.000000000000000000e+08 -1.000000000000000000e+08
-1.000000000000000000e+08 -1.000000000000000000e+08 -1.000000000000000000e+08 -1.000000000000000000e+08 -1.000000000000000000e+08 8.852540000000000475e+01 -1.000000000000000000e+08 -1.000000000000000000e+08 -1.000000000000000000e+08
-1.000000000000000000e+08 -1.000000000000000000e+08 -1.000000000000000000e+08 -1.000000000000000000e+08 -1.000000000000000000e+08 -1.000000000000000000e+08 8.852540000000000475e+01 -1.000000000000000000e+08 -1.000000000000000000e+08
-1.000000000000000000e+08 -1.000000000000000000e+08 -1.000000000000000000e+08 -1.000000000000000000e+08 -1.000000000000000000e+08 -1.000000000000000000e+08 -1.000000000000000000e+08 8.852540000000000475e+01 -1.000000000000000000e+08
