7.513333333333332575e+01 8.559999999999998010e+01 9.413333333333332575e+01 6.143333333333333712e+01 6.796666666666666856e+01 9.173333333333333428e+01 1.084333333333333229e+02 1.021333333333333258e+02 1.228806629231859321e-01
7.939999999999999147e+01 7.513333333333332575e+01 8.559999999999998010e+01 9.413333333333332575e+01 6.143333333333333712e+01 6.796666666666666856e+01 9.173333333333333428e+01 1.084333333333333229e+02 1.358580961615239724e-01
1.033999999999999915e+02 7.939999999999999147e+01 7.513333333333332575e+01 8.559999999999998010e+01 9.413333333333332575e+01 6.143333333333333712e+01 6.796666666666666856e+01 9.173333333333333428e+01 1.861721281958948482e-01
9.776666666666666572e+01 1.033999999999999915e+02 7.939999999999999147e+01 7.513333333333332575e+01 8.559999999999998010e+01 9.413333333333332575e+01 6.143333333333333712e+01 6.796666666666666856e+01 1.724077122031507370e-01
8.433333333333332860e+01 9.776666666666666572e+01 1.033999999999999915e+02 7.939999999999999147e+01 7.513333333333332575e+01 8.559999999999998010e+01 9.413333333333332575e+01 6.143333333333333712e+01 1.412934211995979239e-01
7.976666666666666572e+01 8.433333333333332860e+01 9.776666666666666572e+01 1.033999999999999915e+02 7.939999999999999147e+01 7.513333333333332575e+01 8.559999999999998010e+01 9.413333333333332575e+01 1.287043510998762963e-01
1.089333333333333371e+02 7.976666666666666572e+01 8.433333333333332860e+01 9.776666666666666572e+01 1.033999999999999915e+02 7.939999999999999147e+01 7.513333333333332575e+01 8.559999999999998010e+01 1.799361303821165325e-01
1.092999999999999972e+02 1.089333333333333371e+02 7.976666666666666572e+01 8.433333333333332860e+01 9.776666666666666572e+01 1.033999999999999915e+02 7.939999999999999147e+01 7.513333333333332575e+01 1.738415862580850735e-01
1.017333333333333343e+02 1.092999999999999972e+02 1.089333333333333371e+02 7.976666666666666572e+01 8.433333333333332860e+01 9.776666666666666572e+01 1.033999999999999915e+02 7.939999999999999147e+01 1.534670890531503185e-01
9.626666666666666572e+01 1.017333333333333343e+02 1.092999999999999972e+02 1.089333333333333371e+02 7.976666666666666572e+01 8.433333333333332860e+01 9.776666666666666572e+01 1.033999999999999915e+02 1.404874252079583441e-01
1.325999999999999943e+02 9.626666666666666572e+01 1.017333333333333343e+02 1.092999999999999972e+02 1.089333333333333371e+02 7.976666666666666572e+01 8.433333333333332860e+01 9.776666666666666572e+01 1.955463795900309609e-01
1.245000000000000000e+02 1.325999999999999943e+02 9.626666666666666572e+01 1.017333333333333343e+02 1.092999999999999972e+02 1.089333333333333371e+02 7.976666666666666572e+01 8.433333333333332860e+01 1.746306340003740132e-01
1.038999999999999915e+02 1.245000000000000000e+02 1.325999999999999943e+02 9.626666666666666572e+01 1.017333333333333343e+02 1.092999999999999972e+02 1.089333333333333371e+02 7.976666666666666572e+01 1.379630859115655306e-01
8.996666666666665435e+01 1.038999999999999915e+02 1.245000000000000000e+02 1.325999999999999943e+02 9.626666666666666572e+01 1.017333333333333343e+02 1.092999999999999972e+02 1.089333333333333371e+02 1.157524552901316450e-01
1.206000000000000085e+02 8.996666666666665435e+01 1.038999999999999915e+02 1.245000000000000000e+02 1.325999999999999943e+02 9.626666666666666572e+01 1.017333333333333343e+02 1.092999999999999972e+02 1.590469491823457149e-01
1.243999999999999915e+02 1.206000000000000085e+02 8.996666666666665435e+01 1.038999999999999915e+02 1.245000000000000000e+02 1.325999999999999943e+02 9.626666666666666572e+01 1.017333333333333343e+02 1.616494130896175274e-01
1.091333333333333258e+02 1.243999999999999915e+02 1.206000000000000085e+02 8.996666666666665435e+01 1.038999999999999915e+02 1.245000000000000000e+02 1.325999999999999943e+02 9.626666666666666572e+01 1.377540286952497195e-01
1.015666666666666771e+02 1.091333333333333258e+02 1.243999999999999915e+02 1.206000000000000085e+02 8.996666666666665435e+01 1.038999999999999915e+02 1.245000000000000000e+02 1.325999999999999943e+02 1.261541009398418622e-01
1.373333333333333428e+02 1.015666666666666771e+02 1.091333333333333258e+02 1.243999999999999915e+02 1.206000000000000085e+02 8.996666666666665435e+01 1.038999999999999915e+02 1.245000000000000000e+02 1.774179657221600370e-01
1.284333333333333087e+02 1.373333333333333428e+02 1.015666666666666771e+02 1.091333333333333258e+02 1.243999999999999915e+02 1.206000000000000085e+02 8.996666666666665435e+01 1.038999999999999915e+02 1.632143008429702835e-01
1.078666666666666742e+02 1.284333333333333087e+02 1.373333333333333428e+02 1.015666666666666771e+02 1.091333333333333258e+02 1.243999999999999915e+02 1.206000000000000085e+02 8.996666666666665435e+01 1.329334921743416942e-01
1.007666666666666515e+02 1.078666666666666742e+02 1.284333333333333087e+02 1.373333333333333428e+02 1.015666666666666771e+02 1.091333333333333258e+02 1.243999999999999915e+02 1.206000000000000085e+02 1.215032154340836001e-01
1.341333333333333258e+02 1.007666666666666515e+02 1.078666666666666742e+02 1.284333333333333087e+02 1.373333333333333428e+02 1.015666666666666771e+02 1.091333333333333258e+02 1.243999999999999915e+02 1.656989911467984244e-01
1.313666666666666742e+02 1.341333333333333258e+02 1.007666666666666515e+02 1.078666666666666742e+02 1.284333333333333087e+02 1.373333333333333428e+02 1.015666666666666771e+02 1.091333333333333258e+02 1.603531757334092922e-01
1.141000000000000085e+02 1.313666666666666742e+02 1.341333333333333258e+02 1.007666666666666515e+02 1.078666666666666742e+02 1.284333333333333087e+02 1.373333333333333428e+02 1.015666666666666771e+02 1.355965774045317651e-01
1.148333333333333286e+02 1.141000000000000085e+02 1.313666666666666742e+02 1.341333333333333258e+02 1.007666666666666515e+02 1.078666666666666742e+02 1.284333333333333087e+02 1.373333333333333428e+02 1.344652615144418251e-01
1.459666666666666686e+02 1.148333333333333286e+02 1.141000000000000085e+02 1.313666666666666742e+02 1.341333333333333258e+02 1.007666666666666515e+02 1.078666666666666742e+02 1.284333333333333087e+02 1.755462016436159511e-01
1.452333333333333201e+02 1.459666666666666686e+02 1.148333333333333286e+02 1.141000000000000085e+02 1.313666666666666742e+02 1.341333333333333258e+02 1.007666666666666515e+02 1.078666666666666742e+02 1.710572808291782598e-01
1.314000000000000057e+02 1.452333333333333201e+02 1.459666666666666686e+02 1.148333333333333286e+02 1.141000000000000085e+02 1.313666666666666742e+02 1.341333333333333258e+02 1.007666666666666515e+02 1.482400722021660622e-01
1.250000000000000000e+02 1.314000000000000057e+02 1.452333333333333201e+02 1.459666666666666686e+02 1.148333333333333286e+02 1.141000000000000085e+02 1.313666666666666742e+02 1.341333333333333258e+02 1.363091127185489249e-01
1.554000000000000057e+02 1.250000000000000000e+02 1.314000000000000057e+02 1.452333333333333201e+02 1.459666666666666686e+02 1.148333333333333286e+02 1.141000000000000085e+02 1.313666666666666742e+02 1.711642251349267396e-01
1.460999999999999943e+02 1.554000000000000057e+02 1.250000000000000000e+02 1.314000000000000057e+02 1.452333333333333201e+02 1.459666666666666686e+02 1.148333333333333286e+02 1.141000000000000085e+02 1.567708705916016632e-01
1.280333333333333314e+02 1.460999999999999943e+02 1.554000000000000057e+02 1.250000000000000000e+02 1.314000000000000057e+02 1.452333333333333201e+02 1.459666666666666686e+02 1.148333333333333286e+02 1.328238467390552568e-01
1.275999999999999801e+02 1.280333333333333314e+02 1.460999999999999943e+02 1.554000000000000057e+02 1.250000000000000000e+02 1.314000000000000057e+02 1.452333333333333201e+02 1.459666666666666686e+02 1.305860680903322413e-01
1.476333333333333258e+02 1.275999999999999801e+02 1.280333333333333314e+02 1.460999999999999943e+02 1.554000000000000057e+02 1.250000000000000000e+02 1.314000000000000057e+02 1.452333333333333201e+02 1.539825470222160320e-01
1.360000000000000000e+02 1.476333333333333258e+02 1.275999999999999801e+02 1.280333333333333314e+02 1.460999999999999943e+02 1.554000000000000057e+02 1.250000000000000000e+02 1.314000000000000057e+02 1.414947112883648273e-01
1.195666666666666771e+02 1.360000000000000000e+02 1.476333333333333258e+02 1.275999999999999801e+02 1.280333333333333314e+02 1.460999999999999943e+02 1.554000000000000057e+02 1.250000000000000000e+02 1.238049218237669696e-01
1.263333333333333286e+02 1.195666666666666771e+02 1.360000000000000000e+02 1.476333333333333258e+02 1.275999999999999801e+02 1.280333333333333314e+02 1.460999999999999943e+02 1.554000000000000057e+02 1.315515446025685709e-01
1.540999999999999943e+02 1.263333333333333286e+02 1.195666666666666771e+02 1.360000000000000000e+02 1.476333333333333258e+02 1.275999999999999801e+02 1.280333333333333314e+02 1.460999999999999943e+02 1.654735485718376309e-01
1.390666666666666629e+02 1.540999999999999943e+02 1.263333333333333286e+02 1.195666666666666771e+02 1.360000000000000000e+02 1.476333333333333258e+02 1.275999999999999801e+02 1.280333333333333314e+02 1.480587692526084131e-01
1.260666666666666771e+02 1.390666666666666629e+02 1.540999999999999943e+02 1.263333333333333286e+02 1.195666666666666771e+02 1.360000000000000000e+02 1.476333333333333258e+02 1.275999999999999801e+02 1.326598617980287165e-01
1.271333333333333258e+02 1.260666666666666771e+02 1.390666666666666629e+02 1.540999999999999943e+02 1.263333333333333286e+02 1.195666666666666771e+02 1.360000000000000000e+02 1.476333333333333258e+02 1.339985244000983511e-01
1.594000000000000057e+02 1.271333333333333258e+02 1.260666666666666771e+02 1.390666666666666629e+02 1.540999999999999943e+02 1.263333333333333286e+02 1.195666666666666771e+02 1.360000000000000000e+02 1.717178971559896461e-01
1.541666666666666572e+02 1.594000000000000057e+02 1.271333333333333258e+02 1.260666666666666771e+02 1.390666666666666629e+02 1.540999999999999943e+02 1.263333333333333286e+02 1.195666666666666771e+02 1.619964973730297630e-01
1.418333333333333428e+02 1.541666666666666572e+02 1.594000000000000057e+02 1.271333333333333258e+02 1.260666666666666771e+02 1.390666666666666629e+02 1.540999999999999943e+02 1.263333333333333286e+02 1.438083006624307214e-01
1.344333333333333371e+02 1.418333333333333428e+02 1.541666666666666572e+02 1.594000000000000057e+02 1.271333333333333258e+02 1.260666666666666771e+02 1.390666666666666629e+02 1.540999999999999943e+02 1.341962532858616275e-01
1.709666666666666970e+02 1.344333333333333371e+02 1.418333333333333428e+02 1.541666666666666572e+02 1.594000000000000057e+02 1.271333333333333258e+02 1.260666666666666771e+02 1.390666666666666629e+02 1.740827478532397110e-01
1.706666666666666572e+02 1.709666666666666970e+02 1.344333333333333371e+02 1.418333333333333428e+02 1.541666666666666572e+02 1.594000000000000057e+02 1.271333333333333258e+02 1.260666666666666771e+02 1.683103221564759833e-01
1.537333333333333485e+02 1.706666666666666572e+02 1.709666666666666970e+02 1.344333333333333371e+02 1.418333333333333428e+02 1.541666666666666572e+02 1.594000000000000057e+02 1.271333333333333258e+02 1.452232508344354356e-01
1.532666666666666799e+02 1.537333333333333485e+02 1.706666666666666572e+02 1.709666666666666970e+02 1.344333333333333371e+02 1.418333333333333428e+02 1.541666666666666572e+02 1.594000000000000057e+02 1.412335667772453562e-01
1.926666666666666572e+02 1.532666666666666799e+02 1.537333333333333485e+02 1.706666666666666572e+02 1.709666666666666970e+02 1.344333333333333371e+02 1.418333333333333428e+02 1.541666666666666572e+02 1.785493636475966872e-01
1.820000000000000000e+02 1.926666666666666572e+02 1.532666666666666799e+02 1.537333333333333485e+02 1.706666666666666572e+02 1.709666666666666970e+02 1.344333333333333371e+02 1.418333333333333428e+02 1.628538193098100217e-01
1.620333333333333314e+02 1.820000000000000000e+02 1.926666666666666572e+02 1.532666666666666799e+02 1.537333333333333485e+02 1.706666666666666572e+02 1.709666666666666970e+02 1.344333333333333371e+02 1.399573879995393288e-01
1.598666666666666742e+02 1.620333333333333314e+02 1.820000000000000000e+02 1.926666666666666572e+02 1.532666666666666799e+02 1.537333333333333485e+02 1.706666666666666572e+02 1.709666666666666970e+02 1.348706411698537833e-01
1.993999999999999773e+02 1.598666666666666742e+02 1.620333333333333314e+02 1.820000000000000000e+02 1.926666666666666572e+02 1.532666666666666799e+02 1.537333333333333485e+02 1.706666666666666572e+02 1.698129275839554697e-01
1.957333333333333485e+02 1.993999999999999773e+02 1.598666666666666742e+02 1.620333333333333314e+02 1.820000000000000000e+02 1.926666666666666572e+02 1.532666666666666799e+02 1.537333333333333485e+02 1.627088586549918225e-01
1.634000000000000057e+02 1.957333333333333485e+02 1.993999999999999773e+02 1.598666666666666742e+02 1.620333333333333314e+02 1.820000000000000000e+02 1.926666666666666572e+02 1.532666666666666799e+02 1.312484939355806068e-01
1.659333333333333371e+02 1.634000000000000057e+02 1.957333333333333485e+02 1.993999999999999773e+02 1.598666666666666742e+02 1.620333333333333314e+02 1.820000000000000000e+02 1.926666666666666572e+02 1.322072610416168692e-01
1.790666666666666913e+02 1.659333333333333371e+02 1.634000000000000057e+02 1.957333333333333485e+02 1.993999999999999773e+02 1.598666666666666742e+02 1.620333333333333314e+02 1.820000000000000000e+02 1.457762340235000398e-01
1.485999999999999943e+02 1.790666666666666913e+02 1.659333333333333371e+02 1.634000000000000057e+02 1.957333333333333485e+02 1.993999999999999773e+02 1.598666666666666742e+02 1.620333333333333314e+02 1.212632266137148723e-01
1.193666666666666742e+02 1.485999999999999943e+02 1.790666666666666913e+02 1.659333333333333371e+02 1.634000000000000057e+02 1.957333333333333485e+02 1.993999999999999773e+02 1.598666666666666742e+02 9.848734873487349772e-02
1.218666666666666742e+02 1.193666666666666742e+02 1.485999999999999943e+02 1.790666666666666913e+02 1.659333333333333371e+02 1.634000000000000057e+02 1.957333333333333485e+02 1.993999999999999773e+02 1.040261772656138894e-01
1.375000000000000000e+02 1.218666666666666742e+02 1.193666666666666742e+02 1.485999999999999943e+02 1.790666666666666913e+02 1.659333333333333371e+02 1.634000000000000057e+02 1.957333333333333485e+02 1.256893872451933236e-01
1.163333333333333286e+02 1.375000000000000000e+02 1.218666666666666742e+02 1.193666666666666742e+02 1.485999999999999943e+02 1.790666666666666913e+02 1.659333333333333371e+02 1.634000000000000057e+02 1.123197734294541367e-01
9.036666666666667425e+01 1.163333333333333286e+02 1.375000000000000000e+02 1.218666666666666742e+02 1.193666666666666742e+02 1.485999999999999943e+02 1.790666666666666913e+02 1.659333333333333371e+02 9.140256237356710056e-02
7.716666666666667140e+01 9.036666666666667425e+01 1.163333333333333286e+02 1.375000000000000000e+02 1.218666666666666742e+02 1.193666666666666742e+02 1.485999999999999943e+02 1.790666666666666913e+02 8.451064140473843467e-02
9.813333333333332575e+01 7.716666666666667140e+01 9.036666666666667425e+01 1.163333333333333286e+02 1.375000000000000000e+02 1.218666666666666742e+02 1.193666666666666742e+02 1.485999999999999943e+02 1.209730440499671156e-01
7.770000000000000284e+01 9.813333333333332575e+01 7.716666666666667140e+01 9.036666666666667425e+01 1.163333333333333286e+02 1.375000000000000000e+02 1.218666666666666742e+02 1.193666666666666742e+02 1.021382876172114706e-01
4.880000000000000426e+01 7.770000000000000284e+01 9.813333333333332575e+01 7.716666666666667140e+01 9.036666666666667425e+01 1.163333333333333286e+02 1.375000000000000000e+02 1.218666666666666742e+02 6.786575190061190643e-02
4.073333333333334139e+01 4.880000000000000426e+01 7.770000000000000284e+01 9.813333333333332575e+01 7.716666666666667140e+01 9.036666666666667425e+01 1.163333333333333286e+02 1.375000000000000000e+02 6.305469556243550877e-02
5.286666666666666714e+01 4.073333333333334139e+01 4.880000000000000426e+01 7.770000000000000284e+01 9.813333333333332575e+01 7.716666666666667140e+01 9.036666666666667425e+01 1.163333333333333286e+02 9.625538629604903085e-02
5.433333333333333570e+01 5.286666666666666714e+01 4.073333333333334139e+01 4.880000000000000426e+01 7.770000000000000284e+01 9.813333333333332575e+01 7.716666666666667140e+01 9.036666666666667425e+01 1.118506827695052441e-01
4.639999999999999858e+01 5.433333333333333570e+01 5.286666666666666714e+01 4.073333333333334139e+01 4.880000000000000426e+01 7.770000000000000284e+01 9.813333333333332575e+01 7.716666666666667140e+01 1.031722502223539756e-01
4.993333333333333002e+01 4.639999999999999858e+01 5.433333333333333570e+01 5.286666666666666714e+01 4.073333333333334139e+01 4.880000000000000426e+01 7.770000000000000284e+01 9.813333333333332575e+01 1.191821147267085462e-01
5.639999999999999858e+01 4.993333333333333002e+01 4.639999999999999858e+01 5.433333333333333570e+01 5.286666666666666714e+01 4.073333333333334139e+01 4.880000000000000426e+01 7.770000000000000284e+01 1.521172345590218467e-01
5.126666666666667282e+01 5.639999999999999858e+01 4.993333333333333002e+01 4.639999999999999858e+01 5.433333333333333570e+01 5.286666666666666714e+01 4.073333333333334139e+01 4.880000000000000426e+01 1.466997329263639849e-01
4.400000000000000000e+01 5.126666666666667282e+01 5.639999999999999858e+01 4.993333333333333002e+01 4.639999999999999858e+01 5.433333333333333570e+01 5.286666666666666714e+01 4.073333333333334139e+01 1.250236787270316285e-01
4.280000000000000426e+01 4.400000000000000000e+01 5.126666666666667282e+01 5.639999999999999858e+01 4.993333333333333002e+01 4.639999999999999858e+01 5.433333333333333570e+01 5.286666666666666714e+01 1.204954954954954860e-01
5.726666666666667282e+01 4.280000000000000426e+01 4.400000000000000000e+01 5.126666666666667282e+01 5.639999999999999858e+01 4.993333333333333002e+01 4.639999999999999858e+01 5.433333333333333570e+01 1.659262120919451633e-01
5.613333333333333286e+01 5.726666666666667282e+01 4.280000000000000426e+01 4.400000000000000000e+01 5.126666666666667282e+01 5.639999999999999858e+01 4.993333333333333002e+01 4.639999999999999858e+01 1.612717870139820098e-01
5.183333333333333570e+01 5.613333333333333286e+01 5.726666666666667282e+01 4.280000000000000426e+01 4.400000000000000000e+01 5.126666666666667282e+01 5.639999999999999858e+01 4.993333333333333002e+01 1.448667784609651565e-01
5.693333333333333712e+01 5.183333333333333570e+01 5.613333333333333286e+01 5.726666666666667282e+01 4.280000000000000426e+01 4.400000000000000000e+01 5.126666666666667282e+01 5.639999999999999858e+01 1.582800481883050725e-01
7.256666666666667709e+01 5.693333333333333712e+01 5.183333333333333570e+01 5.613333333333333286e+01 5.726666666666667282e+01 4.280000000000000426e+01 4.400000000000000000e+01 5.126666666666667282e+01 2.014435088368650151e-01
7.593333333333333712e+01 7.256666666666667709e+01 5.693333333333333712e+01 5.183333333333333570e+01 5.613333333333333286e+01 5.726666666666667282e+01 4.280000000000000426e+01 4.400000000000000000e+01 1.990214922243578599e-01
7.113333333333332575e+01 7.593333333333333712e+01 7.256666666666667709e+01 5.693333333333333712e+01 5.183333333333333570e+01 5.613333333333333286e+01 5.726666666666667282e+01 4.280000000000000426e+01 1.720412770074169484e-01
7.033333333333332860e+01 7.113333333333332575e+01 7.593333333333333712e+01 7.256666666666667709e+01 5.693333333333333712e+01 5.183333333333333570e+01 5.613333333333333286e+01 5.726666666666667282e+01 1.591972234797042474e-01
9.189999999999999147e+01 7.033333333333332860e+01 7.113333333333332575e+01 7.593333333333333712e+01 7.256666666666667709e+01 5.693333333333333712e+01 5.183333333333333570e+01 5.613333333333333286e+01 2.020372270262348058e-01
8.679999999999999716e+01 9.189999999999999147e+01 7.033333333333332860e+01 7.113333333333332575e+01 7.593333333333333712e+01 7.256666666666667709e+01 5.693333333333333712e+01 5.183333333333333570e+01 1.769141925402541171e-01
8.126666666666666572e+01 8.679999999999999716e+01 9.189999999999999147e+01 7.033333333333332860e+01 7.113333333333332575e+01 7.593333333333333712e+01 7.256666666666667709e+01 5.693333333333333712e+01 1.546169457128361568e-01
7.573333333333333428e+01 8.126666666666666572e+01 8.679999999999999716e+01 9.189999999999999147e+01 7.033333333333332860e+01 7.113333333333332575e+01 7.593333333333333712e+01 7.256666666666667709e+01 1.377136622620923900e-01
9.619999999999998863e+01 7.573333333333333428e+01 8.126666666666666572e+01 8.679999999999999716e+01 9.189999999999999147e+01 7.033333333333332860e+01 7.113333333333332575e+01 7.593333333333333712e+01 1.739287651419273162e-01
9.336666666666666003e+01 9.619999999999998863e+01 7.573333333333333428e+01 8.126666666666666572e+01 8.679999999999999716e+01 9.189999999999999147e+01 7.033333333333332860e+01 7.113333333333332575e+01 1.628393698040811743e-01
8.539999999999999147e+01 9.336666666666666003e+01 9.619999999999998863e+01 7.573333333333333428e+01 8.126666666666666572e+01 8.679999999999999716e+01 9.189999999999999147e+01 7.033333333333332860e+01 1.433848220282068209e-01
8.070000000000000284e+01 8.539999999999999147e+01 9.336666666666666003e+01 9.619999999999998863e+01 7.573333333333333428e+01 8.126666666666666572e+01 8.679999999999999716e+01 9.189999999999999147e+01 1.321506550218340681e-01
1.175666666666666771e+02 8.070000000000000284e+01 8.539999999999999147e+01 9.336666666666666003e+01 9.619999999999998863e+01 7.573333333333333428e+01 8.126666666666666572e+01 8.679999999999999716e+01 1.961187722419929225e-01
9.996666666666668277e+01 1.175666666666666771e+02 8.070000000000000284e+01 8.539999999999999147e+01 9.336666666666666003e+01 9.619999999999998863e+01 7.573333333333333428e+01 8.126666666666666572e+01 1.586185010842545429e-01
9.593333333333333712e+01 9.996666666666668277e+01 1.175666666666666771e+02 8.070000000000000284e+01 8.539999999999999147e+01 9.336666666666666003e+01 9.619999999999998863e+01 7.573333333333333428e+01 1.478323402506677431e-01
8.743333333333333712e+01 9.593333333333333712e+01 9.996666666666668277e+01 1.175666666666666771e+02 8.070000000000000284e+01 8.539999999999999147e+01 9.336666666666666003e+01 9.619999999999998863e+01 1.306665338248480801e-01
1.099333333333333229e+02 8.743333333333333712e+01 9.593333333333333712e+01 9.996666666666668277e+01 1.175666666666666771e+02 8.070000000000000284e+01 8.539999999999999147e+01 9.336666666666666003e+01 1.664731714703952259e-01
1.070666666666666629e+02 1.099333333333333229e+02 8.743333333333333712e+01 9.593333333333333712e+01 9.996666666666668277e+01 1.175666666666666771e+02 8.070000000000000284e+01 8.539999999999999147e+01 1.581642702383297128e-01
9.776666666666666572e+01 1.070666666666666629e+02 1.099333333333333229e+02 8.743333333333333712e+01 9.593333333333333712e+01 9.996666666666668277e+01 1.175666666666666771e+02 8.070000000000000284e+01 1.399465597862391275e-01
9.486666666666667425e+01 9.776666666666666572e+01 1.070666666666666629e+02 1.099333333333333229e+02 8.743333333333333712e+01 9.593333333333333712e+01 9.996666666666668277e+01 1.175666666666666771e+02 1.325570563577084249e-01
1.145000000000000000e+02 9.486666666666667425e+01 9.776666666666666572e+01 1.070666666666666629e+02 1.099333333333333229e+02 8.743333333333333712e+01 9.593333333333333712e+01 9.996666666666668277e+01 1.652316128721920130e-01
1.073333333333333286e+02 1.145000000000000000e+02 9.486666666666667425e+01 9.776666666666666572e+01 1.070666666666666629e+02 1.099333333333333229e+02 8.743333333333333712e+01 9.593333333333333712e+01 1.517078916372202602e-01
