-1.000000000000000000e+08 -1.000000000000000000e+08 -1.000000000000000000e+08 -1.000000000000000000e+08 -1.000000000000000000e+08 -1.000000000000000000e+08 -1.000000000000000000e+08 -1.000000000000000000e+08 -1.000000000000000000e+08
1.509303333333333430e+05 -1.000000000000000000e+08 -1.000000000000000000e+08 -1.000000000000000000e+08 -1.000000000000000000e+08 -1.000000000000000000e+08 -1.000000000000000000e+08 -1.000000000000000000e+08 -2.156147619047619232e-04
1.674666666666666570e+05 1.509303333333333430e+05 -1.000000000000000000e+08 -1.000000000000000000e+08 -1.000000000000000000e+08 -1.000000000000000000e+08 -1.000000000000000000e+08 -1.000000000000000000e+08 -2.791813393321208154e-04
1.682903333333333430e+05 1.674666666666666570e+05 1.509303333333333430e+05 -1.000000000000000000e+08 -1.000000000000000000e+08 -1.000000000000000000e+08 -1.000000000000000000e+08 -1.000000000000000000e+08 -3.367951357883658793e-04
1.846800000000000000e+05 1.682903333333333430e+05 1.674666666666666570e+05 1.509303333333333430e+05 -1.000000000000000000e+08 -1.000000000000000000e+08 -1.000000000000000000e+08 -1.000000000000000000e+08 -4.622624431894400217e-04
1.579156666666666570e+05 1.846800000000000000e+05 1.682903333333333430e+05 1.674666666666666570e+05 1.509303333333333430e+05 -1.000000000000000000e+08 -1.000000000000000000e+08 -1.000000000000000000e+08 -5.275661912454664409e-04
1.800740000000000000e+05 1.579156666666666570e+05 1.846800000000000000e+05 1.682903333333333430e+05 1.674666666666666570e+05 1.509303333333333430e+05 -1.000000000000000000e+08 -1.000000000000000000e+08 -9.041188519695894741e-04
1.814686666666666570e+05 1.800740000000000000e+05 1.579156666666666570e+05 1.846800000000000000e+05 1.682903333333333430e+05 1.674666666666666570e+05 1.509303333333333430e+05 -1.000000000000000000e+08 -1.833190099256822329e-03
1.982400000000000000e+05 1.814686666666666570e+05 1.800740000000000000e+05 1.579156666666666570e+05 1.846800000000000000e+05 1.682903333333333430e+05 1.674666666666666570e+05 1.509303333333333430e+05 1.664727302653033481e-01
1.721696666666666570e+05 1.982400000000000000e+05 1.814686666666666570e+05 1.800740000000000000e+05 1.579156666666666570e+05 1.846800000000000000e+05 1.682903333333333430e+05 1.674666666666666570e+05 1.390556121220997421e-01
1.941473333333333430e+05 1.721696666666666570e+05 1.982400000000000000e+05 1.814686666666666570e+05 1.800740000000000000e+05 1.579156666666666570e+05 1.846800000000000000e+05 1.682903333333333430e+05 1.562128622253095567e-01
1.965656666666666570e+05 1.941473333333333430e+05 1.721696666666666570e+05 1.982400000000000000e+05 1.814686666666666570e+05 1.800740000000000000e+05 1.579156666666666570e+05 1.846800000000000000e+05 1.549352799700269567e-01
2.138623333333333430e+05 1.965656666666666570e+05 1.941473333333333430e+05 1.721696666666666570e+05 1.982400000000000000e+05 1.814686666666666570e+05 1.800740000000000000e+05 1.579156666666666570e+05 1.670041436920689515e-01
1.829203333333333430e+05 2.138623333333333430e+05 1.965656666666666570e+05 1.941473333333333430e+05 1.721696666666666570e+05 1.982400000000000000e+05 1.814686666666666570e+05 1.800740000000000000e+05 1.368623619962474891e-01
2.061203333333333430e+05 1.829203333333333430e+05 2.138623333333333430e+05 1.965656666666666570e+05 1.941473333333333430e+05 1.721696666666666570e+05 1.982400000000000000e+05 1.814686666666666570e+05 1.538930375931840677e-01
2.065936666666666570e+05 2.061203333333333430e+05 1.829203333333333430e+05 2.138623333333333430e+05 1.965656666666666570e+05 1.941473333333333430e+05 1.721696666666666570e+05 1.982400000000000000e+05 1.514587824227158763e-01
2.212416666666666570e+05 2.065936666666666570e+05 2.061203333333333430e+05 1.829203333333333430e+05 2.138623333333333430e+05 1.965656666666666570e+05 1.941473333333333430e+05 1.721696666666666570e+05 1.612102873403805925e-01
1.965030000000000000e+05 2.212416666666666570e+05 2.065936666666666570e+05 2.061203333333333430e+05 1.829203333333333430e+05 2.138623333333333430e+05 1.965656666666666570e+05 1.941473333333333430e+05 1.382411028727915381e-01
2.187216666666666570e+05 1.965030000000000000e+05 2.212416666666666570e+05 2.065936666666666570e+05 2.061203333333333430e+05 1.829203333333333430e+05 2.138623333333333430e+05 1.965656666666666570e+05 1.536174963788397296e-01
2.178076666666666570e+05 2.187216666666666570e+05 1.965030000000000000e+05 2.212416666666666570e+05 2.065936666666666570e+05 2.061203333333333430e+05 1.829203333333333430e+05 2.138623333333333430e+05 1.506315629560830427e-01
2.348990000000000000e+05 2.178076666666666570e+05 2.187216666666666570e+05 1.965030000000000000e+05 2.212416666666666570e+05 2.065936666666666570e+05 2.061203333333333430e+05 1.829203333333333430e+05 1.620095523280207783e-01
2.076926666666666570e+05 2.348990000000000000e+05 2.178076666666666570e+05 2.187216666666666570e+05 1.965030000000000000e+05 2.212416666666666570e+05 2.065936666666666570e+05 2.061203333333333430e+05 1.382878117106457749e-01
2.272946666666666570e+05 2.076926666666666570e+05 2.348990000000000000e+05 2.178076666666666570e+05 2.187216666666666570e+05 1.965030000000000000e+05 2.212416666666666570e+05 2.065936666666666570e+05 1.511811205180585427e-01
2.298600000000000000e+05 2.272946666666666570e+05 2.076926666666666570e+05 2.348990000000000000e+05 2.178076666666666570e+05 2.187216666666666570e+05 1.965030000000000000e+05 2.212416666666666570e+05 1.508109055018490019e-01
2.438630000000000000e+05 2.298600000000000000e+05 2.272946666666666570e+05 2.076926666666666570e+05 2.348990000000000000e+05 2.178076666666666570e+05 2.187216666666666570e+05 1.965030000000000000e+05 1.590986391599047978e-01
2.140096666666666570e+05 2.438630000000000000e+05 2.298600000000000000e+05 2.272946666666666570e+05 2.076926666666666570e+05 2.348990000000000000e+05 2.178076666666666570e+05 2.187216666666666570e+05 1.354372696404703702e-01
2.411990000000000000e+05 2.140096666666666570e+05 2.438630000000000000e+05 2.298600000000000000e+05 2.272946666666666570e+05 2.076926666666666570e+05 2.348990000000000000e+05 2.178076666666666570e+05 1.531007473107814099e-01
2.377120000000000000e+05 2.411990000000000000e+05 2.140096666666666570e+05 2.438630000000000000e+05 2.298600000000000000e+05 2.272946666666666570e+05 2.076926666666666570e+05 2.348990000000000000e+05 1.486798372297534754e-01
2.580646666666666570e+05 2.377120000000000000e+05 2.411990000000000000e+05 2.140096666666666570e+05 2.438630000000000000e+05 2.298600000000000000e+05 2.272946666666666570e+05 2.076926666666666570e+05 1.611261686784700442e-01
2.307753333333333430e+05 2.580646666666666570e+05 2.377120000000000000e+05 2.411990000000000000e+05 2.140096666666666570e+05 2.438630000000000000e+05 2.298600000000000000e+05 2.272946666666666570e+05 1.396942580209196705e-01
2.579380000000000000e+05 2.307753333333333430e+05 2.580646666666666570e+05 2.377120000000000000e+05 2.411990000000000000e+05 2.140096666666666570e+05 2.438630000000000000e+05 2.298600000000000000e+05 1.558082421431319919e-01
2.603483333333333430e+05 2.579380000000000000e+05 2.307753333333333430e+05 2.580646666666666570e+05 2.377120000000000000e+05 2.411990000000000000e+05 2.140096666666666570e+05 2.438630000000000000e+05 1.546414001269134642e-01
2.799350000000000000e+05 2.603483333333333430e+05 2.579380000000000000e+05 2.307753333333333430e+05 2.580646666666666570e+05 2.377120000000000000e+05 2.411990000000000000e+05 2.140096666666666570e+05 1.646630946085607949e-01
2.555056666666666570e+05 2.799350000000000000e+05 2.603483333333333430e+05 2.579380000000000000e+05 2.307753333333333430e+05 2.580646666666666570e+05 2.377120000000000000e+05 2.411990000000000000e+05 1.446827120923185328e-01
2.764703333333333139e+05 2.555056666666666570e+05 2.799350000000000000e+05 2.603483333333333430e+05 2.579380000000000000e+05 2.307753333333333430e+05 2.580646666666666570e+05 2.377120000000000000e+05 1.552960706346215025e-01
2.747483333333333139e+05 2.764703333333333139e+05 2.555056666666666570e+05 2.799350000000000000e+05 2.603483333333333430e+05 2.579380000000000000e+05 2.307753333333333430e+05 2.580646666666666570e+05 1.510405137369363049e-01
2.891213333333333139e+05 2.747483333333333139e+05 2.764703333333333139e+05 2.555056666666666570e+05 2.799350000000000000e+05 2.603483333333333430e+05 2.579380000000000000e+05 2.307753333333333430e+05 1.574974265334075085e-01
2.596556666666666570e+05 2.891213333333333139e+05 2.747483333333333139e+05 2.764703333333333139e+05 2.555056666666666570e+05 2.799350000000000000e+05 2.603483333333333430e+05 2.579380000000000000e+05 1.370889554945345923e-01
2.862730000000000000e+05 2.596556666666666570e+05 2.891213333333333139e+05 2.747483333333333139e+05 2.764703333333333139e+05 2.555056666666666570e+05 2.799350000000000000e+05 2.603483333333333430e+05 1.510050192057677543e-01
2.785950000000000000e+05 2.862730000000000000e+05 2.596556666666666570e+05 2.891213333333333139e+05 2.747483333333333139e+05 2.764703333333333139e+05 2.555056666666666570e+05 2.799350000000000000e+05 1.449724967077921089e-01
3.017783333333333139e+05 2.785950000000000000e+05 2.862730000000000000e+05 2.596556666666666570e+05 2.891213333333333139e+05 2.747483333333333139e+05 2.764703333333333139e+05 2.555056666666666570e+05 1.571459865012077572e-01
2.646483333333333139e+05 3.017783333333333139e+05 2.785950000000000000e+05 2.862730000000000000e+05 2.596556666666666570e+05 2.891213333333333139e+05 2.747483333333333139e+05 2.764703333333333139e+05 1.345686369625652967e-01
2.913343333333333139e+05 2.646483333333333139e+05 3.017783333333333139e+05 2.785950000000000000e+05 2.862730000000000000e+05 2.596556666666666570e+05 2.891213333333333139e+05 2.747483333333333139e+05 1.490338411379734940e-01
2.919593333333333139e+05 2.913343333333333139e+05 2.646483333333333139e+05 3.017783333333333139e+05 2.785950000000000000e+05 2.862730000000000000e+05 2.596556666666666570e+05 2.891213333333333139e+05 1.480970096131052349e-01
3.050836666666666861e+05 2.919593333333333139e+05 2.913343333333333139e+05 2.646483333333333139e+05 3.017783333333333139e+05 2.785950000000000000e+05 2.862730000000000000e+05 2.596556666666666570e+05 1.545318950781497669e-01
2.736906666666666861e+05 3.050836666666666861e+05 2.919593333333333139e+05 2.913343333333333139e+05 2.646483333333333139e+05 3.017783333333333139e+05 2.785950000000000000e+05 2.862730000000000000e+05 1.355124330419329171e-01
3.025460000000000000e+05 2.736906666666666861e+05 3.050836666666666861e+05 2.919593333333333139e+05 2.913343333333333139e+05 2.646483333333333139e+05 3.017783333333333139e+05 2.785950000000000000e+05 1.507386565855138028e-01
3.069563333333333139e+05 3.025460000000000000e+05 2.736906666666666861e+05 3.050836666666666861e+05 2.919593333333333139e+05 2.913343333333333139e+05 2.646483333333333139e+05 3.017783333333333139e+05 1.511325392795351830e-01
3.209593333333333139e+05 3.069563333333333139e+05 3.025460000000000000e+05 2.736906666666666861e+05 3.050836666666666861e+05 2.919593333333333139e+05 2.913343333333333139e+05 2.646483333333333139e+05 1.576251797449389758e-01
2.943270000000000000e+05 3.209593333333333139e+05 3.069563333333333139e+05 3.025460000000000000e+05 2.736906666666666861e+05 3.050836666666666861e+05 2.919593333333333139e+05 2.913343333333333139e+05 1.406560703480269348e-01
3.215476666666666861e+05 2.943270000000000000e+05 3.209593333333333139e+05 3.069563333333333139e+05 3.025460000000000000e+05 2.736906666666666861e+05 3.050836666666666861e+05 2.919593333333333139e+05 1.534451155932960165e-01
3.226136666666666861e+05 3.215476666666666861e+05 2.943270000000000000e+05 3.209593333333333139e+05 3.069563333333333139e+05 3.025460000000000000e+05 2.736906666666666861e+05 3.050836666666666861e+05 1.518102900366600783e-01
3.437133333333333139e+05 3.226136666666666861e+05 3.215476666666666861e+05 2.943270000000000000e+05 3.209593333333333139e+05 3.069563333333333139e+05 3.025460000000000000e+05 2.736906666666666861e+05 1.604157611122225824e-01
3.091546666666666861e+05 3.437133333333333139e+05 3.226136666666666861e+05 3.215476666666666861e+05 2.943270000000000000e+05 3.209593333333333139e+05 3.069563333333333139e+05 3.025460000000000000e+05 1.397206081961557822e-01
3.439750000000000000e+05 3.091546666666666861e+05 3.437133333333333139e+05 3.226136666666666861e+05 3.215476666666666861e+05 2.943270000000000000e+05 3.209593333333333139e+05 3.069563333333333139e+05 1.549945207257154567e-01
3.469390000000000000e+05 3.439750000000000000e+05 3.091546666666666861e+05 3.437133333333333139e+05 3.226136666666666861e+05 3.215476666666666861e+05 2.943270000000000000e+05 3.209593333333333139e+05 1.537652063741196118e-01
3.618466666666666861e+05 3.469390000000000000e+05 3.439750000000000000e+05 3.091546666666666861e+05 3.437133333333333139e+05 3.226136666666666861e+05 3.215476666666666861e+05 2.943270000000000000e+05 1.585468037601738822e-01
3.315300000000000000e+05 3.618466666666666861e+05 3.469390000000000000e+05 3.439750000000000000e+05 3.091546666666666861e+05 3.437133333333333139e+05 3.226136666666666861e+05 3.215476666666666861e+05 1.410892037160767498e-01
3.639473333333333139e+05 3.315300000000000000e+05 3.618466666666666861e+05 3.469390000000000000e+05 3.439750000000000000e+05 3.091546666666666861e+05 3.437133333333333139e+05 3.226136666666666861e+05 1.542298501394979149e-01
3.614040000000000000e+05 3.639473333333333139e+05 3.315300000000000000e+05 3.618466666666666861e+05 3.469390000000000000e+05 3.439750000000000000e+05 3.091546666666666861e+05 3.437133333333333139e+05 1.505156373771087130e-01
3.745716666666666861e+05 3.614040000000000000e+05 3.639473333333333139e+05 3.315300000000000000e+05 3.618466666666666861e+05 3.469390000000000000e+05 3.439750000000000000e+05 3.091546666666666861e+05 1.548586831744159509e-01
3.420603333333333139e+05 3.745716666666666861e+05 3.614040000000000000e+05 3.639473333333333139e+05 3.315300000000000000e+05 3.618466666666666861e+05 3.469390000000000000e+05 3.439750000000000000e+05 1.376936041867573846e-01
3.755620000000000000e+05 3.420603333333333139e+05 3.745716666666666861e+05 3.614040000000000000e+05 3.639473333333333139e+05 3.315300000000000000e+05 3.618466666666666861e+05 3.469390000000000000e+05 1.512960364565267835e-01
3.714353333333333139e+05 3.755620000000000000e+05 3.420603333333333139e+05 3.745716666666666861e+05 3.614040000000000000e+05 3.639473333333333139e+05 3.315300000000000000e+05 3.618466666666666861e+05 1.479278660720378391e-01
3.908533333333333139e+05 3.714353333333333139e+05 3.755620000000000000e+05 3.420603333333333139e+05 3.745716666666666861e+05 3.614040000000000000e+05 3.639473333333333139e+05 3.315300000000000000e+05 1.550691050437927043e-01
3.531813333333333139e+05 3.908533333333333139e+05 3.714353333333333139e+05 3.755620000000000000e+05 3.420603333333333139e+05 3.745716666666666861e+05 3.614040000000000000e+05 3.639473333333333139e+05 1.369007980100011568e-01
3.817763333333333139e+05 3.531813333333333139e+05 3.908533333333333139e+05 3.714353333333333139e+05 3.755620000000000000e+05 3.420603333333333139e+05 3.745716666666666861e+05 3.614040000000000000e+05 1.486049934580685739e-01
3.723483333333333139e+05 3.817763333333333139e+05 3.531813333333333139e+05 3.908533333333333139e+05 3.714353333333333139e+05 3.755620000000000000e+05 3.420603333333333139e+05 3.745716666666666861e+05 1.437949075482334027e-01
3.565540000000000000e+05 3.723483333333333139e+05 3.817763333333333139e+05 3.531813333333333139e+05 3.908533333333333139e+05 3.714353333333333139e+05 3.755620000000000000e+05 3.420603333333333139e+05 1.378137203025490420e-01
3.127573333333333139e+05 3.565540000000000000e+05 3.723483333333333139e+05 3.817763333333333139e+05 3.531813333333333139e+05 3.908533333333333139e+05 3.714353333333333139e+05 3.755620000000000000e+05 1.202121885959135661e-01
3.406590000000000000e+05 3.127573333333333139e+05 3.565540000000000000e+05 3.723483333333333139e+05 3.817763333333333139e+05 3.531813333333333139e+05 3.908533333333333139e+05 3.714353333333333139e+05 1.341755070884861345e-01
3.420500000000000000e+05 3.406590000000000000e+05 3.127573333333333139e+05 3.565540000000000000e+05 3.723483333333333139e+05 3.817763333333333139e+05 3.531813333333333139e+05 3.908533333333333139e+05 1.363765217348544834e-01
3.593590000000000000e+05 3.420500000000000000e+05 3.406590000000000000e+05 3.127573333333333139e+05 3.565540000000000000e+05 3.723483333333333139e+05 3.817763333333333139e+05 3.531813333333333139e+05 1.461209092625500860e-01
3.287556666666666861e+05 3.593590000000000000e+05 3.420500000000000000e+05 3.406590000000000000e+05 3.127573333333333139e+05 3.565540000000000000e+05 3.723483333333333139e+05 3.817763333333333139e+05 1.333421753388624453e-01
3.601970000000000000e+05 3.287556666666666861e+05 3.593590000000000000e+05 3.420500000000000000e+05 3.406590000000000000e+05 3.127573333333333139e+05 3.565540000000000000e+05 3.723483333333333139e+05 1.493054874299649670e-01
3.568510000000000000e+05 3.601970000000000000e+05 3.287556666666666861e+05 3.593590000000000000e+05 3.420500000000000000e+05 3.406590000000000000e+05 3.127573333333333139e+05 3.565540000000000000e+05 1.486673510164427392e-01
3.825190000000000000e+05 3.568510000000000000e+05 3.601970000000000000e+05 3.287556666666666861e+05 3.593590000000000000e+05 3.420500000000000000e+05 3.406590000000000000e+05 3.127573333333333139e+05 1.593411560053635823e-01
3.533900000000000000e+05 3.825190000000000000e+05 3.568510000000000000e+05 3.601970000000000000e+05 3.287556666666666861e+05 3.593590000000000000e+05 3.420500000000000000e+05 3.406590000000000000e+05 1.430502490024519457e-01
3.872036666666666861e+05 3.533900000000000000e+05 3.825190000000000000e+05 3.568510000000000000e+05 3.601970000000000000e+05 3.287556666666666861e+05 3.593590000000000000e+05 3.420500000000000000e+05 1.559342306357655861e-01
3.847733333333333139e+05 3.872036666666666861e+05 3.533900000000000000e+05 3.825190000000000000e+05 3.568510000000000000e+05 3.601970000000000000e+05 3.287556666666666861e+05 3.593590000000000000e+05 1.521880660149619591e-01
4.074003333333333139e+05 3.847733333333333139e+05 3.872036666666666861e+05 3.533900000000000000e+05 3.825190000000000000e+05 3.568510000000000000e+05 3.601970000000000000e+05 3.287556666666666861e+05 1.595340023696431853e-01
3.806196666666666861e+05 4.074003333333333139e+05 3.847733333333333139e+05 3.872036666666666861e+05 3.533900000000000000e+05 3.825190000000000000e+05 3.568510000000000000e+05 3.601970000000000000e+05 1.445939681167653368e-01
4.042043333333333139e+05 3.806196666666666861e+05 4.074003333333333139e+05 3.847733333333333139e+05 3.872036666666666861e+05 3.533900000000000000e+05 3.825190000000000000e+05 3.568510000000000000e+05 1.523714133383997638e-01
3.998310000000000000e+05 4.042043333333333139e+05 3.806196666666666861e+05 4.074003333333333139e+05 3.847733333333333139e+05 3.872036666666666861e+05 3.533900000000000000e+05 3.825190000000000000e+05 1.480795044054372678e-01
4.241416666666666861e+05 3.998310000000000000e+05 4.042043333333333139e+05 3.806196666666666861e+05 4.074003333333333139e+05 3.847733333333333139e+05 3.872036666666666861e+05 3.533900000000000000e+05 1.560823510809938031e-01
3.904266666666666861e+05 4.241416666666666861e+05 3.998310000000000000e+05 4.042043333333333139e+05 3.806196666666666861e+05 4.074003333333333139e+05 3.847733333333333139e+05 3.872036666666666861e+05 1.400295199175757010e-01
4.201503333333333139e+05 3.904266666666666861e+05 4.241416666666666861e+05 3.998310000000000000e+05 4.042043333333333139e+05 3.806196666666666861e+05 4.074003333333333139e+05 3.847733333333333139e+05 1.505161513512170701e-01
4.179186666666666861e+05 4.201503333333333139e+05 3.904266666666666861e+05 4.241416666666666861e+05 3.998310000000000000e+05 4.042043333333333139e+05 3.806196666666666861e+05 4.074003333333333139e+05 1.478429710569952593e-01
4.387586666666666861e+05 4.179186666666666861e+05 4.201503333333333139e+05 3.904266666666666861e+05 4.241416666666666861e+05 3.998310000000000000e+05 4.042043333333333139e+05 3.806196666666666861e+05 1.546399225458732485e-01
3.988473333333333139e+05 4.387586666666666861e+05 4.179186666666666861e+05 4.201503333333333139e+05 3.904266666666666861e+05 4.241416666666666861e+05 3.998310000000000000e+05 4.042043333333333139e+05 1.377505757921617391e-01
4.413183333333333139e+05 3.988473333333333139e+05 4.387586666666666861e+05 4.179186666666666861e+05 4.201503333333333139e+05 3.904266666666666861e+05 4.241416666666666861e+05 3.998310000000000000e+05 1.527013780383733865e-01
4.386890000000000000e+05 4.413183333333333139e+05 3.988473333333333139e+05 4.387586666666666861e+05 4.179186666666666861e+05 4.201503333333333139e+05 3.904266666666666861e+05 4.241416666666666861e+05 1.496434494242829816e-01
4.596973333333333139e+05 4.386890000000000000e+05 4.413183333333333139e+05 3.988473333333333139e+05 4.387586666666666861e+05 4.179186666666666861e+05 4.201503333333333139e+05 3.904266666666666861e+05 1.560354125843047002e-01
4.107816666666666861e+05 4.596973333333333139e+05 4.386890000000000000e+05 4.413183333333333139e+05 3.988473333333333139e+05 4.387586666666666861e+05 4.179186666666666861e+05 4.201503333333333139e+05 1.362288375184153300e-01
4.513333333333333139e+05 4.107816666666666861e+05 4.596973333333333139e+05 4.386890000000000000e+05 4.413183333333333139e+05 3.988473333333333139e+05 4.387586666666666861e+05 4.179186666666666861e+05 1.501436067044776002e-01
4.502066666666666861e+05 4.513333333333333139e+05 4.107816666666666861e+05 4.596973333333333139e+05 4.386890000000000000e+05 4.413183333333333139e+05 3.988473333333333139e+05 4.387586666666666861e+05 1.481222823127658905e-01
4.711810000000000000e+05 4.502066666666666861e+05 4.513333333333333139e+05 4.107816666666666861e+05 4.596973333333333139e+05 4.386890000000000000e+05 4.413183333333333139e+05 3.988473333333333139e+05 1.544413343456480792e-01
4.268810000000000000e+05 4.711810000000000000e+05 4.502066666666666861e+05 4.513333333333333139e+05 4.107816666666666861e+05 4.596973333333333139e+05 4.386890000000000000e+05 4.413183333333333139e+05 1.366803271252564900e-01
4.633146666666666861e+05 4.268810000000000000e+05 4.711810000000000000e+05 4.502066666666666861e+05 4.513333333333333139e+05 4.107816666666666861e+05 4.596973333333333139e+05 4.386890000000000000e+05 1.490347200554131279e-01
4.621206666666666861e+05 4.633146666666666861e+05 4.268810000000000000e+05 4.711810000000000000e+05 4.502066666666666861e+05 4.513333333333333139e+05 4.107816666666666861e+05 4.596973333333333139e+05 1.474823851908478034e-01
4.886600000000000000e+05 4.621206666666666861e+05 4.633146666666666861e+05 4.268810000000000000e+05 4.711810000000000000e+05 4.502066666666666861e+05 4.513333333333333139e+05 4.107816666666666861e+05 1.558316981943154156e-01
4.426710000000000000e+05 4.886600000000000000e+05 4.621206666666666861e+05 4.633146666666666861e+05 4.268810000000000000e+05 4.711810000000000000e+05 4.502066666666666861e+05 4.513333333333333139e+05 1.377450811588562807e-01
4.826686666666666861e+05 4.426710000000000000e+05 4.886600000000000000e+05 4.621206666666666861e+05 4.633146666666666861e+05 4.268810000000000000e+05 4.711810000000000000e+05 4.502066666666666861e+05 1.505970033608577396e-01
4.796386666666666861e+05 4.826686666666666861e+05 4.426710000000000000e+05 4.886600000000000000e+05 4.621206666666666861e+05 4.633146666666666861e+05 4.268810000000000000e+05 4.711810000000000000e+05 1.481510767937906092e-01
