3.871033333333332962e+02 3.856099999999999568e+02 3.786533333333333644e+02 3.533433333333333053e+02 3.170533333333333417e+02 3.353966666666667038e+02 3.496066666666667402e+02 3.362933333333333508e+02 1.576181447283950265e-01
4.120000000000000000e+02 3.871033333333332962e+02 3.856099999999999568e+02 3.786533333333333644e+02 3.533433333333333053e+02 3.170533333333333417e+02 3.353966666666667038e+02 3.496066666666667402e+02 1.643551454064332562e-01
4.101633333333333553e+02 4.120000000000000000e+02 3.871033333333332962e+02 3.856099999999999568e+02 3.786533333333333644e+02 3.533433333333333053e+02 3.170533333333333417e+02 3.353966666666667038e+02 1.596488086897403791e-01
4.171533333333333644e+02 4.101633333333333553e+02 4.120000000000000000e+02 3.871033333333332962e+02 3.856099999999999568e+02 3.786533333333333644e+02 3.533433333333333053e+02 3.170533333333333417e+02 1.577779514812564232e-01
4.236600000000000250e+02 4.171533333333333644e+02 4.101633333333333553e+02 4.120000000000000000e+02 3.871033333333332962e+02 3.856099999999999568e+02 3.786533333333333644e+02 3.533433333333333053e+02 1.543935433086170428e-01
4.423633333333334008e+02 4.236600000000000250e+02 4.171533333333333644e+02 4.101633333333333553e+02 4.120000000000000000e+02 3.871033333333332962e+02 3.856099999999999568e+02 3.786533333333333644e+02 1.571817226753902674e-01
4.454633333333333098e+02 4.423633333333334008e+02 4.236600000000000250e+02 4.171533333333333644e+02 4.101633333333333553e+02 4.120000000000000000e+02 3.871033333333332962e+02 3.856099999999999568e+02 1.547793879196122935e-01
4.535533333333333417e+02 4.454633333333333098e+02 4.423633333333334008e+02 4.236600000000000250e+02 4.171533333333333644e+02 4.101633333333333553e+02 4.120000000000000000e+02 3.871033333333332962e+02 1.543797624612535946e-01
4.642466666666666697e+02 4.535533333333333417e+02 4.454633333333333098e+02 4.423633333333334008e+02 4.236600000000000250e+02 4.171533333333333644e+02 4.101633333333333553e+02 4.120000000000000000e+02 1.545244849978974766e-01
4.694599999999999795e+02 4.642466666666666697e+02 4.535533333333333417e+02 4.454633333333333098e+02 4.423633333333334008e+02 4.236600000000000250e+02 4.171533333333333644e+02 4.101633333333333553e+02 1.535887875539405922e-01
4.509866666666666788e+02 4.694599999999999795e+02 4.642466666666666697e+02 4.535533333333333417e+02 4.454633333333333098e+02 4.423633333333334008e+02 4.236600000000000250e+02 4.171533333333333644e+02 1.447372080832718400e-01
4.608666666666666174e+02 4.509866666666666788e+02 4.694599999999999795e+02 4.642466666666666697e+02 4.535533333333333417e+02 4.454633333333333098e+02 4.423633333333334008e+02 4.236600000000000250e+02 1.463192651229733576e-01
4.600033333333333303e+02 4.608666666666666174e+02 4.509866666666666788e+02 4.694599999999999795e+02 4.642466666666666697e+02 4.535533333333333417e+02 4.454633333333333098e+02 4.423633333333334008e+02 1.443401298215006845e-01
4.801066666666667402e+02 4.600033333333333303e+02 4.608666666666666174e+02 4.509866666666666788e+02 4.694599999999999795e+02 4.642466666666666697e+02 4.535533333333333417e+02 4.454633333333333098e+02 1.498189050255155919e-01
5.236900000000000546e+02 4.801066666666667402e+02 4.600033333333333303e+02 4.608666666666666174e+02 4.509866666666666788e+02 4.694599999999999795e+02 4.642466666666666697e+02 4.535533333333333417e+02 1.616714706303054305e-01
5.650833333333333712e+02 5.236900000000000546e+02 4.801066666666667402e+02 4.600033333333333303e+02 4.608666666666666174e+02 4.509866666666666788e+02 4.694599999999999795e+02 4.642466666666666697e+02 1.707530559785980506e-01
5.976733333333332894e+02 5.650833333333333712e+02 5.236900000000000546e+02 4.801066666666667402e+02 4.600033333333333303e+02 4.608666666666666174e+02 4.509866666666666788e+02 4.694599999999999795e+02 1.752606643409617138e-01
6.370100000000001046e+02 5.976733333333332894e+02 5.650833333333333712e+02 5.236900000000000546e+02 4.801066666666667402e+02 4.600033333333333303e+02 4.608666666666666174e+02 4.509866666666666788e+02 1.800271873525114696e-01
6.589666666666666970e+02 6.370100000000001046e+02 5.976733333333332894e+02 5.650833333333333712e+02 5.236900000000000546e+02 4.801066666666667402e+02 4.600033333333333303e+02 4.608666666666666174e+02 1.769307187670607628e-01
6.605433333333334076e+02 6.589666666666666970e+02 6.370100000000001046e+02 5.976733333333332894e+02 5.650833333333333712e+02 5.236900000000000546e+02 4.801066666666667402e+02 4.600033333333333303e+02 1.683971243074203761e-01
7.267933333333334076e+02 6.605433333333334076e+02 6.589666666666666970e+02 6.370100000000001046e+02 5.976733333333332894e+02 5.650833333333333712e+02 5.236900000000000546e+02 4.801066666666667402e+02 1.762746559605213592e-01
7.855900000000000318e+02 7.267933333333334076e+02 6.605433333333334076e+02 6.589666666666666970e+02 6.370100000000001046e+02 5.976733333333332894e+02 5.650833333333333712e+02 5.236900000000000546e+02 1.797787521511478859e-01
8.244366666666666106e+02 7.855900000000000318e+02 7.267933333333334076e+02 6.605433333333334076e+02 6.589666666666666970e+02 6.370100000000001046e+02 5.976733333333332894e+02 5.650833333333333712e+02 1.780002562076375694e-01
9.298500000000000227e+02 8.244366666666666106e+02 7.855900000000000318e+02 7.267933333333334076e+02 6.605433333333334076e+02 6.589666666666666970e+02 6.370100000000001046e+02 5.976733333333332894e+02 1.901139777442166223e-01
9.508166666666666060e+02 9.298500000000000227e+02 8.244366666666666106e+02 7.855900000000000318e+02 7.267933333333334076e+02 6.605433333333334076e+02 6.589666666666666970e+02 6.370100000000001046e+02 1.820375415534695174e-01
1.021309999999999945e+03 9.508166666666666060e+02 9.298500000000000227e+02 8.244366666666666106e+02 7.855900000000000318e+02 7.267933333333334076e+02 6.605433333333334076e+02 6.589666666666666970e+02 1.844519802853412105e-01
1.109670000000000073e+03 1.021309999999999945e+03 9.508166666666666060e+02 9.298500000000000227e+02 8.244366666666666106e+02 7.855900000000000318e+02 7.267933333333334076e+02 6.605433333333334076e+02 1.881007027904816886e-01
1.083946666666666488e+03 1.109670000000000073e+03 1.021309999999999945e+03 9.508166666666666060e+02 9.298500000000000227e+02 8.244366666666666106e+02 7.855900000000000318e+02 7.267933333333334076e+02 1.707414913837461967e-01
1.122316666666666606e+03 1.083946666666666488e+03 1.109670000000000073e+03 1.021309999999999945e+03 9.508166666666666060e+02 9.298500000000000227e+02 8.244366666666666106e+02 7.855900000000000318e+02 1.673695596628897164e-01
1.259003333333333330e+03 1.122316666666666606e+03 1.083946666666666488e+03 1.109670000000000073e+03 1.021309999999999945e+03 9.508166666666666060e+02 9.298500000000000227e+02 8.244366666666666106e+02 1.787761087213352862e-01
1.329793333333333294e+03 1.259003333333333330e+03 1.122316666666666606e+03 1.083946666666666488e+03 1.109670000000000073e+03 1.021309999999999945e+03 9.508166666666666060e+02 9.298500000000000227e+02 1.778532496030001686e-01
1.342216666666666697e+03 1.329793333333333294e+03 1.259003333333333330e+03 1.122316666666666606e+03 1.083946666666666488e+03 1.109670000000000073e+03 1.021309999999999945e+03 9.508166666666666060e+02 1.704000369013528027e-01
1.373230000000000246e+03 1.342216666666666697e+03 1.329793333333333294e+03 1.259003333333333330e+03 1.122316666666666606e+03 1.083946666666666488e+03 1.109670000000000073e+03 1.021309999999999945e+03 1.660845877627569467e-01
1.418890000000000100e+03 1.373230000000000246e+03 1.342216666666666697e+03 1.329793333333333294e+03 1.259003333333333330e+03 1.122316666666666606e+03 1.083946666666666488e+03 1.109670000000000073e+03 1.646010348589143635e-01
1.447266666666666652e+03 1.418890000000000100e+03 1.373230000000000246e+03 1.342216666666666697e+03 1.329793333333333294e+03 1.259003333333333330e+03 1.122316666666666606e+03 1.083946666666666488e+03 1.620788862554730370e-01
1.475503333333333330e+03 1.447266666666666652e+03 1.418890000000000100e+03 1.373230000000000246e+03 1.342216666666666697e+03 1.329793333333333294e+03 1.259003333333333330e+03 1.122316666666666606e+03 1.587806221001034912e-01
1.366370000000000118e+03 1.475503333333333330e+03 1.447266666666666652e+03 1.418890000000000100e+03 1.373230000000000246e+03 1.342216666666666697e+03 1.329793333333333294e+03 1.259003333333333330e+03 1.416528813095438433e-01
1.275743333333333339e+03 1.366370000000000118e+03 1.475503333333333330e+03 1.447266666666666652e+03 1.418890000000000100e+03 1.373230000000000246e+03 1.342216666666666697e+03 1.329793333333333294e+03 1.308016012407462736e-01
1.232973333333333358e+03 1.275743333333333339e+03 1.366370000000000118e+03 1.475503333333333330e+03 1.447266666666666652e+03 1.418890000000000100e+03 1.373230000000000246e+03 1.342216666666666697e+03 1.271208750119425246e-01
1.142529999999999973e+03 1.232973333333333358e+03 1.275743333333333339e+03 1.366370000000000118e+03 1.475503333333333330e+03 1.447266666666666652e+03 1.418890000000000100e+03 1.373230000000000246e+03 1.191379332518362200e-01
1.117066666666666606e+03 1.142529999999999973e+03 1.232973333333333358e+03 1.275743333333333339e+03 1.366370000000000118e+03 1.475503333333333330e+03 1.447266666666666652e+03 1.418890000000000100e+03 1.193539529230000923e-01
1.131556666666666615e+03 1.117066666666666606e+03 1.142529999999999973e+03 1.232973333333333358e+03 1.275743333333333339e+03 1.366370000000000118e+03 1.475503333333333330e+03 1.447266666666666652e+03 1.249309960562866029e-01
1.068400000000000091e+03 1.131556666666666615e+03 1.117066666666666606e+03 1.142529999999999973e+03 1.232973333333333358e+03 1.275743333333333339e+03 1.366370000000000118e+03 1.475503333333333330e+03 1.222181845497637559e-01
8.946499999999999773e+02 1.068400000000000091e+03 1.131556666666666615e+03 1.117066666666666606e+03 1.142529999999999973e+03 1.232973333333333358e+03 1.275743333333333339e+03 1.366370000000000118e+03 1.073411689047157197e-01
8.879133333333332985e+02 8.946499999999999773e+02 1.068400000000000091e+03 1.131556666666666615e+03 1.117066666666666606e+03 1.142529999999999973e+03 1.232973333333333358e+03 1.275743333333333339e+03 1.129241214883698746e-01
8.598333333333333712e+02 8.879133333333332985e+02 8.946499999999999773e+02 1.068400000000000091e+03 1.131556666666666615e+03 1.117066666666666606e+03 1.142529999999999973e+03 1.232973333333333358e+03 1.150264857457680701e-01
9.379966666666665560e+02 8.598333333333333712e+02 8.879133333333332985e+02 8.946499999999999773e+02 1.068400000000000091e+03 1.131556666666666615e+03 1.117066666666666606e+03 1.142529999999999973e+03 1.320759321970256805e-01
1.000503333333333444e+03 9.379966666666665560e+02 8.598333333333333712e+02 8.879133333333332985e+02 8.946499999999999773e+02 1.068400000000000091e+03 1.131556666666666615e+03 1.117066666666666606e+03 1.450547910449564715e-01
1.056423333333333403e+03 1.000503333333333444e+03 9.379966666666665560e+02 8.598333333333333712e+02 8.879133333333332985e+02 8.946499999999999773e+02 1.068400000000000091e+03 1.131556666666666615e+03 1.557950425118569127e-01
1.133286666666666633e+03 1.056423333333333403e+03 1.000503333333333444e+03 9.379966666666665560e+02 8.598333333333333712e+02 8.879133333333332985e+02 8.946499999999999773e+02 1.068400000000000091e+03 1.690029805399967111e-01
1.122966666666666470e+03 1.133286666666666633e+03 1.056423333333333403e+03 1.000503333333333444e+03 9.379966666666665560e+02 8.598333333333333712e+02 8.879133333333332985e+02 8.946499999999999773e+02 1.658590909135665703e-01
1.104149999999999864e+03 1.122966666666666470e+03 1.133286666666666633e+03 1.056423333333333403e+03 1.000503333333333444e+03 9.379966666666665560e+02 8.598333333333333712e+02 8.879133333333332985e+02 1.577599792730024764e-01
1.161786666666666633e+03 1.104149999999999864e+03 1.122966666666666470e+03 1.133286666666666633e+03 1.056423333333333403e+03 1.000503333333333444e+03 9.379966666666665560e+02 8.598333333333333712e+02 1.610202222357739466e-01
1.191980000000000018e+03 1.161786666666666633e+03 1.104149999999999864e+03 1.122966666666666470e+03 1.133286666666666633e+03 1.056423333333333403e+03 1.000503333333333444e+03 9.379966666666665560e+02 1.585688477935235929e-01
1.181653333333333421e+03 1.191980000000000018e+03 1.161786666666666633e+03 1.104149999999999864e+03 1.122966666666666470e+03 1.133286666666666633e+03 1.056423333333333403e+03 1.000503333333333444e+03 1.520574745134642414e-01
1.224143333333333430e+03 1.181653333333333421e+03 1.191980000000000018e+03 1.161786666666666633e+03 1.104149999999999864e+03 1.122966666666666470e+03 1.133286666666666633e+03 1.056423333333333403e+03 1.539367910284473451e-01
1.230466666666666470e+03 1.224143333333333430e+03 1.181653333333333421e+03 1.191980000000000018e+03 1.161786666666666633e+03 1.104149999999999864e+03 1.122966666666666470e+03 1.133286666666666633e+03 1.515359258453441715e-01
1.283039999999999964e+03 1.230466666666666470e+03 1.224143333333333430e+03 1.181653333333333421e+03 1.191980000000000018e+03 1.161786666666666633e+03 1.104149999999999864e+03 1.122966666666666470e+03 1.561417913111769473e-01
1.281783333333333530e+03 1.283039999999999964e+03 1.230466666666666470e+03 1.224143333333333430e+03 1.181653333333333421e+03 1.191980000000000018e+03 1.161786666666666633e+03 1.104149999999999864e+03 1.530081976280118772e-01
1.288376666666666779e+03 1.281783333333333530e+03 1.283039999999999964e+03 1.230466666666666470e+03 1.224143333333333430e+03 1.181653333333333421e+03 1.191980000000000018e+03 1.161786666666666633e+03 1.506018416057006148e-01
1.389480000000000246e+03 1.288376666666666779e+03 1.281783333333333530e+03 1.283039999999999964e+03 1.230466666666666470e+03 1.224143333333333430e+03 1.181653333333333421e+03 1.191980000000000018e+03 1.600517271897568539e-01
1.425303333333333285e+03 1.389480000000000246e+03 1.288376666666666779e+03 1.281783333333333530e+03 1.283039999999999964e+03 1.230466666666666470e+03 1.224143333333333430e+03 1.181653333333333421e+03 1.605262337898316072e-01
1.496323333333333494e+03 1.425303333333333285e+03 1.389480000000000246e+03 1.288376666666666779e+03 1.281783333333333530e+03 1.283039999999999964e+03 1.230466666666666470e+03 1.224143333333333430e+03 1.640238996367261171e-01
1.490816666666666606e+03 1.496323333333333494e+03 1.425303333333333285e+03 1.389480000000000246e+03 1.288376666666666779e+03 1.281783333333333530e+03 1.283039999999999964e+03 1.230466666666666470e+03 1.586857515100594807e-01
1.494090000000000146e+03 1.490816666666666606e+03 1.496323333333333494e+03 1.425303333333333285e+03 1.389480000000000246e+03 1.288376666666666779e+03 1.281783333333333530e+03 1.283039999999999964e+03 1.547458223388826215e-01
1.350190000000000055e+03 1.494090000000000146e+03 1.490816666666666606e+03 1.496323333333333494e+03 1.425303333333333285e+03 1.389480000000000246e+03 1.288376666666666779e+03 1.281783333333333530e+03 1.368504236022611842e-01
1.371646666666666761e+03 1.350190000000000055e+03 1.494090000000000146e+03 1.490816666666666606e+03 1.496323333333333494e+03 1.425303333333333285e+03 1.389480000000000246e+03 1.288376666666666779e+03 1.380679069136960813e-01
1.251916666666666742e+03 1.371646666666666761e+03 1.350190000000000055e+03 1.494090000000000146e+03 1.490816666666666606e+03 1.496323333333333494e+03 1.425303333333333285e+03 1.389480000000000246e+03 1.249685977197369374e-01
9.097999999999998408e+02 1.251916666666666742e+03 1.371646666666666761e+03 1.350190000000000055e+03 1.494090000000000146e+03 1.490816666666666606e+03 1.496323333333333494e+03 1.425303333333333285e+03 9.208234848786436832e-02
8.093133333333333894e+02 9.097999999999998408e+02 1.251916666666666742e+03 1.371646666666666761e+03 1.350190000000000055e+03 1.494090000000000146e+03 1.490816666666666606e+03 1.496323333333333494e+03 8.642093517023886895e-02
8.922266666666665742e+02 8.093133333333333894e+02 9.097999999999998408e+02 1.251916666666666742e+03 1.371646666666666761e+03 1.350190000000000055e+03 1.494090000000000146e+03 1.490816666666666606e+03 1.028174662317368482e-01
9.967000000000001592e+02 8.922266666666665742e+02 8.093133333333333894e+02 9.097999999999998408e+02 1.251916666666666742e+03 1.371646666666666761e+03 1.350190000000000055e+03 1.494090000000000146e+03 1.233664293627037695e-01
1.088703333333333376e+03 9.967000000000001592e+02 8.922266666666665742e+02 8.093133333333333894e+02 9.097999999999998408e+02 1.251916666666666742e+03 1.371646666666666761e+03 1.350190000000000055e+03 1.435944354413951352e-01
1.121596666666666579e+03 1.088703333333333376e+03 9.967000000000001592e+02 8.922266666666665742e+02 8.093133333333333894e+02 9.097999999999998408e+02 1.251916666666666742e+03 1.371646666666666761e+03 1.532171694082032631e-01
1.135246666666666670e+03 1.121596666666666579e+03 1.088703333333333376e+03 9.967000000000001592e+02 8.922266666666665742e+02 8.093133333333333894e+02 9.097999999999998408e+02 1.251916666666666742e+03 1.605665423744635223e-01
1.096386666666666542e+03 1.135246666666666670e+03 1.121596666666666579e+03 1.088703333333333376e+03 9.967000000000001592e+02 8.922266666666665742e+02 8.093133333333333894e+02 9.097999999999998408e+02 1.576721078234925022e-01
1.204000000000000000e+03 1.096386666666666542e+03 1.135246666666666670e+03 1.121596666666666579e+03 1.088703333333333376e+03 9.967000000000001592e+02 8.922266666666665742e+02 8.093133333333333894e+02 1.686233574161598581e-01
1.302743333333333112e+03 1.204000000000000000e+03 1.096386666666666542e+03 1.135246666666666670e+03 1.121596666666666579e+03 1.088703333333333376e+03 9.967000000000001592e+02 8.922266666666665742e+02 1.728954928602964569e-01
1.319036666666666633e+03 1.302743333333333112e+03 1.204000000000000000e+03 1.096386666666666542e+03 1.135246666666666670e+03 1.121596666666666579e+03 1.088703333333333376e+03 9.967000000000001592e+02 1.660131069934590864e-01
1.228126666666666779e+03 1.319036666666666633e+03 1.302743333333333112e+03 1.204000000000000000e+03 1.096386666666666542e+03 1.135246666666666670e+03 1.121596666666666579e+03 1.088703333333333376e+03 1.485449019761207745e-01
1.225653333333333421e+03 1.228126666666666779e+03 1.319036666666666633e+03 1.302743333333333112e+03 1.204000000000000000e+03 1.096386666666666542e+03 1.135246666666666670e+03 1.121596666666666579e+03 1.457872498008636331e-01
1.347436666666666497e+03 1.225653333333333421e+03 1.228126666666666779e+03 1.319036666666666633e+03 1.302743333333333112e+03 1.204000000000000000e+03 1.096386666666666542e+03 1.135246666666666670e+03 1.583134836556409075e-01
1.350393333333333203e+03 1.347436666666666497e+03 1.225653333333333421e+03 1.228126666666666779e+03 1.319036666666666633e+03 1.302743333333333112e+03 1.204000000000000000e+03 1.096386666666666542e+03 1.548015582638998799e-01
1.402216666666666470e+03 1.350393333333333203e+03 1.347436666666666497e+03 1.225653333333333421e+03 1.228126666666666779e+03 1.319036666666666633e+03 1.302743333333333112e+03 1.204000000000000000e+03 1.561942465089147802e-01
1.418206666666666706e+03 1.402216666666666470e+03 1.350393333333333203e+03 1.347436666666666497e+03 1.225653333333333421e+03 1.228126666666666779e+03 1.319036666666666633e+03 1.302743333333333112e+03 1.545627137460847400e-01
1.514513333333333321e+03 1.418206666666666706e+03 1.402216666666666470e+03 1.350393333333333203e+03 1.347436666666666497e+03 1.225653333333333421e+03 1.228126666666666779e+03 1.319036666666666633e+03 1.630074182342112765e-01
1.609769999999999754e+03 1.514513333333333321e+03 1.418206666666666706e+03 1.402216666666666470e+03 1.350393333333333203e+03 1.347436666666666497e+03 1.225653333333333421e+03 1.228126666666666779e+03 1.696897782262881405e-01
1.675313333333333503e+03 1.609769999999999754e+03 1.514513333333333321e+03 1.418206666666666706e+03 1.402216666666666470e+03 1.350393333333333203e+03 1.347436666666666497e+03 1.225653333333333421e+03 1.697690593040196150e-01
1.770449999999999818e+03 1.675313333333333503e+03 1.609769999999999754e+03 1.514513333333333321e+03 1.418206666666666706e+03 1.402216666666666470e+03 1.350393333333333203e+03 1.347436666666666497e+03 1.715909806791143521e-01
1.834306666666666615e+03 1.770449999999999818e+03 1.675313333333333503e+03 1.609769999999999754e+03 1.514513333333333321e+03 1.418206666666666706e+03 1.402216666666666470e+03 1.350393333333333203e+03 1.707783266335822225e-01
1.900373333333333221e+03 1.834306666666666615e+03 1.770449999999999818e+03 1.675313333333333503e+03 1.609769999999999754e+03 1.514513333333333321e+03 1.418206666666666706e+03 1.402216666666666470e+03 1.693016609387625326e-01
1.975953333333333603e+03 1.900373333333333221e+03 1.834306666666666615e+03 1.770449999999999818e+03 1.675313333333333503e+03 1.609769999999999754e+03 1.514513333333333321e+03 1.418206666666666706e+03 1.685545142285207743e-01
2.012036666666666861e+03 1.975953333333333603e+03 1.900373333333333221e+03 1.834306666666666615e+03 1.770449999999999818e+03 1.675313333333333503e+03 1.609769999999999754e+03 1.514513333333333321e+03 1.638375616551092373e-01
2.063456666666666479e+03 2.012036666666666861e+03 1.975953333333333603e+03 1.900373333333333221e+03 1.834306666666666615e+03 1.770449999999999818e+03 1.675313333333333503e+03 1.609769999999999754e+03 1.614825349729656634e-01
2.102030000000000200e+03 2.063456666666666479e+03 2.012036666666666861e+03 1.975953333333333603e+03 1.900373333333333221e+03 1.834306666666666615e+03 1.770449999999999818e+03 1.675313333333333503e+03 1.588609034688166222e-01
2.026140000000000100e+03 2.102030000000000200e+03 2.063456666666666479e+03 2.012036666666666861e+03 1.975953333333333603e+03 1.900373333333333221e+03 1.834306666666666615e+03 1.770449999999999818e+03 1.483416317232943704e-01
2.053170000000000073e+03 2.026140000000000100e+03 2.102030000000000200e+03 2.063456666666666479e+03 2.012036666666666861e+03 1.975953333333333603e+03 1.900373333333333221e+03 1.834306666666666615e+03 1.475583027432935401e-01
1.948323333333333494e+03 2.053170000000000073e+03 2.026140000000000100e+03 2.102030000000000200e+03 2.063456666666666479e+03 2.012036666666666861e+03 1.975953333333333603e+03 1.900373333333333221e+03 1.378547567092804071e-01
2.074993333333333339e+03 1.948323333333333494e+03 2.053170000000000073e+03 2.026140000000000100e+03 2.102030000000000200e+03 2.063456666666666479e+03 2.012036666666666861e+03 1.975953333333333603e+03 1.463209391460423836e-01
2.159180000000000291e+03 2.074993333333333339e+03 1.948323333333333494e+03 2.053170000000000073e+03 2.026140000000000100e+03 2.102030000000000200e+03 2.063456666666666479e+03 2.012036666666666861e+03 1.512014929815163056e-01
2.184880000000000109e+03 2.159180000000000291e+03 2.074993333333333339e+03 1.948323333333333494e+03 2.053170000000000073e+03 2.026140000000000100e+03 2.102030000000000200e+03 2.063456666666666479e+03 1.514407414835030052e-01
2.323950000000000273e+03 2.184880000000000109e+03 2.159180000000000291e+03 2.074993333333333339e+03 1.948323333333333494e+03 2.053170000000000073e+03 2.026140000000000100e+03 2.102030000000000200e+03 1.597357384328285668e-01
2.396216666666666697e+03 2.323950000000000273e+03 2.184880000000000109e+03 2.159180000000000291e+03 2.074993333333333339e+03 1.948323333333333494e+03 2.053170000000000073e+03 2.026140000000000100e+03 1.622283941269965502e-01
2.467719999999999800e+03 2.396216666666666697e+03 2.323950000000000273e+03 2.184880000000000109e+03 2.159180000000000291e+03 2.074993333333333339e+03 1.948323333333333494e+03 2.053170000000000073e+03 1.629857157764913467e-01
