1.600000000000000000e+01 1.400000000000000000e+01 1.400000000000000000e+01 1.800000000000000000e+01 2.000000000000000000e+01 2.400000000000000000e+01 3.500000000000000000e+01 2.900000000000000000e+01 1.038961038961039030e-01
1.600000000000000000e+01 1.600000000000000000e+01 1.400000000000000000e+01 1.400000000000000000e+01 1.800000000000000000e+01 2.000000000000000000e+01 2.400000000000000000e+01 3.500000000000000000e+01 1.134751773049645363e-01
1.500000000000000000e+01 1.600000000000000000e+01 1.600000000000000000e+01 1.400000000000000000e+01 1.400000000000000000e+01 1.800000000000000000e+01 2.000000000000000000e+01 2.400000000000000000e+01 1.229508196721311453e-01
1.300000000000000000e+01 1.500000000000000000e+01 1.600000000000000000e+01 1.600000000000000000e+01 1.400000000000000000e+01 1.400000000000000000e+01 1.800000000000000000e+01 2.000000000000000000e+01 1.150442477876106179e-01
1.400000000000000000e+01 1.300000000000000000e+01 1.500000000000000000e+01 1.600000000000000000e+01 1.600000000000000000e+01 1.400000000000000000e+01 1.400000000000000000e+01 1.800000000000000000e+01 1.320754716981132060e-01
1.200000000000000000e+01 1.400000000000000000e+01 1.300000000000000000e+01 1.500000000000000000e+01 1.600000000000000000e+01 1.600000000000000000e+01 1.400000000000000000e+01 1.400000000000000000e+01 1.176470588235294101e-01
1.600000000000000000e+01 1.200000000000000000e+01 1.400000000000000000e+01 1.300000000000000000e+01 1.500000000000000000e+01 1.600000000000000000e+01 1.600000000000000000e+01 1.400000000000000000e+01 1.600000000000000033e-01
1.700000000000000000e+01 1.600000000000000000e+01 1.200000000000000000e+01 1.400000000000000000e+01 1.300000000000000000e+01 1.500000000000000000e+01 1.600000000000000000e+01 1.600000000000000000e+01 1.666666666666666574e-01
1.900000000000000000e+01 1.700000000000000000e+01 1.600000000000000000e+01 1.200000000000000000e+01 1.400000000000000000e+01 1.300000000000000000e+01 1.500000000000000000e+01 1.600000000000000000e+01 1.844660194174757295e-01
2.100000000000000000e+01 1.900000000000000000e+01 1.700000000000000000e+01 1.600000000000000000e+01 1.200000000000000000e+01 1.400000000000000000e+01 1.300000000000000000e+01 1.500000000000000000e+01 1.981132075471698228e-01
3.200000000000000000e+01 2.100000000000000000e+01 1.900000000000000000e+01 1.700000000000000000e+01 1.600000000000000000e+01 1.200000000000000000e+01 1.400000000000000000e+01 1.300000000000000000e+01 2.857142857142856984e-01
3.000000000000000000e+01 3.200000000000000000e+01 2.100000000000000000e+01 1.900000000000000000e+01 1.700000000000000000e+01 1.600000000000000000e+01 1.200000000000000000e+01 1.400000000000000000e+01 2.290076335877862523e-01
3.400000000000000000e+01 3.000000000000000000e+01 3.200000000000000000e+01 2.100000000000000000e+01 1.900000000000000000e+01 1.700000000000000000e+01 1.600000000000000000e+01 1.200000000000000000e+01 2.312925170068027281e-01
2.700000000000000000e+01 3.400000000000000000e+01 3.000000000000000000e+01 3.200000000000000000e+01 2.100000000000000000e+01 1.900000000000000000e+01 1.700000000000000000e+01 1.600000000000000000e+01 1.597633136094674666e-01
3.200000000000000000e+01 2.700000000000000000e+01 3.400000000000000000e+01 3.000000000000000000e+01 3.200000000000000000e+01 2.100000000000000000e+01 1.900000000000000000e+01 1.700000000000000000e+01 1.777777777777777846e-01
3.700000000000000000e+01 3.200000000000000000e+01 2.700000000000000000e+01 3.400000000000000000e+01 3.000000000000000000e+01 3.200000000000000000e+01 2.100000000000000000e+01 1.900000000000000000e+01 1.897435897435897356e-01
3.300000000000000000e+01 3.700000000000000000e+01 3.200000000000000000e+01 2.700000000000000000e+01 3.400000000000000000e+01 3.000000000000000000e+01 3.200000000000000000e+01 2.100000000000000000e+01 1.549295774647887203e-01
2.900000000000000000e+01 3.300000000000000000e+01 3.700000000000000000e+01 3.200000000000000000e+01 2.700000000000000000e+01 3.400000000000000000e+01 3.000000000000000000e+01 3.200000000000000000e+01 1.288888888888888862e-01
3.400000000000000000e+01 2.900000000000000000e+01 3.300000000000000000e+01 3.700000000000000000e+01 3.200000000000000000e+01 2.700000000000000000e+01 3.400000000000000000e+01 3.000000000000000000e+01 1.531531531531531432e-01
3.700000000000000000e+01 3.400000000000000000e+01 2.900000000000000000e+01 3.300000000000000000e+01 3.700000000000000000e+01 3.200000000000000000e+01 2.700000000000000000e+01 3.400000000000000000e+01 1.637168141592920401e-01
3.800000000000000000e+01 3.700000000000000000e+01 3.400000000000000000e+01 2.900000000000000000e+01 3.300000000000000000e+01 3.700000000000000000e+01 3.200000000000000000e+01 2.700000000000000000e+01 1.659388646288209590e-01
2.800000000000000000e+01 3.800000000000000000e+01 3.700000000000000000e+01 3.400000000000000000e+01 2.900000000000000000e+01 3.300000000000000000e+01 3.700000000000000000e+01 3.200000000000000000e+01 1.166666666666666685e-01
4.700000000000000000e+01 2.800000000000000000e+01 3.800000000000000000e+01 3.700000000000000000e+01 3.400000000000000000e+01 2.900000000000000000e+01 3.300000000000000000e+01 3.700000000000000000e+01 1.991525423728813526e-01
4.300000000000000000e+01 4.700000000000000000e+01 2.800000000000000000e+01 3.800000000000000000e+01 3.700000000000000000e+01 3.400000000000000000e+01 2.900000000000000000e+01 3.300000000000000000e+01 1.747967479674796820e-01
4.600000000000000000e+01 4.300000000000000000e+01 4.700000000000000000e+01 2.800000000000000000e+01 3.800000000000000000e+01 3.700000000000000000e+01 3.400000000000000000e+01 2.900000000000000000e+01 1.796875000000000000e-01
3.300000000000000000e+01 4.600000000000000000e+01 4.300000000000000000e+01 4.700000000000000000e+01 2.800000000000000000e+01 3.800000000000000000e+01 3.700000000000000000e+01 3.400000000000000000e+01 1.208791208791208799e-01
4.200000000000000000e+01 3.300000000000000000e+01 4.600000000000000000e+01 4.300000000000000000e+01 4.700000000000000000e+01 2.800000000000000000e+01 3.800000000000000000e+01 3.700000000000000000e+01 1.544117647058823595e-01
4.700000000000000000e+01 4.200000000000000000e+01 3.300000000000000000e+01 4.600000000000000000e+01 4.300000000000000000e+01 4.700000000000000000e+01 2.800000000000000000e+01 3.800000000000000000e+01 1.696750902527075777e-01
4.700000000000000000e+01 4.700000000000000000e+01 4.200000000000000000e+01 3.300000000000000000e+01 4.600000000000000000e+01 4.300000000000000000e+01 4.700000000000000000e+01 2.800000000000000000e+01 1.643356643356643221e-01
4.400000000000000000e+01 4.700000000000000000e+01 4.700000000000000000e+01 4.200000000000000000e+01 3.300000000000000000e+01 4.600000000000000000e+01 4.300000000000000000e+01 4.700000000000000000e+01 1.442622950819672234e-01
3.700000000000000000e+01 4.400000000000000000e+01 4.700000000000000000e+01 4.700000000000000000e+01 4.200000000000000000e+01 3.300000000000000000e+01 4.600000000000000000e+01 4.300000000000000000e+01 1.225165562913907297e-01
4.500000000000000000e+01 3.700000000000000000e+01 4.400000000000000000e+01 4.700000000000000000e+01 4.700000000000000000e+01 4.200000000000000000e+01 3.300000000000000000e+01 4.600000000000000000e+01 1.520270270270270285e-01
3.900000000000000000e+01 4.500000000000000000e+01 3.700000000000000000e+01 4.400000000000000000e+01 4.700000000000000000e+01 4.700000000000000000e+01 4.200000000000000000e+01 3.300000000000000000e+01 1.322033898305084720e-01
4.000000000000000000e+01 3.900000000000000000e+01 4.500000000000000000e+01 3.700000000000000000e+01 4.400000000000000000e+01 4.700000000000000000e+01 4.700000000000000000e+01 4.200000000000000000e+01 1.328903654485049934e-01
4.400000000000000000e+01 4.000000000000000000e+01 3.900000000000000000e+01 4.500000000000000000e+01 3.700000000000000000e+01 4.400000000000000000e+01 4.700000000000000000e+01 4.700000000000000000e+01 1.471571906354515180e-01
3.500000000000000000e+01 4.400000000000000000e+01 4.000000000000000000e+01 3.900000000000000000e+01 4.500000000000000000e+01 3.700000000000000000e+01 4.400000000000000000e+01 4.700000000000000000e+01 1.182432432432432429e-01
3.800000000000000000e+01 3.500000000000000000e+01 4.400000000000000000e+01 4.000000000000000000e+01 3.900000000000000000e+01 4.500000000000000000e+01 3.700000000000000000e+01 4.400000000000000000e+01 1.338028169014084390e-01
3.400000000000000000e+01 3.800000000000000000e+01 3.500000000000000000e+01 4.400000000000000000e+01 4.000000000000000000e+01 3.900000000000000000e+01 4.500000000000000000e+01 3.700000000000000000e+01 1.223021582733812979e-01
3.600000000000000000e+01 3.400000000000000000e+01 3.800000000000000000e+01 3.500000000000000000e+01 4.400000000000000000e+01 4.000000000000000000e+01 3.900000000000000000e+01 4.500000000000000000e+01 1.309090909090909194e-01
3.800000000000000000e+01 3.600000000000000000e+01 3.400000000000000000e+01 3.800000000000000000e+01 3.500000000000000000e+01 4.400000000000000000e+01 4.000000000000000000e+01 3.900000000000000000e+01 1.428571428571428492e-01
3.400000000000000000e+01 3.800000000000000000e+01 3.600000000000000000e+01 3.400000000000000000e+01 3.800000000000000000e+01 3.500000000000000000e+01 4.400000000000000000e+01 4.000000000000000000e+01 1.283018867924528295e-01
3.800000000000000000e+01 3.400000000000000000e+01 3.800000000000000000e+01 3.600000000000000000e+01 3.400000000000000000e+01 3.800000000000000000e+01 3.500000000000000000e+01 4.400000000000000000e+01 1.467181467181467303e-01
4.400000000000000000e+01 3.800000000000000000e+01 3.400000000000000000e+01 3.800000000000000000e+01 3.600000000000000000e+01 3.400000000000000000e+01 3.800000000000000000e+01 3.500000000000000000e+01 1.739130434782608647e-01
4.000000000000000000e+01 4.400000000000000000e+01 3.800000000000000000e+01 3.400000000000000000e+01 3.800000000000000000e+01 3.600000000000000000e+01 3.400000000000000000e+01 3.800000000000000000e+01 1.526717557251908441e-01
3.200000000000000000e+01 4.000000000000000000e+01 4.400000000000000000e+01 3.800000000000000000e+01 3.400000000000000000e+01 3.800000000000000000e+01 3.600000000000000000e+01 3.400000000000000000e+01 1.212121212121212155e-01
3.300000000000000000e+01 3.200000000000000000e+01 4.000000000000000000e+01 4.400000000000000000e+01 3.800000000000000000e+01 3.400000000000000000e+01 3.800000000000000000e+01 3.600000000000000000e+01 1.259541984732824305e-01
3.900000000000000000e+01 3.300000000000000000e+01 3.200000000000000000e+01 4.000000000000000000e+01 4.400000000000000000e+01 3.800000000000000000e+01 3.400000000000000000e+01 3.800000000000000000e+01 1.505791505791505835e-01
3.900000000000000000e+01 3.900000000000000000e+01 3.300000000000000000e+01 3.200000000000000000e+01 4.000000000000000000e+01 4.400000000000000000e+01 3.800000000000000000e+01 3.400000000000000000e+01 1.499999999999999944e-01
4.200000000000000000e+01 3.900000000000000000e+01 3.900000000000000000e+01 3.300000000000000000e+01 3.200000000000000000e+01 4.000000000000000000e+01 4.400000000000000000e+01 3.800000000000000000e+01 1.584905660377358416e-01
4.100000000000000000e+01 4.200000000000000000e+01 3.900000000000000000e+01 3.900000000000000000e+01 3.300000000000000000e+01 3.200000000000000000e+01 4.000000000000000000e+01 4.400000000000000000e+01 1.524163568773234112e-01
4.000000000000000000e+01 4.100000000000000000e+01 4.200000000000000000e+01 3.900000000000000000e+01 3.900000000000000000e+01 3.300000000000000000e+01 3.200000000000000000e+01 4.000000000000000000e+01 1.503759398496240518e-01
4.000000000000000000e+01 4.000000000000000000e+01 4.100000000000000000e+01 4.200000000000000000e+01 3.900000000000000000e+01 3.900000000000000000e+01 3.300000000000000000e+01 3.200000000000000000e+01 1.503759398496240518e-01
4.300000000000000000e+01 4.000000000000000000e+01 4.000000000000000000e+01 4.100000000000000000e+01 4.200000000000000000e+01 3.900000000000000000e+01 3.900000000000000000e+01 3.300000000000000000e+01 1.569343065693430683e-01
3.500000000000000000e+01 4.300000000000000000e+01 4.000000000000000000e+01 4.000000000000000000e+01 4.100000000000000000e+01 4.200000000000000000e+01 3.900000000000000000e+01 3.900000000000000000e+01 1.232394366197183122e-01
4.300000000000000000e+01 3.500000000000000000e+01 4.300000000000000000e+01 4.000000000000000000e+01 4.000000000000000000e+01 4.100000000000000000e+01 4.200000000000000000e+01 3.900000000000000000e+01 1.535714285714285809e-01
4.100000000000000000e+01 4.300000000000000000e+01 3.500000000000000000e+01 4.300000000000000000e+01 4.000000000000000000e+01 4.000000000000000000e+01 4.100000000000000000e+01 4.200000000000000000e+01 1.443661971830985935e-01
4.500000000000000000e+01 4.100000000000000000e+01 4.300000000000000000e+01 3.500000000000000000e+01 4.300000000000000000e+01 4.000000000000000000e+01 4.000000000000000000e+01 4.100000000000000000e+01 1.590106007067137728e-01
4.000000000000000000e+01 4.500000000000000000e+01 4.100000000000000000e+01 4.300000000000000000e+01 3.500000000000000000e+01 4.300000000000000000e+01 4.000000000000000000e+01 4.000000000000000000e+01 1.393728222996515609e-01
3.800000000000000000e+01 4.000000000000000000e+01 4.500000000000000000e+01 4.100000000000000000e+01 4.300000000000000000e+01 3.500000000000000000e+01 4.300000000000000000e+01 4.000000000000000000e+01 1.324041811846689842e-01
3.900000000000000000e+01 3.800000000000000000e+01 4.000000000000000000e+01 4.500000000000000000e+01 4.100000000000000000e+01 4.300000000000000000e+01 3.500000000000000000e+01 4.300000000000000000e+01 1.368421052631579038e-01
3.600000000000000000e+01 3.900000000000000000e+01 3.800000000000000000e+01 4.000000000000000000e+01 4.500000000000000000e+01 4.100000000000000000e+01 4.300000000000000000e+01 3.500000000000000000e+01 1.281138790035587227e-01
2.800000000000000000e+01 3.600000000000000000e+01 3.900000000000000000e+01 3.800000000000000000e+01 4.000000000000000000e+01 4.500000000000000000e+01 4.100000000000000000e+01 4.300000000000000000e+01 9.929078014184397616e-02
3.400000000000000000e+01 2.800000000000000000e+01 3.600000000000000000e+01 3.900000000000000000e+01 3.800000000000000000e+01 4.000000000000000000e+01 4.500000000000000000e+01 4.100000000000000000e+01 1.273408239700374589e-01
3.800000000000000000e+01 3.400000000000000000e+01 2.800000000000000000e+01 3.600000000000000000e+01 3.900000000000000000e+01 3.800000000000000000e+01 4.000000000000000000e+01 4.500000000000000000e+01 1.461538461538461620e-01
4.100000000000000000e+01 3.800000000000000000e+01 3.400000000000000000e+01 2.800000000000000000e+01 3.600000000000000000e+01 3.900000000000000000e+01 3.800000000000000000e+01 4.000000000000000000e+01 1.620553359683794548e-01
3.300000000000000000e+01 4.100000000000000000e+01 3.800000000000000000e+01 3.400000000000000000e+01 2.800000000000000000e+01 3.600000000000000000e+01 3.900000000000000000e+01 3.800000000000000000e+01 1.299212598425196763e-01
3.700000000000000000e+01 3.300000000000000000e+01 4.100000000000000000e+01 3.800000000000000000e+01 3.400000000000000000e+01 2.800000000000000000e+01 3.600000000000000000e+01 3.900000000000000000e+01 1.485943775100401487e-01
3.100000000000000000e+01 3.700000000000000000e+01 3.300000000000000000e+01 4.100000000000000000e+01 3.800000000000000000e+01 3.400000000000000000e+01 2.800000000000000000e+01 3.600000000000000000e+01 1.255060728744939180e-01
2.900000000000000000e+01 3.100000000000000000e+01 3.700000000000000000e+01 3.300000000000000000e+01 4.100000000000000000e+01 3.800000000000000000e+01 3.400000000000000000e+01 2.800000000000000000e+01 1.198347107438016562e-01
1.700000000000000000e+01 2.900000000000000000e+01 3.100000000000000000e+01 3.700000000000000000e+01 3.300000000000000000e+01 4.100000000000000000e+01 3.800000000000000000e+01 3.400000000000000000e+01 6.995884773662551515e-02
1.200000000000000000e+01 1.700000000000000000e+01 2.900000000000000000e+01 3.100000000000000000e+01 3.700000000000000000e+01 3.300000000000000000e+01 4.100000000000000000e+01 3.800000000000000000e+01 5.309734513274336209e-02
1.000000000000000000e+01 1.200000000000000000e+01 1.700000000000000000e+01 2.900000000000000000e+01 3.100000000000000000e+01 3.700000000000000000e+01 3.300000000000000000e+01 4.100000000000000000e+01 5.000000000000000278e-02
8.000000000000000000e+00 1.000000000000000000e+01 1.200000000000000000e+01 1.700000000000000000e+01 2.900000000000000000e+01 3.100000000000000000e+01 3.700000000000000000e+01 3.300000000000000000e+01 4.733727810650887463e-02
9.000000000000000000e+00 8.000000000000000000e+00 1.000000000000000000e+01 1.200000000000000000e+01 1.700000000000000000e+01 2.900000000000000000e+01 3.100000000000000000e+01 3.700000000000000000e+01 6.250000000000000000e-02
1.500000000000000000e+01 9.000000000000000000e+00 8.000000000000000000e+00 1.000000000000000000e+01 1.200000000000000000e+01 1.700000000000000000e+01 2.900000000000000000e+01 3.100000000000000000e+01 1.293103448275862155e-01
1.800000000000000000e+01 1.500000000000000000e+01 9.000000000000000000e+00 8.000000000000000000e+00 1.000000000000000000e+01 1.200000000000000000e+01 1.700000000000000000e+01 2.900000000000000000e+01 1.799999999999999933e-01
9.000000000000000000e+00 1.800000000000000000e+01 1.500000000000000000e+01 9.000000000000000000e+00 8.000000000000000000e+00 1.000000000000000000e+01 1.200000000000000000e+01 1.700000000000000000e+01 1.011235955056179747e-01
2.100000000000000000e+01 9.000000000000000000e+00 1.800000000000000000e+01 1.500000000000000000e+01 9.000000000000000000e+00 8.000000000000000000e+00 1.000000000000000000e+01 1.200000000000000000e+01 2.592592592592592449e-01
1.300000000000000000e+01 2.100000000000000000e+01 9.000000000000000000e+00 1.800000000000000000e+01 1.500000000000000000e+01 9.000000000000000000e+00 8.000000000000000000e+00 1.000000000000000000e+01 1.444444444444444309e-01
2.300000000000000000e+01 1.300000000000000000e+01 2.100000000000000000e+01 9.000000000000000000e+00 1.800000000000000000e+01 1.500000000000000000e+01 9.000000000000000000e+00 8.000000000000000000e+00 2.473118279569892497e-01
2.200000000000000000e+01 2.300000000000000000e+01 1.300000000000000000e+01 2.100000000000000000e+01 9.000000000000000000e+00 1.800000000000000000e+01 1.500000000000000000e+01 9.000000000000000000e+00 2.037037037037036924e-01
2.800000000000000000e+01 2.200000000000000000e+01 2.300000000000000000e+01 1.300000000000000000e+01 2.100000000000000000e+01 9.000000000000000000e+00 1.800000000000000000e+01 1.500000000000000000e+01 2.314049586776859568e-01
2.700000000000000000e+01 2.800000000000000000e+01 2.200000000000000000e+01 2.300000000000000000e+01 1.300000000000000000e+01 2.100000000000000000e+01 9.000000000000000000e+00 1.800000000000000000e+01 2.014925373134328346e-01
2.500000000000000000e+01 2.700000000000000000e+01 2.800000000000000000e+01 2.200000000000000000e+01 2.300000000000000000e+01 1.300000000000000000e+01 2.100000000000000000e+01 9.000000000000000000e+00 1.748251748251748172e-01
3.600000000000000000e+01 2.500000000000000000e+01 2.700000000000000000e+01 2.800000000000000000e+01 2.200000000000000000e+01 2.300000000000000000e+01 1.300000000000000000e+01 2.100000000000000000e+01 2.264150943396226467e-01
3.800000000000000000e+01 3.600000000000000000e+01 2.500000000000000000e+01 2.700000000000000000e+01 2.800000000000000000e+01 2.200000000000000000e+01 2.300000000000000000e+01 1.300000000000000000e+01 2.183908045977011603e-01
3.200000000000000000e+01 3.800000000000000000e+01 3.600000000000000000e+01 2.500000000000000000e+01 2.700000000000000000e+01 2.800000000000000000e+01 2.200000000000000000e+01 2.300000000000000000e+01 1.608040201005025149e-01
3.100000000000000000e+01 3.200000000000000000e+01 3.800000000000000000e+01 3.600000000000000000e+01 2.500000000000000000e+01 2.700000000000000000e+01 2.800000000000000000e+01 2.200000000000000000e+01 1.490384615384615363e-01
3.700000000000000000e+01 3.100000000000000000e+01 3.200000000000000000e+01 3.800000000000000000e+01 3.600000000000000000e+01 2.500000000000000000e+01 2.700000000000000000e+01 2.800000000000000000e+01 1.705069124423963245e-01
3.400000000000000000e+01 3.700000000000000000e+01 3.100000000000000000e+01 3.200000000000000000e+01 3.800000000000000000e+01 3.600000000000000000e+01 2.500000000000000000e+01 2.700000000000000000e+01 1.504424778761062065e-01
3.900000000000000000e+01 3.400000000000000000e+01 3.700000000000000000e+01 3.100000000000000000e+01 3.200000000000000000e+01 3.800000000000000000e+01 3.600000000000000000e+01 2.500000000000000000e+01 1.673819742489270346e-01
4.200000000000000000e+01 3.900000000000000000e+01 3.400000000000000000e+01 3.700000000000000000e+01 3.100000000000000000e+01 3.200000000000000000e+01 3.800000000000000000e+01 3.600000000000000000e+01 1.700404858299595090e-01
3.500000000000000000e+01 4.200000000000000000e+01 3.900000000000000000e+01 3.400000000000000000e+01 3.700000000000000000e+01 3.100000000000000000e+01 3.200000000000000000e+01 3.800000000000000000e+01 1.383399209486166070e-01
3.500000000000000000e+01 3.500000000000000000e+01 4.200000000000000000e+01 3.900000000000000000e+01 3.400000000000000000e+01 3.700000000000000000e+01 3.100000000000000000e+01 3.200000000000000000e+01 1.400000000000000133e-01
3.800000000000000000e+01 3.500000000000000000e+01 3.500000000000000000e+01 4.200000000000000000e+01 3.900000000000000000e+01 3.400000000000000000e+01 3.700000000000000000e+01 3.100000000000000000e+01 1.501976284584980170e-01
5.400000000000000000e+01 3.800000000000000000e+01 3.500000000000000000e+01 3.500000000000000000e+01 4.200000000000000000e+01 3.900000000000000000e+01 3.400000000000000000e+01 3.700000000000000000e+01 2.076923076923077038e-01
4.100000000000000000e+01 5.400000000000000000e+01 3.800000000000000000e+01 3.500000000000000000e+01 3.500000000000000000e+01 4.200000000000000000e+01 3.900000000000000000e+01 3.400000000000000000e+01 1.480144404332129904e-01
3.500000000000000000e+01 4.100000000000000000e+01 5.400000000000000000e+01 3.800000000000000000e+01 3.500000000000000000e+01 3.500000000000000000e+01 4.200000000000000000e+01 3.900000000000000000e+01 1.232394366197183122e-01
4.600000000000000000e+01 3.500000000000000000e+01 4.100000000000000000e+01 5.400000000000000000e+01 3.800000000000000000e+01 3.500000000000000000e+01 3.500000000000000000e+01 4.200000000000000000e+01 1.642857142857142849e-01
4.600000000000000000e+01 4.600000000000000000e+01 3.500000000000000000e+01 4.100000000000000000e+01 5.400000000000000000e+01 3.800000000000000000e+01 3.500000000000000000e+01 3.500000000000000000e+01 1.619718309859154992e-01
3.700000000000000000e+01 4.600000000000000000e+01 4.600000000000000000e+01 3.500000000000000000e+01 4.100000000000000000e+01 5.400000000000000000e+01 3.800000000000000000e+01 3.500000000000000000e+01 1.254237288135593154e-01
4.300000000000000000e+01 3.700000000000000000e+01 4.600000000000000000e+01 4.600000000000000000e+01 3.500000000000000000e+01 4.100000000000000000e+01 5.400000000000000000e+01 3.800000000000000000e+01 1.447811447811447882e-01
3.000000000000000000e+01 4.300000000000000000e+01 3.700000000000000000e+01 4.600000000000000000e+01 4.600000000000000000e+01 3.500000000000000000e+01 4.100000000000000000e+01 5.400000000000000000e+01 9.933774834437085477e-02
3.400000000000000000e+01 3.000000000000000000e+01 4.300000000000000000e+01 3.700000000000000000e+01 4.600000000000000000e+01 4.600000000000000000e+01 3.500000000000000000e+01 4.100000000000000000e+01 1.223021582733812979e-01
