-1.000000000000000000e+08 -1.000000000000000000e+08 -1.000000000000000000e+08 -1.000000000000000000e+08 -1.000000000000000000e+08 -1.000000000000000000e+08 -1.000000000000000000e+08 -1.000000000000000000e+08 -1.000000000000000000e+08
1.803000000000000000e+03 -1.000000000000000000e+08 -1.000000000000000000e+08 -1.000000000000000000e+08 -1.000000000000000000e+08 -1.000000000000000000e+08 -1.000000000000000000e+08 -1.000000000000000000e+08 -2.575714285714285738e-06
2.157666666666666515e+03 1.803000000000000000e+03 -1.000000000000000000e+08 -1.000000000000000000e+08 -1.000000000000000000e+08 -1.000000000000000000e+08 -1.000000000000000000e+08 -1.000000000000000000e+08 -3.596121917457472710e-06
2.160666666666666515e+03 2.157666666666666515e+03 1.803000000000000000e+03 -1.000000000000000000e+08 -1.000000000000000000e+08 -1.000000000000000000e+08 -1.000000000000000000e+08 -1.000000000000000000e+08 -4.321367564326266405e-06
2.133000000000000000e+03 2.160666666666666515e+03 2.157666666666666515e+03 1.803000000000000000e+03 -1.000000000000000000e+08 -1.000000000000000000e+08 -1.000000000000000000e+08 -1.000000000000000000e+08 -5.332581606273847412e-06
1.989000000000000000e+03 2.133000000000000000e+03 2.160666666666666515e+03 2.157666666666666515e+03 1.803000000000000000e+03 -1.000000000000000000e+08 -1.000000000000000000e+08 -1.000000000000000000e+08 -6.630182425786010732e-06
2.196333333333333485e+03 1.989000000000000000e+03 2.133000000000000000e+03 2.160666666666666515e+03 2.157666666666666515e+03 1.803000000000000000e+03 -1.000000000000000000e+08 -1.000000000000000000e+08 -1.098222913983577884e-05
2.229333333333333485e+03 2.196333333333333485e+03 1.989000000000000000e+03 2.133000000000000000e+03 2.160666666666666515e+03 2.157666666666666515e+03 1.803000000000000000e+03 -1.000000000000000000e+08 -2.229610689471068149e-05
2.126333333333333485e+03 2.229333333333333485e+03 2.196333333333333485e+03 1.989000000000000000e+03 2.133000000000000000e+03 2.160666666666666515e+03 2.157666666666666515e+03 1.803000000000000000e+03 1.449542118299361471e-01
2.073333333333333485e+03 2.126333333333333485e+03 2.229333333333333485e+03 2.196333333333333485e+03 1.989000000000000000e+03 2.133000000000000000e+03 2.160666666666666515e+03 2.157666666666666515e+03 1.382929052626898359e-01
2.345333333333333485e+03 2.073333333333333485e+03 2.126333333333333485e+03 2.229333333333333485e+03 2.196333333333333485e+03 1.989000000000000000e+03 2.133000000000000000e+03 2.160666666666666515e+03 1.573204543421876378e-01
2.368000000000000000e+03 2.345333333333333485e+03 2.073333333333333485e+03 2.126333333333333485e+03 2.229333333333333485e+03 2.196333333333333485e+03 1.989000000000000000e+03 2.133000000000000000e+03 1.568973894606651986e-01
2.291000000000000000e+03 2.368000000000000000e+03 2.345333333333333485e+03 2.073333333333333485e+03 2.126333333333333485e+03 2.229333333333333485e+03 2.196333333333333485e+03 1.989000000000000000e+03 1.494682817563012245e-01
2.253000000000000000e+03 2.291000000000000000e+03 2.368000000000000000e+03 2.345333333333333485e+03 2.073333333333333485e+03 2.126333333333333485e+03 2.229333333333333485e+03 2.196333333333333485e+03 1.441489475143423460e-01
2.418333333333333485e+03 2.253000000000000000e+03 2.291000000000000000e+03 2.368000000000000000e+03 2.345333333333333485e+03 2.073333333333333485e+03 2.126333333333333485e+03 2.229333333333333485e+03 1.541681718693554692e-01
2.420333333333333485e+03 2.418333333333333485e+03 2.253000000000000000e+03 2.291000000000000000e+03 2.368000000000000000e+03 2.345333333333333485e+03 2.073333333333333485e+03 2.126333333333333485e+03 1.524587410238105178e-01
2.233666666666666515e+03 2.420333333333333485e+03 2.418333333333333485e+03 2.253000000000000000e+03 2.291000000000000000e+03 2.368000000000000000e+03 2.345333333333333485e+03 2.073333333333333485e+03 1.381421621175888126e-01
2.152000000000000000e+03 2.233666666666666515e+03 2.420333333333333485e+03 2.418333333333333485e+03 2.253000000000000000e+03 2.291000000000000000e+03 2.368000000000000000e+03 2.345333333333333485e+03 1.317846863581620398e-01
2.446333333333333485e+03 2.152000000000000000e+03 2.233666666666666515e+03 2.420333333333333485e+03 2.418333333333333485e+03 2.253000000000000000e+03 2.291000000000000000e+03 2.368000000000000000e+03 1.516040405709682126e-01
2.493333333333333485e+03 2.446333333333333485e+03 2.152000000000000000e+03 2.233666666666666515e+03 2.420333333333333485e+03 2.418333333333333485e+03 2.253000000000000000e+03 2.291000000000000000e+03 1.537702491571416863e-01
2.413333333333333485e+03 2.493333333333333485e+03 2.446333333333333485e+03 2.152000000000000000e+03 2.233666666666666515e+03 2.420333333333333485e+03 2.418333333333333485e+03 2.253000000000000000e+03 1.470020913280948582e-01
2.402000000000000000e+03 2.413333333333333485e+03 2.493333333333333485e+03 2.446333333333333485e+03 2.152000000000000000e+03 2.233666666666666515e+03 2.420333333333333485e+03 2.418333333333333485e+03 1.448966460226815967e-01
2.637333333333333485e+03 2.402000000000000000e+03 2.413333333333333485e+03 2.493333333333333485e+03 2.446333333333333485e+03 2.152000000000000000e+03 2.233666666666666515e+03 2.420333333333333485e+03 1.592496427349395227e-01
2.727000000000000000e+03 2.637333333333333485e+03 2.402000000000000000e+03 2.413333333333333485e+03 2.493333333333333485e+03 2.446333333333333485e+03 2.152000000000000000e+03 2.233666666666666515e+03 1.625342710692573300e-01
2.584333333333333485e+03 2.727000000000000000e+03 2.637333333333333485e+03 2.402000000000000000e+03 2.413333333333333485e+03 2.493333333333333485e+03 2.446333333333333485e+03 2.152000000000000000e+03 1.496313737599876403e-01
2.506666666666666515e+03 2.584333333333333485e+03 2.727000000000000000e+03 2.637333333333333485e+03 2.402000000000000000e+03 2.413333333333333485e+03 2.493333333333333485e+03 2.446333333333333485e+03 1.415902543729170848e-01
2.667333333333333485e+03 2.506666666666666515e+03 2.584333333333333485e+03 2.727000000000000000e+03 2.637333333333333485e+03 2.402000000000000000e+03 2.413333333333333485e+03 2.493333333333333485e+03 1.501538692486677207e-01
2.680000000000000000e+03 2.667333333333333485e+03 2.506666666666666515e+03 2.584333333333333485e+03 2.727000000000000000e+03 2.637333333333333485e+03 2.402000000000000000e+03 2.413333333333333485e+03 1.494035009477087672e-01
2.525000000000000000e+03 2.680000000000000000e+03 2.667333333333333485e+03 2.506666666666666515e+03 2.584333333333333485e+03 2.727000000000000000e+03 2.637333333333333485e+03 2.402000000000000000e+03 1.387006994543523442e-01
2.537000000000000000e+03 2.525000000000000000e+03 2.680000000000000000e+03 2.667333333333333485e+03 2.506666666666666515e+03 2.584333333333333485e+03 2.727000000000000000e+03 2.637333333333333485e+03 1.384246039684993435e-01
2.793000000000000000e+03 2.537000000000000000e+03 2.525000000000000000e+03 2.680000000000000000e+03 2.667333333333333485e+03 2.506666666666666515e+03 2.584333333333333485e+03 2.727000000000000000e+03 1.532314107018762916e-01
2.868333333333333485e+03 2.793000000000000000e+03 2.537000000000000000e+03 2.525000000000000000e+03 2.680000000000000000e+03 2.667333333333333485e+03 2.506666666666666515e+03 2.584333333333333485e+03 1.567966472303207182e-01
2.698000000000000000e+03 2.868333333333333485e+03 2.793000000000000000e+03 2.537000000000000000e+03 2.525000000000000000e+03 2.680000000000000000e+03 2.667333333333333485e+03 2.506666666666666515e+03 1.452307471470609124e-01
2.795666666666666515e+03 2.698000000000000000e+03 2.868333333333333485e+03 2.793000000000000000e+03 2.537000000000000000e+03 2.525000000000000000e+03 2.680000000000000000e+03 2.667333333333333485e+03 1.489539303093808664e-01
2.953333333333333485e+03 2.795666666666666515e+03 2.698000000000000000e+03 2.868333333333333485e+03 2.793000000000000000e+03 2.537000000000000000e+03 2.525000000000000000e+03 2.680000000000000000e+03 1.562858302023248935e-01
2.902000000000000000e+03 2.953333333333333485e+03 2.795666666666666515e+03 2.698000000000000000e+03 2.868333333333333485e+03 2.793000000000000000e+03 2.537000000000000000e+03 2.525000000000000000e+03 1.513797360504946787e-01
2.567000000000000000e+03 2.902000000000000000e+03 2.953333333333333485e+03 2.795666666666666515e+03 2.698000000000000000e+03 2.868333333333333485e+03 2.793000000000000000e+03 2.537000000000000000e+03 1.313222604958902973e-01
2.590000000000000000e+03 2.567000000000000000e+03 2.902000000000000000e+03 2.953333333333333485e+03 2.795666666666666515e+03 2.698000000000000000e+03 2.868333333333333485e+03 2.793000000000000000e+03 1.322958523462507696e-01
2.736000000000000000e+03 2.590000000000000000e+03 2.567000000000000000e+03 2.902000000000000000e+03 2.953333333333333485e+03 2.795666666666666515e+03 2.698000000000000000e+03 2.868333333333333485e+03 1.412177623316071273e-01
2.808333333333333485e+03 2.736000000000000000e+03 2.590000000000000000e+03 2.567000000000000000e+03 2.902000000000000000e+03 2.953333333333333485e+03 2.795666666666666515e+03 2.698000000000000000e+03 1.459480996431417599e-01
2.522666666666666515e+03 2.808333333333333485e+03 2.736000000000000000e+03 2.590000000000000000e+03 2.567000000000000000e+03 2.902000000000000000e+03 2.953333333333333485e+03 2.795666666666666515e+03 1.303546514632171471e-01
2.553333333333333485e+03 2.522666666666666515e+03 2.808333333333333485e+03 2.736000000000000000e+03 2.590000000000000000e+03 2.567000000000000000e+03 2.902000000000000000e+03 2.953333333333333485e+03 1.338271777490478431e-01
2.859000000000000000e+03 2.553333333333333485e+03 2.522666666666666515e+03 2.808333333333333485e+03 2.736000000000000000e+03 2.590000000000000000e+03 2.567000000000000000e+03 2.902000000000000000e+03 1.530568542774545515e-01
2.749333333333333485e+03 2.859000000000000000e+03 2.553333333333333485e+03 2.522666666666666515e+03 2.808333333333333485e+03 2.736000000000000000e+03 2.590000000000000000e+03 2.567000000000000000e+03 1.475254431308018199e-01
2.532333333333333485e+03 2.749333333333333485e+03 2.859000000000000000e+03 2.553333333333333485e+03 2.522666666666666515e+03 2.808333333333333485e+03 2.736000000000000000e+03 2.590000000000000000e+03 1.345649709508289771e-01
2.413333333333333485e+03 2.532333333333333485e+03 2.749333333333333485e+03 2.859000000000000000e+03 2.553333333333333485e+03 2.522666666666666515e+03 2.808333333333333485e+03 2.736000000000000000e+03 1.286356448661230001e-01
2.617333333333333485e+03 2.413333333333333485e+03 2.532333333333333485e+03 2.749333333333333485e+03 2.859000000000000000e+03 2.553333333333333485e+03 2.522666666666666515e+03 2.808333333333333485e+03 1.419506462984723993e-01
2.704000000000000000e+03 2.617333333333333485e+03 2.413333333333333485e+03 2.532333333333333485e+03 2.749333333333333485e+03 2.859000000000000000e+03 2.553333333333333485e+03 2.522666666666666515e+03 1.481860363158086780e-01
2.684000000000000000e+03 2.704000000000000000e+03 2.617333333333333485e+03 2.413333333333333485e+03 2.532333333333333485e+03 2.749333333333333485e+03 2.859000000000000000e+03 2.553333333333333485e+03 1.456426581774770967e-01
2.737000000000000000e+03 2.684000000000000000e+03 2.704000000000000000e+03 2.617333333333333485e+03 2.413333333333333485e+03 2.532333333333333485e+03 2.749333333333333485e+03 2.859000000000000000e+03 1.474729695750565672e-01
2.827333333333333485e+03 2.737000000000000000e+03 2.684000000000000000e+03 2.704000000000000000e+03 2.617333333333333485e+03 2.413333333333333485e+03 2.532333333333333485e+03 2.749333333333333485e+03 1.533482788544981157e-01
2.897333333333333485e+03 2.827333333333333485e+03 2.737000000000000000e+03 2.684000000000000000e+03 2.704000000000000000e+03 2.617333333333333485e+03 2.413333333333333485e+03 2.532333333333333485e+03 1.564829150613905595e-01
2.750333333333333485e+03 2.897333333333333485e+03 2.827333333333333485e+03 2.737000000000000000e+03 2.684000000000000000e+03 2.704000000000000000e+03 2.617333333333333485e+03 2.413333333333333485e+03 1.456718631380095885e-01
2.781666666666666515e+03 2.750333333333333485e+03 2.897333333333333485e+03 2.827333333333333485e+03 2.737000000000000000e+03 2.684000000000000000e+03 2.704000000000000000e+03 2.617333333333333485e+03 1.447477971275931419e-01
2.958000000000000000e+03 2.781666666666666515e+03 2.750333333333333485e+03 2.897333333333333485e+03 2.827333333333333485e+03 2.737000000000000000e+03 2.684000000000000000e+03 2.704000000000000000e+03 1.526184538653366507e-01
3.065000000000000000e+03 2.958000000000000000e+03 2.781666666666666515e+03 2.750333333333333485e+03 2.897333333333333485e+03 2.827333333333333485e+03 2.737000000000000000e+03 2.684000000000000000e+03 1.560935033187906273e-01
2.869333333333333485e+03 3.065000000000000000e+03 2.958000000000000000e+03 2.781666666666666515e+03 2.750333333333333485e+03 2.897333333333333485e+03 2.827333333333333485e+03 2.737000000000000000e+03 1.433472106577851901e-01
2.843666666666666515e+03 2.869333333333333485e+03 3.065000000000000000e+03 2.958000000000000000e+03 2.781666666666666515e+03 2.750333333333333485e+03 2.897333333333333485e+03 2.827333333333333485e+03 1.411319006733171011e-01
2.925666666666666515e+03 2.843666666666666515e+03 2.869333333333333485e+03 3.065000000000000000e+03 2.958000000000000000e+03 2.781666666666666515e+03 2.750333333333333485e+03 2.897333333333333485e+03 1.450839724940491959e-01
2.821000000000000000e+03 2.925666666666666515e+03 2.843666666666666515e+03 2.869333333333333485e+03 3.065000000000000000e+03 2.958000000000000000e+03 2.781666666666666515e+03 2.750333333333333485e+03 1.396972648190026867e-01
2.497666666666666515e+03 2.821000000000000000e+03 2.925666666666666515e+03 2.843666666666666515e+03 2.869333333333333485e+03 3.065000000000000000e+03 2.958000000000000000e+03 2.781666666666666515e+03 1.232543220436563419e-01
2.385333333333333485e+03 2.497666666666666515e+03 2.821000000000000000e+03 2.925666666666666515e+03 2.843666666666666515e+03 2.869333333333333485e+03 3.065000000000000000e+03 2.958000000000000000e+03 1.193840609933101010e-01
2.486666666666666515e+03 2.385333333333333485e+03 2.497666666666666515e+03 2.821000000000000000e+03 2.925666666666666515e+03 2.843666666666666515e+03 2.869333333333333485e+03 3.065000000000000000e+03 1.281280593579856852e-01
2.437333333333333485e+03 2.486666666666666515e+03 2.385333333333333485e+03 2.497666666666666515e+03 2.821000000000000000e+03 2.925666666666666515e+03 2.843666666666666515e+03 2.869333333333333485e+03 1.294434216116697456e-01
2.251333333333333485e+03 2.437333333333333485e+03 2.486666666666666515e+03 2.385333333333333485e+03 2.497666666666666515e+03 2.821000000000000000e+03 2.925666666666666515e+03 2.843666666666666515e+03 1.223728076532830944e-01
2.243333333333333485e+03 2.251333333333333485e+03 2.437333333333333485e+03 2.486666666666666515e+03 2.385333333333333485e+03 2.497666666666666515e+03 2.821000000000000000e+03 2.925666666666666515e+03 1.259945708134419251e-01
2.461666666666666515e+03 2.243333333333333485e+03 2.251333333333333485e+03 2.437333333333333485e+03 2.486666666666666515e+03 2.385333333333333485e+03 2.497666666666666515e+03 2.821000000000000000e+03 1.437665472667808975e-01
2.345333333333333485e+03 2.461666666666666515e+03 2.243333333333333485e+03 2.251333333333333485e+03 2.437333333333333485e+03 2.486666666666666515e+03 2.385333333333333485e+03 2.497666666666666515e+03 1.399085305229667842e-01
1.940333333333333258e+03 2.345333333333333485e+03 2.461666666666666515e+03 2.243333333333333485e+03 2.251333333333333485e+03 2.437333333333333485e+03 2.486666666666666515e+03 2.385333333333333485e+03 1.168101458872634613e-01
1.806333333333333258e+03 1.940333333333333258e+03 2.345333333333333485e+03 2.461666666666666515e+03 2.243333333333333485e+03 2.251333333333333485e+03 2.437333333333333485e+03 2.486666666666666515e+03 1.117365664563487043e-01
1.869666666666666742e+03 1.806333333333333258e+03 1.940333333333333258e+03 2.345333333333333485e+03 2.461666666666666515e+03 2.243333333333333485e+03 2.251333333333333485e+03 2.437333333333333485e+03 1.207353036140947494e-01
1.837333333333333258e+03 1.869666666666666742e+03 1.806333333333333258e+03 1.940333333333333258e+03 2.345333333333333485e+03 2.461666666666666515e+03 2.243333333333333485e+03 2.251333333333333485e+03 1.231621754480046460e-01
1.706333333333333258e+03 1.837333333333333258e+03 1.869666666666666742e+03 1.806333333333333258e+03 1.940333333333333258e+03 2.345333333333333485e+03 2.461666666666666515e+03 2.243333333333333485e+03 1.176457069314212067e-01
1.741666666666666742e+03 1.706333333333333258e+03 1.837333333333333258e+03 1.869666666666666742e+03 1.806333333333333258e+03 1.940333333333333258e+03 2.345333333333333485e+03 2.461666666666666515e+03 1.246986945418963738e-01
1.882333333333333258e+03 1.741666666666666742e+03 1.706333333333333258e+03 1.837333333333333258e+03 1.869666666666666742e+03 1.806333333333333258e+03 1.940333333333333258e+03 2.345333333333333485e+03 1.420950655494325476e-01
1.795000000000000000e+03 1.882333333333333258e+03 1.741666666666666742e+03 1.706333333333333258e+03 1.837333333333333258e+03 1.869666666666666742e+03 1.806333333333333258e+03 1.940333333333333258e+03 1.404098873591989871e-01
1.706666666666666742e+03 1.795000000000000000e+03 1.882333333333333258e+03 1.741666666666666742e+03 1.706333333333333258e+03 1.837333333333333258e+03 1.869666666666666742e+03 1.806333333333333258e+03 1.350353412807258346e-01
1.822000000000000000e+03 1.706666666666666742e+03 1.795000000000000000e+03 1.882333333333333258e+03 1.741666666666666742e+03 1.706333333333333258e+03 1.837333333333333258e+03 1.869666666666666742e+03 1.453066432729882840e-01
2.022666666666666742e+03 1.822000000000000000e+03 1.706666666666666742e+03 1.795000000000000000e+03 1.882333333333333258e+03 1.741666666666666742e+03 1.706333333333333258e+03 1.837333333333333258e+03 1.619256017505470435e-01
1.959000000000000000e+03 2.022666666666666742e+03 1.822000000000000000e+03 1.706666666666666742e+03 1.795000000000000000e+03 1.882333333333333258e+03 1.741666666666666742e+03 1.706333333333333258e+03 1.545358927162766016e-01
1.826000000000000000e+03 1.959000000000000000e+03 2.022666666666666742e+03 1.822000000000000000e+03 1.706666666666666742e+03 1.795000000000000000e+03 1.882333333333333258e+03 1.741666666666666742e+03 1.412292461586057424e-01
1.850666666666666742e+03 1.826000000000000000e+03 1.959000000000000000e+03 2.022666666666666742e+03 1.822000000000000000e+03 1.706666666666666742e+03 1.795000000000000000e+03 1.882333333333333258e+03 1.422094720934402312e-01
1.941666666666666742e+03 1.850666666666666742e+03 1.826000000000000000e+03 1.959000000000000000e+03 2.022666666666666742e+03 1.822000000000000000e+03 1.706666666666666742e+03 1.795000000000000000e+03 1.495660658347455485e-01
1.852666666666666742e+03 1.941666666666666742e+03 1.850666666666666742e+03 1.826000000000000000e+03 1.959000000000000000e+03 2.022666666666666742e+03 1.822000000000000000e+03 1.706666666666666742e+03 1.411161326359620383e-01
1.721666666666666742e+03 1.852666666666666742e+03 1.941666666666666742e+03 1.850666666666666742e+03 1.826000000000000000e+03 1.959000000000000000e+03 2.022666666666666742e+03 1.822000000000000000e+03 1.296956609079951972e-01
1.785000000000000000e+03 1.721666666666666742e+03 1.852666666666666742e+03 1.941666666666666742e+03 1.850666666666666742e+03 1.826000000000000000e+03 1.959000000000000000e+03 2.022666666666666742e+03 1.354907269185031404e-01
1.960333333333333258e+03 1.785000000000000000e+03 1.721666666666666742e+03 1.852666666666666742e+03 1.941666666666666742e+03 1.850666666666666742e+03 1.826000000000000000e+03 1.959000000000000000e+03 1.515331100231898931e-01
1.958666666666666742e+03 1.960333333333333258e+03 1.785000000000000000e+03 1.721666666666666742e+03 1.852666666666666742e+03 1.941666666666666742e+03 1.850666666666666742e+03 1.826000000000000000e+03 1.513886741897253752e-01
1.925666666666666742e+03 1.958666666666666742e+03 1.960333333333333258e+03 1.785000000000000000e+03 1.721666666666666742e+03 1.852666666666666742e+03 1.941666666666666742e+03 1.850666666666666742e+03 1.473273487707844609e-01
1.945000000000000000e+03 1.925666666666666742e+03 1.958666666666666742e+03 1.960333333333333258e+03 1.785000000000000000e+03 1.721666666666666742e+03 1.852666666666666742e+03 1.941666666666666742e+03 1.479575018383751384e-01
2.203000000000000000e+03 1.945000000000000000e+03 1.925666666666666742e+03 1.958666666666666742e+03 1.960333333333333258e+03 1.785000000000000000e+03 1.721666666666666742e+03 1.852666666666666742e+03 1.675412578903338612e-01
2.192666666666666515e+03 2.203000000000000000e+03 1.945000000000000000e+03 1.925666666666666742e+03 1.958666666666666742e+03 1.960333333333333258e+03 1.785000000000000000e+03 1.721666666666666742e+03 1.624277742110721290e-01
2.063000000000000000e+03 2.192666666666666515e+03 2.203000000000000000e+03 1.945000000000000000e+03 1.925666666666666742e+03 1.958666666666666742e+03 1.960333333333333258e+03 1.785000000000000000e+03 1.476700627520221576e-01
2.112666666666666515e+03 2.063000000000000000e+03 2.192666666666666515e+03 2.203000000000000000e+03 1.945000000000000000e+03 1.925666666666666742e+03 1.958666666666666742e+03 1.960333333333333258e+03 1.482746520060825857e-01
2.222333333333333485e+03 2.112666666666666515e+03 2.063000000000000000e+03 2.192666666666666515e+03 2.203000000000000000e+03 1.945000000000000000e+03 1.925666666666666742e+03 1.958666666666666742e+03 1.543215591870747139e-01
2.194000000000000000e+03 2.222333333333333485e+03 2.112666666666666515e+03 2.063000000000000000e+03 2.192666666666666515e+03 2.203000000000000000e+03 1.945000000000000000e+03 1.925666666666666742e+03 1.496147114313640947e-01
2.014666666666666742e+03 2.194000000000000000e+03 2.222333333333333485e+03 2.112666666666666515e+03 2.063000000000000000e+03 2.192666666666666515e+03 2.203000000000000000e+03 1.945000000000000000e+03 1.349167373543462001e-01
2.093333333333333485e+03 2.014666666666666742e+03 2.194000000000000000e+03 2.222333333333333485e+03 2.112666666666666515e+03 2.063000000000000000e+03 2.192666666666666515e+03 2.203000000000000000e+03 1.395338502899549082e-01
2.265666666666666515e+03 2.093333333333333485e+03 2.014666666666666742e+03 2.194000000000000000e+03 2.222333333333333485e+03 2.112666666666666515e+03 2.063000000000000000e+03 2.192666666666666515e+03 1.521330408702269432e-01
2.214000000000000000e+03 2.265666666666666515e+03 2.093333333333333485e+03 2.014666666666666742e+03 2.194000000000000000e+03 2.222333333333333485e+03 2.112666666666666515e+03 2.063000000000000000e+03 1.479386150522306598e-01
2.080333333333333485e+03 2.214000000000000000e+03 2.265666666666666515e+03 2.093333333333333485e+03 2.014666666666666742e+03 2.194000000000000000e+03 2.222333333333333485e+03 2.112666666666666515e+03 1.376185226019845664e-01
2.131000000000000000e+03 2.080333333333333485e+03 2.214000000000000000e+03 2.265666666666666515e+03 2.093333333333333485e+03 2.014666666666666742e+03 2.194000000000000000e+03 2.222333333333333485e+03 1.412724018297129291e-01
2.325666666666666515e+03 2.131000000000000000e+03 2.080333333333333485e+03 2.214000000000000000e+03 2.265666666666666515e+03 2.093333333333333485e+03 2.014666666666666742e+03 2.194000000000000000e+03 1.551168322995175319e-01
2.247666666666666515e+03 2.325666666666666515e+03 2.131000000000000000e+03 2.080333333333333485e+03 2.214000000000000000e+03 2.265666666666666515e+03 2.093333333333333485e+03 2.014666666666666742e+03 1.486093357429364714e-01
