-1.000000000000000000e+08 -1.000000000000000000e+08 -1.000000000000000000e+08 -1.000000000000000000e+08 -1.000000000000000000e+08 -1.000000000000000000e+08 -1.000000000000000000e+08 -1.000000000000000000e+08 -1.000000000000000000e+08
3.769193333333333139e+05 -1.000000000000000000e+08 -1.000000000000000000e+08 -1.000000000000000000e+08 -1.000000000000000000e+08 -1.000000000000000000e+08 -1.000000000000000000e+08 -1.000000000000000000e+08 -5.384561904761904667e-04
3.785016666666666861e+05 3.769193333333333139e+05 -1.000000000000000000e+08 -1.000000000000000000e+08 -1.000000000000000000e+08 -1.000000000000000000e+08 -1.000000000000000000e+08 -1.000000000000000000e+08 -6.312326507609494850e-04
3.805206666666666861e+05 3.785016666666666861e+05 3.769193333333333139e+05 -1.000000000000000000e+08 -1.000000000000000000e+08 -1.000000000000000000e+08 -1.000000000000000000e+08 -1.000000000000000000e+08 -7.621928863581445106e-04
3.758700000000000000e+05 3.805206666666666861e+05 3.785016666666666861e+05 3.769193333333333139e+05 -1.000000000000000000e+08 -1.000000000000000000e+08 -1.000000000000000000e+08 -1.000000000000000000e+08 -9.423511398108549682e-04
3.764876666666666861e+05 3.758700000000000000e+05 3.805206666666666861e+05 3.785016666666666861e+05 3.769193333333333139e+05 -1.000000000000000000e+08 -1.000000000000000000e+08 -1.000000000000000000e+08 -1.261315125294768316e-03
3.801966666666666861e+05 3.764876666666666861e+05 3.758700000000000000e+05 3.805206666666666861e+05 3.785016666666666861e+05 3.769193333333333139e+05 -1.000000000000000000e+08 -1.000000000000000000e+08 -1.919102533506425673e-03
3.807250000000000000e+05 3.801966666666666861e+05 3.764876666666666861e+05 3.758700000000000000e+05 3.805206666666666861e+05 3.785016666666666861e+05 3.769193333333333139e+05 -1.000000000000000000e+08 -3.895622029923943592e-03
3.769943333333333139e+05 3.807250000000000000e+05 3.801966666666666861e+05 3.764876666666666861e+05 3.758700000000000000e+05 3.805206666666666861e+05 3.785016666666666861e+05 3.769193333333333139e+05 1.423038445389543660e-01
3.816133333333333139e+05 3.769943333333333139e+05 3.807250000000000000e+05 3.801966666666666861e+05 3.764876666666666861e+05 3.758700000000000000e+05 3.805206666666666861e+05 3.785016666666666861e+05 1.440432980434550592e-01
3.868033333333333139e+05 3.816133333333333139e+05 3.769943333333333139e+05 3.807250000000000000e+05 3.801966666666666861e+05 3.764876666666666861e+05 3.758700000000000000e+05 3.805206666666666861e+05 1.458310267287972195e-01
3.938970000000000000e+05 3.868033333333333139e+05 3.816133333333333139e+05 3.769943333333333139e+05 3.807250000000000000e+05 3.801966666666666861e+05 3.764876666666666861e+05 3.758700000000000000e+05 1.481545236997012516e-01
3.946806666666666861e+05 3.938970000000000000e+05 3.868033333333333139e+05 3.816133333333333139e+05 3.769943333333333139e+05 3.807250000000000000e+05 3.801966666666666861e+05 3.764876666666666861e+05 1.474495127863084398e-01
4.063203333333333139e+05 3.946806666666666861e+05 3.938970000000000000e+05 3.868033333333333139e+05 3.816133333333333139e+05 3.769943333333333139e+05 3.807250000000000000e+05 3.801966666666666861e+05 1.507732291896910493e-01
4.168210000000000000e+05 4.063203333333333139e+05 3.946806666666666861e+05 3.938970000000000000e+05 3.868033333333333139e+05 3.816133333333333139e+05 3.769943333333333139e+05 3.807250000000000000e+05 1.531847819615631545e-01
4.226353333333333139e+05 4.168210000000000000e+05 4.063203333333333139e+05 3.946806666666666861e+05 3.938970000000000000e+05 3.868033333333333139e+05 3.816133333333333139e+05 3.769943333333333139e+05 1.532881414127492403e-01
4.210523333333333139e+05 4.226353333333333139e+05 4.168210000000000000e+05 4.063203333333333139e+05 3.946806666666666861e+05 3.938970000000000000e+05 3.868033333333333139e+05 3.816133333333333139e+05 1.502271620954167552e-01
4.279290000000000000e+05 4.210523333333333139e+05 4.226353333333333139e+05 4.168210000000000000e+05 4.063203333333333139e+05 3.946806666666666861e+05 3.938970000000000000e+05 3.868033333333333139e+05 1.505620626202849310e-01
4.280070000000000000e+05 4.279290000000000000e+05 4.210523333333333139e+05 4.226353333333333139e+05 4.168210000000000000e+05 4.063203333333333139e+05 3.946806666666666861e+05 3.938970000000000000e+05 1.484416139778846622e-01
4.294663333333333139e+05 4.280070000000000000e+05 4.279290000000000000e+05 4.210523333333333139e+05 4.226353333333333139e+05 4.168210000000000000e+05 4.063203333333333139e+05 3.946806666666666861e+05 1.472062833046762220e-01
4.277130000000000000e+05 4.294663333333333139e+05 4.280070000000000000e+05 4.279290000000000000e+05 4.210523333333333139e+05 4.226353333333333139e+05 4.168210000000000000e+05 4.063203333333333139e+05 1.448778742948553799e-01
4.318236666666666861e+05 4.277130000000000000e+05 4.294663333333333139e+05 4.280070000000000000e+05 4.279290000000000000e+05 4.210523333333333139e+05 4.226353333333333139e+05 4.168210000000000000e+05 1.452179786908723846e-01
4.358913333333333139e+05 4.318236666666666861e+05 4.277130000000000000e+05 4.294663333333333139e+05 4.280070000000000000e+05 4.279290000000000000e+05 4.210523333333333139e+05 4.226353333333333139e+05 1.458500448366473468e-01
4.396590000000000000e+05 4.358913333333333139e+05 4.318236666666666861e+05 4.277130000000000000e+05 4.294663333333333139e+05 4.280070000000000000e+05 4.279290000000000000e+05 4.210523333333333139e+05 1.464610875308473281e-01
4.400976666666666861e+05 4.396590000000000000e+05 4.358913333333333139e+05 4.318236666666666861e+05 4.277130000000000000e+05 4.294663333333333139e+05 4.280070000000000000e+05 4.279290000000000000e+05 1.457040956277724508e-01
4.472210000000000000e+05 4.400976666666666861e+05 4.396590000000000000e+05 4.358913333333333139e+05 4.318236666666666861e+05 4.277130000000000000e+05 4.294663333333333139e+05 4.280070000000000000e+05 1.474683264647711489e-01
4.509110000000000000e+05 4.472210000000000000e+05 4.400976666666666861e+05 4.396590000000000000e+05 4.358913333333333139e+05 4.318236666666666861e+05 4.277130000000000000e+05 4.294663333333333139e+05 1.477489881620198953e-01
4.525186666666666861e+05 4.509110000000000000e+05 4.472210000000000000e+05 4.400976666666666861e+05 4.396590000000000000e+05 4.358913333333333139e+05 4.318236666666666861e+05 4.277130000000000000e+05 1.472411455593577168e-01
4.490893333333333139e+05 4.525186666666666861e+05 4.509110000000000000e+05 4.472210000000000000e+05 4.400976666666666861e+05 4.396590000000000000e+05 4.358913333333333139e+05 4.318236666666666861e+05 1.449553261669137838e-01
4.475313333333333139e+05 4.490893333333333139e+05 4.525186666666666861e+05 4.509110000000000000e+05 4.472210000000000000e+05 4.400976666666666861e+05 4.396590000000000000e+05 4.358913333333333139e+05 1.436518768555741232e-01
4.497280000000000000e+05 4.475313333333333139e+05 4.490893333333333139e+05 4.525186666666666861e+05 4.509110000000000000e+05 4.472210000000000000e+05 4.400976666666666861e+05 4.396590000000000000e+05 1.438196268149821710e-01
4.542366666666666861e+05 4.497280000000000000e+05 4.475313333333333139e+05 4.490893333333333139e+05 4.525186666666666861e+05 4.509110000000000000e+05 4.472210000000000000e+05 4.400976666666666861e+05 1.447952252246796079e-01
4.578536666666666861e+05 4.542366666666666861e+05 4.497280000000000000e+05 4.475313333333333139e+05 4.490893333333333139e+05 4.525186666666666861e+05 4.509110000000000000e+05 4.472210000000000000e+05 1.452933600233897726e-01
4.656520000000000000e+05 4.578536666666666861e+05 4.542366666666666861e+05 4.497280000000000000e+05 4.475313333333333139e+05 4.490893333333333139e+05 4.525186666666666861e+05 4.509110000000000000e+05 1.472711390289666300e-01
4.716333333333333139e+05 4.656520000000000000e+05 4.578536666666666861e+05 4.542366666666666861e+05 4.497280000000000000e+05 4.475313333333333139e+05 4.490893333333333139e+05 4.525186666666666861e+05 1.484706598617876461e-01
4.787413333333333139e+05 4.716333333333333139e+05 4.656520000000000000e+05 4.578536666666666861e+05 4.542366666666666861e+05 4.497280000000000000e+05 4.475313333333333139e+05 4.490893333333333139e+05 1.498068304389625349e-01
4.790550000000000000e+05 4.787413333333333139e+05 4.716333333333333139e+05 4.656520000000000000e+05 4.578536666666666861e+05 4.542366666666666861e+05 4.497280000000000000e+05 4.475313333333333139e+05 1.485268540756329303e-01
4.780350000000000000e+05 4.790550000000000000e+05 4.787413333333333139e+05 4.716333333333333139e+05 4.656520000000000000e+05 4.578536666666666861e+05 4.542366666666666861e+05 4.497280000000000000e+05 1.467760754091314013e-01
4.658936666666666861e+05 4.780350000000000000e+05 4.790550000000000000e+05 4.787413333333333139e+05 4.716333333333333139e+05 4.656520000000000000e+05 4.578536666666666861e+05 4.542366666666666861e+05 1.418156197361891413e-01
4.513270000000000000e+05 4.658936666666666861e+05 4.780350000000000000e+05 4.790550000000000000e+05 4.787413333333333139e+05 4.716333333333333139e+05 4.656520000000000000e+05 4.578536666666666861e+05 1.368958501169596220e-01
4.320966666666666861e+05 4.513270000000000000e+05 4.658936666666666861e+05 4.780350000000000000e+05 4.790550000000000000e+05 4.787413333333333139e+05 4.716333333333333139e+05 4.656520000000000000e+05 1.313229079247396347e-01
4.210056666666666861e+05 4.320966666666666861e+05 4.513270000000000000e+05 4.658936666666666861e+05 4.780350000000000000e+05 4.790550000000000000e+05 4.787413333333333139e+05 4.716333333333333139e+05 1.292704475358395499e-01
4.172096666666666861e+05 4.210056666666666861e+05 4.320966666666666861e+05 4.513270000000000000e+05 4.658936666666666861e+05 4.780350000000000000e+05 4.790550000000000000e+05 4.787413333333333139e+05 1.301277553388727470e-01
4.200913333333333139e+05 4.172096666666666861e+05 4.210056666666666861e+05 4.320966666666666861e+05 4.513270000000000000e+05 4.658936666666666861e+05 4.780350000000000000e+05 4.790550000000000000e+05 1.335903788350653321e-01
4.189450000000000000e+05 4.200913333333333139e+05 4.172096666666666861e+05 4.210056666666666861e+05 4.320966666666666861e+05 4.513270000000000000e+05 4.658936666666666861e+05 4.780350000000000000e+05 1.357716455382788623e-01
4.229773333333333139e+05 4.189450000000000000e+05 4.200913333333333139e+05 4.172096666666666861e+05 4.210056666666666861e+05 4.320966666666666861e+05 4.513270000000000000e+05 4.658936666666666861e+05 1.397547299709120394e-01
4.204926666666666861e+05 4.229773333333333139e+05 4.189450000000000000e+05 4.200913333333333139e+05 4.172096666666666861e+05 4.210056666666666861e+05 4.320966666666666861e+05 4.513270000000000000e+05 1.409321773155454427e-01
4.141186666666666861e+05 4.204926666666666861e+05 4.229773333333333139e+05 4.189450000000000000e+05 4.200913333333333139e+05 4.172096666666666861e+05 4.210056666666666861e+05 4.320966666666666861e+05 1.402452233487668232e-01
4.068966666666666861e+05 4.141186666666666861e+05 4.204926666666666861e+05 4.229773333333333139e+05 4.189450000000000000e+05 4.200913333333333139e+05 4.172096666666666861e+05 4.210056666666666861e+05 1.386435446062312948e-01
4.106003333333333139e+05 4.068966666666666861e+05 4.141186666666666861e+05 4.204926666666666861e+05 4.229773333333333139e+05 4.189450000000000000e+05 4.200913333333333139e+05 4.172096666666666861e+05 1.405813429832756534e-01
4.194710000000000000e+05 4.106003333333333139e+05 4.068966666666666861e+05 4.141186666666666861e+05 4.204926666666666861e+05 4.229773333333333139e+05 4.189450000000000000e+05 4.200913333333333139e+05 1.439442137288692580e-01
4.305766666666666861e+05 4.194710000000000000e+05 4.106003333333333139e+05 4.068966666666666861e+05 4.141186666666666861e+05 4.204926666666666861e+05 4.229773333333333139e+05 4.189450000000000000e+05 1.477866553477173162e-01
4.356893333333333139e+05 4.305766666666666861e+05 4.194710000000000000e+05 4.106003333333333139e+05 4.068966666666666861e+05 4.141186666666666861e+05 4.204926666666666861e+05 4.229773333333333139e+05 1.489468286345921322e-01
4.514190000000000000e+05 4.356893333333333139e+05 4.305766666666666861e+05 4.194710000000000000e+05 4.106003333333333139e+05 4.068966666666666861e+05 4.141186666666666861e+05 4.204926666666666861e+05 1.536564892910178282e-01
4.585233333333333139e+05 4.514190000000000000e+05 4.356893333333333139e+05 4.305766666666666861e+05 4.194710000000000000e+05 4.106003333333333139e+05 4.068966666666666861e+05 4.141186666666666861e+05 1.544488377067283202e-01
4.646116666666666861e+05 4.585233333333333139e+05 4.514190000000000000e+05 4.356893333333333139e+05 4.305766666666666861e+05 4.194710000000000000e+05 4.106003333333333139e+05 4.068966666666666861e+05 1.541933213555706506e-01
4.674656666666666861e+05 4.646116666666666861e+05 4.585233333333333139e+05 4.514190000000000000e+05 4.356893333333333139e+05 4.305766666666666861e+05 4.194710000000000000e+05 4.106003333333333139e+05 1.522247503819195158e-01
4.820760000000000000e+05 4.674656666666666861e+05 4.646116666666666861e+05 4.585233333333333139e+05 4.514190000000000000e+05 4.356893333333333139e+05 4.305766666666666861e+05 4.194710000000000000e+05 1.541283582375866934e-01
4.979826666666666861e+05 4.820760000000000000e+05 4.674656666666666861e+05 4.646116666666666861e+05 4.585233333333333139e+05 4.514190000000000000e+05 4.356893333333333139e+05 4.305766666666666861e+05 1.560897223251073440e-01
5.142586666666666861e+05 4.979826666666666861e+05 4.820760000000000000e+05 4.674656666666666861e+05 4.646116666666666861e+05 4.585233333333333139e+05 4.514190000000000000e+05 4.356893333333333139e+05 1.578561515999248044e-01
5.178843333333333139e+05 5.142586666666666861e+05 4.979826666666666861e+05 4.820760000000000000e+05 4.674656666666666861e+05 4.646116666666666861e+05 4.585233333333333139e+05 4.514190000000000000e+05 1.552254263682995017e-01
5.270400000000000000e+05 5.178843333333333139e+05 5.142586666666666861e+05 4.979826666666666861e+05 4.820760000000000000e+05 4.674656666666666861e+05 4.646116666666666861e+05 4.585233333333333139e+05 1.548841067955068762e-01
5.388330000000000000e+05 5.270400000000000000e+05 5.178843333333333139e+05 5.142586666666666861e+05 4.979826666666666861e+05 4.820760000000000000e+05 4.674656666666666861e+05 4.646116666666666861e+05 1.552242821820754570e-01
5.469113333333333721e+05 5.388330000000000000e+05 5.270400000000000000e+05 5.178843333333333139e+05 5.142586666666666861e+05 4.979826666666666861e+05 4.820760000000000000e+05 4.674656666666666861e+05 1.542533103322944743e-01
5.526463333333333721e+05 5.469113333333333721e+05 5.388330000000000000e+05 5.270400000000000000e+05 5.178843333333333139e+05 5.142586666666666861e+05 4.979826666666666861e+05 4.820760000000000000e+05 1.524547497102977378e-01
5.697186666666666279e+05 5.526463333333333721e+05 5.469113333333333721e+05 5.388330000000000000e+05 5.270400000000000000e+05 5.178843333333333139e+05 5.142586666666666861e+05 4.979826666666666861e+05 1.541631665922379157e-01
5.764100000000000000e+05 5.697186666666666279e+05 5.526463333333333721e+05 5.469113333333333721e+05 5.388330000000000000e+05 5.270400000000000000e+05 5.178843333333333139e+05 5.142586666666666861e+05 1.530037886627150512e-01
5.811383333333333721e+05 5.764100000000000000e+05 5.697186666666666279e+05 5.526463333333333721e+05 5.469113333333333721e+05 5.388330000000000000e+05 5.270400000000000000e+05 5.178843333333333139e+05 1.517552897805608259e-01
5.531006666666666279e+05 5.811383333333333721e+05 5.764100000000000000e+05 5.697186666666666279e+05 5.526463333333333721e+05 5.469113333333333721e+05 5.388330000000000000e+05 5.270400000000000000e+05 1.420867259748659073e-01
5.305670000000000000e+05 5.531006666666666279e+05 5.811383333333333721e+05 5.764100000000000000e+05 5.697186666666666279e+05 5.526463333333333721e+05 5.469113333333333721e+05 5.388330000000000000e+05 1.353916100125252264e-01
5.140660000000000000e+05 5.305670000000000000e+05 5.531006666666666279e+05 5.811383333333333721e+05 5.764100000000000000e+05 5.697186666666666279e+05 5.526463333333333721e+05 5.469113333333333721e+05 1.314581275656935555e-01
5.037946666666666861e+05 5.140660000000000000e+05 5.305670000000000000e+05 5.531006666666666279e+05 5.811383333333333721e+05 5.764100000000000000e+05 5.697186666666666279e+05 5.526463333333333721e+05 1.299227770518220637e-01
5.001483333333333139e+05 5.037946666666666861e+05 5.140660000000000000e+05 5.305670000000000000e+05 5.531006666666666279e+05 5.811383333333333721e+05 5.764100000000000000e+05 5.697186666666666279e+05 1.306281192361113397e-01
5.091103333333333139e+05 5.001483333333333139e+05 5.037946666666666861e+05 5.140660000000000000e+05 5.305670000000000000e+05 5.531006666666666279e+05 5.811383333333333721e+05 5.764100000000000000e+05 1.354295987426486214e-01
5.184876666666666861e+05 5.091103333333333139e+05 5.001483333333333139e+05 5.037946666666666861e+05 5.140660000000000000e+05 5.305670000000000000e+05 5.531006666666666279e+05 5.811383333333333721e+05 1.404382862203063798e-01
5.290586666666666279e+05 5.184876666666666861e+05 5.091103333333333139e+05 5.001483333333333139e+05 5.037946666666666861e+05 5.140660000000000000e+05 5.305670000000000000e+05 5.531006666666666279e+05 1.457753174555356523e-01
5.412223333333333721e+05 5.290586666666666279e+05 5.184876666666666861e+05 5.091103333333333139e+05 5.001483333333333139e+05 5.037946666666666861e+05 5.140660000000000000e+05 5.305670000000000000e+05 1.501213328996427454e-01
5.663046666666666279e+05 5.412223333333333721e+05 5.290586666666666279e+05 5.184876666666666861e+05 5.091103333333333139e+05 5.001483333333333139e+05 5.037946666666666861e+05 5.140660000000000000e+05 1.566156547621681272e-01
5.902653333333333721e+05 5.663046666666666279e+05 5.412223333333333721e+05 5.290586666666666279e+05 5.184876666666666861e+05 5.091103333333333139e+05 5.001483333333333139e+05 5.037946666666666861e+05 1.609173801704412432e-01
5.988616666666666279e+05 5.902653333333333721e+05 5.663046666666666279e+05 5.412223333333333721e+05 5.290586666666666279e+05 5.184876666666666861e+05 5.091103333333333139e+05 5.001483333333333139e+05 1.595009034257734715e-01
5.998413333333333721e+05 5.988616666666666279e+05 5.902653333333333721e+05 5.663046666666666279e+05 5.412223333333333721e+05 5.290586666666666279e+05 5.184876666666666861e+05 5.091103333333333139e+05 1.556690817904465285e-01
6.108926666666666279e+05 5.998413333333333721e+05 5.988616666666666279e+05 5.902653333333333721e+05 5.663046666666666279e+05 5.412223333333333721e+05 5.290586666666666279e+05 5.184876666666666861e+05 1.548900134168629816e-01
6.149076666666666279e+05 6.108926666666666279e+05 5.998413333333333721e+05 5.988616666666666279e+05 5.902653333333333721e+05 5.663046666666666279e+05 5.412223333333333721e+05 5.290586666666666279e+05 1.523388557923057718e-01
6.210280000000000000e+05 6.149076666666666279e+05 6.108926666666666279e+05 5.998413333333333721e+05 5.988616666666666279e+05 5.902653333333333721e+05 5.663046666666666279e+05 5.412223333333333721e+05 1.506510086168006690e-01
6.186690000000000000e+05 6.210280000000000000e+05 6.149076666666666279e+05 6.108926666666666279e+05 5.998413333333333721e+05 5.988616666666666279e+05 5.902653333333333721e+05 5.663046666666666279e+05 1.472284818770037695e-01
6.275123333333333721e+05 6.186690000000000000e+05 6.210280000000000000e+05 6.149076666666666279e+05 6.108926666666666279e+05 5.998413333333333721e+05 5.988616666666666279e+05 5.902653333333333721e+05 1.474949811558788348e-01
6.279100000000000000e+05 6.275123333333333721e+05 6.186690000000000000e+05 6.210280000000000000e+05 6.149076666666666279e+05 6.108926666666666279e+05 5.998413333333333721e+05 5.988616666666666279e+05 1.463075580238440698e-01
6.302250000000000000e+05 6.279100000000000000e+05 6.275123333333333721e+05 6.186690000000000000e+05 6.210280000000000000e+05 6.149076666666666279e+05 6.108926666666666279e+05 5.998413333333333721e+05 1.458597223961242140e-01
6.240066666666666279e+05 6.302250000000000000e+05 6.279100000000000000e+05 6.275123333333333721e+05 6.186690000000000000e+05 6.210280000000000000e+05 6.149076666666666279e+05 6.108926666666666279e+05 1.434120707240715276e-01
6.354703333333333721e+05 6.240066666666666279e+05 6.302250000000000000e+05 6.279100000000000000e+05 6.275123333333333721e+05 6.186690000000000000e+05 6.210280000000000000e+05 6.149076666666666279e+05 1.456078527578872350e-01
6.441696666666666279e+05 6.354703333333333721e+05 6.240066666666666279e+05 6.302250000000000000e+05 6.279100000000000000e+05 6.275123333333333721e+05 6.186690000000000000e+05 6.210280000000000000e+05 1.469089884620156106e-01
6.473143333333333721e+05 6.441696666666666279e+05 6.354703333333333721e+05 6.240066666666666279e+05 6.302250000000000000e+05 6.279100000000000000e+05 6.275123333333333721e+05 6.186690000000000000e+05 1.468511267751869409e-01
6.387310000000000000e+05 6.473143333333333721e+05 6.441696666666666279e+05 6.354703333333333721e+05 6.240066666666666279e+05 6.302250000000000000e+05 6.279100000000000000e+05 6.275123333333333721e+05 1.439683091250260616e-01
6.399323333333333721e+05 6.387310000000000000e+05 6.473143333333333721e+05 6.441696666666666279e+05 6.354703333333333721e+05 6.240066666666666279e+05 6.302250000000000000e+05 6.279100000000000000e+05 1.438752751249842698e-01
6.462790000000000000e+05 6.399323333333333721e+05 6.387310000000000000e+05 6.473143333333333721e+05 6.441696666666666279e+05 6.354703333333333721e+05 6.240066666666666279e+05 6.302250000000000000e+05 1.449105007134769973e-01
6.470000000000000000e+05 6.462790000000000000e+05 6.399323333333333721e+05 6.387310000000000000e+05 6.473143333333333721e+05 6.441696666666666279e+05 6.354703333333333721e+05 6.240066666666666279e+05 1.445518260373510888e-01
6.365070000000000000e+05 6.470000000000000000e+05 6.462790000000000000e+05 6.399323333333333721e+05 6.387310000000000000e+05 6.473143333333333721e+05 6.441696666666666279e+05 6.354703333333333721e+05 1.414806889689249614e-01
6.348893333333333721e+05 6.365070000000000000e+05 6.470000000000000000e+05 6.462790000000000000e+05 6.399323333333333721e+05 6.387310000000000000e+05 6.473143333333333721e+05 6.441696666666666279e+05 1.410886087201291827e-01
6.366910000000000000e+05 6.348893333333333721e+05 6.365070000000000000e+05 6.470000000000000000e+05 6.462790000000000000e+05 6.399323333333333721e+05 6.387310000000000000e+05 6.473143333333333721e+05 1.417813845781448756e-01
6.398093333333333721e+05 6.366910000000000000e+05 6.348893333333333721e+05 6.365070000000000000e+05 6.470000000000000000e+05 6.462790000000000000e+05 6.399323333333333721e+05 6.387310000000000000e+05 1.428136376180247080e-01
6.371396666666666279e+05 6.398093333333333721e+05 6.366910000000000000e+05 6.348893333333333721e+05 6.365070000000000000e+05 6.470000000000000000e+05 6.462790000000000000e+05 6.399323333333333721e+05 1.421835105662855314e-01
6.467823333333333721e+05 6.371396666666666279e+05 6.398093333333333721e+05 6.366910000000000000e+05 6.348893333333333721e+05 6.365070000000000000e+05 6.470000000000000000e+05 6.462790000000000000e+05 1.444253665031478284e-01
6.512593333333333721e+05 6.467823333333333721e+05 6.371396666666666279e+05 6.398093333333333721e+05 6.366910000000000000e+05 6.348893333333333721e+05 6.365070000000000000e+05 6.470000000000000000e+05 1.454087298019656471e-01
6.591150000000000000e+05 6.512593333333333721e+05 6.467823333333333721e+05 6.371396666666666279e+05 6.398093333333333721e+05 6.366910000000000000e+05 6.348893333333333721e+05 6.365070000000000000e+05 1.470228713397357667e-01
