1.400000000000000000e+01 1.600000000000000000e+01 1.700000000000000000e+01 1.000000000000000000e+01 1.700000000000000000e+01 2.900000000000000000e+01 2.600000000000000000e+01 3.000000000000000000e+01 9.655172413793103314e-02
1.100000000000000000e+01 1.400000000000000000e+01 1.600000000000000000e+01 1.700000000000000000e+01 1.000000000000000000e+01 1.700000000000000000e+01 2.900000000000000000e+01 2.600000000000000000e+01 8.527131782945736316e-02
1.100000000000000000e+01 1.100000000000000000e+01 1.400000000000000000e+01 1.600000000000000000e+01 1.700000000000000000e+01 1.000000000000000000e+01 1.700000000000000000e+01 2.900000000000000000e+01 9.649122807017543324e-02
1.300000000000000000e+01 1.100000000000000000e+01 1.100000000000000000e+01 1.400000000000000000e+01 1.600000000000000000e+01 1.700000000000000000e+01 1.000000000000000000e+01 1.700000000000000000e+01 1.354166666666666574e-01
9.000000000000000000e+00 1.300000000000000000e+01 1.100000000000000000e+01 1.100000000000000000e+01 1.400000000000000000e+01 1.600000000000000000e+01 1.700000000000000000e+01 1.000000000000000000e+01 9.782608695652174335e-02
8.000000000000000000e+00 9.000000000000000000e+00 1.300000000000000000e+01 1.100000000000000000e+01 1.100000000000000000e+01 1.400000000000000000e+01 1.600000000000000000e+01 1.700000000000000000e+01 8.791208791208791895e-02
1.100000000000000000e+01 8.000000000000000000e+00 9.000000000000000000e+00 1.300000000000000000e+01 1.100000000000000000e+01 1.100000000000000000e+01 1.400000000000000000e+01 1.600000000000000000e+01 1.341463414634146423e-01
1.300000000000000000e+01 1.100000000000000000e+01 8.000000000000000000e+00 9.000000000000000000e+00 1.300000000000000000e+01 1.100000000000000000e+01 1.100000000000000000e+01 1.400000000000000000e+01 1.688311688311688319e-01
9.000000000000000000e+00 1.300000000000000000e+01 1.100000000000000000e+01 8.000000000000000000e+00 9.000000000000000000e+00 1.300000000000000000e+01 1.100000000000000000e+01 1.100000000000000000e+01 1.184210526315789408e-01
1.100000000000000000e+01 9.000000000000000000e+00 1.300000000000000000e+01 1.100000000000000000e+01 8.000000000000000000e+00 9.000000000000000000e+00 1.300000000000000000e+01 1.100000000000000000e+01 1.486486486486486569e-01
1.400000000000000000e+01 1.100000000000000000e+01 9.000000000000000000e+00 1.300000000000000000e+01 1.100000000000000000e+01 8.000000000000000000e+00 9.000000000000000000e+00 1.300000000000000000e+01 1.891891891891891997e-01
2.100000000000000000e+01 1.400000000000000000e+01 1.100000000000000000e+01 9.000000000000000000e+00 1.300000000000000000e+01 1.100000000000000000e+01 8.000000000000000000e+00 9.000000000000000000e+00 2.800000000000000266e-01
1.900000000000000000e+01 2.100000000000000000e+01 1.400000000000000000e+01 1.100000000000000000e+01 9.000000000000000000e+00 1.300000000000000000e+01 1.100000000000000000e+01 8.000000000000000000e+00 2.183908045977011603e-01
1.600000000000000000e+01 1.900000000000000000e+01 2.100000000000000000e+01 1.400000000000000000e+01 1.100000000000000000e+01 9.000000000000000000e+00 1.300000000000000000e+01 1.100000000000000000e+01 1.632653061224489666e-01
2.100000000000000000e+01 1.600000000000000000e+01 1.900000000000000000e+01 2.100000000000000000e+01 1.400000000000000000e+01 1.100000000000000000e+01 9.000000000000000000e+00 1.300000000000000000e+01 2.038834951456310607e-01
2.200000000000000000e+01 2.100000000000000000e+01 1.600000000000000000e+01 1.900000000000000000e+01 2.100000000000000000e+01 1.400000000000000000e+01 1.100000000000000000e+01 9.000000000000000000e+00 1.981981981981981999e-01
1.700000000000000000e+01 2.200000000000000000e+01 2.100000000000000000e+01 1.600000000000000000e+01 1.900000000000000000e+01 2.100000000000000000e+01 1.400000000000000000e+01 1.100000000000000000e+01 1.370967741935483764e-01
2.200000000000000000e+01 1.700000000000000000e+01 2.200000000000000000e+01 2.100000000000000000e+01 1.600000000000000000e+01 1.900000000000000000e+01 2.100000000000000000e+01 1.400000000000000000e+01 1.692307692307692402e-01
2.600000000000000000e+01 2.200000000000000000e+01 1.700000000000000000e+01 2.200000000000000000e+01 2.100000000000000000e+01 1.600000000000000000e+01 1.900000000000000000e+01 2.100000000000000000e+01 1.884057971014492794e-01
2.300000000000000000e+01 2.600000000000000000e+01 2.200000000000000000e+01 1.700000000000000000e+01 2.200000000000000000e+01 2.100000000000000000e+01 1.600000000000000000e+01 1.900000000000000000e+01 1.608391608391608329e-01
2.000000000000000000e+01 2.300000000000000000e+01 2.600000000000000000e+01 2.200000000000000000e+01 1.700000000000000000e+01 2.200000000000000000e+01 2.100000000000000000e+01 1.600000000000000000e+01 1.360544217687074953e-01
1.700000000000000000e+01 2.000000000000000000e+01 2.300000000000000000e+01 2.600000000000000000e+01 2.200000000000000000e+01 1.700000000000000000e+01 2.200000000000000000e+01 2.100000000000000000e+01 1.125827814569536484e-01
2.400000000000000000e+01 1.700000000000000000e+01 2.000000000000000000e+01 2.300000000000000000e+01 2.600000000000000000e+01 2.200000000000000000e+01 1.700000000000000000e+01 2.200000000000000000e+01 1.632653061224489666e-01
2.000000000000000000e+01 2.400000000000000000e+01 1.700000000000000000e+01 2.000000000000000000e+01 2.300000000000000000e+01 2.600000000000000000e+01 2.200000000000000000e+01 1.700000000000000000e+01 1.342281879194630878e-01
2.500000000000000000e+01 2.000000000000000000e+01 2.400000000000000000e+01 1.700000000000000000e+01 2.000000000000000000e+01 2.300000000000000000e+01 2.600000000000000000e+01 2.200000000000000000e+01 1.644736842105263275e-01
1.800000000000000000e+01 2.500000000000000000e+01 2.000000000000000000e+01 2.400000000000000000e+01 1.700000000000000000e+01 2.000000000000000000e+01 2.300000000000000000e+01 2.600000000000000000e+01 1.161290322580645212e-01
2.600000000000000000e+01 1.800000000000000000e+01 2.500000000000000000e+01 2.000000000000000000e+01 2.400000000000000000e+01 1.700000000000000000e+01 2.000000000000000000e+01 2.300000000000000000e+01 1.768707482993197300e-01
2.600000000000000000e+01 2.600000000000000000e+01 1.800000000000000000e+01 2.500000000000000000e+01 2.000000000000000000e+01 2.400000000000000000e+01 1.700000000000000000e+01 2.000000000000000000e+01 1.733333333333333393e-01
2.200000000000000000e+01 2.600000000000000000e+01 2.600000000000000000e+01 1.800000000000000000e+01 2.500000000000000000e+01 2.000000000000000000e+01 2.400000000000000000e+01 1.700000000000000000e+01 1.410256410256410242e-01
1.900000000000000000e+01 2.200000000000000000e+01 2.600000000000000000e+01 2.600000000000000000e+01 1.800000000000000000e+01 2.500000000000000000e+01 2.000000000000000000e+01 2.400000000000000000e+01 1.180124223602484479e-01
1.900000000000000000e+01 1.900000000000000000e+01 2.200000000000000000e+01 2.600000000000000000e+01 2.600000000000000000e+01 1.800000000000000000e+01 2.500000000000000000e+01 2.000000000000000000e+01 1.217948717948717924e-01
2.500000000000000000e+01 1.900000000000000000e+01 1.900000000000000000e+01 2.200000000000000000e+01 2.600000000000000000e+01 2.600000000000000000e+01 1.800000000000000000e+01 2.500000000000000000e+01 1.612903225806451568e-01
2.100000000000000000e+01 2.500000000000000000e+01 1.900000000000000000e+01 1.900000000000000000e+01 2.200000000000000000e+01 2.600000000000000000e+01 2.600000000000000000e+01 1.800000000000000000e+01 1.354838709677419484e-01
1.800000000000000000e+01 2.100000000000000000e+01 2.500000000000000000e+01 1.900000000000000000e+01 1.900000000000000000e+01 2.200000000000000000e+01 2.600000000000000000e+01 2.600000000000000000e+01 1.139240506329113889e-01
2.600000000000000000e+01 1.800000000000000000e+01 2.100000000000000000e+01 2.500000000000000000e+01 1.900000000000000000e+01 1.900000000000000000e+01 2.200000000000000000e+01 2.600000000000000000e+01 1.733333333333333393e-01
2.500000000000000000e+01 2.600000000000000000e+01 1.800000000000000000e+01 2.100000000000000000e+01 2.500000000000000000e+01 1.900000000000000000e+01 1.900000000000000000e+01 2.200000000000000000e+01 1.666666666666666574e-01
1.800000000000000000e+01 2.500000000000000000e+01 2.600000000000000000e+01 1.800000000000000000e+01 2.100000000000000000e+01 2.500000000000000000e+01 1.900000000000000000e+01 1.900000000000000000e+01 1.176470588235294101e-01
1.900000000000000000e+01 1.800000000000000000e+01 2.500000000000000000e+01 2.600000000000000000e+01 1.800000000000000000e+01 2.100000000000000000e+01 2.500000000000000000e+01 1.900000000000000000e+01 1.250000000000000000e-01
2.600000000000000000e+01 1.900000000000000000e+01 1.800000000000000000e+01 2.500000000000000000e+01 2.600000000000000000e+01 1.800000000000000000e+01 2.100000000000000000e+01 2.500000000000000000e+01 1.710526315789473728e-01
2.600000000000000000e+01 2.600000000000000000e+01 1.900000000000000000e+01 1.800000000000000000e+01 2.500000000000000000e+01 2.600000000000000000e+01 1.800000000000000000e+01 2.100000000000000000e+01 1.699346405228758239e-01
1.800000000000000000e+01 2.600000000000000000e+01 2.600000000000000000e+01 1.900000000000000000e+01 1.800000000000000000e+01 2.500000000000000000e+01 2.600000000000000000e+01 1.800000000000000000e+01 1.139240506329113889e-01
1.700000000000000000e+01 1.800000000000000000e+01 2.600000000000000000e+01 2.600000000000000000e+01 1.900000000000000000e+01 1.800000000000000000e+01 2.500000000000000000e+01 2.600000000000000000e+01 1.075949367088607639e-01
2.000000000000000000e+01 1.700000000000000000e+01 1.800000000000000000e+01 2.600000000000000000e+01 2.600000000000000000e+01 1.900000000000000000e+01 1.800000000000000000e+01 2.500000000000000000e+01 1.342281879194630878e-01
1.700000000000000000e+01 2.000000000000000000e+01 1.700000000000000000e+01 1.800000000000000000e+01 2.600000000000000000e+01 2.600000000000000000e+01 1.900000000000000000e+01 1.800000000000000000e+01 1.180555555555555525e-01
2.500000000000000000e+01 1.700000000000000000e+01 2.000000000000000000e+01 1.700000000000000000e+01 1.800000000000000000e+01 2.600000000000000000e+01 2.600000000000000000e+01 1.900000000000000000e+01 1.748251748251748172e-01
2.100000000000000000e+01 2.500000000000000000e+01 1.700000000000000000e+01 2.000000000000000000e+01 1.700000000000000000e+01 1.800000000000000000e+01 2.600000000000000000e+01 2.600000000000000000e+01 1.409395973154362325e-01
2.200000000000000000e+01 2.100000000000000000e+01 2.500000000000000000e+01 1.700000000000000000e+01 2.000000000000000000e+01 1.700000000000000000e+01 1.800000000000000000e+01 2.600000000000000000e+01 1.527777777777777901e-01
2.200000000000000000e+01 2.200000000000000000e+01 2.100000000000000000e+01 2.500000000000000000e+01 1.700000000000000000e+01 2.000000000000000000e+01 1.700000000000000000e+01 1.800000000000000000e+01 1.571428571428571397e-01
2.000000000000000000e+01 2.200000000000000000e+01 2.200000000000000000e+01 2.100000000000000000e+01 2.500000000000000000e+01 1.700000000000000000e+01 2.000000000000000000e+01 1.700000000000000000e+01 1.388888888888888951e-01
2.000000000000000000e+01 2.000000000000000000e+01 2.200000000000000000e+01 2.200000000000000000e+01 2.100000000000000000e+01 2.500000000000000000e+01 1.700000000000000000e+01 2.000000000000000000e+01 1.360544217687074953e-01
2.000000000000000000e+01 2.000000000000000000e+01 2.000000000000000000e+01 2.200000000000000000e+01 2.200000000000000000e+01 2.100000000000000000e+01 2.500000000000000000e+01 1.700000000000000000e+01 1.360544217687074953e-01
2.400000000000000000e+01 2.000000000000000000e+01 2.000000000000000000e+01 2.000000000000000000e+01 2.200000000000000000e+01 2.200000000000000000e+01 2.100000000000000000e+01 2.500000000000000000e+01 1.600000000000000033e-01
1.900000000000000000e+01 2.400000000000000000e+01 2.000000000000000000e+01 2.000000000000000000e+01 2.000000000000000000e+01 2.200000000000000000e+01 2.200000000000000000e+01 2.100000000000000000e+01 1.275167785234899431e-01
2.200000000000000000e+01 1.900000000000000000e+01 2.400000000000000000e+01 2.000000000000000000e+01 2.000000000000000000e+01 2.000000000000000000e+01 2.200000000000000000e+01 2.200000000000000000e+01 1.496598639455782309e-01
2.100000000000000000e+01 2.200000000000000000e+01 1.900000000000000000e+01 2.400000000000000000e+01 2.000000000000000000e+01 2.000000000000000000e+01 2.000000000000000000e+01 2.200000000000000000e+01 1.428571428571428492e-01
2.300000000000000000e+01 2.100000000000000000e+01 2.200000000000000000e+01 1.900000000000000000e+01 2.400000000000000000e+01 2.000000000000000000e+01 2.000000000000000000e+01 2.000000000000000000e+01 1.575342465753424570e-01
1.700000000000000000e+01 2.300000000000000000e+01 2.100000000000000000e+01 2.200000000000000000e+01 1.900000000000000000e+01 2.400000000000000000e+01 2.000000000000000000e+01 2.000000000000000000e+01 1.140939597315436260e-01
2.200000000000000000e+01 1.700000000000000000e+01 2.300000000000000000e+01 2.100000000000000000e+01 2.200000000000000000e+01 1.900000000000000000e+01 2.400000000000000000e+01 2.000000000000000000e+01 1.506849315068493067e-01
2.300000000000000000e+01 2.200000000000000000e+01 1.700000000000000000e+01 2.300000000000000000e+01 2.100000000000000000e+01 2.200000000000000000e+01 1.900000000000000000e+01 2.400000000000000000e+01 1.554054054054054002e-01
2.200000000000000000e+01 2.300000000000000000e+01 2.200000000000000000e+01 1.700000000000000000e+01 2.300000000000000000e+01 2.100000000000000000e+01 2.200000000000000000e+01 1.900000000000000000e+01 1.496598639455782309e-01
2.200000000000000000e+01 2.200000000000000000e+01 2.300000000000000000e+01 2.200000000000000000e+01 1.700000000000000000e+01 2.300000000000000000e+01 2.100000000000000000e+01 2.200000000000000000e+01 1.466666666666666674e-01
1.900000000000000000e+01 2.200000000000000000e+01 2.200000000000000000e+01 2.300000000000000000e+01 2.200000000000000000e+01 1.700000000000000000e+01 2.300000000000000000e+01 2.100000000000000000e+01 1.266666666666666774e-01
1.800000000000000000e+01 1.900000000000000000e+01 2.200000000000000000e+01 2.200000000000000000e+01 2.300000000000000000e+01 2.200000000000000000e+01 1.700000000000000000e+01 2.300000000000000000e+01 1.216216216216216284e-01
2.000000000000000000e+01 1.800000000000000000e+01 1.900000000000000000e+01 2.200000000000000000e+01 2.200000000000000000e+01 2.300000000000000000e+01 2.200000000000000000e+01 1.700000000000000000e+01 1.398601398601398704e-01
2.100000000000000000e+01 2.000000000000000000e+01 1.800000000000000000e+01 1.900000000000000000e+01 2.200000000000000000e+01 2.200000000000000000e+01 2.300000000000000000e+01 2.200000000000000000e+01 1.438356164383561564e-01
1.900000000000000000e+01 2.100000000000000000e+01 2.000000000000000000e+01 1.800000000000000000e+01 1.900000000000000000e+01 2.200000000000000000e+01 2.200000000000000000e+01 2.300000000000000000e+01 1.310344827586207017e-01
2.000000000000000000e+01 1.900000000000000000e+01 2.100000000000000000e+01 2.000000000000000000e+01 1.800000000000000000e+01 1.900000000000000000e+01 2.200000000000000000e+01 2.200000000000000000e+01 1.418439716312056842e-01
1.300000000000000000e+01 2.000000000000000000e+01 1.900000000000000000e+01 2.100000000000000000e+01 2.000000000000000000e+01 1.800000000000000000e+01 1.900000000000000000e+01 2.200000000000000000e+01 9.352517985611510931e-02
1.200000000000000000e+01 1.300000000000000000e+01 2.000000000000000000e+01 1.900000000000000000e+01 2.100000000000000000e+01 2.000000000000000000e+01 1.800000000000000000e+01 1.900000000000000000e+01 9.230769230769231282e-02
9.000000000000000000e+00 1.200000000000000000e+01 1.300000000000000000e+01 2.000000000000000000e+01 1.900000000000000000e+01 2.100000000000000000e+01 2.000000000000000000e+01 1.800000000000000000e+01 7.317073170731706877e-02
8.000000000000000000e+00 9.000000000000000000e+00 1.200000000000000000e+01 1.300000000000000000e+01 2.000000000000000000e+01 1.900000000000000000e+01 2.100000000000000000e+01 2.000000000000000000e+01 7.017543859649122417e-02
4.000000000000000000e+00 8.000000000000000000e+00 9.000000000000000000e+00 1.200000000000000000e+01 1.300000000000000000e+01 2.000000000000000000e+01 1.900000000000000000e+01 2.100000000000000000e+01 3.921568627450980338e-02
3.000000000000000000e+00 4.000000000000000000e+00 8.000000000000000000e+00 9.000000000000000000e+00 1.200000000000000000e+01 1.300000000000000000e+01 2.000000000000000000e+01 1.900000000000000000e+01 3.529411764705882304e-02
5.000000000000000000e+00 3.000000000000000000e+00 4.000000000000000000e+00 8.000000000000000000e+00 9.000000000000000000e+00 1.200000000000000000e+01 1.300000000000000000e+01 2.000000000000000000e+01 7.246376811594203160e-02
4.000000000000000000e+00 5.000000000000000000e+00 3.000000000000000000e+00 4.000000000000000000e+00 8.000000000000000000e+00 9.000000000000000000e+00 1.200000000000000000e+01 1.300000000000000000e+01 7.407407407407406996e-02
1.200000000000000000e+01 4.000000000000000000e+00 5.000000000000000000e+00 3.000000000000000000e+00 4.000000000000000000e+00 8.000000000000000000e+00 9.000000000000000000e+00 1.200000000000000000e+01 2.666666666666666630e-01
6.000000000000000000e+00 1.200000000000000000e+01 4.000000000000000000e+00 5.000000000000000000e+00 3.000000000000000000e+00 4.000000000000000000e+00 8.000000000000000000e+00 9.000000000000000000e+00 1.333333333333333315e-01
5.000000000000000000e+00 6.000000000000000000e+00 1.200000000000000000e+01 4.000000000000000000e+00 5.000000000000000000e+00 3.000000000000000000e+00 4.000000000000000000e+00 8.000000000000000000e+00 1.190476190476190410e-01
1.200000000000000000e+01 5.000000000000000000e+00 6.000000000000000000e+00 1.200000000000000000e+01 4.000000000000000000e+00 5.000000000000000000e+00 3.000000000000000000e+00 4.000000000000000000e+00 3.076923076923077094e-01
1.600000000000000000e+01 1.200000000000000000e+01 5.000000000000000000e+00 6.000000000000000000e+00 1.200000000000000000e+01 4.000000000000000000e+00 5.000000000000000000e+00 3.000000000000000000e+00 3.404255319148936088e-01
1.300000000000000000e+01 1.600000000000000000e+01 1.200000000000000000e+01 5.000000000000000000e+00 6.000000000000000000e+00 1.200000000000000000e+01 4.000000000000000000e+00 5.000000000000000000e+00 2.166666666666666741e-01
1.100000000000000000e+01 1.300000000000000000e+01 1.600000000000000000e+01 1.200000000000000000e+01 5.000000000000000000e+00 6.000000000000000000e+00 1.200000000000000000e+01 4.000000000000000000e+00 1.617647058823529493e-01
1.700000000000000000e+01 1.100000000000000000e+01 1.300000000000000000e+01 1.600000000000000000e+01 1.200000000000000000e+01 5.000000000000000000e+00 6.000000000000000000e+00 1.200000000000000000e+01 2.266666666666666552e-01
1.900000000000000000e+01 1.700000000000000000e+01 1.100000000000000000e+01 1.300000000000000000e+01 1.600000000000000000e+01 1.200000000000000000e+01 5.000000000000000000e+00 6.000000000000000000e+00 2.374999999999999889e-01
1.500000000000000000e+01 1.900000000000000000e+01 1.700000000000000000e+01 1.100000000000000000e+01 1.300000000000000000e+01 1.600000000000000000e+01 1.200000000000000000e+01 5.000000000000000000e+00 1.612903225806451568e-01
1.900000000000000000e+01 1.500000000000000000e+01 1.900000000000000000e+01 1.700000000000000000e+01 1.100000000000000000e+01 1.300000000000000000e+01 1.600000000000000000e+01 1.200000000000000000e+01 1.844660194174757295e-01
1.900000000000000000e+01 1.900000000000000000e+01 1.500000000000000000e+01 1.900000000000000000e+01 1.700000000000000000e+01 1.100000000000000000e+01 1.300000000000000000e+01 1.600000000000000000e+01 1.727272727272727293e-01
2.000000000000000000e+01 1.900000000000000000e+01 1.900000000000000000e+01 1.500000000000000000e+01 1.900000000000000000e+01 1.700000000000000000e+01 1.100000000000000000e+01 1.300000000000000000e+01 1.769911504424778736e-01
2.400000000000000000e+01 2.000000000000000000e+01 1.900000000000000000e+01 1.900000000000000000e+01 1.500000000000000000e+01 1.900000000000000000e+01 1.700000000000000000e+01 1.100000000000000000e+01 2.000000000000000111e-01
1.700000000000000000e+01 2.400000000000000000e+01 2.000000000000000000e+01 1.900000000000000000e+01 1.900000000000000000e+01 1.500000000000000000e+01 1.900000000000000000e+01 1.700000000000000000e+01 1.278195488721804440e-01
2.000000000000000000e+01 1.700000000000000000e+01 2.400000000000000000e+01 2.000000000000000000e+01 1.900000000000000000e+01 1.900000000000000000e+01 1.500000000000000000e+01 1.900000000000000000e+01 1.503759398496240518e-01
2.600000000000000000e+01 2.000000000000000000e+01 1.700000000000000000e+01 2.400000000000000000e+01 2.000000000000000000e+01 1.900000000000000000e+01 1.900000000000000000e+01 1.500000000000000000e+01 1.940298507462686617e-01
2.600000000000000000e+01 2.600000000000000000e+01 2.000000000000000000e+01 1.700000000000000000e+01 2.400000000000000000e+01 2.000000000000000000e+01 1.900000000000000000e+01 1.900000000000000000e+01 1.793103448275862044e-01
2.000000000000000000e+01 2.600000000000000000e+01 2.600000000000000000e+01 2.000000000000000000e+01 1.700000000000000000e+01 2.400000000000000000e+01 2.000000000000000000e+01 1.900000000000000000e+01 1.315789473684210453e-01
3.100000000000000000e+01 2.000000000000000000e+01 2.600000000000000000e+01 2.600000000000000000e+01 2.000000000000000000e+01 1.700000000000000000e+01 2.400000000000000000e+01 2.000000000000000000e+01 2.026143790849673221e-01
3.000000000000000000e+01 3.100000000000000000e+01 2.000000000000000000e+01 2.600000000000000000e+01 2.600000000000000000e+01 2.000000000000000000e+01 1.700000000000000000e+01 2.400000000000000000e+01 1.829268292682926789e-01
2.000000000000000000e+01 3.000000000000000000e+01 3.100000000000000000e+01 2.000000000000000000e+01 2.600000000000000000e+01 2.600000000000000000e+01 2.000000000000000000e+01 1.700000000000000000e+01 1.176470588235294101e-01
2.100000000000000000e+01 2.000000000000000000e+01 3.000000000000000000e+01 3.100000000000000000e+01 2.000000000000000000e+01 2.600000000000000000e+01 2.600000000000000000e+01 2.000000000000000000e+01 1.213872832369942145e-01
2.800000000000000000e+01 2.100000000000000000e+01 2.000000000000000000e+01 3.000000000000000000e+01 3.100000000000000000e+01 2.000000000000000000e+01 2.600000000000000000e+01 2.600000000000000000e+01 1.609195402298850552e-01
3.000000000000000000e+01 2.800000000000000000e+01 2.100000000000000000e+01 2.000000000000000000e+01 3.000000000000000000e+01 3.100000000000000000e+01 2.000000000000000000e+01 2.600000000000000000e+01 1.704545454545454419e-01
3.300000000000000000e+01 3.000000000000000000e+01 2.800000000000000000e+01 2.100000000000000000e+01 2.000000000000000000e+01 3.000000000000000000e+01 3.100000000000000000e+01 2.000000000000000000e+01 1.833333333333333204e-01
2.300000000000000000e+01 3.300000000000000000e+01 3.000000000000000000e+01 2.800000000000000000e+01 2.100000000000000000e+01 2.000000000000000000e+01 3.000000000000000000e+01 3.100000000000000000e+01 1.191709844559585424e-01
3.100000000000000000e+01 2.300000000000000000e+01 3.300000000000000000e+01 3.000000000000000000e+01 2.800000000000000000e+01 2.100000000000000000e+01 2.000000000000000000e+01 3.000000000000000000e+01 1.675675675675675769e-01
2.800000000000000000e+01 3.100000000000000000e+01 2.300000000000000000e+01 3.300000000000000000e+01 3.000000000000000000e+01 2.800000000000000000e+01 2.100000000000000000e+01 2.000000000000000000e+01 1.505376344086021556e-01
