2.177615384615384997e+01 2.165015384615384519e+01 2.076796875000000142e+01 2.197951612903226604e+01 3.208984615384614614e+01 2.621861538461538288e+01 1.776984126984127244e+01 2.177781249999999957e+01 1.342104777536258786e-01
1.890328124999999915e+01 2.177615384615384997e+01 2.165015384615384519e+01 2.076796875000000142e+01 2.197951612903226604e+01 3.208984615384614614e+01 2.621861538461538288e+01 1.776984126984127244e+01 1.165056217349272755e-01
2.121904761904762182e+01 1.890328124999999915e+01 2.177615384615384997e+01 2.165015384615384519e+01 2.076796875000000142e+01 2.197951612903226604e+01 3.208984615384614614e+01 2.621861538461538288e+01 1.298710291111133397e-01
2.167181818181818187e+01 2.121904761904762182e+01 1.890328124999999915e+01 2.177615384615384997e+01 2.165015384615384519e+01 2.076796875000000142e+01 2.197951612903226604e+01 3.208984615384614614e+01 1.368291554548496103e-01
2.048390625000000043e+01 2.167181818181818187e+01 2.121904761904762182e+01 1.890328124999999915e+01 2.177615384615384997e+01 2.165015384615384519e+01 2.076796875000000142e+01 2.197951612903226604e+01 1.384347602750964634e-01
1.982950819672131004e+01 2.048390625000000043e+01 2.167181818181818187e+01 2.121904761904762182e+01 1.890328124999999915e+01 2.177615384615384997e+01 2.165015384615384519e+01 2.076796875000000142e+01 1.353805748259116759e-01
1.974370967741935345e+01 1.982950819672131004e+01 2.048390625000000043e+01 2.167181818181818187e+01 2.121904761904762182e+01 1.890328124999999915e+01 2.177615384615384997e+01 2.165015384615384519e+01 1.356640195668642745e-01
1.780499999999999972e+01 1.974370967741935345e+01 1.982950819672131004e+01 2.048390625000000043e+01 2.167181818181818187e+01 2.121904761904762182e+01 1.890328124999999915e+01 2.177615384615384997e+01 1.239665753067481918e-01
1.642571428571428882e+01 1.780499999999999972e+01 1.974370967741935345e+01 1.982950819672131004e+01 2.048390625000000043e+01 2.167181818181818187e+01 2.121904761904762182e+01 1.890328124999999915e+01 1.176153003908492756e-01
1.482634920634920661e+01 1.642571428571428882e+01 1.780499999999999972e+01 1.974370967741935345e+01 1.982950819672131004e+01 2.048390625000000043e+01 2.167181818181818187e+01 2.121904761904762182e+01 1.080805456769324269e-01
1.783158730158729810e+01 1.482634920634920661e+01 1.642571428571428882e+01 1.780499999999999972e+01 1.974370967741935345e+01 1.982950819672131004e+01 2.048390625000000043e+01 2.167181818181818187e+01 1.363417071481277110e-01
1.847296874999999972e+01 1.783158730158729810e+01 1.482634920634920661e+01 1.642571428571428882e+01 1.780499999999999972e+01 1.974370967741935345e+01 1.982950819672131004e+01 2.048390625000000043e+01 1.455185787944724418e-01
1.764161290322580555e+01 1.847296874999999972e+01 1.783158730158729810e+01 1.482634920634920661e+01 1.642571428571428882e+01 1.780499999999999972e+01 1.974370967741935345e+01 1.982950819672131004e+01 1.412065142745648205e-01
1.838190476190476375e+01 1.764161290322580555e+01 1.847296874999999972e+01 1.783158730158729810e+01 1.482634920634920661e+01 1.642571428571428882e+01 1.780499999999999972e+01 1.974370967741935345e+01 1.497544822199390058e-01
1.933587301587301610e+01 1.838190476190476375e+01 1.764161290322580555e+01 1.847296874999999972e+01 1.783158730158729810e+01 1.482634920634920661e+01 1.642571428571428882e+01 1.780499999999999972e+01 1.592935795971090196e-01
1.786507936507936734e+01 1.933587301587301610e+01 1.838190476190476375e+01 1.764161290322580555e+01 1.847296874999999972e+01 1.783158730158729810e+01 1.482634920634920661e+01 1.642571428571428882e+01 1.453437947784608775e-01
1.812758064516128798e+01 1.786507936507936734e+01 1.933587301587301610e+01 1.838190476190476375e+01 1.764161290322580555e+01 1.847296874999999972e+01 1.783158730158729810e+01 1.482634920634920661e+01 1.457723930376442767e-01
1.975634920634920988e+01 1.812758064516128798e+01 1.786507936507936734e+01 1.933587301587301610e+01 1.838190476190476375e+01 1.764161290322580555e+01 1.847296874999999972e+01 1.783158730158729810e+01 1.547616665555667514e-01
2.170714285714286262e+01 1.975634920634920988e+01 1.812758064516128798e+01 1.786507936507936734e+01 1.933587301587301610e+01 1.838190476190476375e+01 1.764161290322580555e+01 1.847296874999999972e+01 1.675174686275857638e-01
2.234296875000000071e+01 2.170714285714286262e+01 1.975634920634920988e+01 1.812758064516128798e+01 1.786507936507936734e+01 1.933587301587301610e+01 1.838190476190476375e+01 1.764161290322580555e+01 1.682255576913887218e-01
2.462687499999999829e+01 2.234296875000000071e+01 2.170714285714286262e+01 1.975634920634920988e+01 1.812758064516128798e+01 1.786507936507936734e+01 1.933587301587301610e+01 1.838190476190476375e+01 1.790825364042168133e-01
2.284508196721311890e+01 2.462687499999999829e+01 2.234296875000000071e+01 2.170714285714286262e+01 1.975634920634920988e+01 1.812758064516128798e+01 1.786507936507936734e+01 1.933587301587301610e+01 1.589091888663553831e-01
1.992125000000000057e+01 2.284508196721311890e+01 2.462687499999999829e+01 2.234296875000000071e+01 2.170714285714286262e+01 1.975634920634920988e+01 1.812758064516128798e+01 1.786507936507936734e+01 1.352692619543302555e-01
1.980437500000000028e+01 1.992125000000000057e+01 2.284508196721311890e+01 2.462687499999999829e+01 2.234296875000000071e+01 2.170714285714286262e+01 1.975634920634920988e+01 1.812758064516128798e+01 1.326239866385262312e-01
1.995698412698412483e+01 1.980437500000000028e+01 1.992125000000000057e+01 2.284508196721311890e+01 2.462687499999999829e+01 2.234296875000000071e+01 2.170714285714286262e+01 1.975634920634920988e+01 1.321619193730233233e-01
1.593704918032787177e+01 1.995698412698412483e+01 1.980437500000000028e+01 1.992125000000000057e+01 2.284508196721311890e+01 2.462687499999999829e+01 2.234296875000000071e+01 2.170714285714286262e+01 1.054005036259974409e-01
1.464428571428571146e+01 1.593704918032787177e+01 1.995698412698412483e+01 1.980437500000000028e+01 1.992125000000000057e+01 2.284508196721311890e+01 2.462687499999999829e+01 2.234296875000000071e+01 1.006932829114167011e-01
1.422453125000000007e+01 1.464428571428571146e+01 1.593704918032787177e+01 1.995698412698412483e+01 1.980437500000000028e+01 1.992125000000000057e+01 2.284508196721311890e+01 2.462687499999999829e+01 1.032739550682254537e-01
1.293365079365079495e+01 1.422453125000000007e+01 1.464428571428571146e+01 1.593704918032787177e+01 1.995698412698412483e+01 1.980437500000000028e+01 1.992125000000000057e+01 2.284508196721311890e+01 1.015729951641424905e-01
1.317377049180327653e+01 1.293365079365079495e+01 1.422453125000000007e+01 1.464428571428571146e+01 1.593704918032787177e+01 1.995698412698412483e+01 1.980437500000000028e+01 1.992125000000000057e+01 1.121915513987793434e-01
1.765460317460317441e+01 1.317377049180327653e+01 1.293365079365079495e+01 1.422453125000000007e+01 1.464428571428571146e+01 1.593704918032787177e+01 1.995698412698412483e+01 1.980437500000000028e+01 1.595180443201360265e-01
2.171921875000000313e+01 1.765460317460317441e+01 1.317377049180327653e+01 1.293365079365079495e+01 1.422453125000000007e+01 1.464428571428571146e+01 1.593704918032787177e+01 1.995698412698412483e+01 2.001312492062693460e-01
2.459873015873015589e+01 2.171921875000000313e+01 1.765460317460317441e+01 1.317377049180327653e+01 1.293365079365079495e+01 1.422453125000000007e+01 1.464428571428571146e+01 1.593704918032787177e+01 2.230426593159081650e-01
2.889693548387096200e+01 2.459873015873015589e+01 2.171921875000000313e+01 1.765460317460317441e+01 1.317377049180327653e+01 1.293365079365079495e+01 1.422453125000000007e+01 1.464428571428571146e+01 2.429359340515824806e-01
2.892301587301587062e+01 2.889693548387096200e+01 2.459873015873015589e+01 2.171921875000000313e+01 1.765460317460317441e+01 1.317377049180327653e+01 1.293365079365079495e+01 1.422453125000000007e+01 2.171374112076032703e-01
3.162887096774193552e+01 2.892301587301587062e+01 2.889693548387096200e+01 2.459873015873015589e+01 2.171921875000000313e+01 1.765460317460317441e+01 1.317377049180327653e+01 1.293365079365079495e+01 2.138531917876724531e-01
3.206158730158730208e+01 3.162887096774193552e+01 2.892301587301587062e+01 2.889693548387096200e+01 2.459873015873015589e+01 2.171921875000000313e+01 1.765460317460317441e+01 1.317377049180327653e+01 1.924521108996163354e-01
2.876225806451612854e+01 3.206158730158730208e+01 3.162887096774193552e+01 2.892301587301587062e+01 2.889693548387096200e+01 2.459873015873015589e+01 2.171921875000000313e+01 1.765460317460317441e+01 1.550668471077973343e-01
2.792412698412698191e+01 2.876225806451612854e+01 3.206158730158730208e+01 3.162887096774193552e+01 2.892301587301587062e+01 2.889693548387096200e+01 2.459873015873015589e+01 2.171921875000000313e+01 1.420420133328141321e-01
2.670333333333333670e+01 2.792412698412698191e+01 2.876225806451612854e+01 3.206158730158730208e+01 3.162887096774193552e+01 2.892301587301587062e+01 2.889693548387096200e+01 2.459873015873015589e+01 1.316761469724031242e-01
2.049983870967741950e+01 2.670333333333333670e+01 2.792412698412698191e+01 2.876225806451612854e+01 3.206158730158730208e+01 3.162887096774193552e+01 2.892301587301587062e+01 2.889693548387096200e+01 1.000479546252786012e-01
2.163966666666666683e+01 2.049983870967741950e+01 2.670333333333333670e+01 2.792412698412698191e+01 2.876225806451612854e+01 3.206158730158730208e+01 3.162887096774193552e+01 2.892301587301587062e+01 1.101238313260308188e-01
2.626906250000000043e+01 2.163966666666666683e+01 2.049983870967741950e+01 2.670333333333333670e+01 2.792412698412698191e+01 2.876225806451612854e+01 3.206158730158730208e+01 3.162887096774193552e+01 1.388283830651476647e-01
2.831793650793650485e+01 2.626906250000000043e+01 2.163966666666666683e+01 2.049983870967741950e+01 2.670333333333333670e+01 2.792412698412698191e+01 2.876225806451612854e+01 3.206158730158730208e+01 1.540191231487470502e-01
2.829539682539682843e+01 2.831793650793650485e+01 2.626906250000000043e+01 2.163966666666666683e+01 2.049983870967741950e+01 2.670333333333333670e+01 2.792412698412698191e+01 2.876225806451612854e+01 1.570952154716054316e-01
3.403950819672130734e+01 2.829539682539682843e+01 2.831793650793650485e+01 2.626906250000000043e+01 2.163966666666666683e+01 2.049983870967741950e+01 2.670333333333333670e+01 2.792412698412698191e+01 1.894774793929858425e-01
2.898047619047619605e+01 3.403950819672130734e+01 2.829539682539682843e+01 2.831793650793650485e+01 2.626906250000000043e+01 2.163966666666666683e+01 2.049983870967741950e+01 2.670333333333333670e+01 1.560063323269025304e-01
3.022171875000000085e+01 2.898047619047619605e+01 3.403950819672130734e+01 2.829539682539682843e+01 2.831793650793650485e+01 2.626906250000000043e+01 2.163966666666666683e+01 2.049983870967741950e+01 1.607180158509443069e-01
3.116838709677418962e+01 3.022171875000000085e+01 2.898047619047619605e+01 3.403950819672130734e+01 2.829539682539682843e+01 2.831793650793650485e+01 2.626906250000000043e+01 2.163966666666666683e+01 1.576041343890738911e-01
3.534344262295082473e+01 3.116838709677418962e+01 3.022171875000000085e+01 2.898047619047619605e+01 3.403950819672130734e+01 2.829539682539682843e+01 2.831793650793650485e+01 2.626906250000000043e+01 1.705003557701328942e-01
3.831903225806451729e+01 3.534344262295082473e+01 3.116838709677418962e+01 3.022171875000000085e+01 2.898047619047619605e+01 3.403950819672130734e+01 2.829539682539682843e+01 2.831793650793650485e+01 1.771021272007970160e-01
4.388843749999999488e+01 3.831903225806451729e+01 3.534344262295082473e+01 3.116838709677418962e+01 3.022171875000000085e+01 2.898047619047619605e+01 3.403950819672130734e+01 2.829539682539682843e+01 1.938809587884986474e-01
4.829693548387098190e+01 4.388843749999999488e+01 3.831903225806451729e+01 3.534344262295082473e+01 3.116838709677418962e+01 3.022171875000000085e+01 2.898047619047619605e+01 3.403950819672130734e+01 1.996062793669357849e-01
4.989639344262295850e+01 4.829693548387098190e+01 4.388843749999999488e+01 3.831903225806451729e+01 3.534344262295082473e+01 3.116838709677418962e+01 3.022171875000000085e+01 2.898047619047619605e+01 1.947416251894175665e-01
5.310656249999999545e+01 4.989639344262295850e+01 4.829693548387098190e+01 4.388843749999999488e+01 3.831903225806451729e+01 3.534344262295082473e+01 3.116838709677418962e+01 3.022171875000000085e+01 1.916275014097586771e-01
6.331078124999999801e+01 5.310656249999999545e+01 4.989639344262295850e+01 4.829693548387098190e+01 4.388843749999999488e+01 3.831903225806451729e+01 3.534344262295082473e+01 3.116838709677418962e+01 2.110224384619393823e-01
6.002516129032257908e+01 6.331078124999999801e+01 5.310656249999999545e+01 4.989639344262295850e+01 4.829693548387098190e+01 4.388843749999999488e+01 3.831903225806451729e+01 3.534344262295082473e+01 1.807107263169220601e-01
6.326532258064516157e+01 6.002516129032257908e+01 6.331078124999999801e+01 5.310656249999999545e+01 4.989639344262295850e+01 4.829693548387098190e+01 4.388843749999999488e+01 3.831903225806451729e+01 1.772916064845690420e-01
7.045904761904760960e+01 6.326532258064516157e+01 6.002516129032257908e+01 6.331078124999999801e+01 5.310656249999999545e+01 4.989639344262295850e+01 4.829693548387098190e+01 4.388843749999999488e+01 1.845494186263457737e-01
7.047999999999998977e+01 7.045904761904760960e+01 6.326532258064516157e+01 6.002516129032257908e+01 6.331078124999999801e+01 5.310656249999999545e+01 4.989639344262295850e+01 4.829693548387098190e+01 1.725927239747918618e-01
5.994322580645161480e+01 7.047999999999998977e+01 7.045904761904760960e+01 6.326532258064516157e+01 6.002516129032257908e+01 6.331078124999999801e+01 5.310656249999999545e+01 4.989639344262295850e+01 1.392269492213032978e-01
5.807500000000000284e+01 5.994322580645161480e+01 7.047999999999998977e+01 7.045904761904760960e+01 6.326532258064516157e+01 6.002516129032257908e+01 6.331078124999999801e+01 5.310656249999999545e+01 1.318118583737202809e-01
6.496523809523809234e+01 5.807500000000000284e+01 5.994322580645161480e+01 7.047999999999998977e+01 7.045904761904760960e+01 6.326532258064516157e+01 6.002516129032257908e+01 6.331078124999999801e+01 1.458062913734576027e-01
7.522285714285715130e+01 6.496523809523809234e+01 5.807500000000000284e+01 5.994322580645161480e+01 7.047999999999998977e+01 7.045904761904760960e+01 6.326532258064516157e+01 6.002516129032257908e+01 1.682036477427739651e-01
9.058328124999999886e+01 7.522285714285715130e+01 6.496523809523809234e+01 5.807500000000000284e+01 5.994322580645161480e+01 7.047999999999998977e+01 7.045904761904760960e+01 6.326532258064516157e+01 1.958935702941068668e-01
9.785540983606557575e+01 9.058328124999999886e+01 7.522285714285715130e+01 6.496523809523809234e+01 5.807500000000000284e+01 5.994322580645161480e+01 7.047999999999998977e+01 7.045904761904760960e+01 1.998155710378201055e-01
1.237749999999999915e+02 9.785540983606557575e+01 9.058328124999999886e+01 7.522285714285715130e+01 6.496523809523809234e+01 5.807500000000000284e+01 5.994322580645161480e+01 7.047999999999998977e+01 2.393521819608633305e-01
1.182898437500000028e+02 1.237749999999999915e+02 9.785540983606557575e+01 9.058328124999999886e+01 7.522285714285715130e+01 6.496523809523809234e+01 5.807500000000000284e+01 5.994322580645161480e+01 2.073732359216641508e-01
5.868062499999999204e+01 1.182898437500000028e+02 1.237749999999999915e+02 9.785540983606557575e+01 9.058328124999999886e+01 7.522285714285715130e+01 6.496523809523809234e+01 5.807500000000000284e+01 9.332655741141798744e-02
4.313967213114752752e+01 5.868062499999999204e+01 1.182898437500000028e+02 1.237749999999999915e+02 9.785540983606557575e+01 9.058328124999999886e+01 7.522285714285715130e+01 6.496523809523809234e+01 6.854396866615013184e-02
5.960714285714284699e+01 4.313967213114752752e+01 5.868062499999999204e+01 1.182898437500000028e+02 1.237749999999999915e+02 9.785540983606557575e+01 9.058328124999999886e+01 7.522285714285715130e+01 9.811121338584682938e-02
6.813843750000000909e+01 5.960714285714284699e+01 4.313967213114752752e+01 5.868062499999999204e+01 1.182898437500000028e+02 1.237749999999999915e+02 9.785540983606557575e+01 9.058328124999999886e+01 1.151121336744014428e-01
7.599812499999998749e+01 6.813843750000000909e+01 5.960714285714284699e+01 4.313967213114752752e+01 5.868062499999999204e+01 1.182898437500000028e+02 1.237749999999999915e+02 9.785540983606557575e+01 1.334503526128490991e-01
7.880704918032786566e+01 7.599812499999998749e+01 6.813843750000000909e+01 5.960714285714284699e+01 4.313967213114752752e+01 5.868062499999999204e+01 1.182898437500000028e+02 1.237749999999999915e+02 1.439059496621850065e-01
7.781603174603174011e+01 7.880704918032786566e+01 7.599812499999998749e+01 6.813843750000000909e+01 5.960714285714284699e+01 4.313967213114752752e+01 5.868062499999999204e+01 1.182898437500000028e+02 1.548082065966683296e-01
7.606203124999998977e+01 7.781603174603174011e+01 7.880704918032786566e+01 7.599812499999998749e+01 6.813843750000000909e+01 5.960714285714284699e+01 4.313967213114752752e+01 5.868062499999999204e+01 1.645697899821253474e-01
8.516046874999999261e+01 7.606203124999998977e+01 7.781603174603174011e+01 7.880704918032786566e+01 7.599812499999998749e+01 6.813843750000000909e+01 5.960714285714284699e+01 4.313967213114752752e+01 1.775772816298888668e-01
9.406612903225806122e+01 8.516046874999999261e+01 7.606203124999998977e+01 7.781603174603174011e+01 7.880704918032786566e+01 7.599812499999998749e+01 6.813843750000000909e+01 5.960714285714284699e+01 1.803452093552583846e-01
1.020217460317460478e+02 9.406612903225806122e+01 8.516046874999999261e+01 7.606203124999998977e+01 7.781603174603174011e+01 7.880704918032786566e+01 7.599812499999998749e+01 6.813843750000000909e+01 1.834764193774897911e-01
8.949296875000000284e+01 1.020217460317460478e+02 9.406612903225806122e+01 8.516046874999999261e+01 7.606203124999998977e+01 7.781603174603174011e+01 7.880704918032786566e+01 7.599812499999998749e+01 1.517005897527324010e-01
9.401523809523807529e+01 8.949296875000000284e+01 1.020217460317460478e+02 9.406612903225806122e+01 8.516046874999999261e+01 7.606203124999998977e+01 7.781603174603174011e+01 7.880704918032786566e+01 1.558023219412209559e-01
1.029841935483870827e+02 9.401523809523807529e+01 8.949296875000000284e+01 1.020217460317460478e+02 9.406612903225806122e+01 8.516046874999999261e+01 7.606203124999998977e+01 7.781603174603174011e+01 1.664701445331245033e-01
9.328873015873016072e+01 1.029841935483870827e+02 9.401523809523807529e+01 8.949296875000000284e+01 1.020217460317460478e+02 9.406612903225806122e+01 8.516046874999999261e+01 7.606203124999998977e+01 1.449026529784971373e-01
9.216793650793653114e+01 9.328873015873016072e+01 1.029841935483870827e+02 9.401523809523807529e+01 8.949296875000000284e+01 1.020217460317460478e+02 9.406612903225806122e+01 8.516046874999999261e+01 1.394309029809686351e-01
8.801015624999999432e+01 9.216793650793653114e+01 9.328873015873016072e+01 1.029841935483870827e+02 9.401523809523807529e+01 8.949296875000000284e+01 1.020217460317460478e+02 9.406612903225806122e+01 1.317444451052898202e-01
9.432549999999997681e+01 8.801015624999999432e+01 9.216793650793653114e+01 9.328873015873016072e+01 1.029841935483870827e+02 9.401523809523807529e+01 8.949296875000000284e+01 1.020217460317460478e+02 1.424897457305348836e-01
9.404890624999998749e+01 9.432549999999997681e+01 8.801015624999999432e+01 9.216793650793653114e+01 9.328873015873016072e+01 1.029841935483870827e+02 9.401523809523807529e+01 8.949296875000000284e+01 1.437430875264340824e-01
1.058304687499999943e+02 9.404890624999998749e+01 9.432549999999997681e+01 8.801015624999999432e+01 9.216793650793653114e+01 9.328873015873016072e+01 1.029841935483870827e+02 9.401523809523807529e+01 1.606313560244471417e-01
9.749671874999999943e+01 1.058304687499999943e+02 9.404890624999998749e+01 9.432549999999997681e+01 8.801015624999999432e+01 9.216793650793653114e+01 9.328873015873016072e+01 1.029841935483870827e+02 1.453751767348491486e-01
9.867819672131147968e+01 9.749671874999999943e+01 1.058304687499999943e+02 9.404890624999998749e+01 9.432549999999997681e+01 8.801015624999999432e+01 9.216793650793653114e+01 9.328873015873016072e+01 1.483506947245237795e-01
1.033468253968253947e+02 9.867819672131147968e+01 9.749671874999999943e+01 1.058304687499999943e+02 9.404890624999998749e+01 9.432549999999997681e+01 8.801015624999999432e+01 9.216793650793653114e+01 1.541206627817595376e-01
9.786968749999999773e+01 1.033468253968253947e+02 9.867819672131147968e+01 9.749671874999999943e+01 1.058304687499999943e+02 9.404890624999998749e+01 9.432549999999997681e+01 8.801015624999999432e+01 1.435593494479132370e-01
7.321125000000000682e+01 9.786968749999999773e+01 1.033468253968253947e+02 9.867819672131147968e+01 9.749671874999999943e+01 1.058304687499999943e+02 9.404890624999998749e+01 9.432549999999997681e+01 1.058583593397688233e-01
4.856532258064515162e+01 7.321125000000000682e+01 9.786968749999999773e+01 1.033468253968253947e+02 9.867819672131147968e+01 9.749671874999999943e+01 1.058304687499999943e+02 9.404890624999998749e+01 7.243344148688156403e-02
5.773615384615384727e+01 4.856532258064515162e+01 7.321125000000000682e+01 9.786968749999999773e+01 1.033468253968253947e+02 9.867819672131147968e+01 9.749671874999999943e+01 1.058304687499999943e+02 9.237807233988873379e-02
4.663727272727272322e+01 5.773615384615384727e+01 4.856532258064515162e+01 7.321125000000000682e+01 9.786968749999999773e+01 1.033468253968253947e+02 9.867819672131147968e+01 9.749671874999999943e+01 8.084059083237184196e-02
4.186000000000001364e+01 4.663727272727272322e+01 5.773615384615384727e+01 4.856532258064515162e+01 7.321125000000000682e+01 9.786968749999999773e+01 1.033468253968253947e+02 9.867819672131147968e+01 7.957498536141821566e-02
3.341274193548387217e+01 4.186000000000001364e+01 4.663727272727272322e+01 5.773615384615384727e+01 4.856532258064515162e+01 7.321125000000000682e+01 9.786968749999999773e+01 1.033468253968253947e+02 7.120812886178004564e-02
4.546062500000000028e+01 3.341274193548387217e+01 4.186000000000001364e+01 4.663727272727272322e+01 5.773615384615384727e+01 4.856532258064515162e+01 7.321125000000000682e+01 9.786968749999999773e+01 1.138529602491669263e-01
4.484476923076923072e+01 4.546062500000000028e+01 3.341274193548387217e+01 4.186000000000001364e+01 4.663727272727272322e+01 5.773615384615384727e+01 4.856532258064515162e+01 7.321125000000000682e+01 1.292790995898937256e-01
4.909781250000000341e+01 4.484476923076923072e+01 4.546062500000000028e+01 3.341274193548387217e+01 4.186000000000001364e+01 4.663727272727272322e+01 5.773615384615384727e+01 4.856532258064515162e+01 1.541450854343985599e-01
5.162129032258065564e+01 4.909781250000000341e+01 4.484476923076923072e+01 4.546062500000000028e+01 3.341274193548387217e+01 4.186000000000001364e+01 4.663727272727272322e+01 5.773615384615384727e+01 1.617971835356240839e-01
4.810380952380952380e+01 5.162129032258065564e+01 4.909781250000000341e+01 4.484476923076923072e+01 4.546062500000000028e+01 3.341274193548387217e+01 4.186000000000001364e+01 4.663727272727272322e+01 1.537184545738093377e-01
4.814746031746031463e+01 4.810380952380952380e+01 5.162129032258065564e+01 4.909781250000000341e+01 4.484476923076923072e+01 4.546062500000000028e+01 3.341274193548387217e+01 4.186000000000001364e+01 1.531402663739021286e-01
