-1.000000000000000000e+08 -1.000000000000000000e+08 -1.000000000000000000e+08 -1.000000000000000000e+08 -1.000000000000000000e+08 -1.000000000000000000e+08 -1.000000000000000000e+08 -1.000000000000000000e+08 -4.000000000000000000e+08 -8.000000000000000000e+08 2.000000000000000000e+00
-1.000000000000000000e+08 -1.000000000000000000e+08 -1.000000000000000000e+08 -1.000000000000000000e+08 -1.000000000000000000e+08 -1.000000000000000000e+08 -1.000000000000000000e+08 -1.000000000000000000e+08 -4.000000000000000000e+08 -8.000000000000000000e+08 2.000000000000000000e+00
-1.000000000000000000e+08 -1.000000000000000000e+08 -1.000000000000000000e+08 -1.000000000000000000e+08 -1.000000000000000000e+08 -1.000000000000000000e+08 -1.000000000000000000e+08 -1.000000000000000000e+08 -4.000000000000000000e+08 -8.000000000000000000e+08 2.000000000000000000e+00
-1.000000000000000000e+08 -1.000000000000000000e+08 -1.000000000000000000e+08 -1.000000000000000000e+08 -1.000000000000000000e+08 -1.000000000000000000e+08 -1.000000000000000000e+08 -1.000000000000000000e+08 -4.000000000000000000e+08 -8.000000000000000000e+08 2.000000000000000000e+00
-1.000000000000000000e+08 -1.000000000000000000e+08 -1.000000000000000000e+08 -1.000000000000000000e+08 -1.000000000000000000e+08 -1.000000000000000000e+08 -1.000000000000000000e+08 -1.000000000000000000e+08 -4.000000000000000000e+08 -8.000000000000000000e+08 2.000000000000000000e+00
-1.000000000000000000e+08 -1.000000000000000000e+08 -1.000000000000000000e+08 -1.000000000000000000e+08 -1.000000000000000000e+08 -1.000000000000000000e+08 -1.000000000000000000e+08 -1.000000000000000000e+08 -4.000000000000000000e+08 -8.000000000000000000e+08 2.000000000000000000e+00
-1.000000000000000000e+08 -1.000000000000000000e+08 -1.000000000000000000e+08 -1.000000000000000000e+08 -1.000000000000000000e+08 -1.000000000000000000e+08 -1.000000000000000000e+08 -1.000000000000000000e+08 -4.000000000000000000e+08 -8.000000000000000000e+08 2.000000000000000000e+00
-1.000000000000000000e+08 -1.000000000000000000e+08 -1.000000000000000000e+08 -1.000000000000000000e+08 -1.000000000000000000e+08 -1.000000000000000000e+08 -1.000000000000000000e+08 -1.000000000000000000e+08 -4.000000000000000000e+08 -8.000000000000000000e+08 2.000000000000000000e+00
-1.000000000000000000e+08 -1.000000000000000000e+08 -1.000000000000000000e+08 -1.000000000000000000e+08 -1.000000000000000000e+08 -1.000000000000000000e+08 -1.000000000000000000e+08 -1.000000000000000000e+08 -4.000000000000000000e+08 -8.000000000000000000e+08 2.000000000000000000e+00
-1.000000000000000000e+08 -1.000000000000000000e+08 -1.000000000000000000e+08 -1.000000000000000000e+08 -1.000000000000000000e+08 -1.000000000000000000e+08 -1.000000000000000000e+08 -1.000000000000000000e+08 -4.000000000000000000e+08 -8.000000000000000000e+08 2.000000000000000000e+00
-1.000000000000000000e+08 -1.000000000000000000e+08 -1.000000000000000000e+08 -1.000000000000000000e+08 -1.000000000000000000e+08 -1.000000000000000000e+08 -1.000000000000000000e+08 -1.000000000000000000e+08 -4.000000000000000000e+08 -8.000000000000000000e+08 2.000000000000000000e+00
-1.000000000000000000e+08 -1.000000000000000000e+08 -1.000000000000000000e+08 -1.000000000000000000e+08 -1.000000000000000000e+08 -1.000000000000000000e+08 -1.000000000000000000e+08 -1.000000000000000000e+08 -4.000000000000000000e+08 -8.000000000000000000e+08 2.000000000000000000e+00
-1.000000000000000000e+08 -1.000000000000000000e+08 -1.000000000000000000e+08 -1.000000000000000000e+08 -1.000000000000000000e+08 -1.000000000000000000e+08 -1.000000000000000000e+08 -1.000000000000000000e+08 -4.000000000000000000e+08 -8.000000000000000000e+08 2.000000000000000000e+00
-1.000000000000000000e+08 -1.000000000000000000e+08 -1.000000000000000000e+08 -1.000000000000000000e+08 -1.000000000000000000e+08 -1.000000000000000000e+08 -1.000000000000000000e+08 -1.000000000000000000e+08 -4.000000000000000000e+08 -8.000000000000000000e+08 2.000000000000000000e+00
-1.000000000000000000e+08 -1.000000000000000000e+08 -1.000000000000000000e+08 -1.000000000000000000e+08 -1.000000000000000000e+08 -1.000000000000000000e+08 -1.000000000000000000e+08 -1.000000000000000000e+08 -4.000000000000000000e+08 -8.000000000000000000e+08 2.000000000000000000e+00
-1.000000000000000000e+08 -1.000000000000000000e+08 -1.000000000000000000e+08 -1.000000000000000000e+08 -1.000000000000000000e+08 -1.000000000000000000e+08 -1.000000000000000000e+08 -1.000000000000000000e+08 -4.000000000000000000e+08 -8.000000000000000000e+08 2.000000000000000000e+00
-1.000000000000000000e+08 -1.000000000000000000e+08 -1.000000000000000000e+08 -1.000000000000000000e+08 -1.000000000000000000e+08 -1.000000000000000000e+08 -1.000000000000000000e+08 -1.000000000000000000e+08 -4.000000000000000000e+08 -8.000000000000000000e+08 2.000000000000000000e+00
-1.000000000000000000e+08 -1.000000000000000000e+08 -1.000000000000000000e+08 -1.000000000000000000e+08 -1.000000000000000000e+08 -1.000000000000000000e+08 -1.000000000000000000e+08 -1.000000000000000000e+08 -4.000000000000000000e+08 -8.000000000000000000e+08 2.000000000000000000e+00
-1.000000000000000000e+08 -1.000000000000000000e+08 -1.000000000000000000e+08 -1.000000000000000000e+08 -1.000000000000000000e+08 -1.000000000000000000e+08 -1.000000000000000000e+08 -1.000000000000000000e+08 -4.000000000000000000e+08 -8.000000000000000000e+08 2.000000000000000000e+00
-1.000000000000000000e+08 -1.000000000000000000e+08 -1.000000000000000000e+08 -1.000000000000000000e+08 -1.000000000000000000e+08 -1.000000000000000000e+08 -1.000000000000000000e+08 -1.000000000000000000e+08 -4.000000000000000000e+08 -8.000000000000000000e+08 2.000000000000000000e+00
-1.000000000000000000e+08 -1.000000000000000000e+08 -1.000000000000000000e+08 -1.000000000000000000e+08 -1.000000000000000000e+08 -1.000000000000000000e+08 -1.000000000000000000e+08 -1.000000000000000000e+08 -4.000000000000000000e+08 -8.000000000000000000e+08 2.000000000000000000e+00
-1.000000000000000000e+08 -1.000000000000000000e+08 -1.000000000000000000e+08 -1.000000000000000000e+08 -1.000000000000000000e+08 -1.000000000000000000e+08 -1.000000000000000000e+08 -1.000000000000000000e+08 -4.000000000000000000e+08 -8.000000000000000000e+08 2.000000000000000000e+00
-1.000000000000000000e+08 -1.000000000000000000e+08 -1.000000000000000000e+08 -1.000000000000000000e+08 -1.000000000000000000e+08 -1.000000000000000000e+08 -1.000000000000000000e+08 -1.000000000000000000e+08 -4.000000000000000000e+08 -8.000000000000000000e+08 2.000000000000000000e+00
-1.000000000000000000e+08 -1.000000000000000000e+08 -1.000000000000000000e+08 -1.000000000000000000e+08 -1.000000000000000000e+08 -1.000000000000000000e+08 -1.000000000000000000e+08 -1.000000000000000000e+08 -4.000000000000000000e+08 -8.000000000000000000e+08 2.000000000000000000e+00
-1.000000000000000000e+08 -1.000000000000000000e+08 -1.000000000000000000e+08 -1.000000000000000000e+08 -1.000000000000000000e+08 -1.000000000000000000e+08 -1.000000000000000000e+08 -1.000000000000000000e+08 -4.000000000000000000e+08 -8.000000000000000000e+08 2.000000000000000000e+00
-1.000000000000000000e+08 -1.000000000000000000e+08 -1.000000000000000000e+08 -1.000000000000000000e+08 -1.000000000000000000e+08 -1.000000000000000000e+08 -1.000000000000000000e+08 -1.000000000000000000e+08 -4.000000000000000000e+08 -8.000000000000000000e+08 2.000000000000000000e+00
-1.000000000000000000e+08 -1.000000000000000000e+08 -1.000000000000000000e+08 -1.000000000000000000e+08 -1.000000000000000000e+08 -1.000000000000000000e+08 -1.000000000000000000e+08 -1.000000000000000000e+08 -4.000000000000000000e+08 -8.000000000000000000e+08 2.000000000000000000e+00
-1.000000000000000000e+08 -1.000000000000000000e+08 -1.000000000000000000e+08 -1.000000000000000000e+08 -1.000000000000000000e+08 -1.000000000000000000e+08 -1.000000000000000000e+08 -1.000000000000000000e+08 -4.000000000000000000e+08 -8.000000000000000000e+08 2.000000000000000000e+00
-1.000000000000000000e+08 -1.000000000000000000e+08 -1.000000000000000000e+08 -1.000000000000000000e+08 -1.000000000000000000e+08 -1.000000000000000000e+08 -1.000000000000000000e+08 -1.000000000000000000e+08 -4.000000000000000000e+08 -8.000000000000000000e+08 2.000000000000000000e+00
-1.000000000000000000e+08 -1.000000000000000000e+08 -1.000000000000000000e+08 -1.000000000000000000e+08 -1.000000000000000000e+08 -1.000000000000000000e+08 -1.000000000000000000e+08 -1.000000000000000000e+08 -4.000000000000000000e+08 -8.000000000000000000e+08 2.000000000000000000e+00
-1.000000000000000000e+08 -1.000000000000000000e+08 -1.000000000000000000e+08 -1.000000000000000000e+08 -1.000000000000000000e+08 -1.000000000000000000e+08 -1.000000000000000000e+08 -1.000000000000000000e+08 -4.000000000000000000e+08 -8.000000000000000000e+08 2.000000000000000000e+00
-1.000000000000000000e+08 -1.000000000000000000e+08 -1.000000000000000000e+08 -1.000000000000000000e+08 -1.000000000000000000e+08 -1.000000000000000000e+08 -1.000000000000000000e+08 -1.000000000000000000e+08 -4.000000000000000000e+08 -8.000000000000000000e+08 2.000000000000000000e+00
-1.000000000000000000e+08 -1.000000000000000000e+08 -1.000000000000000000e+08 -1.000000000000000000e+08 -1.000000000000000000e+08 -1.000000000000000000e+08 -1.000000000000000000e+08 -1.000000000000000000e+08 -4.000000000000000000e+08 -8.000000000000000000e+08 2.000000000000000000e+00
-1.000000000000000000e+08 -1.000000000000000000e+08 -1.000000000000000000e+08 -1.000000000000000000e+08 -1.000000000000000000e+08 -1.000000000000000000e+08 -1.000000000000000000e+08 -1.000000000000000000e+08 -4.000000000000000000e+08 -8.000000000000000000e+08 2.000000000000000000e+00
-1.000000000000000000e+08 -1.000000000000000000e+08 -1.000000000000000000e+08 -1.000000000000000000e+08 -1.000000000000000000e+08 -1.000000000000000000e+08 -1.000000000000000000e+08 -1.000000000000000000e+08 -4.000000000000000000e+08 -8.000000000000000000e+08 2.000000000000000000e+00
-1.000000000000000000e+08 -1.000000000000000000e+08 -1.000000000000000000e+08 -1.000000000000000000e+08 -1.000000000000000000e+08 -1.000000000000000000e+08 -1.000000000000000000e+08 -1.000000000000000000e+08 -4.000000000000000000e+08 -8.000000000000000000e+08 2.000000000000000000e+00
-1.000000000000000000e+08 -1.000000000000000000e+08 -1.000000000000000000e+08 -1.000000000000000000e+08 -1.000000000000000000e+08 -1.000000000000000000e+08 -1.000000000000000000e+08 -1.000000000000000000e+08 -4.000000000000000000e+08 -8.000000000000000000e+08 2.000000000000000000e+00
-1.000000000000000000e+08 -1.000000000000000000e+08 -1.000000000000000000e+08 -1.000000000000000000e+08 -1.000000000000000000e+08 -1.000000000000000000e+08 -1.000000000000000000e+08 -1.000000000000000000e+08 -4.000000000000000000e+08 -8.000000000000000000e+08 2.000000000000000000e+00
-1.000000000000000000e+08 -1.000000000000000000e+08 -1.000000000000000000e+08 -1.000000000000000000e+08 -1.000000000000000000e+08 -1.000000000000000000e+08 -1.000000000000000000e+08 -1.000000000000000000e+08 -4.000000000000000000e+08 -8.000000000000000000e+08 2.000000000000000000e+00
-1.000000000000000000e+08 -1.000000000000000000e+08 -1.000000000000000000e+08 -1.000000000000000000e+08 -1.000000000000000000e+08 -1.000000000000000000e+08 -1.000000000000000000e+08 -1.000000000000000000e+08 -4.000000000000000000e+08 -8.000000000000000000e+08 2.000000000000000000e+00
-1.000000000000000000e+08 -1.000000000000000000e+08 -1.000000000000000000e+08 -1.000000000000000000e+08 -1.000000000000000000e+08 -1.000000000000000000e+08 -1.000000000000000000e+08 -1.000000000000000000e+08 -4.000000000000000000e+08 -8.000000000000000000e+08 2.000000000000000000e+00
-1.000000000000000000e+08 -1.000000000000000000e+08 -1.000000000000000000e+08 -1.000000000000000000e+08 -1.000000000000000000e+08 -1.000000000000000000e+08 -1.000000000000000000e+08 -1.000000000000000000e+08 -4.000000000000000000e+08 -8.000000000000000000e+08 2.000000000000000000e+00
-1.000000000000000000e+08 -1.000000000000000000e+08 -1.000000000000000000e+08 -1.000000000000000000e+08 -1.000000000000000000e+08 -1.000000000000000000e+08 -1.000000000000000000e+08 -1.000000000000000000e+08 -4.000000000000000000e+08 -8.000000000000000000e+08 2.000000000000000000e+00
-1.000000000000000000e+08 -1.000000000000000000e+08 -1.000000000000000000e+08 -1.000000000000000000e+08 -1.000000000000000000e+08 -1.000000000000000000e+08 -1.000000000000000000e+08 -1.000000000000000000e+08 -4.000000000000000000e+08 -8.000000000000000000e+08 2.000000000000000000e+00
-1.000000000000000000e+08 -1.000000000000000000e+08 -1.000000000000000000e+08 -1.000000000000000000e+08 -1.000000000000000000e+08 -1.000000000000000000e+08 -1.000000000000000000e+08 -1.000000000000000000e+08 -4.000000000000000000e+08 -8.000000000000000000e+08 2.000000000000000000e+00
-1.000000000000000000e+08 -1.000000000000000000e+08 -1.000000000000000000e+08 -1.000000000000000000e+08 -1.000000000000000000e+08 -1.000000000000000000e+08 -1.000000000000000000e+08 -1.000000000000000000e+08 -4.000000000000000000e+08 -8.000000000000000000e+08 2.000000000000000000e+00
-1.000000000000000000e+08 -1.000000000000000000e+08 -1.000000000000000000e+08 -1.000000000000000000e+08 -1.000000000000000000e+08 -1.000000000000000000e+08 -1.000000000000000000e+08 -1.000000000000000000e+08 -4.000000000000000000e+08 -8.000000000000000000e+08 2.000000000000000000e+00
-1.000000000000000000e+08 -1.000000000000000000e+08 -1.000000000000000000e+08 -1.000000000000000000e+08 -1.000000000000000000e+08 -1.000000000000000000e+08 -1.000000000000000000e+08 -1.000000000000000000e+08 -4.000000000000000000e+08 -8.000000000000000000e+08 2.000000000000000000e+00
-1.000000000000000000e+08 -1.000000000000000000e+08 -1.000000000000000000e+08 -1.000000000000000000e+08 -1.000000000000000000e+08 -1.000000000000000000e+08 -1.000000000000000000e+08 -1.000000000000000000e+08 -4.000000000000000000e+08 -8.000000000000000000e+08 2.000000000000000000e+00
-1.000000000000000000e+08 -1.000000000000000000e+08 -1.000000000000000000e+08 -1.000000000000000000e+08 -1.000000000000000000e+08 -1.000000000000000000e+08 -1.000000000000000000e+08 -1.000000000000000000e+08 -4.000000000000000000e+08 -8.000000000000000000e+08 2.000000000000000000e+00
-1.000000000000000000e+08 -1.000000000000000000e+08 -1.000000000000000000e+08 -1.000000000000000000e+08 -1.000000000000000000e+08 -1.000000000000000000e+08 -1.000000000000000000e+08 -1.000000000000000000e+08 -4.000000000000000000e+08 -8.000000000000000000e+08 2.000000000000000000e+00
-1.000000000000000000e+08 -1.000000000000000000e+08 -1.000000000000000000e+08 -1.000000000000000000e+08 -1.000000000000000000e+08 -1.000000000000000000e+08 -1.000000000000000000e+08 -1.000000000000000000e+08 -4.000000000000000000e+08 -8.000000000000000000e+08 2.000000000000000000e+00
-1.000000000000000000e+08 -1.000000000000000000e+08 -1.000000000000000000e+08 -1.000000000000000000e+08 -1.000000000000000000e+08 -1.000000000000000000e+08 -1.000000000000000000e+08 -1.000000000000000000e+08 -4.000000000000000000e+08 -8.000000000000000000e+08 2.000000000000000000e+00
-1.000000000000000000e+08 -1.000000000000000000e+08 -1.000000000000000000e+08 -1.000000000000000000e+08 -1.000000000000000000e+08 -1.000000000000000000e+08 -1.000000000000000000e+08 -1.000000000000000000e+08 -4.000000000000000000e+08 -8.000000000000000000e+08 2.000000000000000000e+00
1.503111111111111029e+02 -1.000000000000000000e+08 -1.000000000000000000e+08 -1.000000000000000000e+08 -1.000000000000000000e+08 -1.000000000000000000e+08 -1.000000000000000000e+08 -1.000000000000000000e+08 -2.999998496888889074e+08 -6.999998496888889074e+08 2.333334001383050804e+00
1.418562499999999886e+02 1.503111111111111029e+02 -1.000000000000000000e+08 -1.000000000000000000e+08 -1.000000000000000000e+08 -1.000000000000000000e+08 -1.000000000000000000e+08 -1.000000000000000000e+08 -1.999997078326388896e+08 -5.999997078326388597e+08 3.000002921677879186e+00
1.292933333333333508e+02 1.418562499999999886e+02 1.503111111111111029e+02 -1.000000000000000000e+08 -1.000000000000000000e+08 -1.000000000000000000e+08 -1.000000000000000000e+08 -1.000000000000000000e+08 -9.999957853930555284e+07 -4.999995785393055677e+08 5.000016858498829819e+00
1.224327419354838753e+02 1.292933333333333508e+02 1.418562499999999886e+02 1.503111111111111029e+02 -1.000000000000000000e+08 -1.000000000000000000e+08 -1.000000000000000000e+08 -1.000000000000000000e+08 5.438934363799282892e+02 -3.999994561065636277e+08 -7.354371819025781006e+05
1.431176190476190300e+02 1.224327419354838753e+02 1.292933333333333508e+02 1.418562499999999886e+02 1.503111111111111029e+02 -1.000000000000000000e+08 -1.000000000000000000e+08 -1.000000000000000000e+08 5.366999443164362447e+02 -2.999993129889445901e+08 -5.589702703827115474e+05
1.412966666666667095e+02 1.431176190476190300e+02 1.224327419354838753e+02 1.292933333333333508e+02 1.418562499999999886e+02 1.503111111111111029e+02 -1.000000000000000000e+08 -1.000000000000000000e+08 5.361403609831029371e+02 -1.999991716922779083e+08 -3.730350972374958219e+05
1.155722222222222086e+02 1.412966666666667095e+02 1.431176190476190300e+02 1.224327419354838753e+02 1.292933333333333508e+02 1.418562499999999886e+02 1.503111111111111029e+02 -1.000000000000000000e+08 5.224192498719918376e+02 -9.999905612005567551e+07 -1.914153357567861385e+05
1.153352459016393396e+02 1.155722222222222086e+02 1.412966666666667095e+02 1.431176190476190300e+02 1.224327419354838753e+02 1.292933333333333508e+02 1.418562499999999886e+02 1.503111111111111029e+02 5.153217538381472878e+02 1.059215190218075577e+03 2.055444355548698088e+00
1.376714285714285779e+01 1.153352459016393396e+02 1.155722222222222086e+02 1.412966666666667095e+02 1.431176190476190300e+02 1.224327419354838753e+02 1.292933333333333508e+02 1.418562499999999886e+02 3.859712776476710587e+02 9.226712219641073034e+02 2.390517832278586940e+00
2.139888888888889085e+01 1.376714285714285779e+01 1.153352459016393396e+02 1.155722222222222086e+02 1.412966666666667095e+02 1.431176190476190300e+02 1.224327419354838753e+02 1.292933333333333508e+02 2.660734998698932827e+02 8.022138608529962767e+02 3.015008489177874118e+00
2.245703125000000000e+01 2.139888888888889085e+01 1.376714285714285779e+01 1.153352459016393396e+02 1.155722222222222086e+02 1.412966666666667095e+02 1.431176190476190300e+02 1.224327419354838753e+02 1.729583088976710883e+02 6.953775587696629827e+02 4.020492355652456773e+00
2.600786885245901559e+01 2.245703125000000000e+01 2.139888888888889085e+01 1.376714285714285779e+01 1.153352459016393396e+02 1.155722222222222086e+02 1.412966666666667095e+02 1.431176190476190300e+02 8.363093184849076067e+01 5.989526856866380058e+02 7.161855935931998651e+00
2.148718750000000099e+01 2.600786885245901559e+01 2.245703125000000000e+01 2.139888888888889085e+01 1.376714285714285779e+01 1.153352459016393396e+02 1.155722222222222086e+02 1.412966666666667095e+02 9.135097649134790743e+01 4.773222541390189804e+02 5.225146708576535737e+00
2.415874999999999773e+01 2.148718750000000099e+01 2.600786885245901559e+01 2.245703125000000000e+01 2.139888888888889085e+01 1.376714285714285779e+01 1.153352459016393396e+02 1.155722222222222086e+02 9.411083760245901431e+01 3.601843374723522970e+02 3.827235487944919523e+00
5.362062499999999687e+01 2.415874999999999773e+01 2.148718750000000099e+01 2.600786885245901559e+01 2.245703125000000000e+01 2.139888888888889085e+01 1.376714285714285779e+01 1.153352459016393396e+02 1.252744313524590041e+02 2.982327402501300639e+02 2.380635354161406703e+00
4.510999999999999943e+01 5.362062499999999687e+01 2.415874999999999773e+01 2.148718750000000099e+01 2.600786885245901559e+01 2.245703125000000000e+01 2.139888888888889085e+01 1.376714285714285779e+01 1.443765625000000057e+02 2.280074943484907521e+02 1.579255596617288537e+00
3.371857142857142264e+01 4.510999999999999943e+01 5.362062499999999687e+01 2.415874999999999773e+01 2.148718750000000099e+01 2.600786885245901559e+01 2.245703125000000000e+01 2.139888888888889085e+01 1.566079464285714096e+02 2.479589229199193028e+02 1.583309969733961653e+00
2.681843749999999815e+01 3.371857142857142264e+01 4.510999999999999943e+01 5.362062499999999687e+01 2.415874999999999773e+01 2.148718750000000099e+01 2.600786885245901559e+01 2.245703125000000000e+01 1.592676339285714278e+02 2.533784715310304421e+02 1.590897442757678970e+00
2.380046875000000028e+01 2.681843749999999815e+01 3.371857142857142264e+01 4.510999999999999943e+01 5.362062499999999687e+01 2.415874999999999773e+01 2.148718750000000099e+01 2.600786885245901559e+01 1.294474776785714312e+02 2.547219090310304352e+02 1.967762629284485199e+00
2.106721311475410019e+01 2.380046875000000028e+01 2.681843749999999815e+01 3.371857142857142264e+01 4.510999999999999943e+01 5.362062499999999687e+01 2.415874999999999773e+01 2.148718750000000099e+01 1.054046907933255284e+02 2.497812532933255341e+02 2.369735648511975601e+00
2.605936507936508661e+01 2.106721311475410019e+01 2.380046875000000028e+01 2.681843749999999815e+01 3.371857142857142264e+01 4.510999999999999943e+01 5.362062499999999687e+01 2.415874999999999773e+01 9.774548444411918524e+01 2.543534308726905806e+02 2.602201342795571470e+00
2.586062499999999886e+01 2.605936507936508661e+01 2.106721311475410019e+01 2.380046875000000028e+01 2.681843749999999815e+01 3.371857142857142264e+01 4.510999999999999943e+01 5.362062499999999687e+01 9.678767194411918240e+01 2.560553058726906102e+02 2.645536365628520681e+00
2.032546874999999886e+01 2.586062499999999886e+01 2.605936507936508661e+01 2.106721311475410019e+01 2.380046875000000028e+01 2.681843749999999815e+01 3.371857142857142264e+01 4.510999999999999943e+01 9.331267194411917387e+01 2.227601496226906193e+02 2.387244357937706507e+00
1.928596774193548313e+01 2.032546874999999886e+01 2.586062499999999886e+01 2.605936507936508661e+01 2.106721311475410019e+01 2.380046875000000028e+01 2.681843749999999815e+01 3.371857142857142264e+01 9.153142657130055682e+01 1.969361173646260852e+02 2.151568316388230429e+00
1.819460317460317356e+01 1.928596774193548313e+01 2.032546874999999886e+01 2.586062499999999886e+01 2.605936507936508661e+01 2.106721311475410019e+01 2.380046875000000028e+01 2.681843749999999815e+01 8.366666466653865086e+01 1.814121491106578219e+02 2.168272750368297697e+00
2.924609375000000000e+01 1.819460317460317356e+01 1.928596774193548313e+01 2.032546874999999886e+01 2.586062499999999886e+01 2.605936507936508661e+01 2.106721311475410019e+01 2.380046875000000028e+01 8.705213341653865200e+01 1.838398053606578344e+02 2.111835725851733514e+00
3.082777777777777928e+01 2.924609375000000000e+01 1.819460317460317356e+01 1.928596774193548313e+01 2.032546874999999886e+01 2.586062499999999886e+01 2.605936507936508661e+01 2.106721311475410019e+01 9.755444244431643597e+01 1.908671143884355956e+02 1.956518940666198247e+00
2.011629032258064598e+01 3.082777777777777928e+01 2.924609375000000000e+01 1.819460317460317356e+01 1.928596774193548313e+01 2.032546874999999886e+01 2.586062499999999886e+01 2.605936507936508661e+01 9.838476502496159526e+01 1.899161915962621379e+02 1.930341466466660050e+00
2.134365079365079154e+01 2.011629032258064598e+01 3.082777777777777928e+01 2.924609375000000000e+01 1.819460317460317356e+01 1.928596774193548313e+01 2.032546874999999886e+01 2.586062499999999886e+01 1.015338126440092168e+02 1.852004773105478534e+02 1.824027607038503307e+00
1.742317460317460487e+01 2.134365079365079154e+01 2.011629032258064598e+01 3.082777777777777928e+01 2.924609375000000000e+01 1.819460317460317356e+01 1.928596774193548313e+01 2.032546874999999886e+01 8.971089349718381811e+01 1.767630269137224559e+02 1.970363018614582851e+00
1.696903225806451587e+01 1.742317460317460487e+01 2.134365079365079154e+01 2.011629032258064598e+01 3.082777777777777928e+01 2.924609375000000000e+01 1.819460317460317356e+01 1.928596774193548313e+01 7.585214797747056537e+01 1.734065904217870013e+02 2.286113116708202497e+00
1.445983333333333398e+01 1.696903225806451587e+01 1.742317460317460487e+01 2.134365079365079154e+01 2.011629032258064598e+01 3.082777777777777928e+01 2.924609375000000000e+01 1.819460317460317356e+01 7.019569098822324804e+01 1.685804560131848575e+02 2.401578410866667568e+00
1.539218750000000213e+01 1.445983333333333398e+01 1.696903225806451587e+01 1.742317460317460487e+01 2.134365079365079154e+01 2.011629032258064598e+01 3.082777777777777928e+01 2.924609375000000000e+01 6.424422769457245863e+01 1.657780403385816612e+02 2.580434792160900770e+00
1.503500000000000014e+01 1.539218750000000213e+01 1.445983333333333398e+01 1.696903225806451587e+01 1.742317460317460487e+01 2.134365079365079154e+01 2.011629032258064598e+01 3.082777777777777928e+01 6.185605309139785390e+01 1.515669465885816862e+02 2.450317131690054051e+00
1.472437500000000021e+01 1.503500000000000014e+01 1.539218750000000213e+01 1.445983333333333398e+01 1.696903225806451587e+01 1.742317460317460487e+01 2.134365079365079154e+01 2.011629032258064598e+01 5.961139583333333292e+01 1.354635438108039125e+02 2.272443748667528851e+00
1.524901639344262172e+01 1.472437500000000021e+01 1.503500000000000014e+01 1.539218750000000213e+01 1.445983333333333398e+01 1.696903225806451587e+01 1.742317460317460487e+01 2.134365079365079154e+01 6.040057889344262776e+01 1.305962698816658758e+02 2.162169175763380302e+00
1.389333333333333265e+01 1.524901639344262172e+01 1.472437500000000021e+01 1.503500000000000014e+01 1.539218750000000213e+01 1.445983333333333398e+01 1.696903225806451587e+01 1.742317460317460487e+01 5.890172472677595294e+01 1.231459524213484116e+02 2.090701978466309008e+00
1.371562499999999929e+01 1.389333333333333265e+01 1.524901639344262172e+01 1.472437500000000021e+01 1.503500000000000014e+01 1.539218750000000213e+01 1.445983333333333398e+01 1.696903225806451587e+01 5.758234972677595920e+01 1.194384028181738131e+02 2.074218981769592851e+00
1.648406250000000028e+01 1.371562499999999929e+01 1.389333333333333265e+01 1.524901639344262172e+01 1.472437500000000021e+01 1.503500000000000014e+01 1.539218750000000213e+01 1.445983333333333398e+01 5.934203722677595749e+01 1.189534330601092904e+02 2.004539085935456377e+00
1.765426229508196343e+01 1.648406250000000028e+01 1.371562499999999929e+01 1.389333333333333265e+01 1.524901639344262172e+01 1.472437500000000021e+01 1.503500000000000014e+01 1.539218750000000213e+01 6.174728312841529032e+01 1.221478620218579181e+02 1.978190064943069038e+00
1.479206349206349103e+01 1.765426229508196343e+01 1.648406250000000028e+01 1.371562499999999929e+01 1.389333333333333265e+01 1.524901639344262172e+01 1.472437500000000021e+01 1.503500000000000014e+01 6.264601328714545048e+01 1.215477380139214034e+02 1.940231016087055504e+00
1.865703125000000284e+01 1.479206349206349103e+01 1.765426229508196343e+01 1.648406250000000028e+01 1.371562499999999929e+01 1.389333333333333265e+01 1.524901639344262172e+01 1.472437500000000021e+01 6.758741953714545048e+01 1.251697692639214097e+02 1.851968459827486146e+00
1.789062500000000000e+01 1.865703125000000284e+01 1.479206349206349103e+01 1.765426229508196343e+01 1.648406250000000028e+01 1.371562499999999929e+01 1.389333333333333265e+01 1.524901639344262172e+01 6.899398203714545730e+01 1.283360192639214006e+02 1.860104540636993153e+00
2.137508196721311649e+01 1.789062500000000000e+01 1.865703125000000284e+01 1.479206349206349103e+01 1.765426229508196343e+01 1.648406250000000028e+01 1.371562499999999929e+01 1.389333333333333265e+01 7.271480170927661391e+01 1.344620848376919184e+02 1.849170755842656444e+00
1.671843750000000028e+01 2.137508196721311649e+01 1.789062500000000000e+01 1.865703125000000284e+01 1.479206349206349103e+01 1.765426229508196343e+01 1.648406250000000028e+01 1.371562499999999929e+01 7.464117571721311606e+01 1.372871890043585665e+02 1.839295639239221680e+00
1.472921875000000114e+01 1.671843750000000028e+01 2.137508196721311649e+01 1.789062500000000000e+01 1.865703125000000284e+01 1.479206349206349103e+01 1.765426229508196343e+01 1.648406250000000028e+01 7.071336321721311435e+01 1.383007827543585790e+02 1.955794159153969813e+00
1.502571428571428314e+01 1.472921875000000114e+01 1.671843750000000028e+01 2.137508196721311649e+01 1.789062500000000000e+01 1.865703125000000284e+01 1.479206349206349103e+01 1.765426229508196343e+01 6.784845250292740104e+01 1.368424345400728726e+02 2.016883650134373429e+00
1.285580645161290470e+01 1.502571428571428314e+01 1.472921875000000114e+01 1.671843750000000028e+01 2.137508196721311649e+01 1.789062500000000000e+01 1.865703125000000284e+01 1.479206349206349103e+01 5.932917698732718748e+01 1.320439786966038014e+02 2.225616221253307270e+00
1.251412698412698354e+01 1.285580645161290470e+01 1.502571428571428314e+01 1.472921875000000114e+01 1.671843750000000028e+01 2.137508196721311649e+01 1.789062500000000000e+01 1.865703125000000284e+01 5.512486647145416896e+01 1.297660421886672850e+02 2.354038213514136224e+00
1.222666666666666835e+01 1.251412698412698354e+01 1.285580645161290470e+01 1.502571428571428314e+01 1.472921875000000114e+01 1.671843750000000028e+01 2.137508196721311649e+01 1.789062500000000000e+01 5.262231438812084150e+01 1.233356776053339559e+02 2.343790444024564046e+00
