8.020000000000000284e+01 8.039999999999999147e+01 7.956666666666666288e+01 7.936666666666667425e+01 8.120000000000000284e+01 8.286666666666666003e+01 8.296666666666666856e+01 8.286666666666667425e+01 3.195333333333333030e+02 6.494333333333332803e+02 2.032443146254955035e+00
7.966666666666667140e+01 8.020000000000000284e+01 8.039999999999999147e+01 7.956666666666666288e+01 7.936666666666667425e+01 8.120000000000000284e+01 8.286666666666666003e+01 8.296666666666666856e+01 3.198333333333333144e+02 6.462333333333333485e+02 2.020531526836894187e+00
8.060000000000000853e+01 7.966666666666667140e+01 8.020000000000000284e+01 8.039999999999999147e+01 7.956666666666666288e+01 7.936666666666667425e+01 8.120000000000000284e+01 8.286666666666666003e+01 3.208666666666666742e+02 6.438666666666666742e+02 2.006648659879493035e+00
8.066666666666667140e+01 8.060000000000000853e+01 7.966666666666667140e+01 8.020000000000000284e+01 8.039999999999999147e+01 7.956666666666666288e+01 7.936666666666667425e+01 8.120000000000000284e+01 3.211333333333333258e+02 6.416666666666666288e+02 1.998131617189121689e+00
8.103333333333333144e+01 8.066666666666667140e+01 8.060000000000000853e+01 7.966666666666667140e+01 8.020000000000000284e+01 8.039999999999999147e+01 7.956666666666666288e+01 7.936666666666667425e+01 3.219666666666666970e+02 6.415000000000000000e+02 1.992442281809710947e+00
8.136666666666667425e+01 8.103333333333333144e+01 8.066666666666667140e+01 8.060000000000000853e+01 7.966666666666667140e+01 8.020000000000000284e+01 8.039999999999999147e+01 7.956666666666666288e+01 3.236666666666666856e+02 6.435000000000000000e+02 1.988156539649845511e+00
8.120000000000000284e+01 8.136666666666667425e+01 8.103333333333333144e+01 8.066666666666667140e+01 8.060000000000000853e+01 7.966666666666667140e+01 8.020000000000000284e+01 8.039999999999999147e+01 3.242666666666666515e+02 6.451333333333333258e+02 1.989514802631578982e+00
8.116666666666667140e+01 8.120000000000000284e+01 8.136666666666667425e+01 8.103333333333333144e+01 8.066666666666667140e+01 8.060000000000000853e+01 7.966666666666667140e+01 8.020000000000000284e+01 3.247666666666666515e+02 6.458999999999999773e+02 1.988812480755414169e+00
8.203333333333334565e+01 8.116666666666667140e+01 8.120000000000000284e+01 8.136666666666667425e+01 8.103333333333333144e+01 8.066666666666667140e+01 8.060000000000000853e+01 7.966666666666667140e+01 3.257666666666667084e+02 6.477333333333333485e+02 1.988335209249974200e+00
8.250000000000001421e+01 8.203333333333334565e+01 8.116666666666667140e+01 8.120000000000000284e+01 8.136666666666667425e+01 8.103333333333333144e+01 8.066666666666667140e+01 8.060000000000000853e+01 3.269000000000000341e+02 6.505666666666667197e+02 1.990109105740797357e+00
8.333333333333332860e+01 8.250000000000001421e+01 8.203333333333334565e+01 8.116666666666667140e+01 8.120000000000000284e+01 8.136666666666667425e+01 8.103333333333333144e+01 8.066666666666667140e+01 3.290333333333333599e+02 6.532999999999999545e+02 1.985513119238172086e+00
8.360000000000000853e+01 8.333333333333332860e+01 8.250000000000001421e+01 8.203333333333334565e+01 8.116666666666667140e+01 8.120000000000000284e+01 8.136666666666667425e+01 8.103333333333333144e+01 3.314666666666666970e+02 6.562333333333333485e+02 1.979786806114239628e+00
8.453333333333334565e+01 8.360000000000000853e+01 8.333333333333332860e+01 8.250000000000001421e+01 8.203333333333334565e+01 8.116666666666667140e+01 8.120000000000000284e+01 8.136666666666667425e+01 3.339666666666666970e+02 6.597333333333333485e+02 1.975446651362411377e+00
8.456666666666666288e+01 8.453333333333334565e+01 8.360000000000000853e+01 8.333333333333332860e+01 8.250000000000001421e+01 8.203333333333334565e+01 8.116666666666667140e+01 8.120000000000000284e+01 3.360333333333333599e+02 6.629333333333333940e+02 1.972820156730483054e+00
8.393333333333333712e+01 8.456666666666666288e+01 8.453333333333334565e+01 8.360000000000000853e+01 8.333333333333332860e+01 8.250000000000001421e+01 8.203333333333334565e+01 8.116666666666667140e+01 3.366333333333333826e+02 6.656666666666667425e+02 1.977423507277948245e+00
8.376666666666666572e+01 8.393333333333333712e+01 8.456666666666666288e+01 8.453333333333334565e+01 8.360000000000000853e+01 8.333333333333332860e+01 8.250000000000001421e+01 8.203333333333334565e+01 3.368000000000000114e+02 6.682666666666666515e+02 1.984164687252573112e+00
8.346666666666666856e+01 8.376666666666666572e+01 8.393333333333333712e+01 8.456666666666666288e+01 8.453333333333334565e+01 8.360000000000000853e+01 8.333333333333332860e+01 8.250000000000001421e+01 3.357333333333333485e+02 6.697000000000000455e+02 1.994737887212073124e+00
8.293333333333333712e+01 8.346666666666666856e+01 8.376666666666666572e+01 8.393333333333333712e+01 8.456666666666666288e+01 8.453333333333334565e+01 8.360000000000000853e+01 8.333333333333332860e+01 3.341000000000000227e+02 6.701333333333334394e+02 2.005786690611593315e+00
8.353333333333334565e+01 8.293333333333333712e+01 8.346666666666666856e+01 8.376666666666666572e+01 8.393333333333333712e+01 8.456666666666666288e+01 8.453333333333334565e+01 8.360000000000000853e+01 3.337000000000000455e+02 6.703333333333334849e+02 2.008790330636300414e+00
8.343333333333332291e+01 8.353333333333334565e+01 8.293333333333333712e+01 8.346666666666666856e+01 8.376666666666666572e+01 8.393333333333333712e+01 8.456666666666666288e+01 8.453333333333334565e+01 3.333666666666666742e+02 6.701666666666667425e+02 2.010298970102990079e+00
8.339999999999999147e+01 8.343333333333332291e+01 8.353333333333334565e+01 8.293333333333333712e+01 8.346666666666666856e+01 8.376666666666666572e+01 8.393333333333333712e+01 8.456666666666666288e+01 3.333000000000000114e+02 6.690333333333333030e+02 2.007300730073007244e+00
8.373333333333333428e+01 8.339999999999999147e+01 8.343333333333332291e+01 8.353333333333334565e+01 8.293333333333333712e+01 8.346666666666666856e+01 8.376666666666666572e+01 8.393333333333333712e+01 3.341000000000000227e+02 6.682000000000000455e+02 2.000000000000000000e+00
8.363333333333333997e+01 8.373333333333333428e+01 8.339999999999999147e+01 8.343333333333332291e+01 8.353333333333334565e+01 8.293333333333333712e+01 8.346666666666666856e+01 8.376666666666666572e+01 3.341999999999999886e+02 6.679000000000000909e+02 1.998503889886295903e+00
8.413333333333333997e+01 8.363333333333333997e+01 8.373333333333333428e+01 8.339999999999999147e+01 8.343333333333332291e+01 8.353333333333334565e+01 8.293333333333333712e+01 8.346666666666666856e+01 3.348999999999999773e+02 6.682666666666666515e+02 1.995421518861351773e+00
8.463333333333332575e+01 8.413333333333333997e+01 8.363333333333333997e+01 8.373333333333333428e+01 8.339999999999999147e+01 8.343333333333332291e+01 8.353333333333334565e+01 8.293333333333333712e+01 3.361333333333333258e+02 6.694333333333333940e+02 1.991570805236017705e+00
8.393333333333333712e+01 8.463333333333332575e+01 8.413333333333333997e+01 8.363333333333333997e+01 8.373333333333333428e+01 8.339999999999999147e+01 8.343333333333332291e+01 8.353333333333334565e+01 3.363333333333333144e+02 6.704333333333333940e+02 1.993359762140733737e+00
8.286666666666667425e+01 8.393333333333333712e+01 8.463333333333332575e+01 8.413333333333333997e+01 8.363333333333333997e+01 8.373333333333333428e+01 8.339999999999999147e+01 8.343333333333332291e+01 3.355666666666666629e+02 6.697666666666666515e+02 1.995927287175921272e+00
8.206666666666667709e+01 8.286666666666667425e+01 8.393333333333333712e+01 8.463333333333332575e+01 8.413333333333333997e+01 8.363333333333333997e+01 8.373333333333333428e+01 8.339999999999999147e+01 3.335000000000000000e+02 6.683999999999999773e+02 2.004197901049475039e+00
8.200000000000000000e+01 8.206666666666667709e+01 8.286666666666667425e+01 8.393333333333333712e+01 8.463333333333332575e+01 8.413333333333333997e+01 8.363333333333333997e+01 8.373333333333333428e+01 3.308666666666666742e+02 6.670000000000000000e+02 2.015917791658271341e+00
8.179999999999999716e+01 8.200000000000000000e+01 8.206666666666667709e+01 8.286666666666667425e+01 8.393333333333333712e+01 8.463333333333332575e+01 8.413333333333333997e+01 8.363333333333333997e+01 3.287333333333333485e+02 6.650666666666666060e+02 2.023119042790508804e+00
8.159999999999999432e+01 8.179999999999999716e+01 8.200000000000000000e+01 8.206666666666667709e+01 8.286666666666667425e+01 8.393333333333333712e+01 8.463333333333332575e+01 8.413333333333333997e+01 3.274666666666666401e+02 6.630333333333333030e+02 2.024735342019543971e+00
8.143333333333333712e+01 8.159999999999999432e+01 8.179999999999999716e+01 8.200000000000000000e+01 8.206666666666667709e+01 8.286666666666667425e+01 8.393333333333333712e+01 8.463333333333332575e+01 3.268333333333333144e+02 6.603333333333332575e+02 2.020397756246812726e+00
8.196666666666665435e+01 8.143333333333333712e+01 8.159999999999999432e+01 8.179999999999999716e+01 8.200000000000000000e+01 8.206666666666667709e+01 8.286666666666667425e+01 8.393333333333333712e+01 3.267999999999999545e+02 6.576666666666666288e+02 2.012443900448796619e+00
8.196666666666666856e+01 8.196666666666665435e+01 8.143333333333333712e+01 8.159999999999999432e+01 8.179999999999999716e+01 8.200000000000000000e+01 8.206666666666667709e+01 8.286666666666667425e+01 3.269666666666666970e+02 6.557000000000000455e+02 2.005403201141808367e+00
8.216666666666667140e+01 8.196666666666666856e+01 8.196666666666665435e+01 8.143333333333333712e+01 8.159999999999999432e+01 8.179999999999999716e+01 8.200000000000000000e+01 8.206666666666667709e+01 3.275333333333333030e+02 6.550000000000000000e+02 1.999796458375737940e+00
8.126666666666666572e+01 8.216666666666667140e+01 8.196666666666666856e+01 8.196666666666665435e+01 8.143333333333333712e+01 8.159999999999999432e+01 8.179999999999999716e+01 8.200000000000000000e+01 3.273666666666666742e+02 6.542000000000000455e+02 1.998370838000203653e+00
8.029999999999999716e+01 8.126666666666666572e+01 8.216666666666667140e+01 8.196666666666666856e+01 8.196666666666665435e+01 8.143333333333333712e+01 8.159999999999999432e+01 8.179999999999999716e+01 3.257000000000000455e+02 6.525000000000000000e+02 2.003377341111451937e+00
7.850000000000000000e+01 8.029999999999999716e+01 8.126666666666666572e+01 8.216666666666667140e+01 8.196666666666666856e+01 8.196666666666665435e+01 8.143333333333333712e+01 8.159999999999999432e+01 3.222333333333333485e+02 6.492000000000000455e+02 2.014689148650046668e+00
7.686666666666666003e+01 7.850000000000000000e+01 8.029999999999999716e+01 8.126666666666666572e+01 8.216666666666667140e+01 8.196666666666666856e+01 8.196666666666665435e+01 8.143333333333333712e+01 3.169333333333333371e+02 6.444666666666666970e+02 2.033445519562473880e+00
7.516666666666667140e+01 7.686666666666666003e+01 7.850000000000000000e+01 8.029999999999999716e+01 8.126666666666666572e+01 8.216666666666667140e+01 8.196666666666666856e+01 8.196666666666665435e+01 3.108333333333333144e+02 6.382000000000000455e+02 2.053190348525469222e+00
7.393333333333333712e+01 7.516666666666667140e+01 7.686666666666666003e+01 7.850000000000000000e+01 8.029999999999999716e+01 8.126666666666666572e+01 8.216666666666667140e+01 8.196666666666666856e+01 3.044666666666666970e+02 6.301666666666667425e+02 2.069739435077731393e+00
7.410000000000000853e+01 7.393333333333333712e+01 7.516666666666667140e+01 7.686666666666666003e+01 7.850000000000000000e+01 8.029999999999999716e+01 8.126666666666666572e+01 8.216666666666667140e+01 3.000666666666667197e+02 6.223000000000000682e+02 2.073872472783825582e+00
7.503333333333333144e+01 7.410000000000000853e+01 7.393333333333333712e+01 7.516666666666667140e+01 7.686666666666666003e+01 7.850000000000000000e+01 8.029999999999999716e+01 8.126666666666666572e+01 2.982333333333333485e+02 6.151666666666667425e+02 2.062702581871018293e+00
7.543333333333333712e+01 7.503333333333333144e+01 7.410000000000000853e+01 7.393333333333333712e+01 7.516666666666667140e+01 7.686666666666666003e+01 7.850000000000000000e+01 8.029999999999999716e+01 2.985000000000000000e+02 6.093333333333332575e+02 2.041317699609156655e+00
7.539999999999999147e+01 7.543333333333333712e+01 7.503333333333333144e+01 7.410000000000000853e+01 7.393333333333333712e+01 7.516666666666667140e+01 7.686666666666666003e+01 7.850000000000000000e+01 2.999666666666666401e+02 6.044333333333333940e+02 2.015001666851872653e+00
7.590000000000000568e+01 7.539999999999999147e+01 7.543333333333333712e+01 7.503333333333333144e+01 7.410000000000000853e+01 7.393333333333333712e+01 7.516666666666667140e+01 7.686666666666666003e+01 3.017666666666666515e+02 6.018333333333333712e+02 1.994366508339777022e+00
7.539999999999999147e+01 7.590000000000000568e+01 7.539999999999999147e+01 7.543333333333333712e+01 7.503333333333333144e+01 7.410000000000000853e+01 7.393333333333333712e+01 7.516666666666667140e+01 3.021333333333333258e+02 6.003666666666666742e+02 1.987091791703442301e+00
7.589999999999999147e+01 7.539999999999999147e+01 7.590000000000000568e+01 7.539999999999999147e+01 7.543333333333333712e+01 7.503333333333333144e+01 7.410000000000000853e+01 7.393333333333333712e+01 3.025999999999999659e+02 6.010999999999999091e+02 1.986450760079312650e+00
7.670000000000000284e+01 7.589999999999999147e+01 7.539999999999999147e+01 7.590000000000000568e+01 7.539999999999999147e+01 7.543333333333333712e+01 7.503333333333333144e+01 7.410000000000000853e+01 3.038999999999999773e+02 6.038666666666665606e+02 1.987057145991005580e+00
7.726666666666666572e+01 7.670000000000000284e+01 7.589999999999999147e+01 7.539999999999999147e+01 7.590000000000000568e+01 7.539999999999999147e+01 7.543333333333333712e+01 7.503333333333333144e+01 3.052666666666666515e+02 6.070333333333333030e+02 1.988534614544660295e+00
7.773333333333333428e+01 7.726666666666666572e+01 7.670000000000000284e+01 7.589999999999999147e+01 7.539999999999999147e+01 7.590000000000000568e+01 7.539999999999999147e+01 7.543333333333333712e+01 3.075999999999999659e+02 6.097333333333333485e+02 1.982228001733853828e+00
7.816666666666667140e+01 7.773333333333333428e+01 7.726666666666666572e+01 7.670000000000000284e+01 7.589999999999999147e+01 7.539999999999999147e+01 7.590000000000000568e+01 7.539999999999999147e+01 3.098666666666666742e+02 6.124666666666666970e+02 1.976549053356282393e+00
7.923333333333333428e+01 7.816666666666667140e+01 7.773333333333333428e+01 7.726666666666666572e+01 7.670000000000000284e+01 7.589999999999999147e+01 7.539999999999999147e+01 7.590000000000000568e+01 3.123999999999999773e+02 6.162999999999999545e+02 1.972791293213828512e+00
8.016666666666667140e+01 7.923333333333333428e+01 7.816666666666667140e+01 7.773333333333333428e+01 7.726666666666666572e+01 7.670000000000000284e+01 7.589999999999999147e+01 7.539999999999999147e+01 3.153000000000000114e+02 6.205666666666666060e+02 1.968178454382069731e+00
8.026666666666666572e+01 8.016666666666667140e+01 7.923333333333333428e+01 7.816666666666667140e+01 7.773333333333333428e+01 7.726666666666666572e+01 7.670000000000000284e+01 7.589999999999999147e+01 3.178333333333333712e+02 6.254333333333333940e+02 1.967802831672784469e+00
7.956666666666666288e+01 8.026666666666666572e+01 8.016666666666667140e+01 7.923333333333333428e+01 7.816666666666667140e+01 7.773333333333333428e+01 7.726666666666666572e+01 7.670000000000000284e+01 3.192333333333333485e+02 6.291000000000000227e+02 1.970658870209877733e+00
8.000000000000000000e+01 7.956666666666666288e+01 8.026666666666666572e+01 8.016666666666667140e+01 7.923333333333333428e+01 7.816666666666667140e+01 7.773333333333333428e+01 7.726666666666666572e+01 3.200000000000000000e+02 6.323999999999999773e+02 1.976249999999999840e+00
8.043333333333333712e+01 8.000000000000000000e+01 7.956666666666666288e+01 8.026666666666666572e+01 8.016666666666667140e+01 7.923333333333333428e+01 7.816666666666667140e+01 7.773333333333333428e+01 3.202666666666666515e+02 6.355666666666666060e+02 1.984492089925062430e+00
8.056666666666667709e+01 8.043333333333333712e+01 8.000000000000000000e+01 7.956666666666666288e+01 8.026666666666666572e+01 8.016666666666667140e+01 7.923333333333333428e+01 7.816666666666667140e+01 3.205666666666666629e+02 6.384000000000000909e+02 1.991473432463346516e+00
8.043333333333333712e+01 8.056666666666667709e+01 8.043333333333333712e+01 8.000000000000000000e+01 7.956666666666666288e+01 8.026666666666666572e+01 8.016666666666667140e+01 7.923333333333333428e+01 3.214333333333333371e+02 6.406666666666667425e+02 1.993155656953230492e+00
8.013333333333332575e+01 8.043333333333333712e+01 8.056666666666667709e+01 8.043333333333333712e+01 8.000000000000000000e+01 7.956666666666666288e+01 8.026666666666666572e+01 8.016666666666667140e+01 3.215666666666666629e+02 6.415666666666666060e+02 1.995128019073286962e+00
8.033333333333332860e+01 8.013333333333332575e+01 8.043333333333333712e+01 8.056666666666667709e+01 8.043333333333333712e+01 8.000000000000000000e+01 7.956666666666666288e+01 8.026666666666666572e+01 3.214666666666666401e+02 6.417333333333333485e+02 1.996267109083368130e+00
8.083333333333332860e+01 8.033333333333332860e+01 8.013333333333332575e+01 8.043333333333333712e+01 8.056666666666667709e+01 8.043333333333333712e+01 8.000000000000000000e+01 7.956666666666666288e+01 3.217333333333333485e+02 6.422999999999999545e+02 1.996373808537090566e+00
8.073333333333333428e+01 8.083333333333332860e+01 8.033333333333332860e+01 8.013333333333332575e+01 8.043333333333333712e+01 8.056666666666667709e+01 8.043333333333333712e+01 8.000000000000000000e+01 3.220333333333333030e+02 6.434666666666666970e+02 1.998136838836559681e+00
8.079999999999999716e+01 8.073333333333333428e+01 8.083333333333332860e+01 8.033333333333332860e+01 8.013333333333332575e+01 8.043333333333333712e+01 8.056666666666667709e+01 8.043333333333333712e+01 3.226999999999999886e+02 6.442666666666666515e+02 1.996487966119202540e+00
8.059999999999999432e+01 8.079999999999999716e+01 8.073333333333333428e+01 8.083333333333332860e+01 8.033333333333332860e+01 8.013333333333332575e+01 8.043333333333333712e+01 8.056666666666667709e+01 3.229666666666666401e+02 6.444333333333332803e+02 1.995355557849107342e+00
7.960000000000000853e+01 8.059999999999999432e+01 8.079999999999999716e+01 8.073333333333333428e+01 8.083333333333332860e+01 8.033333333333332860e+01 8.013333333333332575e+01 8.043333333333333712e+01 3.217333333333333485e+02 6.434666666666666970e+02 2.000000000000000000e+00
7.706666666666667709e+01 7.960000000000000853e+01 8.059999999999999432e+01 8.079999999999999716e+01 8.073333333333333428e+01 8.083333333333332860e+01 8.033333333333332860e+01 8.013333333333332575e+01 3.180666666666666629e+02 6.400999999999999091e+02 2.012471180046111474e+00
7.363333333333332575e+01 7.706666666666667709e+01 7.960000000000000853e+01 8.059999999999999432e+01 8.079999999999999716e+01 8.073333333333333428e+01 8.083333333333332860e+01 8.033333333333332860e+01 3.108999999999999773e+02 6.335999999999999091e+02 2.037954326149887141e+00
6.929999999999999716e+01 7.363333333333332575e+01 7.706666666666667709e+01 7.960000000000000853e+01 8.059999999999999432e+01 8.079999999999999716e+01 8.073333333333333428e+01 8.083333333333332860e+01 2.996000000000000227e+02 6.225666666666666060e+02 2.077992879394748194e+00
6.713333333333332575e+01 6.929999999999999716e+01 7.363333333333332575e+01 7.706666666666667709e+01 7.960000000000000853e+01 8.059999999999999432e+01 8.079999999999999716e+01 8.073333333333333428e+01 2.871333333333333258e+02 6.088666666666666742e+02 2.120501509171116794e+00
6.813333333333333997e+01 6.713333333333332575e+01 6.929999999999999716e+01 7.363333333333332575e+01 7.706666666666667709e+01 7.960000000000000853e+01 8.059999999999999432e+01 8.079999999999999716e+01 2.781999999999999886e+02 5.962666666666666515e+02 2.143302180685358493e+00
6.946666666666665435e+01 6.813333333333333997e+01 6.713333333333332575e+01 6.929999999999999716e+01 7.363333333333332575e+01 7.706666666666667709e+01 7.960000000000000853e+01 8.059999999999999432e+01 2.740333333333333030e+02 5.849333333333332803e+02 2.134533511738231581e+00
7.126666666666666572e+01 6.946666666666665435e+01 6.813333333333333997e+01 6.713333333333332575e+01 6.929999999999999716e+01 7.363333333333332575e+01 7.706666666666667709e+01 7.960000000000000853e+01 2.760000000000000000e+02 5.756000000000000227e+02 2.085507246376811619e+00
7.320000000000000284e+01 7.126666666666666572e+01 6.946666666666665435e+01 6.813333333333333997e+01 6.713333333333332575e+01 6.929999999999999716e+01 7.363333333333332575e+01 7.706666666666667709e+01 2.820666666666666629e+02 5.692000000000000455e+02 2.017962656582368286e+00
7.466666666666667140e+01 7.320000000000000284e+01 7.126666666666666572e+01 6.946666666666665435e+01 6.813333333333333997e+01 6.713333333333332575e+01 6.929999999999999716e+01 7.363333333333332575e+01 2.885999999999999659e+02 5.667999999999999545e+02 1.963963963963964110e+00
7.520000000000000284e+01 7.466666666666667140e+01 7.320000000000000284e+01 7.126666666666666572e+01 6.946666666666665435e+01 6.813333333333333997e+01 6.713333333333332575e+01 6.929999999999999716e+01 2.943333333333333144e+02 5.683666666666665606e+02 1.931030577576443807e+00
7.573333333333333428e+01 7.520000000000000284e+01 7.466666666666667140e+01 7.320000000000000284e+01 7.126666666666666572e+01 6.946666666666665435e+01 6.813333333333333997e+01 6.713333333333332575e+01 2.988000000000000114e+02 5.747999999999999545e+02 1.923694779116465581e+00
7.593333333333332291e+01 7.573333333333333428e+01 7.520000000000000284e+01 7.466666666666667140e+01 7.320000000000000284e+01 7.126666666666666572e+01 6.946666666666665435e+01 6.813333333333333997e+01 3.015333333333333599e+02 5.836000000000000227e+02 1.935441078929913683e+00
7.650000000000000000e+01 7.593333333333332291e+01 7.573333333333333428e+01 7.520000000000000284e+01 7.466666666666667140e+01 7.320000000000000284e+01 7.126666666666666572e+01 6.946666666666665435e+01 3.033666666666666742e+02 5.919666666666666970e+02 1.951324030326337722e+00
7.693333333333333712e+01 7.650000000000000000e+01 7.593333333333332291e+01 7.573333333333333428e+01 7.520000000000000284e+01 7.466666666666667140e+01 7.320000000000000284e+01 7.126666666666666572e+01 3.051000000000000227e+02 5.994333333333333940e+02 1.964711023708073823e+00
7.726666666666666572e+01 7.693333333333333712e+01 7.650000000000000000e+01 7.593333333333332291e+01 7.573333333333333428e+01 7.520000000000000284e+01 7.466666666666667140e+01 7.320000000000000284e+01 3.066333333333333258e+02 6.054333333333333940e+02 1.974453744972279878e+00
7.736666666666667425e+01 7.726666666666666572e+01 7.693333333333333712e+01 7.650000000000000000e+01 7.593333333333332291e+01 7.573333333333333428e+01 7.520000000000000284e+01 7.466666666666667140e+01 3.080666666666666629e+02 6.096000000000000227e+02 1.978792469162518941e+00
7.700000000000000000e+01 7.736666666666667425e+01 7.726666666666666572e+01 7.693333333333333712e+01 7.650000000000000000e+01 7.593333333333332291e+01 7.573333333333333428e+01 7.520000000000000284e+01 3.085666666666666629e+02 6.119333333333333940e+02 1.983147888084692889e+00
7.706666666666666288e+01 7.700000000000000000e+01 7.736666666666667425e+01 7.726666666666666572e+01 7.693333333333333712e+01 7.650000000000000000e+01 7.593333333333332291e+01 7.573333333333333428e+01 3.086999999999999886e+02 6.137999999999999545e+02 1.988338192419824901e+00
7.726666666666666572e+01 7.706666666666666288e+01 7.700000000000000000e+01 7.736666666666667425e+01 7.726666666666666572e+01 7.693333333333333712e+01 7.650000000000000000e+01 7.593333333333332291e+01 3.086999999999999886e+02 6.153333333333332575e+02 1.993305258611380859e+00
7.723333333333333428e+01 7.726666666666666572e+01 7.706666666666666288e+01 7.700000000000000000e+01 7.736666666666667425e+01 7.726666666666666572e+01 7.693333333333333712e+01 7.650000000000000000e+01 3.085666666666666629e+02 6.166333333333333258e+02 1.998379604623528039e+00
7.720000000000000284e+01 7.723333333333333428e+01 7.726666666666666572e+01 7.706666666666666288e+01 7.700000000000000000e+01 7.736666666666667425e+01 7.726666666666666572e+01 7.693333333333333712e+01 3.087666666666666515e+02 6.173333333333332575e+02 1.999352261686278664e+00
7.760000000000000853e+01 7.720000000000000284e+01 7.723333333333333428e+01 7.726666666666666572e+01 7.706666666666666288e+01 7.700000000000000000e+01 7.736666666666667425e+01 7.726666666666666572e+01 3.093000000000000114e+02 6.180000000000000000e+02 1.998060135790494574e+00
7.796666666666666856e+01 7.760000000000000853e+01 7.720000000000000284e+01 7.723333333333333428e+01 7.726666666666666572e+01 7.706666666666666288e+01 7.700000000000000000e+01 7.736666666666667425e+01 3.100000000000000000e+02 6.187000000000000455e+02 1.995806451612903265e+00
7.883333333333332860e+01 7.796666666666666856e+01 7.760000000000000853e+01 7.720000000000000284e+01 7.723333333333333428e+01 7.726666666666666572e+01 7.706666666666666288e+01 7.700000000000000000e+01 3.116000000000000227e+02 6.201666666666667425e+02 1.990265297389816057e+00
7.880000000000001137e+01 7.883333333333332860e+01 7.796666666666666856e+01 7.760000000000000853e+01 7.720000000000000284e+01 7.723333333333333428e+01 7.726666666666666572e+01 7.706666666666666288e+01 3.131999999999999886e+02 6.219666666666666970e+02 1.985845040442741682e+00
7.889999999999999147e+01 7.880000000000001137e+01 7.883333333333332860e+01 7.796666666666666856e+01 7.760000000000000853e+01 7.720000000000000284e+01 7.723333333333333428e+01 7.726666666666666572e+01 3.145000000000000000e+02 6.237999999999999545e+02 1.983465818759936328e+00
7.783333333333332860e+01 7.889999999999999147e+01 7.880000000000001137e+01 7.883333333333332860e+01 7.796666666666666856e+01 7.760000000000000853e+01 7.720000000000000284e+01 7.723333333333333428e+01 3.143666666666666742e+02 6.243666666666666742e+02 1.986109638426465818e+00
7.679999999999999716e+01 7.783333333333332860e+01 7.889999999999999147e+01 7.880000000000001137e+01 7.883333333333332860e+01 7.796666666666666856e+01 7.760000000000000853e+01 7.720000000000000284e+01 3.123333333333333144e+02 6.239333333333333940e+02 1.997652081109925648e+00
7.670000000000000284e+01 7.679999999999999716e+01 7.783333333333332860e+01 7.889999999999999147e+01 7.880000000000001137e+01 7.883333333333332860e+01 7.796666666666666856e+01 7.760000000000000853e+01 3.102333333333332916e+02 6.234333333333332803e+02 2.009562694745890443e+00
7.600000000000000000e+01 7.670000000000000284e+01 7.679999999999999716e+01 7.783333333333332860e+01 7.889999999999999147e+01 7.880000000000001137e+01 7.883333333333332860e+01 7.796666666666666856e+01 3.073333333333333144e+02 6.218333333333332575e+02 2.023318872017353609e+00
7.579999999999999716e+01 7.600000000000000000e+01 7.670000000000000284e+01 7.679999999999999716e+01 7.783333333333332860e+01 7.889999999999999147e+01 7.880000000000001137e+01 7.883333333333332860e+01 3.053000000000000114e+02 6.196666666666667425e+02 2.029697565236379564e+00
7.566666666666667140e+01 7.579999999999999716e+01 7.600000000000000000e+01 7.670000000000000284e+01 7.679999999999999716e+01 7.783333333333332860e+01 7.889999999999999147e+01 7.880000000000001137e+01 3.041666666666666856e+02 6.165000000000000000e+02 2.026849315068492974e+00
7.576666666666666572e+01 7.566666666666667140e+01 7.579999999999999716e+01 7.600000000000000000e+01 7.670000000000000284e+01 7.679999999999999716e+01 7.783333333333332860e+01 7.889999999999999147e+01 3.032333333333333485e+02 6.134666666666666970e+02 2.023084533362646820e+00
7.573333333333333428e+01 7.576666666666666572e+01 7.566666666666667140e+01 7.579999999999999716e+01 7.600000000000000000e+01 7.670000000000000284e+01 7.679999999999999716e+01 7.783333333333332860e+01 3.029666666666666970e+02 6.102999999999999545e+02 2.014413026735613954e+00
7.579999999999999716e+01 7.573333333333333428e+01 7.576666666666666572e+01 7.566666666666667140e+01 7.579999999999999716e+01 7.600000000000000000e+01 7.670000000000000284e+01 7.679999999999999716e+01 3.029666666666666970e+02 6.082666666666666515e+02 2.007701617339641142e+00
7.659999999999999432e+01 7.579999999999999716e+01 7.573333333333333428e+01 7.576666666666666572e+01 7.566666666666667140e+01 7.579999999999999716e+01 7.600000000000000000e+01 7.670000000000000284e+01 3.038999999999999773e+02 6.080666666666666060e+02 2.000877481627728383e+00
7.633333333333332860e+01 7.659999999999999432e+01 7.579999999999999716e+01 7.573333333333333428e+01 7.576666666666666572e+01 7.566666666666667140e+01 7.579999999999999716e+01 7.600000000000000000e+01 3.044666666666666970e+02 6.077000000000000455e+02 1.995949200788263544e+00
