-1.000000000000000000e+08 -1.000000000000000000e+08 -1.000000000000000000e+08 -1.000000000000000000e+08 -1.000000000000000000e+08 -1.000000000000000000e+08 -1.000000000000000000e+08 -1.000000000000000000e+08 -4.000000000000000000e+08 -8.000000000000000000e+08 2.000000000000000000e+00
1.927033333333333212e+04 -1.000000000000000000e+08 -1.000000000000000000e+08 -1.000000000000000000e+08 -1.000000000000000000e+08 -1.000000000000000000e+08 -1.000000000000000000e+08 -1.000000000000000000e+08 -2.999807296666666865e+08 -6.999807296666667461e+08 2.333418984761031378e+00
2.107566666666666788e+04 1.927033333333333212e+04 -1.000000000000000000e+08 -1.000000000000000000e+08 -1.000000000000000000e+08 -1.000000000000000000e+08 -1.000000000000000000e+08 -1.000000000000000000e+08 -1.999596540000000000e+08 -5.999596540000000000e+08 3.000403541406408081e+00
2.148333333333333212e+04 2.107566666666666788e+04 1.927033333333333212e+04 -1.000000000000000000e+08 -1.000000000000000000e+08 -1.000000000000000000e+08 -1.000000000000000000e+08 -1.000000000000000000e+08 -9.993817066666667163e+07 -4.999381706666666865e+08 5.002474703425963121e+00
2.114700000000000000e+04 2.148333333333333212e+04 2.107566666666666788e+04 1.927033333333333212e+04 -1.000000000000000000e+08 -1.000000000000000000e+08 -1.000000000000000000e+08 -1.000000000000000000e+08 8.297633333333332848e+04 -3.999170236666666865e+08 -4.819651671761827856e+03
2.120000000000000000e+04 2.114700000000000000e+04 2.148333333333333212e+04 2.107566666666666788e+04 1.927033333333333212e+04 -1.000000000000000000e+08 -1.000000000000000000e+08 -1.000000000000000000e+08 8.490600000000000000e+04 -2.998958236666666865e+08 -3.532092239260672613e+03
2.263766666666666788e+04 2.120000000000000000e+04 2.114700000000000000e+04 2.148333333333333212e+04 2.107566666666666788e+04 1.927033333333333212e+04 -1.000000000000000000e+08 -1.000000000000000000e+08 8.646800000000000000e+04 -1.998731860000000000e+08 -2.311527802192718809e+03
2.299666666666666788e+04 2.263766666666666788e+04 2.120000000000000000e+04 2.114700000000000000e+04 2.148333333333333212e+04 2.107566666666666788e+04 1.927033333333333212e+04 -1.000000000000000000e+08 8.798133333333334303e+04 -9.985018933333334327e+07 -1.134901979207710610e+03
2.349000000000000000e+04 2.299666666666666788e+04 2.263766666666666788e+04 2.120000000000000000e+04 2.114700000000000000e+04 2.148333333333333212e+04 2.107566666666666788e+04 1.927033333333333212e+04 9.032433333333334303e+04 1.733006666666666861e+05 1.918648721459333517e+00
2.278400000000000000e+04 2.349000000000000000e+04 2.299666666666666788e+04 2.263766666666666788e+04 2.120000000000000000e+04 2.114700000000000000e+04 2.148333333333333212e+04 2.107566666666666788e+04 9.190833333333334303e+04 1.768143333333333430e+05 1.923811768972708114e+00
2.460466666666666788e+04 2.278400000000000000e+04 2.349000000000000000e+04 2.299666666666666788e+04 2.263766666666666788e+04 2.120000000000000000e+04 2.114700000000000000e+04 2.148333333333333212e+04 9.387533333333334303e+04 1.803433333333333430e+05 1.921093933088564132e+00
2.477633333333333212e+04 2.460466666666666788e+04 2.278400000000000000e+04 2.349000000000000000e+04 2.299666666666666788e+04 2.263766666666666788e+04 2.120000000000000000e+04 2.114700000000000000e+04 9.565500000000000000e+04 1.836363333333333430e+05 1.919777673235412152e+00
2.483733333333333212e+04 2.477633333333333212e+04 2.460466666666666788e+04 2.278400000000000000e+04 2.349000000000000000e+04 2.299666666666666788e+04 2.263766666666666788e+04 2.120000000000000000e+04 9.700233333333332848e+04 1.873266666666666861e+05 1.931156295209393914e+00
2.431500000000000000e+04 2.483733333333333212e+04 2.477633333333333212e+04 2.460466666666666788e+04 2.278400000000000000e+04 2.349000000000000000e+04 2.299666666666666788e+04 2.263766666666666788e+04 9.853333333333332848e+04 1.904416666666666861e+05 1.932763870094722947e+00
2.538266666666666788e+04 2.431500000000000000e+04 2.483733333333333212e+04 2.477633333333333212e+04 2.460466666666666788e+04 2.278400000000000000e+04 2.349000000000000000e+04 2.299666666666666788e+04 9.931133333333332848e+04 1.931866666666666861e+05 1.945263044835433552e+00
2.585600000000000000e+04 2.538266666666666788e+04 2.431500000000000000e+04 2.483733333333333212e+04 2.477633333333333212e+04 2.460466666666666788e+04 2.278400000000000000e+04 2.349000000000000000e+04 1.003910000000000000e+05 1.960460000000000000e+05 1.952824456375571449e+00
2.555266666666666788e+04 2.585600000000000000e+04 2.538266666666666788e+04 2.431500000000000000e+04 2.483733333333333212e+04 2.477633333333333212e+04 2.460466666666666788e+04 2.278400000000000000e+04 1.011063333333333430e+05 1.981086666666666861e+05 1.959409070978079148e+00
2.453366666666666788e+04 2.555266666666666788e+04 2.585600000000000000e+04 2.538266666666666788e+04 2.431500000000000000e+04 2.483733333333333212e+04 2.477633333333333212e+04 2.460466666666666788e+04 1.013250000000000146e+05 1.998583333333333430e+05 1.972448392137511108e+00
2.733400000000000000e+04 2.453366666666666788e+04 2.555266666666666788e+04 2.585600000000000000e+04 2.538266666666666788e+04 2.431500000000000000e+04 2.483733333333333212e+04 2.477633333333333212e+04 1.032763333333333430e+05 2.025876666666666861e+05 1.961607854655309957e+00
2.769733333333333212e+04 2.733400000000000000e+04 2.453366666666666788e+04 2.555266666666666788e+04 2.585600000000000000e+04 2.538266666666666788e+04 2.431500000000000000e+04 2.483733333333333212e+04 1.051176666666666715e+05 2.055086666666666861e+05 1.955034516874740502e+00
2.699366666666666788e+04 2.769733333333333212e+04 2.733400000000000000e+04 2.453366666666666788e+04 2.555266666666666788e+04 2.585600000000000000e+04 2.538266666666666788e+04 2.431500000000000000e+04 1.065586666666666715e+05 2.076650000000000000e+05 1.948832567975074648e+00
2.645233333333333212e+04 2.699366666666666788e+04 2.769733333333333212e+04 2.733400000000000000e+04 2.453366666666666788e+04 2.555266666666666788e+04 2.585600000000000000e+04 2.538266666666666788e+04 1.084773333333333285e+05 2.098023333333333430e+05 1.934066102903218010e+00
2.874733333333333212e+04 2.645233333333333212e+04 2.699366666666666788e+04 2.769733333333333212e+04 2.733400000000000000e+04 2.453366666666666788e+04 2.555266666666666788e+04 2.585600000000000000e+04 1.098906666666666570e+05 2.131670000000000000e+05 1.939809871629983862e+00
2.920900000000000000e+04 2.874733333333333212e+04 2.645233333333333212e+04 2.699366666666666788e+04 2.769733333333333212e+04 2.733400000000000000e+04 2.453366666666666788e+04 2.555266666666666788e+04 1.114023333333333285e+05 2.165200000000000000e+05 1.943585861457120867e+00
2.857933333333333212e+04 2.920900000000000000e+04 2.874733333333333212e+04 2.645233333333333212e+04 2.699366666666666788e+04 2.769733333333333212e+04 2.733400000000000000e+04 2.453366666666666788e+04 1.129879999999999854e+05 2.195466666666666570e+05 1.943097202062756157e+00
2.846166666666666788e+04 2.857933333333333212e+04 2.920900000000000000e+04 2.874733333333333212e+04 2.645233333333333212e+04 2.699366666666666788e+04 2.769733333333333212e+04 2.733400000000000000e+04 1.149973333333333285e+05 2.234746666666666570e+05 1.943303033113811251e+00
3.036800000000000000e+04 2.846166666666666788e+04 2.857933333333333212e+04 2.920900000000000000e+04 2.874733333333333212e+04 2.645233333333333212e+04 2.699366666666666788e+04 2.769733333333333212e+04 1.166180000000000000e+05 2.265086666666666570e+05 1.942313079170167933e+00
3.055566666666666788e+04 3.036800000000000000e+04 2.846166666666666788e+04 2.857933333333333212e+04 2.920900000000000000e+04 2.874733333333333212e+04 2.645233333333333212e+04 2.699366666666666788e+04 1.179646666666666715e+05 2.293670000000000000e+05 1.944370348183354302e+00
3.009266666666666788e+04 3.055566666666666788e+04 3.036800000000000000e+04 2.846166666666666788e+04 2.857933333333333212e+04 2.920900000000000000e+04 2.874733333333333212e+04 2.645233333333333212e+04 1.194780000000000146e+05 2.324660000000000000e+05 1.945680376303587034e+00
2.969966666666666788e+04 3.009266666666666788e+04 3.055566666666666788e+04 3.036800000000000000e+04 2.846166666666666788e+04 2.857933333333333212e+04 2.920900000000000000e+04 2.874733333333333212e+04 1.207160000000000000e+05 2.357133333333333139e+05 1.952627102731479880e+00
3.183133333333333212e+04 2.969966666666666788e+04 3.009266666666666788e+04 3.055566666666666788e+04 3.036800000000000000e+04 2.846166666666666788e+04 2.857933333333333212e+04 2.920900000000000000e+04 1.221793333333333430e+05 2.387973333333333430e+05 1.954482209211596100e+00
3.199333333333333212e+04 3.183133333333333212e+04 2.969966666666666788e+04 3.009266666666666788e+04 3.055566666666666788e+04 3.036800000000000000e+04 2.846166666666666788e+04 2.857933333333333212e+04 1.236170000000000000e+05 2.415816666666666861e+05 1.954275436765709362e+00
3.128000000000000000e+04 3.199333333333333212e+04 3.183133333333333212e+04 2.969966666666666788e+04 3.009266666666666788e+04 3.055566666666666788e+04 3.036800000000000000e+04 2.846166666666666788e+04 1.248043333333333285e+05 2.442823333333333430e+05 1.957322528865183875e+00
3.078933333333333212e+04 3.128000000000000000e+04 3.199333333333333212e+04 3.183133333333333212e+04 2.969966666666666788e+04 3.009266666666666788e+04 3.055566666666666788e+04 3.036800000000000000e+04 1.258939999999999854e+05 2.466100000000000000e+05 1.958870160611308142e+00
3.278533333333333576e+04 3.078933333333333212e+04 3.128000000000000000e+04 3.199333333333333212e+04 3.183133333333333212e+04 2.969966666666666788e+04 3.009266666666666788e+04 3.055566666666666788e+04 1.268480000000000000e+05 2.490273333333333430e+05 1.963194794820047218e+00
3.241966666666666788e+04 3.278533333333333576e+04 3.078933333333333212e+04 3.128000000000000000e+04 3.199333333333333212e+04 3.183133333333333212e+04 2.969966666666666788e+04 3.009266666666666788e+04 1.272743333333333285e+05 2.508913333333333139e+05 1.971264172142589643e+00
3.113433333333333212e+04 3.241966666666666788e+04 3.278533333333333576e+04 3.078933333333333212e+04 3.128000000000000000e+04 3.199333333333333212e+04 3.183133333333333212e+04 2.969966666666666788e+04 1.271286666666666715e+05 2.519330000000000000e+05 1.981716685982180648e+00
2.967333333333333212e+04 3.113433333333333212e+04 3.241966666666666788e+04 3.278533333333333576e+04 3.078933333333333212e+04 3.128000000000000000e+04 3.199333333333333212e+04 3.183133333333333212e+04 1.260126666666666570e+05 2.519066666666666279e+05 1.999058295726884538e+00
3.195100000000000000e+04 2.967333333333333212e+04 3.113433333333333212e+04 3.241966666666666788e+04 3.278533333333333576e+04 3.078933333333333212e+04 3.128000000000000000e+04 3.199333333333333212e+04 1.251783333333333285e+05 2.520263333333333139e+05 2.013338304019598457e+00
3.161300000000000000e+04 3.195100000000000000e+04 2.967333333333333212e+04 3.113433333333333212e+04 3.241966666666666788e+04 3.278533333333333576e+04 3.078933333333333212e+04 3.128000000000000000e+04 1.243716666666666570e+05 2.516460000000000000e+05 2.023338648942015539e+00
3.024900000000000000e+04 3.161300000000000000e+04 3.195100000000000000e+04 2.967333333333333212e+04 3.113433333333333212e+04 3.241966666666666788e+04 3.278533333333333576e+04 3.078933333333333212e+04 1.234863333333333285e+05 2.506150000000000000e+05 2.029495841645094334e+00
2.985566666666666788e+04 3.024900000000000000e+04 3.161300000000000000e+04 3.195100000000000000e+04 2.967333333333333212e+04 3.113433333333333212e+04 3.241966666666666788e+04 3.278533333333333576e+04 1.236686666666666715e+05 2.496813333333333139e+05 2.018953871365961383e+00
3.310133333333333576e+04 2.985566666666666788e+04 3.024900000000000000e+04 3.161300000000000000e+04 3.195100000000000000e+04 2.967333333333333212e+04 3.113433333333333212e+04 3.241966666666666788e+04 1.248190000000000000e+05 2.499973333333333139e+05 2.002878835220065046e+00
3.306966666666666424e+04 3.310133333333333576e+04 2.985566666666666788e+04 3.024900000000000000e+04 3.161300000000000000e+04 3.195100000000000000e+04 2.967333333333333212e+04 3.113433333333333212e+04 1.262756666666666715e+05 2.506473333333333139e+05 1.984921877268515544e+00
3.235233333333333212e+04 3.306966666666666424e+04 3.310133333333333576e+04 2.985566666666666788e+04 3.024900000000000000e+04 3.161300000000000000e+04 3.195100000000000000e+04 2.967333333333333212e+04 1.283790000000000146e+05 2.518653333333333430e+05 1.961888886292409984e+00
3.058500000000000000e+04 3.235233333333333212e+04 3.306966666666666424e+04 3.310133333333333576e+04 2.985566666666666788e+04 3.024900000000000000e+04 3.161300000000000000e+04 3.195100000000000000e+04 1.291083333333333430e+05 2.527770000000000000e+05 1.957867423997934342e+00
3.283100000000000000e+04 3.058500000000000000e+04 3.235233333333333212e+04 3.306966666666666424e+04 3.310133333333333576e+04 2.985566666666666788e+04 3.024900000000000000e+04 3.161300000000000000e+04 1.288380000000000000e+05 2.536570000000000000e+05 1.968805787112497763e+00
3.407133333333333576e+04 3.283100000000000000e+04 3.058500000000000000e+04 3.235233333333333212e+04 3.306966666666666424e+04 3.310133333333333576e+04 2.985566666666666788e+04 3.024900000000000000e+04 1.298396666666666715e+05 2.561153333333333430e+05 1.972550761323581092e+00
3.367933333333333576e+04 3.407133333333333576e+04 3.283100000000000000e+04 3.058500000000000000e+04 3.235233333333333212e+04 3.306966666666666424e+04 3.310133333333333576e+04 2.985566666666666788e+04 1.311666666666666861e+05 2.595456666666666861e+05 1.978747141041931279e+00
3.213433333333333212e+04 3.367933333333333576e+04 3.407133333333333576e+04 3.283100000000000000e+04 3.058500000000000000e+04 3.235233333333333212e+04 3.306966666666666424e+04 3.310133333333333576e+04 1.327160000000000000e+05 2.618243333333333430e+05 1.972816641048052544e+00
3.539200000000000000e+04 3.213433333333333212e+04 3.367933333333333576e+04 3.407133333333333576e+04 3.283100000000000000e+04 3.058500000000000000e+04 3.235233333333333212e+04 3.306966666666666424e+04 1.352770000000000000e+05 2.641150000000000000e+05 1.952401369042778834e+00
3.574866666666666424e+04 3.539200000000000000e+04 3.213433333333333212e+04 3.367933333333333576e+04 3.407133333333333576e+04 3.283100000000000000e+04 3.058500000000000000e+04 3.235233333333333212e+04 1.369543333333333139e+05 2.667940000000000000e+05 1.948050810124056120e+00
3.579566666666666424e+04 3.574866666666666424e+04 3.539200000000000000e+04 3.213433333333333212e+04 3.367933333333333576e+04 3.407133333333333576e+04 3.283100000000000000e+04 3.058500000000000000e+04 1.390706666666666570e+05 2.702373333333333721e+05 1.943165584882506236e+00
3.497066666666666424e+04 3.579566666666666424e+04 3.574866666666666424e+04 3.539200000000000000e+04 3.213433333333333212e+04 3.367933333333333576e+04 3.407133333333333576e+04 3.283100000000000000e+04 1.419070000000000000e+05 2.746230000000000000e+05 1.935232229558795591e+00
3.844300000000000000e+04 3.497066666666666424e+04 3.579566666666666424e+04 3.574866666666666424e+04 3.539200000000000000e+04 3.213433333333333212e+04 3.367933333333333576e+04 3.407133333333333576e+04 1.449579999999999709e+05 2.802350000000000000e+05 1.933215138177955428e+00
3.869433333333333576e+04 3.844300000000000000e+04 3.497066666666666424e+04 3.579566666666666424e+04 3.574866666666666424e+04 3.539200000000000000e+04 3.213433333333333212e+04 3.367933333333333576e+04 1.479036666666666570e+05 2.848580000000000000e+05 1.925969831714787528e+00
3.919033333333333576e+04 3.869433333333333576e+04 3.844300000000000000e+04 3.497066666666666424e+04 3.579566666666666424e+04 3.574866666666666424e+04 3.539200000000000000e+04 3.213433333333333212e+04 1.512983333333333430e+05 2.903690000000000000e+05 1.919181749082937483e+00
3.864833333333333576e+04 3.919033333333333576e+04 3.869433333333333576e+04 3.844300000000000000e+04 3.497066666666666424e+04 3.579566666666666424e+04 3.574866666666666424e+04 3.539200000000000000e+04 1.549760000000000000e+05 2.968830000000000000e+05 1.915670813545323092e+00
4.075600000000000000e+04 3.864833333333333576e+04 3.919033333333333576e+04 3.869433333333333576e+04 3.844300000000000000e+04 3.497066666666666424e+04 3.579566666666666424e+04 3.574866666666666424e+04 1.572890000000000291e+05 3.022470000000000000e+05 1.921602909294355843e+00
3.994433333333333576e+04 4.075600000000000000e+04 3.864833333333333576e+04 3.919033333333333576e+04 3.869433333333333576e+04 3.844300000000000000e+04 3.497066666666666424e+04 3.579566666666666424e+04 1.585390000000000291e+05 3.064426666666666861e+05 1.932916611475199442e+00
3.890566666666666424e+04 3.994433333333333576e+04 4.075600000000000000e+04 3.864833333333333576e+04 3.919033333333333576e+04 3.869433333333333576e+04 3.844300000000000000e+04 3.497066666666666424e+04 1.582543333333333430e+05 3.095526666666666861e+05 1.956045437407717191e+00
3.668066666666666424e+04 3.890566666666666424e+04 3.994433333333333576e+04 4.075600000000000000e+04 3.864833333333333576e+04 3.919033333333333576e+04 3.869433333333333576e+04 3.844300000000000000e+04 1.562866666666666570e+05 3.112626666666666279e+05 1.991613701318090568e+00
3.998066666666666424e+04 3.668066666666666424e+04 3.890566666666666424e+04 3.994433333333333576e+04 4.075600000000000000e+04 3.864833333333333576e+04 3.919033333333333576e+04 3.869433333333333576e+04 1.555113333333333430e+05 3.128003333333333721e+05 2.011431106843231120e+00
3.963133333333333576e+04 3.998066666666666424e+04 3.668066666666666424e+04 3.890566666666666424e+04 3.994433333333333576e+04 4.075600000000000000e+04 3.864833333333333576e+04 3.919033333333333576e+04 1.551983333333333139e+05 3.137373333333333721e+05 2.021525145244257970e+00
3.825866666666666424e+04 3.963133333333333576e+04 3.998066666666666424e+04 3.668066666666666424e+04 3.890566666666666424e+04 3.994433333333333576e+04 4.075600000000000000e+04 3.864833333333333576e+04 1.545513333333333139e+05 3.128056666666666279e+05 2.023959676827979504e+00
3.556866666666666424e+04 3.825866666666666424e+04 3.963133333333333576e+04 3.998066666666666424e+04 3.668066666666666424e+04 3.890566666666666424e+04 3.994433333333333576e+04 4.075600000000000000e+04 1.534393333333333139e+05 3.097260000000000000e+05 2.018556736864515866e+00
3.863466666666666424e+04 3.556866666666666424e+04 3.825866666666666424e+04 3.963133333333333576e+04 3.998066666666666424e+04 3.668066666666666424e+04 3.890566666666666424e+04 3.994433333333333576e+04 1.520933333333333430e+05 3.076046666666666861e+05 2.022473042868414339e+00
3.750533333333333576e+04 3.863466666666666424e+04 3.556866666666666424e+04 3.825866666666666424e+04 3.963133333333333576e+04 3.998066666666666424e+04 3.668066666666666424e+04 3.890566666666666424e+04 1.499673333333333139e+05 3.051656666666666279e+05 2.034880929624673929e+00
3.335433333333333576e+04 3.750533333333333576e+04 3.863466666666666424e+04 3.556866666666666424e+04 3.825866666666666424e+04 3.963133333333333576e+04 3.998066666666666424e+04 3.668066666666666424e+04 1.450630000000000000e+05 2.996143333333333139e+05 2.065408362803287545e+00
2.859333333333333212e+04 3.335433333333333576e+04 3.750533333333333576e+04 3.863466666666666424e+04 3.556866666666666424e+04 3.825866666666666424e+04 3.963133333333333576e+04 3.998066666666666424e+04 1.380876666666666570e+05 2.915270000000000000e+05 2.111173336745014950e+00
3.035933333333333212e+04 2.859333333333333212e+04 3.335433333333333576e+04 3.750533333333333576e+04 3.863466666666666424e+04 3.556866666666666424e+04 3.825866666666666424e+04 3.963133333333333576e+04 1.298123333333333430e+05 2.819056666666666861e+05 2.171640085559410238e+00
3.068000000000000000e+04 3.035933333333333212e+04 2.859333333333333212e+04 3.335433333333333576e+04 3.750533333333333576e+04 3.863466666666666424e+04 3.556866666666666424e+04 3.825866666666666424e+04 1.229870000000000000e+05 2.729543333333333139e+05 2.219375489550385883e+00
2.911766666666666788e+04 3.068000000000000000e+04 3.035933333333333212e+04 2.859333333333333212e+04 3.335433333333333576e+04 3.750533333333333576e+04 3.863466666666666424e+04 3.556866666666666424e+04 1.187503333333333285e+05 2.638133333333333139e+05 2.221579728899006678e+00
2.829466666666666788e+04 2.911766666666666788e+04 3.068000000000000000e+04 3.035933333333333212e+04 2.859333333333333212e+04 3.335433333333333576e+04 3.750533333333333576e+04 3.863466666666666424e+04 1.184516666666666715e+05 2.565393333333333139e+05 2.165772255913100519e+00
3.191733333333333212e+04 2.829466666666666788e+04 2.911766666666666788e+04 3.068000000000000000e+04 3.035933333333333212e+04 2.859333333333333212e+04 3.335433333333333576e+04 3.750533333333333576e+04 1.200096666666666715e+05 2.498220000000000000e+05 2.081682308925114189e+00
3.129533333333333212e+04 3.191733333333333212e+04 2.829466666666666788e+04 2.911766666666666788e+04 3.068000000000000000e+04 3.035933333333333212e+04 2.859333333333333212e+04 3.335433333333333576e+04 1.206250000000000000e+05 2.436120000000000000e+05 2.019581347150259276e+00
3.001800000000000000e+04 3.129533333333333212e+04 3.191733333333333212e+04 2.829466666666666788e+04 2.911766666666666788e+04 3.068000000000000000e+04 3.035933333333333212e+04 2.859333333333333212e+04 1.215253333333333285e+05 2.402756666666666570e+05 1.977165254981128717e+00
2.920266666666666788e+04 3.001800000000000000e+04 3.129533333333333212e+04 3.191733333333333212e+04 2.829466666666666788e+04 2.911766666666666788e+04 3.068000000000000000e+04 3.035933333333333212e+04 1.224333333333333285e+05 2.408850000000000000e+05 1.967478900081677251e+00
3.200366666666666788e+04 2.920266666666666788e+04 3.001800000000000000e+04 3.129533333333333212e+04 3.191733333333333212e+04 2.829466666666666788e+04 2.911766666666666788e+04 3.068000000000000000e+04 1.225196666666666715e+05 2.425293333333333430e+05 1.979513493071860530e+00
3.207166666666666788e+04 3.200366666666666788e+04 2.920266666666666788e+04 3.001800000000000000e+04 3.129533333333333212e+04 3.191733333333333212e+04 2.829466666666666788e+04 2.911766666666666788e+04 1.232960000000000000e+05 2.439210000000000000e+05 1.978336685699454867e+00
3.100366666666666788e+04 3.207166666666666788e+04 3.200366666666666788e+04 2.920266666666666788e+04 3.001800000000000000e+04 3.129533333333333212e+04 3.191733333333333212e+04 2.829466666666666788e+04 1.242816666666666715e+05 2.458070000000000000e+05 1.977821883088146437e+00
3.077733333333333212e+04 3.100366666666666788e+04 3.207166666666666788e+04 3.200366666666666788e+04 2.920266666666666788e+04 3.001800000000000000e+04 3.129533333333333212e+04 3.191733333333333212e+04 1.258563333333333430e+05 2.482896666666666861e+05 1.972802322224546989e+00
3.371533333333333576e+04 3.077733333333333212e+04 3.100366666666666788e+04 3.207166666666666788e+04 3.200366666666666788e+04 2.920266666666666788e+04 3.001800000000000000e+04 3.129533333333333212e+04 1.275680000000000146e+05 2.500876666666666861e+05 1.960426334712989549e+00
3.370333333333333576e+04 3.371533333333333576e+04 3.077733333333333212e+04 3.100366666666666788e+04 3.207166666666666788e+04 3.200366666666666788e+04 2.920266666666666788e+04 3.001800000000000000e+04 1.291996666666666715e+05 2.524956666666666861e+05 1.954305867662197382e+00
3.282033333333333576e+04 3.370333333333333576e+04 3.371533333333333576e+04 3.077733333333333212e+04 3.100366666666666788e+04 3.207166666666666788e+04 3.200366666666666788e+04 2.920266666666666788e+04 1.310163333333333285e+05 2.552980000000000000e+05 1.948596739846685910e+00
3.247033333333333212e+04 3.282033333333333576e+04 3.370333333333333576e+04 3.371533333333333576e+04 3.077733333333333212e+04 3.100366666666666788e+04 3.207166666666666788e+04 3.200366666666666788e+04 1.327093333333333430e+05 2.585656666666666861e+05 1.948360828678214141e+00
3.618066666666666424e+04 3.247033333333333212e+04 3.282033333333333576e+04 3.370333333333333576e+04 3.371533333333333576e+04 3.077733333333333212e+04 3.100366666666666788e+04 3.207166666666666788e+04 1.351746666666666861e+05 2.627426666666666861e+05 1.943727128357384482e+00
3.637300000000000000e+04 3.618066666666666424e+04 3.247033333333333212e+04 3.282033333333333576e+04 3.370333333333333576e+04 3.371533333333333576e+04 3.077733333333333212e+04 3.100366666666666788e+04 1.378443333333333139e+05 2.670440000000000000e+05 1.937286746160524320e+00
3.461200000000000000e+04 3.637300000000000000e+04 3.618066666666666424e+04 3.247033333333333212e+04 3.282033333333333576e+04 3.370333333333333576e+04 3.371533333333333576e+04 3.077733333333333212e+04 1.396360000000000000e+05 2.706523333333333139e+05 1.938270455565422434e+00
3.292600000000000000e+04 3.461200000000000000e+04 3.637300000000000000e+04 3.618066666666666424e+04 3.247033333333333212e+04 3.282033333333333576e+04 3.370333333333333576e+04 3.371533333333333576e+04 1.400916666666666570e+05 2.728010000000000000e+05 1.947303551246208020e+00
3.710766666666666424e+04 3.292600000000000000e+04 3.461200000000000000e+04 3.637300000000000000e+04 3.618066666666666424e+04 3.247033333333333212e+04 3.282033333333333576e+04 3.370333333333333576e+04 1.410186666666666570e+05 2.761933333333333721e+05 1.958558677810975812e+00
3.742133333333333576e+04 3.710766666666666424e+04 3.292600000000000000e+04 3.461200000000000000e+04 3.637300000000000000e+04 3.618066666666666424e+04 3.247033333333333212e+04 3.282033333333333576e+04 1.420670000000000000e+05 2.799113333333333139e+05 1.970276935061156420e+00
3.571200000000000000e+04 3.742133333333333576e+04 3.710766666666666424e+04 3.292600000000000000e+04 3.461200000000000000e+04 3.637300000000000000e+04 3.618066666666666424e+04 3.247033333333333212e+04 1.431670000000000000e+05 2.828030000000000000e+05 1.975336495142036908e+00
3.403733333333333576e+04 3.571200000000000000e+04 3.742133333333333576e+04 3.710766666666666424e+04 3.292600000000000000e+04 3.461200000000000000e+04 3.637300000000000000e+04 3.618066666666666424e+04 1.442783333333333430e+05 2.843700000000000000e+05 1.970982013931405596e+00
3.813233333333333576e+04 3.403733333333333576e+04 3.571200000000000000e+04 3.742133333333333576e+04 3.710766666666666424e+04 3.292600000000000000e+04 3.461200000000000000e+04 3.637300000000000000e+04 1.453030000000000000e+05 2.863216666666666279e+05 1.970514488115638452e+00
3.825933333333333576e+04 3.813233333333333576e+04 3.403733333333333576e+04 3.571200000000000000e+04 3.742133333333333576e+04 3.710766666666666424e+04 3.292600000000000000e+04 3.461200000000000000e+04 1.461410000000000000e+05 2.882080000000000000e+05 1.972122812899870681e+00
3.671833333333333576e+04 3.825933333333333576e+04 3.813233333333333576e+04 3.403733333333333576e+04 3.571200000000000000e+04 3.742133333333333576e+04 3.710766666666666424e+04 3.292600000000000000e+04 1.471473333333333430e+05 2.903143333333333721e+05 1.972950013818350001e+00
3.577033333333333576e+04 3.671833333333333576e+04 3.825933333333333576e+04 3.813233333333333576e+04 3.403733333333333576e+04 3.571200000000000000e+04 3.742133333333333576e+04 3.710766666666666424e+04 1.488803333333333430e+05 2.931586666666666861e+05 1.969089268562447259e+00
3.895166666666666424e+04 3.577033333333333576e+04 3.671833333333333576e+04 3.825933333333333576e+04 3.813233333333333576e+04 3.403733333333333576e+04 3.571200000000000000e+04 3.742133333333333576e+04 1.496996666666666861e+05 2.950026666666666861e+05 1.970630083789988163e+00
3.886333333333333576e+04 3.895166666666666424e+04 3.577033333333333576e+04 3.671833333333333576e+04 3.825933333333333576e+04 3.813233333333333576e+04 3.403733333333333576e+04 3.571200000000000000e+04 1.503036666666666861e+05 2.964446666666666861e+05 1.972304955966920126e+00
3.709700000000000000e+04 3.886333333333333576e+04 3.895166666666666424e+04 3.577033333333333576e+04 3.671833333333333576e+04 3.825933333333333576e+04 3.813233333333333576e+04 3.403733333333333576e+04 1.506823333333333430e+05 2.978296666666666861e+05 1.976540050039044649e+00
3.637166666666666424e+04 3.709700000000000000e+04 3.886333333333333576e+04 3.895166666666666424e+04 3.577033333333333576e+04 3.671833333333333576e+04 3.825933333333333576e+04 3.813233333333333576e+04 1.512836666666666570e+05 3.001640000000000000e+05 1.984113728955097633e+00
4.000133333333333576e+04 3.637166666666666424e+04 3.709700000000000000e+04 3.886333333333333576e+04 3.895166666666666424e+04 3.577033333333333576e+04 3.671833333333333576e+04 3.825933333333333576e+04 1.523333333333333430e+05 3.020330000000000000e+05 1.982711159737417850e+00
4.010233333333333576e+04 4.000133333333333576e+04 3.637166666666666424e+04 3.709700000000000000e+04 3.886333333333333576e+04 3.895166666666666424e+04 3.577033333333333576e+04 3.671833333333333576e+04 1.535723333333333430e+05 3.038760000000000000e+05 1.978715784310107750e+00
