-1.000000000000000000e+08 -1.000000000000000000e+08 -1.000000000000000000e+08 -1.000000000000000000e+08 -1.000000000000000000e+08 -1.000000000000000000e+08 -1.000000000000000000e+08 -1.000000000000000000e+08 -4.000000000000000000e+08 -8.000000000000000000e+08 2.000000000000000000e+00
3.435766666666666424e+04 -1.000000000000000000e+08 -1.000000000000000000e+08 -1.000000000000000000e+08 -1.000000000000000000e+08 -1.000000000000000000e+08 -1.000000000000000000e+08 -1.000000000000000000e+08 -2.999656423333333135e+08 -6.999656423333332539e+08 2.333486051564214403e+00
3.459466666666666424e+04 3.435766666666666424e+04 -1.000000000000000000e+08 -1.000000000000000000e+08 -1.000000000000000000e+08 -1.000000000000000000e+08 -1.000000000000000000e+08 -1.000000000000000000e+08 -1.999310476666666865e+08 -5.999310476666667461e+08 3.000689761136532407e+00
3.462300000000000000e+04 3.459466666666666424e+04 3.435766666666666424e+04 -1.000000000000000000e+08 -1.000000000000000000e+08 -1.000000000000000000e+08 -1.000000000000000000e+08 -1.000000000000000000e+08 -9.989642466666667163e+07 -4.998964246666666865e+08 5.004147308922373583e+00
3.458033333333333576e+04 3.462300000000000000e+04 3.459466666666666424e+04 3.435766666666666424e+04 -1.000000000000000000e+08 -1.000000000000000000e+08 -1.000000000000000000e+08 -1.000000000000000000e+08 1.381556666666666570e+05 -3.998618443333333135e+08 -2.894284787449905707e+03
3.471033333333333576e+04 3.458033333333333576e+04 3.462300000000000000e+04 3.459466666666666424e+04 3.435766666666666424e+04 -1.000000000000000000e+08 -1.000000000000000000e+08 -1.000000000000000000e+08 1.385083333333333430e+05 -2.998271340000000000e+08 -2.164686606100715835e+03
3.560933333333333576e+04 3.471033333333333576e+04 3.458033333333333576e+04 3.462300000000000000e+04 3.459466666666666424e+04 3.435766666666666424e+04 -1.000000000000000000e+08 -1.000000000000000000e+08 1.395230000000000000e+05 -1.997915246666666865e+08 -1.431961215474629171e+03
3.585400000000000000e+04 3.560933333333333576e+04 3.471033333333333576e+04 3.458033333333333576e+04 3.462300000000000000e+04 3.459466666666666424e+04 3.435766666666666424e+04 -1.000000000000000000e+08 1.407540000000000291e+05 -9.975567066666667163e+07 -7.087235223628930498e+02
3.633233333333333576e+04 3.585400000000000000e+04 3.560933333333333576e+04 3.471033333333333576e+04 3.458033333333333576e+04 3.462300000000000000e+04 3.459466666666666424e+04 3.435766666666666424e+04 1.425060000000000291e+05 2.806616666666666861e+05 1.969472630392170354e+00
3.721500000000000000e+04 3.633233333333333576e+04 3.585400000000000000e+04 3.560933333333333576e+04 3.471033333333333576e+04 3.458033333333333576e+04 3.462300000000000000e+04 3.459466666666666424e+04 1.450106666666666861e+05 2.835190000000000000e+05 1.955159620441714319e+00
3.723833333333333576e+04 3.721500000000000000e+04 3.633233333333333576e+04 3.585400000000000000e+04 3.560933333333333576e+04 3.471033333333333576e+04 3.458033333333333576e+04 3.462300000000000000e+04 1.466396666666666861e+05 2.861626666666666861e+05 1.951468338489585452e+00
3.761433333333333576e+04 3.723833333333333576e+04 3.721500000000000000e+04 3.633233333333333576e+04 3.585400000000000000e+04 3.560933333333333576e+04 3.471033333333333576e+04 3.458033333333333576e+04 1.484000000000000000e+05 2.891540000000000000e+05 1.948477088948787017e+00
3.793666666666666424e+04 3.761433333333333576e+04 3.723833333333333576e+04 3.721500000000000000e+04 3.633233333333333576e+04 3.585400000000000000e+04 3.560933333333333576e+04 3.471033333333333576e+04 1.500043333333333430e+05 2.925103333333333721e+05 1.950012555192850217e+00
3.841466666666666424e+04 3.793666666666666424e+04 3.761433333333333576e+04 3.723833333333333576e+04 3.721500000000000000e+04 3.633233333333333576e+04 3.585400000000000000e+04 3.560933333333333576e+04 1.512040000000000000e+05 2.962146666666666861e+05 1.959039884306411849e+00
3.915633333333333576e+04 3.841466666666666424e+04 3.793666666666666424e+04 3.761433333333333576e+04 3.723833333333333576e+04 3.721500000000000000e+04 3.633233333333333576e+04 3.585400000000000000e+04 1.531220000000000000e+05 2.997616666666666861e+05 1.957665565148487330e+00
3.969866666666666424e+04 3.915633333333333576e+04 3.841466666666666424e+04 3.793666666666666424e+04 3.761433333333333576e+04 3.723833333333333576e+04 3.721500000000000000e+04 3.633233333333333576e+04 1.552063333333333139e+05 3.036063333333333139e+05 1.956146549002510726e+00
4.015966666666666424e+04 3.969866666666666424e+04 3.915633333333333576e+04 3.841466666666666424e+04 3.793666666666666424e+04 3.761433333333333576e+04 3.723833333333333576e+04 3.721500000000000000e+04 1.574293333333333139e+05 3.074336666666666279e+05 1.952835981435056656e+00
4.025866666666666424e+04 4.015966666666666424e+04 3.969866666666666424e+04 3.915633333333333576e+04 3.841466666666666424e+04 3.793666666666666424e+04 3.761433333333333576e+04 3.723833333333333576e+04 1.592733333333333430e+05 3.104773333333333721e+05 1.949336570256582135e+00
4.007933333333333576e+04 4.025866666666666424e+04 4.015966666666666424e+04 3.969866666666666424e+04 3.915633333333333576e+04 3.841466666666666424e+04 3.793666666666666424e+04 3.761433333333333576e+04 1.601963333333333139e+05 3.133183333333333139e+05 1.955839605151179272e+00
4.051300000000000000e+04 4.007933333333333576e+04 4.025866666666666424e+04 4.015966666666666424e+04 3.969866666666666424e+04 3.915633333333333576e+04 3.841466666666666424e+04 3.793666666666666424e+04 1.610106666666666570e+05 3.162170000000000000e+05 1.963950628529786968e+00
4.102666666666666424e+04 4.051300000000000000e+04 4.007933333333333576e+04 4.025866666666666424e+04 4.015966666666666424e+04 3.969866666666666424e+04 3.915633333333333576e+04 3.841466666666666424e+04 1.618776666666666570e+05 3.193070000000000000e+05 1.972520401208319951e+00
4.104000000000000000e+04 4.102666666666666424e+04 4.051300000000000000e+04 4.007933333333333576e+04 4.025866666666666424e+04 4.015966666666666424e+04 3.969866666666666424e+04 3.915633333333333576e+04 1.626590000000000000e+05 3.219323333333333721e+05 1.979185494398301826e+00
4.104933333333333576e+04 4.104000000000000000e+04 4.102666666666666424e+04 4.051300000000000000e+04 4.007933333333333576e+04 4.025866666666666424e+04 4.015966666666666424e+04 3.969866666666666424e+04 1.636290000000000000e+05 3.238253333333333139e+05 1.979021648566777980e+00
4.130433333333333576e+04 4.104933333333333576e+04 4.104000000000000000e+04 4.102666666666666424e+04 4.051300000000000000e+04 4.007933333333333576e+04 4.025866666666666424e+04 4.015966666666666424e+04 1.644203333333333430e+05 3.254310000000000000e+05 1.979262499974658418e+00
4.189100000000000000e+04 4.130433333333333576e+04 4.104933333333333576e+04 4.104000000000000000e+04 4.102666666666666424e+04 4.051300000000000000e+04 4.007933333333333576e+04 4.025866666666666424e+04 1.652846666666666861e+05 3.271623333333333721e+05 1.979387077647855930e+00
4.200366666666666424e+04 4.189100000000000000e+04 4.130433333333333576e+04 4.104933333333333576e+04 4.104000000000000000e+04 4.102666666666666424e+04 4.051300000000000000e+04 4.007933333333333576e+04 1.662483333333333430e+05 3.289073333333333721e+05 1.978409808619635335e+00
4.236766666666666424e+04 4.200366666666666424e+04 4.189100000000000000e+04 4.130433333333333576e+04 4.104933333333333576e+04 4.104000000000000000e+04 4.102666666666666424e+04 4.051300000000000000e+04 1.675666666666666570e+05 3.311956666666666279e+05 1.976500895166102945e+00
4.253033333333333576e+04 4.236766666666666424e+04 4.200366666666666424e+04 4.189100000000000000e+04 4.130433333333333576e+04 4.104933333333333576e+04 4.104000000000000000e+04 4.102666666666666424e+04 1.687926666666666570e+05 3.332130000000000000e+05 1.974096425990070847e+00
4.277566666666666424e+04 4.253033333333333576e+04 4.236766666666666424e+04 4.200366666666666424e+04 4.189100000000000000e+04 4.130433333333333576e+04 4.104933333333333576e+04 4.104000000000000000e+04 1.696773333333333139e+05 3.349620000000000000e+05 1.974111647204891185e+00
4.285866666666666424e+04 4.277566666666666424e+04 4.253033333333333576e+04 4.236766666666666424e+04 4.200366666666666424e+04 4.189100000000000000e+04 4.130433333333333576e+04 4.104933333333333576e+04 1.705323333333333139e+05 3.367806666666666279e+05 1.974878664261127348e+00
4.308700000000000000e+04 4.285866666666666424e+04 4.277566666666666424e+04 4.253033333333333576e+04 4.236766666666666424e+04 4.200366666666666424e+04 4.189100000000000000e+04 4.130433333333333576e+04 1.712516666666666570e+05 3.388183333333333139e+05 1.978481961246119303e+00
4.372066666666666424e+04 4.308700000000000000e+04 4.285866666666666424e+04 4.277566666666666424e+04 4.253033333333333576e+04 4.236766666666666424e+04 4.200366666666666424e+04 4.189100000000000000e+04 1.724419999999999709e+05 3.412346666666666279e+05 1.978837328879662127e+00
4.450766666666666424e+04 4.372066666666666424e+04 4.308700000000000000e+04 4.285866666666666424e+04 4.277566666666666424e+04 4.253033333333333576e+04 4.236766666666666424e+04 4.200366666666666424e+04 1.741739999999999709e+05 3.438513333333332557e+05 1.974182905217387818e+00
4.555033333333333576e+04 4.450766666666666424e+04 4.372066666666666424e+04 4.308700000000000000e+04 4.285866666666666424e+04 4.277566666666666424e+04 4.253033333333333576e+04 4.236766666666666424e+04 1.768656666666666570e+05 3.473980000000000000e+05 1.964191278880204949e+00
4.584700000000000000e+04 4.555033333333333576e+04 4.450766666666666424e+04 4.372066666666666424e+04 4.308700000000000000e+04 4.285866666666666424e+04 4.277566666666666424e+04 4.253033333333333576e+04 1.796256666666666570e+05 3.508773333333333139e+05 1.953380827164640454e+00
4.636800000000000000e+04 4.584700000000000000e+04 4.555033333333333576e+04 4.450766666666666424e+04 4.372066666666666424e+04 4.308700000000000000e+04 4.285866666666666424e+04 4.277566666666666424e+04 1.822730000000000000e+05 3.547150000000000000e+05 1.946064419853735794e+00
4.693633333333333576e+04 4.636800000000000000e+04 4.584700000000000000e+04 4.555033333333333576e+04 4.450766666666666424e+04 4.372066666666666424e+04 4.308700000000000000e+04 4.285866666666666424e+04 1.847016666666666861e+05 3.588756666666666279e+05 1.943001777641421235e+00
4.721633333333333576e+04 4.693633333333333576e+04 4.636800000000000000e+04 4.584700000000000000e+04 4.555033333333333576e+04 4.450766666666666424e+04 4.372066666666666424e+04 4.308700000000000000e+04 1.863676666666666861e+05 3.632333333333333721e+05 1.949014761144189922e+00
4.695566666666666424e+04 4.721633333333333576e+04 4.693633333333333576e+04 4.636800000000000000e+04 4.584700000000000000e+04 4.555033333333333576e+04 4.450766666666666424e+04 4.372066666666666424e+04 1.874763333333333430e+05 3.671020000000000000e+05 1.958124492158121122e+00
4.634433333333333576e+04 4.695566666666666424e+04 4.721633333333333576e+04 4.693633333333333576e+04 4.636800000000000000e+04 4.584700000000000000e+04 4.555033333333333576e+04 4.450766666666666424e+04 1.874526666666666861e+05 3.697256666666666861e+05 1.972368135600453654e+00
4.515900000000000000e+04 4.634433333333333576e+04 4.695566666666666424e+04 4.721633333333333576e+04 4.693633333333333576e+04 4.636800000000000000e+04 4.584700000000000000e+04 4.555033333333333576e+04 1.856753333333333430e+05 3.703770000000000000e+05 1.994756079608492216e+00
4.444000000000000000e+04 4.515900000000000000e+04 4.634433333333333576e+04 4.695566666666666424e+04 4.721633333333333576e+04 4.693633333333333576e+04 4.636800000000000000e+04 4.584700000000000000e+04 1.828990000000000000e+05 3.692666666666666861e+05 2.018964929642407480e+00
4.440066666666666424e+04 4.444000000000000000e+04 4.515900000000000000e+04 4.634433333333333576e+04 4.695566666666666424e+04 4.721633333333333576e+04 4.693633333333333576e+04 4.636800000000000000e+04 1.803440000000000000e+05 3.678203333333333721e+05 2.039548492510609545e+00
4.454300000000000000e+04 4.440066666666666424e+04 4.444000000000000000e+04 4.515900000000000000e+04 4.634433333333333576e+04 4.695566666666666424e+04 4.721633333333333576e+04 4.693633333333333576e+04 1.785426666666666570e+05 3.659953333333333721e+05 2.049904037877034568e+00
4.495000000000000000e+04 4.454300000000000000e+04 4.440066666666666424e+04 4.444000000000000000e+04 4.515900000000000000e+04 4.634433333333333576e+04 4.695566666666666424e+04 4.721633333333333576e+04 1.783336666666666570e+05 3.640090000000000000e+05 2.041168147349257556e+00
4.569733333333333576e+04 4.495000000000000000e+04 4.454300000000000000e+04 4.440066666666666424e+04 4.444000000000000000e+04 4.515900000000000000e+04 4.634433333333333576e+04 4.695566666666666424e+04 1.795910000000000000e+05 3.624900000000000000e+05 2.018419631273282278e+00
4.576966666666666424e+04 4.569733333333333576e+04 4.495000000000000000e+04 4.454300000000000000e+04 4.440066666666666424e+04 4.444000000000000000e+04 4.515900000000000000e+04 4.634433333333333576e+04 1.809600000000000000e+05 3.613040000000000000e+05 1.996595932802829321e+00
4.523100000000000000e+04 4.576966666666666424e+04 4.569733333333333576e+04 4.495000000000000000e+04 4.454300000000000000e+04 4.440066666666666424e+04 4.444000000000000000e+04 4.515900000000000000e+04 1.816480000000000000e+05 3.601906666666666279e+05 1.982904665433512292e+00
4.462166666666666424e+04 4.523100000000000000e+04 4.576966666666666424e+04 4.569733333333333576e+04 4.495000000000000000e+04 4.454300000000000000e+04 4.440066666666666424e+04 4.444000000000000000e+04 1.813196666666666570e+05 3.596533333333333139e+05 1.983531847069356369e+00
4.515566666666666424e+04 4.462166666666666424e+04 4.523100000000000000e+04 4.576966666666666424e+04 4.569733333333333576e+04 4.495000000000000000e+04 4.454300000000000000e+04 4.440066666666666424e+04 1.807779999999999709e+05 3.603690000000000000e+05 1.993433935545254831e+00
4.597433333333333576e+04 4.515566666666666424e+04 4.462166666666666424e+04 4.523100000000000000e+04 4.576966666666666424e+04 4.569733333333333576e+04 4.495000000000000000e+04 4.454300000000000000e+04 1.809826666666666570e+05 3.619426666666666279e+05 1.999874757803693726e+00
4.665833333333333576e+04 4.597433333333333576e+04 4.515566666666666424e+04 4.462166666666666424e+04 4.523100000000000000e+04 4.576966666666666424e+04 4.569733333333333576e+04 4.495000000000000000e+04 1.824100000000000000e+05 3.640580000000000000e+05 1.995822597445315427e+00
4.762833333333333576e+04 4.665833333333333576e+04 4.597433333333333576e+04 4.515566666666666424e+04 4.462166666666666424e+04 4.523100000000000000e+04 4.576966666666666424e+04 4.569733333333333576e+04 1.854166666666666570e+05 3.667363333333333139e+05 1.977903820224719000e+00
4.874600000000000000e+04 4.762833333333333576e+04 4.665833333333333576e+04 4.597433333333333576e+04 4.515566666666666424e+04 4.462166666666666424e+04 4.523100000000000000e+04 4.576966666666666424e+04 1.890070000000000291e+05 3.697850000000000000e+05 1.956461929981428982e+00
4.961400000000000000e+04 4.874600000000000000e+04 4.762833333333333576e+04 4.665833333333333576e+04 4.597433333333333576e+04 4.515566666666666424e+04 4.462166666666666424e+04 4.523100000000000000e+04 1.926466666666666861e+05 3.736293333333333721e+05 1.939453922552514031e+00
5.018833333333333576e+04 4.961400000000000000e+04 4.874600000000000000e+04 4.762833333333333576e+04 4.665833333333333576e+04 4.597433333333333576e+04 4.515566666666666424e+04 4.462166666666666424e+04 1.961766666666666861e+05 3.785866666666666861e+05 1.929825157596044338e+00
5.062033333333333576e+04 5.018833333333333576e+04 4.961400000000000000e+04 4.874600000000000000e+04 4.762833333333333576e+04 4.665833333333333576e+04 4.597433333333333576e+04 4.515566666666666424e+04 1.991686666666666861e+05 3.845853333333333721e+05 1.930952994614280049e+00
5.079433333333333576e+04 5.062033333333333576e+04 5.018833333333333576e+04 4.961400000000000000e+04 4.874600000000000000e+04 4.762833333333333576e+04 4.665833333333333576e+04 4.597433333333333576e+04 2.012170000000000000e+05 3.902240000000000000e+05 1.939319242409935473e+00
5.138766666666666424e+04 5.079433333333333576e+04 5.062033333333333576e+04 5.018833333333333576e+04 4.961400000000000000e+04 4.874600000000000000e+04 4.762833333333333576e+04 4.665833333333333576e+04 2.029906666666666861e+05 3.956373333333333721e+05 1.949041992078453633e+00
5.202333333333333576e+04 5.138766666666666424e+04 5.079433333333333576e+04 5.062033333333333576e+04 5.018833333333333576e+04 4.961400000000000000e+04 4.874600000000000000e+04 4.762833333333333576e+04 2.048256666666666861e+05 4.010023333333333721e+05 1.957773846702154819e+00
5.184800000000000000e+04 5.202333333333333576e+04 5.138766666666666424e+04 5.079433333333333576e+04 5.062033333333333576e+04 5.018833333333333576e+04 4.961400000000000000e+04 4.874600000000000000e+04 2.060533333333333430e+05 4.052220000000000000e+05 1.966587938397825752e+00
5.199366666666666424e+04 5.184800000000000000e+04 5.202333333333333576e+04 5.138766666666666424e+04 5.079433333333333576e+04 5.062033333333333576e+04 5.018833333333333576e+04 4.961400000000000000e+04 2.072526666666666570e+05 4.084696666666666279e+05 1.970877736997352470e+00
5.203500000000000000e+04 5.199366666666666424e+04 5.184800000000000000e+04 5.202333333333333576e+04 5.138766666666666424e+04 5.079433333333333576e+04 5.062033333333333576e+04 5.018833333333333576e+04 2.079000000000000000e+05 4.108906666666666861e+05 1.976386083052749765e+00
5.251966666666666424e+04 5.203500000000000000e+04 5.199366666666666424e+04 5.184800000000000000e+04 5.202333333333333576e+04 5.138766666666666424e+04 5.079433333333333576e+04 5.062033333333333576e+04 2.083963333333333139e+05 4.132220000000000000e+05 1.982865981327246896e+00
5.288366666666666424e+04 5.251966666666666424e+04 5.203500000000000000e+04 5.199366666666666424e+04 5.184800000000000000e+04 5.202333333333333576e+04 5.138766666666666424e+04 5.079433333333333576e+04 2.094319999999999709e+05 4.154853333333333139e+05 1.983867476476055991e+00
5.224600000000000000e+04 5.288366666666666424e+04 5.251966666666666424e+04 5.203500000000000000e+04 5.199366666666666424e+04 5.184800000000000000e+04 5.202333333333333576e+04 5.138766666666666424e+04 2.096843333333333139e+05 4.169370000000000000e+05 1.988403202909770906e+00
5.129666666666666424e+04 5.224600000000000000e+04 5.288366666666666424e+04 5.251966666666666424e+04 5.203500000000000000e+04 5.199366666666666424e+04 5.184800000000000000e+04 5.202333333333333576e+04 2.089459999999999709e+05 4.168460000000000000e+05 1.994993921874551601e+00
5.139266666666666424e+04 5.129666666666666424e+04 5.224600000000000000e+04 5.288366666666666424e+04 5.251966666666666424e+04 5.203500000000000000e+04 5.199366666666666424e+04 5.184800000000000000e+04 2.078189999999999709e+05 4.162153333333332557e+05 2.002778058470752409e+00
5.067000000000000000e+04 5.139266666666666424e+04 5.129666666666666424e+04 5.224600000000000000e+04 5.288366666666666424e+04 5.251966666666666424e+04 5.203500000000000000e+04 5.199366666666666424e+04 2.056053333333333139e+05 4.150373333333332557e+05 2.018611709164483070e+00
4.923400000000000000e+04 5.067000000000000000e+04 5.139266666666666424e+04 5.129666666666666424e+04 5.224600000000000000e+04 5.288366666666666424e+04 5.251966666666666424e+04 5.203500000000000000e+04 2.025933333333333139e+05 4.122776666666666279e+05 2.035001151732534819e+00
4.694733333333333576e+04 4.923400000000000000e+04 5.067000000000000000e+04 5.139266666666666424e+04 5.129666666666666424e+04 5.224600000000000000e+04 5.288366666666666424e+04 5.251966666666666424e+04 1.982440000000000000e+05 4.071900000000000000e+05 2.053983979338593002e+00
4.489166666666666424e+04 4.694733333333333576e+04 4.923400000000000000e+04 5.067000000000000000e+04 5.139266666666666424e+04 5.129666666666666424e+04 5.224600000000000000e+04 5.288366666666666424e+04 1.917430000000000000e+05 3.995620000000000000e+05 2.083841391863066494e+00
4.362966666666666424e+04 4.489166666666666424e+04 4.694733333333333576e+04 4.923400000000000000e+04 5.067000000000000000e+04 5.139266666666666424e+04 5.129666666666666424e+04 5.224600000000000000e+04 1.847026666666666570e+05 3.903080000000000000e+05 2.113169273859969444e+00
4.356133333333333576e+04 4.362966666666666424e+04 4.489166666666666424e+04 4.694733333333333576e+04 4.923400000000000000e+04 5.067000000000000000e+04 5.139266666666666424e+04 5.129666666666666424e+04 1.790300000000000000e+05 3.816233333333333139e+05 2.131616675045150622e+00
4.428666666666666424e+04 4.356133333333333576e+04 4.362966666666666424e+04 4.489166666666666424e+04 4.694733333333333576e+04 4.923400000000000000e+04 5.067000000000000000e+04 5.139266666666666424e+04 1.763693333333333139e+05 3.746133333333333139e+05 2.124027608730164829e+00
4.498633333333333576e+04 4.428666666666666424e+04 4.356133333333333576e+04 4.362966666666666424e+04 4.489166666666666424e+04 4.694733333333333576e+04 4.923400000000000000e+04 5.067000000000000000e+04 1.764640000000000000e+05 3.682070000000000000e+05 2.086584232478012613e+00
4.536766666666666424e+04 4.498633333333333576e+04 4.428666666666666424e+04 4.356133333333333576e+04 4.362966666666666424e+04 4.489166666666666424e+04 4.694733333333333576e+04 4.923400000000000000e+04 1.782020000000000000e+05 3.629046666666666279e+05 2.036479201505407399e+00
4.611833333333333576e+04 4.536766666666666424e+04 4.498633333333333576e+04 4.428666666666666424e+04 4.356133333333333576e+04 4.362966666666666424e+04 4.489166666666666424e+04 4.694733333333333576e+04 1.807590000000000000e+05 3.597890000000000000e+05 1.990434777798062660e+00
4.632700000000000000e+04 4.611833333333333576e+04 4.536766666666666424e+04 4.498633333333333576e+04 4.428666666666666424e+04 4.356133333333333576e+04 4.362966666666666424e+04 4.489166666666666424e+04 1.827993333333333430e+05 3.591686666666666279e+05 1.964824817012461367e+00
4.644333333333333576e+04 4.632700000000000000e+04 4.611833333333333576e+04 4.536766666666666424e+04 4.498633333333333576e+04 4.428666666666666424e+04 4.356133333333333576e+04 4.362966666666666424e+04 1.842563333333333430e+05 3.607203333333333721e+05 1.957709278197583558e+00
4.686533333333333576e+04 4.644333333333333576e+04 4.632700000000000000e+04 4.611833333333333576e+04 4.536766666666666424e+04 4.498633333333333576e+04 4.428666666666666424e+04 4.356133333333333576e+04 1.857540000000000291e+05 3.639560000000000000e+05 1.959344078727779381e+00
4.654866666666666424e+04 4.686533333333333576e+04 4.644333333333333576e+04 4.632700000000000000e+04 4.611833333333333576e+04 4.536766666666666424e+04 4.498633333333333576e+04 4.428666666666666424e+04 1.861843333333333430e+05 3.669433333333333721e+05 1.970860419691595977e+00
4.730600000000000000e+04 4.654866666666666424e+04 4.686533333333333576e+04 4.644333333333333576e+04 4.632700000000000000e+04 4.611833333333333576e+04 4.536766666666666424e+04 4.498633333333333576e+04 1.871633333333333430e+05 3.699626666666666861e+05 1.976683467203333988e+00
4.814633333333333576e+04 4.730600000000000000e+04 4.654866666666666424e+04 4.686533333333333576e+04 4.644333333333333576e+04 4.632700000000000000e+04 4.611833333333333576e+04 4.536766666666666424e+04 1.888663333333333430e+05 3.731226666666666861e+05 1.975591202949528613e+00
4.861233333333333576e+04 4.814633333333333576e+04 4.730600000000000000e+04 4.654866666666666424e+04 4.686533333333333576e+04 4.644333333333333576e+04 4.632700000000000000e+04 4.611833333333333576e+04 1.906133333333333430e+05 3.763673333333333721e+05 1.974506855064353861e+00
4.873933333333333576e+04 4.861233333333333576e+04 4.814633333333333576e+04 4.730600000000000000e+04 4.654866666666666424e+04 4.686533333333333576e+04 4.644333333333333576e+04 4.632700000000000000e+04 1.928040000000000000e+05 3.789883333333333721e+05 1.965666341638832026e+00
4.853200000000000000e+04 4.873933333333333576e+04 4.861233333333333576e+04 4.814633333333333576e+04 4.730600000000000000e+04 4.654866666666666424e+04 4.686533333333333576e+04 4.644333333333333576e+04 1.940300000000000291e+05 3.811933333333333721e+05 1.964610283633114962e+00
4.859033333333333576e+04 4.853200000000000000e+04 4.873933333333333576e+04 4.861233333333333576e+04 4.814633333333333576e+04 4.730600000000000000e+04 4.654866666666666424e+04 4.686533333333333576e+04 1.944740000000000291e+05 3.833403333333333721e+05 1.971164954355509202e+00
4.907600000000000000e+04 4.859033333333333576e+04 4.853200000000000000e+04 4.873933333333333576e+04 4.861233333333333576e+04 4.814633333333333576e+04 4.730600000000000000e+04 4.654866666666666424e+04 1.949376666666666861e+05 3.855510000000000000e+05 1.977816840596908543e+00
4.989933333333333576e+04 4.907600000000000000e+04 4.859033333333333576e+04 4.853200000000000000e+04 4.873933333333333576e+04 4.861233333333333576e+04 4.814633333333333576e+04 4.730600000000000000e+04 1.960976666666666861e+05 3.889016666666666861e+05 1.983203947692731228e+00
5.044433333333333576e+04 4.989933333333333576e+04 4.907600000000000000e+04 4.859033333333333576e+04 4.853200000000000000e+04 4.873933333333333576e+04 4.861233333333333576e+04 4.814633333333333576e+04 1.980100000000000291e+05 3.920400000000000582e+05 1.979900005050249989e+00
5.088166666666666424e+04 5.044433333333333576e+04 4.989933333333333576e+04 4.907600000000000000e+04 4.859033333333333576e+04 4.853200000000000000e+04 4.873933333333333576e+04 4.861233333333333576e+04 2.003013333333333430e+05 3.947753333333333721e+05 1.970907166535752930e+00
5.136133333333333576e+04 5.088166666666666424e+04 5.044433333333333576e+04 4.989933333333333576e+04 4.907600000000000000e+04 4.859033333333333576e+04 4.853200000000000000e+04 4.873933333333333576e+04 2.025866666666666861e+05 3.975243333333333721e+05 1.962243319731473035e+00
5.202233333333333576e+04 5.136133333333333576e+04 5.088166666666666424e+04 5.044433333333333576e+04 4.989933333333333576e+04 4.907600000000000000e+04 4.859033333333333576e+04 4.853200000000000000e+04 2.047096666666666861e+05 4.008073333333333721e+05 1.957930662776061759e+00
5.323066666666666424e+04 5.202233333333333576e+04 5.136133333333333576e+04 5.088166666666666424e+04 5.044433333333333576e+04 4.989933333333333576e+04 4.907600000000000000e+04 4.859033333333333576e+04 2.074960000000000000e+05 4.055060000000000000e+05 1.954283456066622904e+00
5.287233333333333576e+04 5.323066666666666424e+04 5.202233333333333576e+04 5.136133333333333576e+04 5.088166666666666424e+04 5.044433333333333576e+04 4.989933333333333576e+04 4.907600000000000000e+04 2.094866666666666861e+05 4.097880000000000000e+05 1.956153136237787526e+00
5.309133333333333576e+04 5.287233333333333576e+04 5.323066666666666424e+04 5.202233333333333576e+04 5.136133333333333576e+04 5.088166666666666424e+04 5.044433333333333576e+04 4.989933333333333576e+04 2.112166666666666861e+05 4.138033333333333721e+05 1.959141481890633640e+00
5.327433333333333576e+04 5.309133333333333576e+04 5.287233333333333576e+04 5.323066666666666424e+04 5.202233333333333576e+04 5.136133333333333576e+04 5.088166666666666424e+04 5.044433333333333576e+04 2.124686666666666570e+05 4.171783333333333721e+05 1.963481674160582280e+00
5.328433333333333576e+04 5.327433333333333576e+04 5.309133333333333576e+04 5.287233333333333576e+04 5.323066666666666424e+04 5.202233333333333576e+04 5.136133333333333576e+04 5.088166666666666424e+04 2.125223333333333430e+05 4.200183333333333721e+05 1.976349152324383240e+00
5.403800000000000000e+04 5.328433333333333576e+04 5.327433333333333576e+04 5.309133333333333576e+04 5.287233333333333576e+04 5.323066666666666424e+04 5.202233333333333576e+04 5.136133333333333576e+04 2.136880000000000291e+05 4.231746666666667443e+05 1.980338936518038828e+00
5.438033333333333576e+04 5.403800000000000000e+04 5.328433333333333576e+04 5.327433333333333576e+04 5.309133333333333576e+04 5.287233333333333576e+04 5.323066666666666424e+04 5.202233333333333576e+04 2.149770000000000291e+05 4.261936666666667443e+05 1.982508206304240295e+00
5.491700000000000000e+04 5.438033333333333576e+04 5.403800000000000000e+04 5.328433333333333576e+04 5.327433333333333576e+04 5.309133333333333576e+04 5.287233333333333576e+04 5.323066666666666424e+04 2.166196666666666861e+05 4.290883333333333721e+05 1.980837381647403417e+00
5.524566666666666424e+04 5.491700000000000000e+04 5.438033333333333576e+04 5.403800000000000000e+04 5.328433333333333576e+04 5.327433333333333576e+04 5.309133333333333576e+04 5.287233333333333576e+04 2.185810000000000000e+05 4.311033333333333721e+05 1.972281823824272751e+00
5.592133333333333576e+04 5.524566666666666424e+04 5.491700000000000000e+04 5.438033333333333576e+04 5.403800000000000000e+04 5.328433333333333576e+04 5.327433333333333576e+04 5.309133333333333576e+04 2.204643333333333430e+05 4.341523333333333721e+05 1.969263357791812163e+00
