1.589410869565217297e+02 1.128488043478260892e+02 8.455483516483516837e+01 1.209094444444444463e+02 1.388489130434782624e+02 1.219118478260869693e+02 8.060560439560438795e+01 9.569466666666667720e+01 4.772541709136274335e+02 9.143152028454637730e+02 1.915782529663705880e+00
1.532521978021977986e+02 1.589410869565217297e+02 1.128488043478260892e+02 8.455483516483516837e+01 1.209094444444444463e+02 1.388489130434782624e+02 1.219118478260869693e+02 8.060560439560438795e+01 5.095969242713807716e+02 9.718727339809947807e+02 1.907140109549471330e+00
1.062736263736263709e+02 1.532521978021977986e+02 1.589410869565217297e+02 1.128488043478260892e+02 8.455483516483516837e+01 1.209094444444444463e+02 1.388489130434782624e+02 1.219118478260869693e+02 5.313157154801720026e+02 9.975407559590169058e+02 1.877491530732340541e+00
1.516116304347826258e+02 1.062736263736263709e+02 1.532521978021977986e+02 1.589410869565217297e+02 1.128488043478260892e+02 8.455483516483516837e+01 1.209094444444444463e+02 1.388489130434782624e+02 5.700785415671285818e+02 1.027240538567712520e+03 1.801928091774616769e+00
1.499322826086956582e+02 1.516116304347826258e+02 1.062736263736263709e+02 1.532521978021977986e+02 1.589410869565217297e+02 1.128488043478260892e+02 8.455483516483516837e+01 1.209094444444444463e+02 5.610697372193023966e+02 1.038323908132929773e+03 1.850614708394235697e+00
1.231352222222221968e+02 1.499322826086956582e+02 1.516116304347826258e+02 1.062736263736263709e+02 1.532521978021977986e+02 1.589410869565217297e+02 1.128488043478260892e+02 8.455483516483516837e+01 5.309527616393268090e+02 1.040549685910707467e+03 1.959778272360784834e+00
1.350451648351648259e+02 1.231352222222221968e+02 1.499322826086956582e+02 1.516116304347826258e+02 1.062736263736263709e+02 1.532521978021977986e+02 1.589410869565217297e+02 1.128488043478260892e+02 5.597243001008653209e+02 1.091040015581037323e+03 1.949245397036408978e+00
1.336160869565217126e+02 1.350451648351648259e+02 1.231352222222221968e+02 1.499322826086956582e+02 1.516116304347826258e+02 1.062736263736263709e+02 1.532521978021977986e+02 1.589410869565217297e+02 5.417287566226043509e+02 1.111807298189733046e+03 2.052332065813287088e+00
9.006163043478261443e+01 1.336160869565217126e+02 1.350451648351648259e+02 1.231352222222221968e+02 1.499322826086956582e+02 1.516116304347826258e+02 1.062736263736263709e+02 1.532521978021977986e+02 4.818581044486913356e+02 1.042927841667993789e+03 2.164387881078060349e+00
8.678822222222221683e+01 9.006163043478261443e+01 1.336160869565217126e+02 1.350451648351648259e+02 1.231352222222221968e+02 1.499322826086956582e+02 1.516116304347826258e+02 1.062736263736263709e+02 4.455111044486913556e+02 9.764638660880182215e+02 2.191783451270798988e+00
1.015046153846153913e+02 8.678822222222221683e+01 9.006163043478261443e+01 1.336160869565217126e+02 1.350451648351648259e+02 1.231352222222221968e+02 1.499322826086956582e+02 1.516116304347826258e+02 4.119705549981419495e+02 9.716948550990073272e+02 2.358651227157217090e+00
9.307173913043480695e+01 1.015046153846153913e+02 8.678822222222221683e+01 9.006163043478261443e+01 1.336160869565217126e+02 1.350451648351648259e+02 1.231352222222221968e+02 1.499322826086956582e+02 3.714262071720550011e+02 9.131549637946593521e+02 2.458509782460397197e+00
9.634586956521741286e+01 9.307173913043480695e+01 1.015046153846153913e+02 8.678822222222221683e+01 9.006163043478261443e+01 1.336160869565217126e+02 1.350451648351648259e+02 1.231352222222221968e+02 3.777104463024897996e+02 8.595685507511811920e+02 2.275734121641938668e+00
1.222897777777777719e+02 9.634586956521741286e+01 9.307173913043480695e+01 1.015046153846153913e+02 8.678822222222221683e+01 9.006163043478261443e+01 1.336160869565217126e+02 1.350451648351648259e+02 4.132120018580453689e+02 8.587231063067367813e+02 2.078165935271507614e+00
7.563967032967032367e+01 1.222897777777777719e+02 9.634586956521741286e+01 9.307173913043480695e+01 1.015046153846153913e+02 8.678822222222221683e+01 9.006163043478261443e+01 1.336160869565217126e+02 3.873470568031003154e+02 7.993176118012422648e+02 2.063569601892079053e+00
6.349619565217393102e+01 7.563967032967032367e+01 1.222897777777777719e+02 9.634586956521741286e+01 9.307173913043480695e+01 1.015046153846153913e+02 8.678822222222221683e+01 9.006163043478261443e+01 3.577715133248394750e+02 7.291977204968944761e+02 2.038165961622600442e+00
9.525293478260870472e+01 6.349619565217393102e+01 7.563967032967032367e+01 1.222897777777777719e+02 9.634586956521741286e+01 9.307173913043480695e+01 1.015046153846153913e+02 8.678822222222221683e+01 3.566785785422307526e+02 7.343890248447205522e+02 2.058965884203693086e+00
9.597439560439562456e+01 9.525293478260870472e+01 6.349619565217393102e+01 7.563967032967032367e+01 1.222897777777777719e+02 9.634586956521741286e+01 9.307173913043480695e+01 1.015046153846153913e+02 3.303631963688485484e+02 7.435751982268939173e+02 2.250780978026065249e+00
7.080802197802196929e+01 9.597439560439562456e+01 9.525293478260870472e+01 6.349619565217393102e+01 7.563967032967032367e+01 1.222897777777777719e+02 9.634586956521741286e+01 9.307173913043480695e+01 3.255315480172002367e+02 7.128786048203005521e+02 2.189890992631638778e+00
6.917489130434782396e+01 7.080802197802196929e+01 9.597439560439562456e+01 9.525293478260870472e+01 6.349619565217393102e+01 7.563967032967032367e+01 1.222897777777777719e+02 9.634586956521741286e+01 3.312102436693741083e+02 6.889817569942135833e+02 2.080194589881041889e+00
6.569260869565216865e+01 6.917489130434782396e+01 7.080802197802196929e+01 9.597439560439562456e+01 9.525293478260870472e+01 6.349619565217393102e+01 7.563967032967032367e+01 1.222897777777777719e+02 3.016499175824176291e+02 6.583284961246483817e+02 2.182425579296828566e+00
6.721722222222223309e+01 6.569260869565216865e+01 6.917489130434782396e+01 7.080802197802196929e+01 9.597439560439562456e+01 9.525293478260870472e+01 6.349619565217393102e+01 7.563967032967032367e+01 2.728927442002441808e+02 6.032559405690926724e+02 2.210597215902645907e+00
7.138692307692308248e+01 6.721722222222223309e+01 6.569260869565216865e+01 6.917489130434782396e+01 7.080802197802196929e+01 9.597439560439562456e+01 9.525293478260870472e+01 6.349619565217393102e+01 2.734716452991452798e+02 5.990031933163454596e+02 2.190366729468817830e+00
5.893684782608695372e+01 7.138692307692308248e+01 6.721722222222223309e+01 6.569260869565216865e+01 6.917489130434782396e+01 7.080802197802196929e+01 9.597439560439562456e+01 9.525293478260870472e+01 2.632336018208844166e+02 5.944438454902585818e+02 2.258236947632331404e+00
7.318510869565217547e+01 5.893684782608695372e+01 7.138692307692308248e+01 6.721722222222223309e+01 6.569260869565216865e+01 6.917489130434782396e+01 7.080802197802196929e+01 9.597439560439562456e+01 2.707261018208844234e+02 5.723760194033020525e+02 2.114225468300034105e+00
8.914455555555555577e+01 7.318510869565217547e+01 5.893684782608695372e+01 7.138692307692308248e+01 6.721722222222223309e+01 6.569260869565216865e+01 6.917489130434782396e+01 7.080802197802196929e+01 2.926534351542177887e+02 5.655461793544619695e+02 1.932477502122739610e+00
6.901175824175824403e+01 8.914455555555555577e+01 7.318510869565217547e+01 5.893684782608695372e+01 7.138692307692308248e+01 6.721722222222223309e+01 6.569260869565216865e+01 6.917489130434782396e+01 2.902782703190529219e+02 5.637499156181982016e+02 1.942101677120250836e+00
1.141785869565217411e+02 6.901175824175824403e+01 8.914455555555555577e+01 7.318510869565217547e+01 5.893684782608695372e+01 7.138692307692308248e+01 6.721722222222223309e+01 6.569260869565216865e+01 3.455200094494877021e+02 6.087536112703721756e+02 1.761847634353480574e+00
9.762413043478261443e+01 1.141785869565217411e+02 6.901175824175824403e+01 8.914455555555555577e+01 7.318510869565217547e+01 5.893684782608695372e+01 7.138692307692308248e+01 6.721722222222223309e+01 3.699590311886181553e+02 6.406851330095025787e+02 1.731773193780634434e+00
7.062788888888887584e+01 9.762413043478261443e+01 1.141785869565217411e+02 6.901175824175824403e+01 8.914455555555555577e+01 7.318510869565217547e+01 5.893684782608695372e+01 7.138692307692308248e+01 3.514423645219515038e+02 6.440957996761692357e+02 1.832720994101831646e+00
4.991978021978021474e+01 7.062788888888887584e+01 9.762413043478261443e+01 1.141785869565217411e+02 6.901175824175824403e+01 8.914455555555555577e+01 7.318510869565217547e+01 5.893684782608695372e+01 3.323503864999734105e+02 6.226286568190263324e+02 1.873410358796366637e+00
6.094749999999999801e+01 4.991978021978021474e+01 7.062788888888887584e+01 9.762413043478261443e+01 1.141785869565217411e+02 6.901175824175824403e+01 8.914455555555555577e+01 7.318510869565217547e+01 2.791192995434516888e+02 6.246393089929393909e+02 2.237893653411447747e+00
6.130184782608694860e+01 6.094749999999999801e+01 4.991978021978021474e+01 7.062788888888887584e+01 9.762413043478261443e+01 1.141785869565217411e+02 6.901175824175824403e+01 8.914455555555555577e+01 2.427970169347560159e+02 6.127560481233741712e+02 2.523737959630834027e+00
5.787186813186813339e+01 6.130184782608694860e+01 6.094749999999999801e+01 4.991978021978021474e+01 7.062788888888887584e+01 9.762413043478261443e+01 1.141785869565217411e+02 6.901175824175824403e+01 2.300409961777353089e+02 5.814833606996868411e+02 2.527737970019998226e+00
6.827417582417581343e+01 5.787186813186813339e+01 6.130184782608694860e+01 6.094749999999999801e+01 4.991978021978021474e+01 7.062788888888887584e+01 9.762413043478261443e+01 1.141785869565217411e+02 2.483953917821308721e+02 5.807457782821043111e+02 2.337989340766353674e+00
5.637565217391304628e+01 6.827417582417581343e+01 5.787186813186813339e+01 6.130184782608694860e+01 6.094749999999999801e+01 4.991978021978021474e+01 7.062788888888887584e+01 9.762413043478261443e+01 2.438235439560439204e+02 5.229428434994956660e+02 2.144759423207181825e+00
1.098393478260869500e+02 5.637565217391304628e+01 6.827417582417581343e+01 5.787186813186813339e+01 6.130184782608694860e+01 6.094749999999999801e+01 4.991978021978021474e+01 7.062788888888887584e+01 2.923610439560439431e+02 5.351580608908000158e+02 1.830469797375809948e+00
1.233474444444444487e+02 1.098393478260869500e+02 5.637565217391304628e+01 6.827417582417581343e+01 5.787186813186813339e+01 6.130184782608694860e+01 6.094749999999999801e+01 4.991978021978021474e+01 3.578366202686202655e+02 5.878776164463555460e+02 1.642865998468933775e+00
9.074868131868130661e+01 1.233474444444444487e+02 1.098393478260869500e+02 5.637565217391304628e+01 6.827417582417581343e+01 5.787186813186813339e+01 6.130184782608694860e+01 6.094749999999999801e+01 3.803111257631258013e+02 6.287065175452567019e+02 1.653137326139762386e+00
1.346954347826086860e+02 9.074868131868130661e+01 1.233474444444444487e+02 1.098393478260869500e+02 5.637565217391304628e+01 6.827417582417581343e+01 5.787186813186813339e+01 6.130184782608694860e+01 4.586309083718214197e+02 7.024544523278652832e+02 1.531633475863277694e+00
1.729882608695652380e+02 1.346954347826086860e+02 9.074868131868130661e+01 1.233474444444444487e+02 1.098393478260869500e+02 5.637565217391304628e+01 6.827417582417581343e+01 5.787186813186813339e+01 5.217798214152996934e+02 8.141408653713435797e+02 1.560314968031976113e+00
1.083032222222222316e+02 1.729882608695652380e+02 1.346954347826086860e+02 9.074868131868130661e+01 1.233474444444444487e+02 1.098393478260869500e+02 5.637565217391304628e+01 6.827417582417581343e+01 5.067355991930774621e+02 8.645722194616977276e+02 1.706160413514339558e+00
8.381571428571426452e+01 1.083032222222222316e+02 1.729882608695652380e+02 1.346954347826086860e+02 9.074868131868130661e+01 1.233474444444444487e+02 1.098393478260869500e+02 5.637565217391304628e+01 4.998026321601104200e+02 8.801137579232362214e+02 1.760922614831876620e+00
1.266659782608695508e+02 8.381571428571426452e+01 1.083032222222222316e+02 1.729882608695652380e+02 1.346954347826086860e+02 9.074868131868130661e+01 1.233474444444444487e+02 1.098393478260869500e+02 4.917731756383712991e+02 9.504040840101927188e+02 1.932606598105868878e+00
1.344988043478261091e+02 1.266659782608695508e+02 8.381571428571426452e+01 1.083032222222222316e+02 1.729882608695652380e+02 1.346954347826086860e+02 9.074868131868130661e+01 1.233474444444444487e+02 4.532837191166321418e+02 9.750635405319318352e+02 2.151110881352972459e+00
1.966336666666666417e+02 1.344988043478261091e+02 1.266659782608695508e+02 8.381571428571426452e+01 1.083032222222222316e+02 1.729882608695652380e+02 1.346954347826086860e+02 9.074868131868130661e+01 5.416141635610765661e+02 1.048349762754153971e+03 1.935602562276667715e+00
1.138378021978022190e+02 1.966336666666666417e+02 1.344988043478261091e+02 1.266659782608695508e+02 8.381571428571426452e+01 1.083032222222222316e+02 1.729882608695652380e+02 1.346954347826086860e+02 5.716362514731645206e+02 1.071438883633275054e+03 1.874336837231838526e+00
8.940250000000000341e+01 1.138378021978022190e+02 1.966336666666666417e+02 1.344988043478261091e+02 1.266659782608695508e+02 8.381571428571426452e+01 1.083032222222222316e+02 1.729882608695652380e+02 5.343727732122949874e+02 1.026145948850666173e+03 1.920281122636837923e+00
6.700489130434782226e+01 8.940250000000000341e+01 1.138378021978022190e+02 1.966336666666666417e+02 1.344988043478261091e+02 1.266659782608695508e+02 8.381571428571426452e+01 1.083032222222222316e+02 4.668788601688166864e+02 9.201625792854488282e+02 1.970880795401040997e+00
7.975527472527471673e+01 6.700489130434782226e+01 8.940250000000000341e+01 1.138378021978022190e+02 1.966336666666666417e+02 1.344988043478261091e+02 1.266659782608695508e+02 8.381571428571426452e+01 3.500004682274247898e+02 8.916146317885013559e+02 2.547466968556008293e+00
7.203186813186813708e+01 7.975527472527471673e+01 6.700489130434782226e+01 8.940250000000000341e+01 1.138378021978022190e+02 1.966336666666666417e+02 1.344988043478261091e+02 1.266659782608695508e+02 3.081945341614906511e+02 8.798307856346551716e+02 2.854790361640979768e+00
6.873684782608695798e+01 7.203186813186813708e+01 7.975527472527471673e+01 6.700489130434782226e+01 8.940250000000000341e+01 1.138378021978022190e+02 1.966336666666666417e+02 1.344988043478261091e+02 2.875288819875776198e+02 8.219016551998726072e+02 2.858501203490861897e+00
7.158956521739129641e+01 6.873684782608695798e+01 7.203186813186813708e+01 7.975527472527471673e+01 6.700489130434782226e+01 8.940250000000000341e+01 1.138378021978022190e+02 1.966336666666666417e+02 2.921135559006211224e+02 7.589924160694378088e+02 2.598278651359993141e+00
6.210888888888889170e+01 7.158956521739129641e+01 6.873684782608695798e+01 7.203186813186813708e+01 7.975527472527471673e+01 6.700489130434782226e+01 8.940250000000000341e+01 1.138378021978022190e+02 2.744671700642352903e+02 6.244676382916600232e+02 2.275199755750430430e+00
6.648043956043957792e+01 6.210888888888889170e+01 7.158956521739129641e+01 6.873684782608695798e+01 7.203186813186813708e+01 7.975527472527471673e+01 6.700489130434782226e+01 8.940250000000000341e+01 2.689157414928067169e+02 5.771102756542973111e+02 2.146063567906583813e+00
6.384369565217392051e+01 6.648043956043957792e+01 6.210888888888889170e+01 7.158956521739129641e+01 6.873684782608695798e+01 7.203186813186813708e+01 7.975527472527471673e+01 6.700489130434782226e+01 2.640225893188936652e+02 5.515514713064712851e+02 2.089031369358674173e+00
5.735804347826086769e+01 6.384369565217392051e+01 6.648043956043957792e+01 6.210888888888889170e+01 7.158956521739129641e+01 6.873684782608695798e+01 7.203186813186813708e+01 7.975527472527471673e+01 2.497910675797632507e+02 5.419046234803843163e+02 2.169431552260544294e+00
5.804911111111110955e+01 5.735804347826086769e+01 6.384369565217392051e+01 6.648043956043957792e+01 6.210888888888889170e+01 7.158956521739129641e+01 6.873684782608695798e+01 7.203186813186813708e+01 2.457312898019854686e+02 5.201984598662207873e+02 2.116940257325006236e+00
6.838516483516484357e+01 5.804911111111110955e+01 5.735804347826086769e+01 6.384369565217392051e+01 6.648043956043957792e+01 6.210888888888889170e+01 7.158956521739129641e+01 6.873684782608695798e+01 2.476360150767107484e+02 5.165517565695174653e+02 2.085931468447770332e+00
6.191163043478259453e+01 6.838516483516484357e+01 5.804911111111110955e+01 5.735804347826086769e+01 6.384369565217392051e+01 6.648043956043957792e+01 6.210888888888889170e+01 7.158956521739129641e+01 2.457039498593194082e+02 5.097265391782131019e+02 2.074555738603562460e+00
4.371804347826087422e+01 6.191163043478259453e+01 6.838516483516484357e+01 5.804911111111110955e+01 5.735804347826086769e+01 6.384369565217392051e+01 6.648043956043957792e+01 6.210888888888889170e+01 2.320639498593194219e+02 4.818550174390826442e+02 2.076388933874435239e+00
5.662933333333332797e+01 4.371804347826087422e+01 6.191163043478259453e+01 6.838516483516484357e+01 5.804911111111110955e+01 5.735804347826086769e+01 6.384369565217392051e+01 6.648043956043957792e+01 2.306441720815416261e+02 4.763754618835271231e+02 2.065412958776647656e+00
5.038043956043956939e+01 5.662933333333332797e+01 4.371804347826087422e+01 6.191163043478259453e+01 6.838516483516484357e+01 5.804911111111110955e+01 5.735804347826086769e+01 6.384369565217392051e+01 2.126394468068163519e+02 4.602754618835271003e+02 2.164581731167166456e+00
6.671728260869565474e+01 5.038043956043956939e+01 5.662933333333332797e+01 4.371804347826087422e+01 6.191163043478259453e+01 6.838516483516484357e+01 5.804911111111110955e+01 5.735804347826086769e+01 2.174450989807294263e+02 4.631490488400488630e+02 2.129958555106796769e+00
7.626282608695650822e+01 6.671728260869565474e+01 5.038043956043956939e+01 5.662933333333332797e+01 4.371804347826087422e+01 6.191163043478259453e+01 6.838516483516484357e+01 5.804911111111110955e+01 2.499898815894250959e+02 4.820538314487445177e+02 1.928293370851118516e+00
1.411625274725274721e+02 7.626282608695650822e+01 6.671728260869565474e+01 5.038043956043956939e+01 5.662933333333332797e+01 4.371804347826087422e+01 6.191163043478259453e+01 6.838516483516484357e+01 3.345230757286192329e+02 5.651672478101609158e+02 1.689471635339892197e+00
9.445241758241758134e+01 1.411625274725274721e+02 7.626282608695650822e+01 6.671728260869565474e+01 5.038043956043956939e+01 5.662933333333332797e+01 4.371804347826087422e+01 6.191163043478259453e+01 3.785950537505972306e+02 5.912345005574136394e+02 1.561654054114754775e+00
1.250863043478260863e+02 9.445241758241758134e+01 1.411625274725274721e+02 7.626282608695650822e+01 6.671728260869565474e+01 5.038043956043956939e+01 5.662933333333332797e+01 4.371804347826087422e+01 4.369640754897276906e+02 6.544091744704571738e+02 1.497626947334349534e+00
2.096803260869565690e+02 1.250863043478260863e+02 9.445241758241758134e+01 1.411625274725274721e+02 7.626282608695650822e+01 6.671728260869565474e+01 5.038043956043956939e+01 5.662933333333332797e+01 5.703815754897277657e+02 8.203714570791528331e+02 1.438285337977098122e+00
2.138644444444444446e+02 2.096803260869565690e+02 1.250863043478260863e+02 9.445241758241758134e+01 1.411625274725274721e+02 7.626282608695650822e+01 6.671728260869565474e+01 5.038043956043956939e+01 6.430834924616447097e+02 9.776065681902639426e+02 1.520186071715363019e+00
1.230971428571428845e+02 2.138644444444444446e+02 2.096803260869565690e+02 1.250863043478260863e+02 9.445241758241758134e+01 1.411625274725274721e+02 7.626282608695650822e+01 6.671728260869565474e+01 6.717282177363699702e+02 1.050323271486967315e+03 1.563613443285752691e+00
1.026279347826087047e+02 1.230971428571428845e+02 2.138644444444444446e+02 2.096803260869565690e+02 1.250863043478260863e+02 9.445241758241758134e+01 1.411625274725274721e+02 7.626282608695650822e+01 6.492698481711526028e+02 1.086233923660880237e+03 1.673008421260524070e+00
1.076023913043478331e+02 1.026279347826087047e+02 1.230971428571428845e+02 2.138644444444444446e+02 2.096803260869565690e+02 1.250863043478260863e+02 9.445241758241758134e+01 1.411625274725274721e+02 5.471919133885438669e+02 1.117573488878271746e+03 2.042379394749420651e+00
1.391006666666666547e+02 1.076023913043478331e+02 1.026279347826087047e+02 1.230971428571428845e+02 2.138644444444444446e+02 2.096803260869565690e+02 1.250863043478260863e+02 9.445241758241758134e+01 4.724281356107661054e+02 1.115511628072410758e+03 2.361230299356009699e+00
1.115265934065934204e+02 1.391006666666666547e+02 1.076023913043478331e+02 1.026279347826087047e+02 1.230971428571428845e+02 2.138644444444444446e+02 2.096803260869565690e+02 1.250863043478260863e+02 4.608575861602165560e+02 1.132585803896586640e+03 2.457561376678401022e+00
1.837418478260869676e+02 1.115265934065934204e+02 1.391006666666666547e+02 1.076023913043478331e+02 1.026279347826087047e+02 1.230971428571428845e+02 2.138644444444444446e+02 2.096803260869565690e+02 5.419714992036948615e+02 1.191241347374847464e+03 2.197977844084252563e+00
1.857309782608695627e+02 1.837418478260869676e+02 1.115265934065934204e+02 1.391006666666666547e+02 1.076023913043478331e+02 1.026279347826087047e+02 1.230971428571428845e+02 2.138644444444444446e+02 6.201000861602165060e+02 1.167291999548760487e+03 1.882425152973071780e+00
1.334538888888888835e+02 1.857309782608695627e+02 1.837418478260869676e+02 1.115265934065934204e+02 1.391006666666666547e+02 1.076023913043478331e+02 1.026279347826087047e+02 1.230971428571428845e+02 6.144533083824388768e+02 1.086881443993205039e+03 1.768859291936181632e+00
1.115654945054945131e+02 1.334538888888888835e+02 1.857309782608695627e+02 1.837418478260869676e+02 1.115265934065934204e+02 1.391006666666666547e+02 1.076023913043478331e+02 1.026279347826087047e+02 6.144922094813399553e+02 1.075349795641556511e+03 1.749981169898316313e+00
2.252320652173913231e+02 1.115654945054945131e+02 1.334538888888888835e+02 1.857309782608695627e+02 1.837418478260869676e+02 1.115265934065934204e+02 1.391006666666666547e+02 1.076023913043478331e+02 6.559824268726442824e+02 1.197953926076339030e+03 1.826198198307705356e+00
1.513493478260869836e+02 2.252320652173913231e+02 1.115654945054945131e+02 1.334538888888888835e+02 1.857309782608695627e+02 1.837418478260869676e+02 1.115265934065934204e+02 1.391006666666666547e+02 6.216007964378616180e+02 1.241700882598078124e+03 1.997585733019897836e+00
1.198575824175823925e+02 1.513493478260869836e+02 2.252320652173913231e+02 1.115654945054945131e+02 1.334538888888888835e+02 1.857309782608695627e+02 1.837418478260869676e+02 1.115265934065934204e+02 6.080044899665551839e+02 1.222457798348993947e+03 2.010606530909398781e+00
1.281828571428571308e+02 1.198575824175823925e+02 1.513493478260869836e+02 2.252320652173913231e+02 1.115654945054945131e+02 1.334538888888888835e+02 1.857309782608695627e+02 1.837418478260869676e+02 6.246218526039178869e+02 1.239114062085257956e+03 1.983782758991941453e+00
1.560490217391304384e+02 1.281828571428571308e+02 1.198575824175823925e+02 1.513493478260869836e+02 2.252320652173913231e+02 1.115654945054945131e+02 1.334538888888888835e+02 1.857309782608695627e+02 5.554388091256569169e+02 1.211421235998301199e+03 2.181016551409610482e+00
1.937309782608695912e+02 1.560490217391304384e+02 1.281828571428571308e+02 1.198575824175823925e+02 1.513493478260869836e+02 2.252320652173913231e+02 1.115654945054945131e+02 1.334538888888888835e+02 5.978204395604395813e+02 1.219421235998301199e+03 2.039778427273090777e+00
1.629185555555555709e+02 1.937309782608695912e+02 1.560490217391304384e+02 1.281828571428571308e+02 1.198575824175823925e+02 1.513493478260869836e+02 2.252320652173913231e+02 1.115654945054945131e+02 6.408814126984127597e+02 1.248885902664967944e+03 1.948700458336854791e+00
8.301967032967033333e+01 1.629185555555555709e+02 1.937309782608695912e+02 1.560490217391304384e+02 1.281828571428571308e+02 1.198575824175823925e+02 1.513493478260869836e+02 2.252320652173913231e+02 5.957182258852259338e+02 1.220340078489143707e+03 2.048518956551550030e+00
1.007676086956521573e+02 8.301967032967033333e+01 1.629185555555555709e+02 1.937309782608695912e+02 1.560490217391304384e+02 1.281828571428571308e+02 1.198575824175823925e+02 1.513493478260869836e+02 5.404368128417477237e+02 1.095875621967404641e+03 2.027759019976868249e+00
1.173726086956522039e+02 1.007676086956521573e+02 8.301967032967033333e+01 1.629185555555555709e+02 1.937309782608695912e+02 1.560490217391304384e+02 1.281828571428571308e+02 1.198575824175823925e+02 4.640784432765302654e+02 1.061898882836969733e+03 2.288188340185877578e+00
8.403400000000002024e+01 1.173726086956522039e+02 1.007676086956521573e+02 8.301967032967033333e+01 1.629185555555555709e+02 1.937309782608695912e+02 1.560490217391304384e+02 1.281828571428571308e+02 3.851938877209746579e+02 1.026075300419387531e+03 2.663789154314546881e+00
6.703472527472528952e+01 8.403400000000002024e+01 1.173726086956522039e+02 1.007676086956521573e+02 8.301967032967033333e+01 1.629185555555555709e+02 1.937309782608695912e+02 1.560490217391304384e+02 3.692089426660296567e+02 9.649271685512555905e+02 2.613498908188923942e+00
6.133597826086956672e+01 6.703472527472528952e+01 8.403400000000002024e+01 1.173726086956522039e+02 1.007676086956521573e+02 8.301967032967033333e+01 1.629185555555555709e+02 1.937309782608695912e+02 3.297773122312470946e+02 8.702141250729948752e+02 2.638793188000700507e+00
6.362684782608695855e+01 6.133597826086956672e+01 6.703472527472528952e+01 8.403400000000002024e+01 1.173726086956522039e+02 1.007676086956521573e+02 8.301967032967033333e+01 1.629185555555555709e+02 2.760315513616818635e+02 7.401099946382121288e+02 2.681251440232830685e+00
7.058955555555554895e+01 6.362684782608695855e+01 6.133597826086956672e+01 6.703472527472528952e+01 8.403400000000002024e+01 1.173726086956522039e+02 1.007676086956521573e+02 8.301967032967033333e+01 2.625871069172374064e+02 6.477809946382120643e+02 2.466918510368373063e+00
6.527835164835164505e+01 7.058955555555554895e+01 6.362684782608695855e+01 6.133597826086956672e+01 6.703472527472528952e+01 8.403400000000002024e+01 1.173726086956522039e+02 1.007676086956521573e+02 2.608307332908636909e+02 6.300396759568933476e+02 2.415511653890527910e+00
7.904206521739131119e+01 6.527835164835164505e+01 7.058955555555554895e+01 6.362684782608695855e+01 6.133597826086956672e+01 6.703472527472528952e+01 8.403400000000002024e+01 1.173726086956522039e+02 2.785368202473854353e+02 6.083141324786324731e+02 2.183963082289629654e+00
6.420782608695651561e+01 7.904206521739131119e+01 6.527835164835164505e+01 7.058955555555554895e+01 6.362684782608695855e+01 6.133597826086956672e+01 6.703472527472528952e+01 8.403400000000002024e+01 2.791177985082550208e+02 5.551493498699369411e+02 1.988942850785340388e+00
7.421241758241757225e+01 6.420782608695651561e+01 7.904206521739131119e+01 6.527835164835164505e+01 7.058955555555554895e+01 6.362684782608695855e+01 6.133597826086956672e+01 6.703472527472528952e+01 2.827406605351170583e+02 5.453277674523544647e+02 1.928720709714206283e+00
8.014439560439561205e+01 7.421241758241757225e+01 6.420782608695651561e+01 7.904206521739131119e+01 6.527835164835164505e+01 7.058955555555554895e+01 6.362684782608695855e+01 6.133597826086956672e+01 2.976067044911609969e+02 5.584374377820247446e+02 1.876427611860506550e+00
7.236130434782609200e+01 8.014439560439561205e+01 7.421241758241757225e+01 6.420782608695651561e+01 7.904206521739131119e+01 6.527835164835164505e+01 7.058955555555554895e+01 6.362684782608695855e+01 2.909259436215958203e+02 5.694627638689812557e+02 1.957414855409647547e+00
1.061385869565217632e+02 7.236130434782609200e+01 8.014439560439561205e+01 7.421241758241757225e+01 6.420782608695651561e+01 7.904206521739131119e+01 6.527835164835164505e+01 7.058955555555554895e+01 3.328567044911609969e+02 6.119745029994160177e+02 1.838552430346695798e+00
1.256734444444444563e+02 1.061385869565217632e+02 7.236130434782609200e+01 8.014439560439561205e+01 7.421241758241757225e+01 6.420782608695651561e+01 7.904206521739131119e+01 6.527835164835164505e+01 3.843177313531879236e+02 6.670583918883049819e+02 1.735695070689513564e+00
9.615780219780218374e+01 1.256734444444444563e+02 1.061385869565217632e+02 7.236130434782609200e+01 8.014439560439561205e+01 7.421241758241757225e+01 6.420782608695651561e+01 7.904206521739131119e+01 4.003311379465944810e+02 6.979378424377555348e+02 1.743401340244642217e+00
8.598086956521740376e+01 9.615780219780218374e+01 1.256734444444444563e+02 1.061385869565217632e+02 7.236130434782609200e+01 8.014439560439561205e+01 7.421241758241757225e+01 6.420782608695651561e+01 4.139507031639857928e+02 7.048766467855816700e+02 1.702803356529982937e+00
