6.152160000000000082e+02 6.005960000000000036e+02 5.907330000000000609e+02 5.731770000000000209e+02 5.681860000000000355e+02 5.551490000000000009e+02 5.459259999999999309e+02 5.382350000000000136e+02 2.379722000000000207e+03 4.587218000000000757e+03 1.927627680880371841e+00
6.252830000000000155e+02 6.152160000000000082e+02 6.005960000000000036e+02 5.907330000000000609e+02 5.731770000000000209e+02 5.681860000000000355e+02 5.551490000000000009e+02 5.459259999999999309e+02 2.431827999999999975e+03 4.674265999999999622e+03 1.922120314430132204e+00
6.261630000000000109e+02 6.252830000000000155e+02 6.152160000000000082e+02 6.005960000000000036e+02 5.907330000000000609e+02 5.731770000000000209e+02 5.681860000000000355e+02 5.551490000000000009e+02 2.467257999999999811e+03 4.754502999999999702e+03 1.927039247618206108e+00
6.393650000000000091e+02 6.261630000000000109e+02 6.252830000000000155e+02 6.152160000000000082e+02 6.005960000000000036e+02 5.907330000000000609e+02 5.731770000000000209e+02 5.681860000000000355e+02 2.506027000000000044e+03 4.838719000000000960e+03 1.930832748410133304e+00
6.413969999999999345e+02 6.393650000000000091e+02 6.261630000000000109e+02 6.252830000000000155e+02 6.152160000000000082e+02 6.005960000000000036e+02 5.907330000000000609e+02 5.731770000000000209e+02 2.532208000000000084e+03 4.911930000000000291e+03 1.939781408162362775e+00
6.436030000000000655e+02 6.413969999999999345e+02 6.393650000000000091e+02 6.261630000000000109e+02 6.252830000000000155e+02 6.152160000000000082e+02 6.005960000000000036e+02 5.907330000000000609e+02 2.550528000000000247e+03 4.982355999999999767e+03 1.953460616782093373e+00
6.530940000000000509e+02 6.436030000000000655e+02 6.413969999999999345e+02 6.393650000000000091e+02 6.261630000000000109e+02 6.252830000000000155e+02 6.152160000000000082e+02 6.005960000000000036e+02 2.577458999999999833e+03 5.044716999999999643e+03 1.957244324739986219e+00
6.508969999999999345e+02 6.530940000000000509e+02 6.436030000000000655e+02 6.413969999999999345e+02 6.393650000000000091e+02 6.261630000000000109e+02 6.252830000000000155e+02 6.152160000000000082e+02 2.588990999999999985e+03 5.095018000000000029e+03 1.967955083660005045e+00
6.716000000000000227e+02 6.508969999999999345e+02 6.530940000000000509e+02 6.436030000000000655e+02 6.413969999999999345e+02 6.393650000000000091e+02 6.261630000000000109e+02 6.252830000000000155e+02 2.619193999999999960e+03 5.151402000000000044e+03 1.966789019828237173e+00
6.812310000000001082e+02 6.716000000000000227e+02 6.508969999999999345e+02 6.530940000000000509e+02 6.436030000000000655e+02 6.413969999999999345e+02 6.393650000000000091e+02 6.261630000000000109e+02 2.656822000000000116e+03 5.207350000000000364e+03 1.959992050652998197e+00
7.069880000000000564e+02 6.812310000000001082e+02 6.716000000000000227e+02 6.508969999999999345e+02 6.530940000000000509e+02 6.436030000000000655e+02 6.413969999999999345e+02 6.393650000000000091e+02 2.710715999999999894e+03 5.288174999999999272e+03 1.950840663499975536e+00
7.368830000000000382e+02 7.069880000000000564e+02 6.812310000000001082e+02 6.716000000000000227e+02 6.508969999999999345e+02 6.530940000000000509e+02 6.436030000000000655e+02 6.413969999999999345e+02 2.796702000000000226e+03 5.385693000000000211e+03 1.925730020574233370e+00
7.586489999999998872e+02 7.368830000000000382e+02 7.069880000000000564e+02 6.812310000000001082e+02 6.716000000000000227e+02 6.508969999999999345e+02 6.530940000000000509e+02 6.436030000000000655e+02 2.883751000000000204e+03 5.502944999999999709e+03 1.908259416294957322e+00
7.815729999999999791e+02 7.586489999999998872e+02 7.368830000000000382e+02 7.069880000000000564e+02 6.812310000000001082e+02 6.716000000000000227e+02 6.508969999999999345e+02 6.530940000000000509e+02 2.984092999999999847e+03 5.640914999999999964e+03 1.890328149960473825e+00
7.988510000000001128e+02 7.815729999999999791e+02 7.586489999999998872e+02 7.368830000000000382e+02 7.069880000000000564e+02 6.812310000000001082e+02 6.716000000000000227e+02 6.508969999999999345e+02 3.075956000000000131e+03 5.786672000000000480e+03 1.881259679917398175e+00
8.313989999999998872e+02 7.988510000000001128e+02 7.815729999999999791e+02 7.586489999999998872e+02 7.368830000000000382e+02 7.069880000000000564e+02 6.812310000000001082e+02 6.716000000000000227e+02 3.170471999999999753e+03 5.967173999999999978e+03 1.882109036130898083e+00
8.394220000000000255e+02 8.313989999999998872e+02 7.988510000000001128e+02 7.815729999999999791e+02 7.586489999999998872e+02 7.368830000000000382e+02 7.069880000000000564e+02 6.812310000000001082e+02 3.251244999999999891e+03 6.134996000000000095e+03 1.886968222942288387e+00
8.479400000000000546e+02 8.394220000000000255e+02 8.313989999999998872e+02 7.988510000000001128e+02 7.815729999999999791e+02 7.586489999999998872e+02 7.368830000000000382e+02 7.069880000000000564e+02 3.317612000000000080e+03 6.301704999999999927e+03 1.899470161067659424e+00
8.590460000000000491e+02 8.479400000000000546e+02 8.394220000000000255e+02 8.313989999999998872e+02 7.988510000000001128e+02 7.815729999999999791e+02 7.586489999999998872e+02 7.368830000000000382e+02 3.377807000000000244e+03 6.453763000000000829e+03 1.910636990212880804e+00
8.595769999999999982e+02 8.590460000000000491e+02 8.479400000000000546e+02 8.394220000000000255e+02 8.313989999999998872e+02 7.988510000000001128e+02 7.815729999999999791e+02 7.586489999999998872e+02 3.405985000000000127e+03 6.576457000000000335e+03 1.930853189312342844e+00
9.037970000000000255e+02 8.595769999999999982e+02 8.590460000000000491e+02 8.479400000000000546e+02 8.394220000000000255e+02 8.313989999999998872e+02 7.988510000000001128e+02 7.815729999999999791e+02 3.470360000000000127e+03 6.721604999999999563e+03 1.936861017300798515e+00
9.183739999999999100e+02 9.037970000000000255e+02 8.595769999999999982e+02 8.590460000000000491e+02 8.479400000000000546e+02 8.394220000000000255e+02 8.313989999999998872e+02 7.988510000000001128e+02 3.540793999999999869e+03 6.858405999999999949e+03 1.936968374889925792e+00
9.544500000000000455e+02 9.183739999999999100e+02 9.037970000000000255e+02 8.595769999999999982e+02 8.590460000000000491e+02 8.479400000000000546e+02 8.394220000000000255e+02 8.313989999999998872e+02 3.636198000000000320e+03 7.014005000000001019e+03 1.928939238182299398e+00
9.740570000000000164e+02 9.544500000000000455e+02 9.183739999999999100e+02 9.037970000000000255e+02 8.595769999999999982e+02 8.590460000000000491e+02 8.479400000000000546e+02 8.394220000000000255e+02 3.750677999999999884e+03 7.156663000000000466e+03 1.908098482461037859e+00
9.683339999999999463e+02 9.740570000000000164e+02 9.544500000000000455e+02 9.183739999999999100e+02 9.037970000000000255e+02 8.595769999999999982e+02 8.590460000000000491e+02 8.479400000000000546e+02 3.815215000000000146e+03 7.285575000000000728e+03 1.909610598616329646e+00
9.630210000000000719e+02 9.683339999999999463e+02 9.740570000000000164e+02 9.544500000000000455e+02 9.183739999999999100e+02 9.037970000000000255e+02 8.595769999999999982e+02 8.590460000000000491e+02 3.859862000000000080e+03 7.400655999999999949e+03 1.917336941061623445e+00
9.472949999999999591e+02 9.630210000000000719e+02 9.683339999999999463e+02 9.740570000000000164e+02 9.544500000000000455e+02 9.183739999999999100e+02 9.037970000000000255e+02 8.595769999999999982e+02 3.852707000000000335e+03 7.488905000000000655e+03 1.943803408875889094e+00
9.352630000000000337e+02 9.472949999999999591e+02 9.630210000000000719e+02 9.683339999999999463e+02 9.740570000000000164e+02 9.544500000000000455e+02 9.183739999999999100e+02 9.037970000000000255e+02 3.813913000000000011e+03 7.564591000000000349e+03 1.983419915451663407e+00
9.663400000000000318e+02 9.352630000000000337e+02 9.472949999999999591e+02 9.630210000000000719e+02 9.683339999999999463e+02 9.740570000000000164e+02 9.544500000000000455e+02 9.183739999999999100e+02 3.811919000000000324e+03 7.627134000000000015e+03 2.000864656358122939e+00
9.615729999999999791e+02 9.663400000000000318e+02 9.352630000000000337e+02 9.472949999999999591e+02 9.630210000000000719e+02 9.683339999999999463e+02 9.740570000000000164e+02 9.544500000000000455e+02 3.810471000000000004e+03 7.670333000000000538e+03 2.012961914681938413e+00
9.727530000000000427e+02 9.615729999999999791e+02 9.663400000000000318e+02 9.352630000000000337e+02 9.472949999999999591e+02 9.630210000000000719e+02 9.683339999999999463e+02 9.740570000000000164e+02 3.835929000000000087e+03 7.688636000000000422e+03 2.004373907859087200e+00
1.002419999999999959e+03 9.727530000000000427e+02 9.615729999999999791e+02 9.663400000000000318e+02 9.352630000000000337e+02 9.472949999999999591e+02 9.630210000000000719e+02 9.683339999999999463e+02 3.903086000000000240e+03 7.716998999999999796e+03 1.977153206462783475e+00
1.031174999999999955e+03 1.002419999999999959e+03 9.727530000000000427e+02 9.615729999999999791e+02 9.663400000000000318e+02 9.352630000000000337e+02 9.472949999999999591e+02 9.630210000000000719e+02 3.967920999999999822e+03 7.779840000000000146e+03 1.960684197089609615e+00
1.054005000000000109e+03 1.031174999999999955e+03 1.002419999999999959e+03 9.727530000000000427e+02 9.615729999999999791e+02 9.663400000000000318e+02 9.352630000000000337e+02 9.472949999999999591e+02 4.060353000000000520e+03 7.870824000000000524e+03 1.938458060173585684e+00
1.092722999999999956e+03 1.054005000000000109e+03 1.031174999999999955e+03 1.002419999999999959e+03 9.727530000000000427e+02 9.615729999999999791e+02 9.663400000000000318e+02 9.352630000000000337e+02 4.180323000000000320e+03 8.016252000000000407e+03 1.917615456987414646e+00
1.125201999999999998e+03 1.092722999999999956e+03 1.054005000000000109e+03 1.031174999999999955e+03 1.002419999999999959e+03 9.727530000000000427e+02 9.615729999999999791e+02 9.663400000000000318e+02 4.303105000000000473e+03 8.206191000000000713e+03 1.907039451744728442e+00
1.115402000000000044e+03 1.125201999999999998e+03 1.092722999999999956e+03 1.054005000000000109e+03 1.031174999999999955e+03 1.002419999999999959e+03 9.727530000000000427e+02 9.615729999999999791e+02 4.387332000000000335e+03 8.355253000000000611e+03 1.904404088863117739e+00
1.096682999999999993e+03 1.115402000000000044e+03 1.125201999999999998e+03 1.092722999999999956e+03 1.054005000000000109e+03 1.031174999999999955e+03 1.002419999999999959e+03 9.727530000000000427e+02 4.430010000000000218e+03 8.490363000000001193e+03 1.916556170302098794e+00
1.054591999999999871e+03 1.096682999999999993e+03 1.115402000000000044e+03 1.125201999999999998e+03 1.092722999999999956e+03 1.054005000000000109e+03 1.031174999999999955e+03 1.002419999999999959e+03 4.391878999999999905e+03 8.572202000000001135e+03 1.951830184756911946e+00
9.985099999999999909e+02 1.054591999999999871e+03 1.096682999999999993e+03 1.115402000000000044e+03 1.125201999999999998e+03 1.092722999999999956e+03 1.054005000000000109e+03 1.031174999999999955e+03 4.265186999999999898e+03 8.568292000000001281e+03 2.008890114313862885e+00
9.570529999999999973e+02 9.985099999999999909e+02 1.054591999999999871e+03 1.096682999999999993e+03 1.115402000000000044e+03 1.125201999999999998e+03 1.092722999999999956e+03 1.054005000000000109e+03 4.106837999999999738e+03 8.494170000000000073e+03 2.068299260891226066e+00
9.733260000000000218e+02 9.570529999999999973e+02 9.985099999999999909e+02 1.054591999999999871e+03 1.096682999999999993e+03 1.115402000000000044e+03 1.125201999999999998e+03 1.092722999999999956e+03 3.983480999999999767e+03 8.413490999999999985e+03 2.112095175049159224e+00
1.007493000000000052e+03 9.733260000000000218e+02 9.570529999999999973e+02 9.985099999999999909e+02 1.054591999999999871e+03 1.096682999999999993e+03 1.115402000000000044e+03 1.125201999999999998e+03 3.936381999999999607e+03 8.328260999999998603e+03 2.115714633386698740e+00
1.021601999999999975e+03 1.007493000000000052e+03 9.733260000000000218e+02 9.570529999999999973e+02 9.985099999999999909e+02 1.054591999999999871e+03 1.096682999999999993e+03 1.115402000000000044e+03 3.959474000000000160e+03 8.224661000000000058e+03 2.077210508264481614e+00
1.007613999999999919e+03 1.021601999999999975e+03 1.007493000000000052e+03 9.733260000000000218e+02 9.570529999999999973e+02 9.985099999999999909e+02 1.054591999999999871e+03 1.096682999999999993e+03 4.010034999999999854e+03 8.116872999999999593e+03 2.024140188302595789e+00
1.011490000000000009e+03 1.007613999999999919e+03 1.021601999999999975e+03 1.007493000000000052e+03 9.733260000000000218e+02 9.570529999999999973e+02 9.985099999999999909e+02 1.054591999999999871e+03 4.048198999999999614e+03 8.031679999999999382e+03 1.984013137694070839e+00
1.012331000000000017e+03 1.011490000000000009e+03 1.007613999999999919e+03 1.021601999999999975e+03 1.007493000000000052e+03 9.733260000000000218e+02 9.570529999999999973e+02 9.985099999999999909e+02 4.053036999999999807e+03 7.989418999999999869e+03 1.971217879333448053e+00
1.042523000000000138e+03 1.012331000000000017e+03 1.011490000000000009e+03 1.007613999999999919e+03 1.021601999999999975e+03 1.007493000000000052e+03 9.733260000000000218e+02 9.570529999999999973e+02 4.073958000000000084e+03 8.033432000000000698e+03 1.971898581183213039e+00
1.094771999999999935e+03 1.042523000000000138e+03 1.012331000000000017e+03 1.011490000000000009e+03 1.007613999999999919e+03 1.021601999999999975e+03 1.007493000000000052e+03 9.733260000000000218e+02 4.161115999999999985e+03 8.171150999999999840e+03 1.963692192190748864e+00
1.141286000000000058e+03 1.094771999999999935e+03 1.042523000000000138e+03 1.012331000000000017e+03 1.011490000000000009e+03 1.007613999999999919e+03 1.021601999999999975e+03 1.007493000000000052e+03 4.290912000000000262e+03 8.339111000000000786e+03 1.943435568009784564e+00
1.172309999999999945e+03 1.141286000000000058e+03 1.094771999999999935e+03 1.042523000000000138e+03 1.012331000000000017e+03 1.011490000000000009e+03 1.007613999999999919e+03 1.021601999999999975e+03 4.450890999999999622e+03 8.503927999999999884e+03 1.910612504327785288e+00
1.185987000000000080e+03 1.172309999999999945e+03 1.141286000000000058e+03 1.094771999999999935e+03 1.042523000000000138e+03 1.012331000000000017e+03 1.011490000000000009e+03 1.007613999999999919e+03 4.594354999999999563e+03 8.668313000000000102e+03 1.886731216895516594e+00
1.226442999999999984e+03 1.185987000000000080e+03 1.172309999999999945e+03 1.141286000000000058e+03 1.094771999999999935e+03 1.042523000000000138e+03 1.012331000000000017e+03 1.011490000000000009e+03 4.726025999999999840e+03 8.887141999999999825e+03 1.880468283500768001e+00
1.268200000000000045e+03 1.226442999999999984e+03 1.185987000000000080e+03 1.172309999999999945e+03 1.141286000000000058e+03 1.094771999999999935e+03 1.042523000000000138e+03 1.012331000000000017e+03 4.852940000000000509e+03 9.143852000000000771e+03 1.884188141621367718e+00
1.300133000000000038e+03 1.268200000000000045e+03 1.226442999999999984e+03 1.185987000000000080e+03 1.172309999999999945e+03 1.141286000000000058e+03 1.094771999999999935e+03 1.042523000000000138e+03 4.980762999999999920e+03 9.431653999999998632e+03 1.893616299350119325e+00
1.310884000000000015e+03 1.300133000000000038e+03 1.268200000000000045e+03 1.226442999999999984e+03 1.185987000000000080e+03 1.172309999999999945e+03 1.141286000000000058e+03 1.094771999999999935e+03 5.105659999999999854e+03 9.700014999999999418e+03 1.899855258673707192e+00
1.356375999999999976e+03 1.310884000000000015e+03 1.300133000000000038e+03 1.268200000000000045e+03 1.226442999999999984e+03 1.185987000000000080e+03 1.172309999999999945e+03 1.141286000000000058e+03 5.235592999999999847e+03 9.961618999999998778e+03 1.902672533942191269e+00
1.417187999999999874e+03 1.356375999999999976e+03 1.310884000000000015e+03 1.300133000000000038e+03 1.268200000000000045e+03 1.226442999999999984e+03 1.185987000000000080e+03 1.172309999999999945e+03 5.384581000000000131e+03 1.023752100000000064e+04 1.901266040941718583e+00
1.463414999999999964e+03 1.417187999999999874e+03 1.356375999999999976e+03 1.310884000000000015e+03 1.300133000000000038e+03 1.268200000000000045e+03 1.226442999999999984e+03 1.185987000000000080e+03 5.547863000000000284e+03 1.052862600000000020e+04 1.897780460692702675e+00
1.480135999999999967e+03 1.463414999999999964e+03 1.417187999999999874e+03 1.356375999999999976e+03 1.310884000000000015e+03 1.300133000000000038e+03 1.268200000000000045e+03 1.226442999999999984e+03 5.717114999999999782e+03 1.082277499999999964e+04 1.893048329445883082e+00
1.544522999999999911e+03 1.480135999999999967e+03 1.463414999999999964e+03 1.417187999999999874e+03 1.356375999999999976e+03 1.310884000000000015e+03 1.300133000000000038e+03 1.268200000000000045e+03 5.905261999999999716e+03 1.114085499999999956e+04 1.886597918940768448e+00
1.580470000000000027e+03 1.544522999999999911e+03 1.480135999999999967e+03 1.463414999999999964e+03 1.417187999999999874e+03 1.356375999999999976e+03 1.310884000000000015e+03 1.300133000000000038e+03 6.068543999999999869e+03 1.145312500000000000e+04 1.887293723173136817e+00
1.625069999999999936e+03 1.580470000000000027e+03 1.544522999999999911e+03 1.480135999999999967e+03 1.463414999999999964e+03 1.417187999999999874e+03 1.356375999999999976e+03 1.310884000000000015e+03 6.230199000000000524e+03 1.177806200000000172e+04 1.890479260774816428e+00
1.687522000000000162e+03 1.625069999999999936e+03 1.580470000000000027e+03 1.544522999999999911e+03 1.480135999999999967e+03 1.463414999999999964e+03 1.417187999999999874e+03 1.356375999999999976e+03 6.437585000000000036e+03 1.215470000000000073e+04 1.888083807825450267e+00
1.765432000000000016e+03 1.687522000000000162e+03 1.625069999999999936e+03 1.580470000000000027e+03 1.544522999999999911e+03 1.480135999999999967e+03 1.463414999999999964e+03 1.417187999999999874e+03 6.658494000000000597e+03 1.256375600000000122e+04 1.886876521928231742e+00
1.814612000000000080e+03 1.765432000000000016e+03 1.687522000000000162e+03 1.625069999999999936e+03 1.580470000000000027e+03 1.544522999999999911e+03 1.480135999999999967e+03 1.463414999999999964e+03 6.892635999999999513e+03 1.296118000000000029e+04 1.880438775527969453e+00
1.920457999999999856e+03 1.814612000000000080e+03 1.765432000000000016e+03 1.687522000000000162e+03 1.625069999999999936e+03 1.580470000000000027e+03 1.544522999999999911e+03 1.480135999999999967e+03 7.188023999999999432e+03 1.341822299999999996e+04 1.866747106019679636e+00
1.923587000000000216e+03 1.920457999999999856e+03 1.814612000000000080e+03 1.765432000000000016e+03 1.687522000000000162e+03 1.625069999999999936e+03 1.580470000000000027e+03 1.544522999999999911e+03 7.424088999999999942e+03 1.386167399999999907e+04 1.867121205039433018e+00
1.709112000000000080e+03 1.923587000000000216e+03 1.920457999999999856e+03 1.814612000000000080e+03 1.765432000000000016e+03 1.687522000000000162e+03 1.625069999999999936e+03 1.580470000000000027e+03 7.367769000000000233e+03 1.402626300000000083e+04 1.903732731034319947e+00
1.519492999999999938e+03 1.709112000000000080e+03 1.923587000000000216e+03 1.920457999999999856e+03 1.814612000000000080e+03 1.765432000000000016e+03 1.687522000000000162e+03 1.625069999999999936e+03 7.072649999999999636e+03 1.396528600000000006e+04 1.974547871024297852e+00
1.522742999999999938e+03 1.519492999999999938e+03 1.709112000000000080e+03 1.923587000000000216e+03 1.920457999999999856e+03 1.814612000000000080e+03 1.765432000000000016e+03 1.687522000000000162e+03 6.674935000000000400e+03 1.386295899999999892e+04 2.076868014445084398e+00
1.596440000000000055e+03 1.522742999999999938e+03 1.519492999999999938e+03 1.709112000000000080e+03 1.923587000000000216e+03 1.920457999999999856e+03 1.814612000000000080e+03 1.765432000000000016e+03 6.347787999999999556e+03 1.377187700000000041e+04 2.169555284454994570e+00
1.712283999999999878e+03 1.596440000000000055e+03 1.522742999999999938e+03 1.519492999999999938e+03 1.709112000000000080e+03 1.923587000000000216e+03 1.920457999999999856e+03 1.814612000000000080e+03 6.350960000000000946e+03 1.371872900000000118e+04 2.160103196996989272e+00
1.753227000000000089e+03 1.712283999999999878e+03 1.596440000000000055e+03 1.522742999999999938e+03 1.519492999999999938e+03 1.709112000000000080e+03 1.923587000000000216e+03 1.920457999999999856e+03 6.584693999999999505e+03 1.365734399999999914e+04 2.074104582536409502e+00
1.814026000000000067e+03 1.753227000000000089e+03 1.712283999999999878e+03 1.596440000000000055e+03 1.522742999999999938e+03 1.519492999999999938e+03 1.709112000000000080e+03 1.923587000000000216e+03 6.875977000000000771e+03 1.355091200000000026e+04 1.970761682303474593e+00
1.869845000000000027e+03 1.814026000000000067e+03 1.753227000000000089e+03 1.712283999999999878e+03 1.596440000000000055e+03 1.522742999999999938e+03 1.519492999999999938e+03 1.709112000000000080e+03 7.149381999999999607e+03 1.349716999999999825e+04 1.887879260053526131e+00
1.972239000000000033e+03 1.869845000000000027e+03 1.814026000000000067e+03 1.753227000000000089e+03 1.712283999999999878e+03 1.596440000000000055e+03 1.522742999999999938e+03 1.519492999999999938e+03 7.409336999999999534e+03 1.376029700000000048e+04 1.857156315065707108e+00
2.033325000000000045e+03 1.972239000000000033e+03 1.869845000000000027e+03 1.814026000000000067e+03 1.753227000000000089e+03 1.712283999999999878e+03 1.596440000000000055e+03 1.522742999999999938e+03 7.689435000000000400e+03 1.427412900000000081e+04 1.856330016444641240e+00
2.108322999999999865e+03 2.033325000000000045e+03 1.972239000000000033e+03 1.869845000000000027e+03 1.814026000000000067e+03 1.753227000000000089e+03 1.712283999999999878e+03 1.596440000000000055e+03 7.983732000000000880e+03 1.485970900000000256e+04 1.861248473771414336e+00
2.142856000000000222e+03 2.108322999999999865e+03 2.033325000000000045e+03 1.972239000000000033e+03 1.869845000000000027e+03 1.814026000000000067e+03 1.753227000000000089e+03 1.712283999999999878e+03 8.256743000000000393e+03 1.540612500000000000e+04 1.865884041685686334e+00
2.140977000000000317e+03 2.142856000000000222e+03 2.108322999999999865e+03 2.033325000000000045e+03 1.972239000000000033e+03 1.869845000000000027e+03 1.814026000000000067e+03 1.753227000000000089e+03 8.425481000000001586e+03 1.583481800000000112e+04 1.879396321705549822e+00
2.169572000000000116e+03 2.140977000000000317e+03 2.142856000000000222e+03 2.108322999999999865e+03 2.033325000000000045e+03 1.972239000000000033e+03 1.869845000000000027e+03 1.814026000000000067e+03 8.561728000000000975e+03 1.625116300000000047e+04 1.898117179148882006e+00
2.199802999999999884e+03 2.169572000000000116e+03 2.140977000000000317e+03 2.142856000000000222e+03 2.108322999999999865e+03 2.033325000000000045e+03 1.972239000000000033e+03 1.869845000000000027e+03 8.653208000000000538e+03 1.663694000000000233e+04 1.922632623646629346e+00
2.209353999999999814e+03 2.199802999999999884e+03 2.169572000000000116e+03 2.140977000000000317e+03 2.142856000000000222e+03 2.108322999999999865e+03 2.033325000000000045e+03 1.972239000000000033e+03 8.719706000000000131e+03 1.697644900000000052e+04 1.946906122752303903e+00
2.214000000000000000e+03 2.209353999999999814e+03 2.199802999999999884e+03 2.169572000000000116e+03 2.140977000000000317e+03 2.142856000000000222e+03 2.108322999999999865e+03 2.033325000000000045e+03 8.792728999999999360e+03 1.721820999999999913e+04 1.958232762547327477e+00
2.242211000000000240e+03 2.214000000000000000e+03 2.209353999999999814e+03 2.199802999999999884e+03 2.169572000000000116e+03 2.140977000000000317e+03 2.142856000000000222e+03 2.108322999999999865e+03 8.865368000000000393e+03 1.742709600000000137e+04 1.965749870732946603e+00
2.253056000000000040e+03 2.242211000000000240e+03 2.214000000000000000e+03 2.209353999999999814e+03 2.199802999999999884e+03 2.169572000000000116e+03 2.140977000000000317e+03 2.142856000000000222e+03 8.918620999999999185e+03 1.757182899999999790e+04 1.970240578672420195e+00
2.274106000000000222e+03 2.253056000000000040e+03 2.242211000000000240e+03 2.214000000000000000e+03 2.209353999999999814e+03 2.199802999999999884e+03 2.169572000000000116e+03 2.140977000000000317e+03 8.983372999999999593e+03 1.770307899999999790e+04 1.970649443143460466e+00
2.337058999999999742e+03 2.274106000000000222e+03 2.253056000000000040e+03 2.242211000000000240e+03 2.214000000000000000e+03 2.209353999999999814e+03 2.199802999999999884e+03 2.169572000000000116e+03 9.106432000000000698e+03 1.789916100000000006e+04 1.965551491517204319e+00
2.339987999999999829e+03 2.337058999999999742e+03 2.274106000000000222e+03 2.253056000000000040e+03 2.242211000000000240e+03 2.214000000000000000e+03 2.209353999999999814e+03 2.199802999999999884e+03 9.204209000000000742e+03 1.806957700000000114e+04 1.963186298790042583e+00
2.391260999999999967e+03 2.339987999999999829e+03 2.337058999999999742e+03 2.274106000000000222e+03 2.253056000000000040e+03 2.242211000000000240e+03 2.214000000000000000e+03 2.209353999999999814e+03 9.342413999999998850e+03 1.826103499999999622e+04 1.954637741380332638e+00
2.388969999999999800e+03 2.391260999999999967e+03 2.339987999999999829e+03 2.337058999999999742e+03 2.274106000000000222e+03 2.253056000000000040e+03 2.242211000000000240e+03 2.214000000000000000e+03 9.457277999999998428e+03 1.844065099999999802e+04 1.949889915470392365e+00
2.374373999999999796e+03 2.388969999999999800e+03 2.391260999999999967e+03 2.339987999999999829e+03 2.337058999999999742e+03 2.274106000000000222e+03 2.253056000000000040e+03 2.242211000000000240e+03 9.494592999999998938e+03 1.860102500000000146e+04 1.959117678872596580e+00
2.289041000000000167e+03 2.374373999999999796e+03 2.388969999999999800e+03 2.391260999999999967e+03 2.339987999999999829e+03 2.337058999999999742e+03 2.274106000000000222e+03 2.253056000000000040e+03 9.443646000000000640e+03 1.864785500000000320e+04 1.974645703576775491e+00
2.303945000000000164e+03 2.289041000000000167e+03 2.374373999999999796e+03 2.388969999999999800e+03 2.391260999999999967e+03 2.339987999999999829e+03 2.337058999999999742e+03 2.274106000000000222e+03 9.356329999999999927e+03 1.869874399999999878e+04 1.998512664687970508e+00
2.256619000000000142e+03 2.303945000000000164e+03 2.289041000000000167e+03 2.374373999999999796e+03 2.388969999999999800e+03 2.391260999999999967e+03 2.339987999999999829e+03 2.337058999999999742e+03 9.223978999999999360e+03 1.868125699999999779e+04 2.025292663827617190e+00
2.210059999999999945e+03 2.256619000000000142e+03 2.303945000000000164e+03 2.289041000000000167e+03 2.374373999999999796e+03 2.388969999999999800e+03 2.391260999999999967e+03 2.339987999999999829e+03 9.059665000000000873e+03 1.855425800000000163e+04 2.048007073109215259e+00
2.166532000000000153e+03 2.210059999999999945e+03 2.256619000000000142e+03 2.303945000000000164e+03 2.289041000000000167e+03 2.374373999999999796e+03 2.388969999999999800e+03 2.391260999999999967e+03 8.937156000000000859e+03 1.838080200000000332e+04 2.056672391082801088e+00
2.201807000000000244e+03 2.166532000000000153e+03 2.210059999999999945e+03 2.256619000000000142e+03 2.303945000000000164e+03 2.289041000000000167e+03 2.374373999999999796e+03 2.388969999999999800e+03 8.835018000000000029e+03 1.819134799999999814e+04 2.059005199536661834e+00
2.248441000000000258e+03 2.201807000000000244e+03 2.166532000000000153e+03 2.210059999999999945e+03 2.256619000000000142e+03 2.303945000000000164e+03 2.289041000000000167e+03 2.374373999999999796e+03 8.826840000000000146e+03 1.805081899999999951e+04 2.044992205591128709e+00
2.241485000000000127e+03 2.248441000000000258e+03 2.201807000000000244e+03 2.166532000000000153e+03 2.210059999999999945e+03 2.256619000000000142e+03 2.303945000000000164e+03 2.289041000000000167e+03 8.858264999999999418e+03 1.791793000000000029e+04 2.022735829194543200e+00
2.295576000000000022e+03 2.241485000000000127e+03 2.248441000000000258e+03 2.201807000000000244e+03 2.166532000000000153e+03 2.210059999999999945e+03 2.256619000000000142e+03 2.303945000000000164e+03 8.987309000000001106e+03 1.792446500000000378e+04 1.994419575425747659e+00
2.314898999999999887e+03 2.295576000000000022e+03 2.241485000000000127e+03 2.248441000000000258e+03 2.201807000000000244e+03 2.166532000000000153e+03 2.210059999999999945e+03 2.256619000000000142e+03 9.100401000000001659e+03 1.793541900000000169e+04 1.970838318003788947e+00
2.347712999999999738e+03 2.314898999999999887e+03 2.295576000000000022e+03 2.241485000000000127e+03 2.248441000000000258e+03 2.201807000000000244e+03 2.166532000000000153e+03 2.210059999999999945e+03 9.199672999999998865e+03 1.802651299999999901e+04 1.959473233450797824e+00
