0.000000000000000000e+00 0.000000000000000000e+00 0.000000000000000000e+00 0.000000000000000000e+00 0.000000000000000000e+00 0.000000000000000000e+00 0.000000000000000000e+00 0.000000000000000000e+00 0.000000000000000000e+00 0.000000000000000000e+00 -1.000000000000000000e+08
0.000000000000000000e+00 0.000000000000000000e+00 0.000000000000000000e+00 0.000000000000000000e+00 0.000000000000000000e+00 0.000000000000000000e+00 0.000000000000000000e+00 0.000000000000000000e+00 0.000000000000000000e+00 0.000000000000000000e+00 -1.000000000000000000e+08
0.000000000000000000e+00 0.000000000000000000e+00 0.000000000000000000e+00 0.000000000000000000e+00 0.000000000000000000e+00 0.000000000000000000e+00 0.000000000000000000e+00 0.000000000000000000e+00 0.000000000000000000e+00 0.000000000000000000e+00 -1.000000000000000000e+08
0.000000000000000000e+00 0.000000000000000000e+00 0.000000000000000000e+00 0.000000000000000000e+00 0.000000000000000000e+00 0.000000000000000000e+00 0.000000000000000000e+00 0.000000000000000000e+00 0.000000000000000000e+00 0.000000000000000000e+00 -1.000000000000000000e+08
0.000000000000000000e+00 0.000000000000000000e+00 0.000000000000000000e+00 0.000000000000000000e+00 0.000000000000000000e+00 0.000000000000000000e+00 0.000000000000000000e+00 0.000000000000000000e+00 0.000000000000000000e+00 0.000000000000000000e+00 -1.000000000000000000e+08
0.000000000000000000e+00 0.000000000000000000e+00 0.000000000000000000e+00 0.000000000000000000e+00 0.000000000000000000e+00 0.000000000000000000e+00 0.000000000000000000e+00 0.000000000000000000e+00 0.000000000000000000e+00 0.000000000000000000e+00 -1.000000000000000000e+08
0.000000000000000000e+00 0.000000000000000000e+00 0.000000000000000000e+00 0.000000000000000000e+00 0.000000000000000000e+00 0.000000000000000000e+00 0.000000000000000000e+00 0.000000000000000000e+00 0.000000000000000000e+00 0.000000000000000000e+00 -1.000000000000000000e+08
0.000000000000000000e+00 0.000000000000000000e+00 0.000000000000000000e+00 0.000000000000000000e+00 0.000000000000000000e+00 0.000000000000000000e+00 0.000000000000000000e+00 0.000000000000000000e+00 0.000000000000000000e+00 0.000000000000000000e+00 -1.000000000000000000e+08
0.000000000000000000e+00 0.000000000000000000e+00 0.000000000000000000e+00 0.000000000000000000e+00 0.000000000000000000e+00 0.000000000000000000e+00 0.000000000000000000e+00 0.000000000000000000e+00 0.000000000000000000e+00 0.000000000000000000e+00 -1.000000000000000000e+08
0.000000000000000000e+00 0.000000000000000000e+00 0.000000000000000000e+00 0.000000000000000000e+00 0.000000000000000000e+00 0.000000000000000000e+00 0.000000000000000000e+00 0.000000000000000000e+00 0.000000000000000000e+00 0.000000000000000000e+00 -1.000000000000000000e+08
0.000000000000000000e+00 0.000000000000000000e+00 0.000000000000000000e+00 0.000000000000000000e+00 0.000000000000000000e+00 0.000000000000000000e+00 0.000000000000000000e+00 0.000000000000000000e+00 0.000000000000000000e+00 0.000000000000000000e+00 -1.000000000000000000e+08
0.000000000000000000e+00 0.000000000000000000e+00 0.000000000000000000e+00 0.000000000000000000e+00 0.000000000000000000e+00 0.000000000000000000e+00 0.000000000000000000e+00 0.000000000000000000e+00 0.000000000000000000e+00 0.000000000000000000e+00 -1.000000000000000000e+08
0.000000000000000000e+00 0.000000000000000000e+00 0.000000000000000000e+00 0.000000000000000000e+00 0.000000000000000000e+00 0.000000000000000000e+00 0.000000000000000000e+00 0.000000000000000000e+00 0.000000000000000000e+00 0.000000000000000000e+00 -1.000000000000000000e+08
0.000000000000000000e+00 0.000000000000000000e+00 0.000000000000000000e+00 0.000000000000000000e+00 0.000000000000000000e+00 0.000000000000000000e+00 0.000000000000000000e+00 0.000000000000000000e+00 0.000000000000000000e+00 0.000000000000000000e+00 -1.000000000000000000e+08
0.000000000000000000e+00 0.000000000000000000e+00 0.000000000000000000e+00 0.000000000000000000e+00 0.000000000000000000e+00 0.000000000000000000e+00 0.000000000000000000e+00 0.000000000000000000e+00 0.000000000000000000e+00 0.000000000000000000e+00 -1.000000000000000000e+08
0.000000000000000000e+00 0.000000000000000000e+00 0.000000000000000000e+00 0.000000000000000000e+00 0.000000000000000000e+00 0.000000000000000000e+00 0.000000000000000000e+00 0.000000000000000000e+00 0.000000000000000000e+00 0.000000000000000000e+00 -1.000000000000000000e+08
-9.000000000000000000e+01 0.000000000000000000e+00 0.000000000000000000e+00 0.000000000000000000e+00 0.000000000000000000e+00 0.000000000000000000e+00 0.000000000000000000e+00 0.000000000000000000e+00 -9.000000000000000000e+01 -9.000000000000000000e+01 1.000000000000000000e+00
-1.190000000000000000e+02 -9.000000000000000000e+01 0.000000000000000000e+00 0.000000000000000000e+00 0.000000000000000000e+00 0.000000000000000000e+00 0.000000000000000000e+00 0.000000000000000000e+00 -2.090000000000000000e+02 -2.090000000000000000e+02 1.000000000000000000e+00
-1.100000000000000000e+02 -1.190000000000000000e+02 -9.000000000000000000e+01 0.000000000000000000e+00 0.000000000000000000e+00 0.000000000000000000e+00 0.000000000000000000e+00 0.000000000000000000e+00 -3.190000000000000000e+02 -3.190000000000000000e+02 1.000000000000000000e+00
-1.300000000000000000e+02 -1.100000000000000000e+02 -1.190000000000000000e+02 -9.000000000000000000e+01 0.000000000000000000e+00 0.000000000000000000e+00 0.000000000000000000e+00 0.000000000000000000e+00 -4.490000000000000000e+02 -4.490000000000000000e+02 1.000000000000000000e+00
-6.300000000000000000e+01 -1.300000000000000000e+02 -1.100000000000000000e+02 -1.190000000000000000e+02 -9.000000000000000000e+01 0.000000000000000000e+00 0.000000000000000000e+00 0.000000000000000000e+00 -4.220000000000000000e+02 -5.120000000000000000e+02 1.213270142180094879e+00
-1.030000000000000000e+02 -6.300000000000000000e+01 -1.300000000000000000e+02 -1.100000000000000000e+02 -1.190000000000000000e+02 -9.000000000000000000e+01 0.000000000000000000e+00 0.000000000000000000e+00 -4.060000000000000000e+02 -6.150000000000000000e+02 1.514778325123152802e+00
-1.090000000000000000e+02 -1.030000000000000000e+02 -6.300000000000000000e+01 -1.300000000000000000e+02 -1.100000000000000000e+02 -1.190000000000000000e+02 -9.000000000000000000e+01 0.000000000000000000e+00 -4.050000000000000000e+02 -7.240000000000000000e+02 1.787654320987654311e+00
-1.170000000000000000e+02 -1.090000000000000000e+02 -1.030000000000000000e+02 -6.300000000000000000e+01 -1.300000000000000000e+02 -1.100000000000000000e+02 -1.190000000000000000e+02 -9.000000000000000000e+01 -3.920000000000000000e+02 -8.410000000000000000e+02 2.145408163265305923e+00
-4.400000000000000000e+01 -1.170000000000000000e+02 -1.090000000000000000e+02 -1.030000000000000000e+02 -6.300000000000000000e+01 -1.300000000000000000e+02 -1.100000000000000000e+02 -1.190000000000000000e+02 -3.730000000000000000e+02 -7.950000000000000000e+02 2.131367292225200938e+00
-7.200000000000000000e+01 -4.400000000000000000e+01 -1.170000000000000000e+02 -1.090000000000000000e+02 -1.030000000000000000e+02 -6.300000000000000000e+01 -1.300000000000000000e+02 -1.100000000000000000e+02 -3.420000000000000000e+02 -7.480000000000000000e+02 2.187134502923976598e+00
-1.190000000000000000e+02 -7.200000000000000000e+01 -4.400000000000000000e+01 -1.170000000000000000e+02 -1.090000000000000000e+02 -1.030000000000000000e+02 -6.300000000000000000e+01 -1.300000000000000000e+02 -3.520000000000000000e+02 -7.570000000000000000e+02 2.150568181818181657e+00
-2.500000000000000000e+01 -1.190000000000000000e+02 -7.200000000000000000e+01 -4.400000000000000000e+01 -1.170000000000000000e+02 -1.090000000000000000e+02 -1.030000000000000000e+02 -6.300000000000000000e+01 -2.600000000000000000e+02 -6.520000000000000000e+02 2.507692307692307665e+00
-7.600000000000000000e+01 -2.500000000000000000e+01 -1.190000000000000000e+02 -7.200000000000000000e+01 -4.400000000000000000e+01 -1.170000000000000000e+02 -1.090000000000000000e+02 -1.030000000000000000e+02 -2.920000000000000000e+02 -6.650000000000000000e+02 2.277397260273972712e+00
-9.400000000000000000e+01 -7.600000000000000000e+01 -2.500000000000000000e+01 -1.190000000000000000e+02 -7.200000000000000000e+01 -4.400000000000000000e+01 -1.170000000000000000e+02 -1.090000000000000000e+02 -3.140000000000000000e+02 -6.560000000000000000e+02 2.089171974522292974e+00
-9.700000000000000000e+01 -9.400000000000000000e+01 -7.600000000000000000e+01 -2.500000000000000000e+01 -1.190000000000000000e+02 -7.200000000000000000e+01 -4.400000000000000000e+01 -1.170000000000000000e+02 -2.920000000000000000e+02 -6.440000000000000000e+02 2.205479452054794454e+00
-1.060000000000000000e+02 -9.700000000000000000e+01 -9.400000000000000000e+01 -7.600000000000000000e+01 -2.500000000000000000e+01 -1.190000000000000000e+02 -7.200000000000000000e+01 -4.400000000000000000e+01 -3.730000000000000000e+02 -6.330000000000000000e+02 1.697050938337801629e+00
-1.100000000000000000e+01 -1.060000000000000000e+02 -9.700000000000000000e+01 -9.400000000000000000e+01 -7.600000000000000000e+01 -2.500000000000000000e+01 -1.190000000000000000e+02 -7.200000000000000000e+01 -3.080000000000000000e+02 -6.000000000000000000e+02 1.948051948051948035e+00
-7.300000000000000000e+01 -1.100000000000000000e+01 -1.060000000000000000e+02 -9.700000000000000000e+01 -9.400000000000000000e+01 -7.600000000000000000e+01 -2.500000000000000000e+01 -1.190000000000000000e+02 -2.870000000000000000e+02 -6.010000000000000000e+02 2.094076655052264702e+00
-7.200000000000000000e+01 -7.300000000000000000e+01 -1.100000000000000000e+01 -1.060000000000000000e+02 -9.700000000000000000e+01 -9.400000000000000000e+01 -7.600000000000000000e+01 -2.500000000000000000e+01 -2.620000000000000000e+02 -5.540000000000000000e+02 2.114503816793892987e+00
-1.310000000000000000e+02 -7.200000000000000000e+01 -7.300000000000000000e+01 -1.100000000000000000e+01 -1.060000000000000000e+02 -9.700000000000000000e+01 -9.400000000000000000e+01 -7.600000000000000000e+01 -2.870000000000000000e+02 -6.600000000000000000e+02 2.299651567944251074e+00
-3.120000000000000000e+02 -1.310000000000000000e+02 -7.200000000000000000e+01 -7.300000000000000000e+01 -1.100000000000000000e+01 -1.060000000000000000e+02 -9.700000000000000000e+01 -9.400000000000000000e+01 -5.880000000000000000e+02 -8.960000000000000000e+02 1.523809523809523725e+00
-1.360000000000000000e+02 -3.120000000000000000e+02 -1.310000000000000000e+02 -7.200000000000000000e+01 -7.300000000000000000e+01 -1.100000000000000000e+01 -1.060000000000000000e+02 -9.700000000000000000e+01 -6.510000000000000000e+02 -9.380000000000000000e+02 1.440860215053763493e+00
-1.370000000000000000e+02 -1.360000000000000000e+02 -3.120000000000000000e+02 -1.310000000000000000e+02 -7.200000000000000000e+01 -7.300000000000000000e+01 -1.100000000000000000e+01 -1.060000000000000000e+02 -7.160000000000000000e+02 -9.780000000000000000e+02 1.365921787709497126e+00
-1.360000000000000000e+02 -1.370000000000000000e+02 -1.360000000000000000e+02 -3.120000000000000000e+02 -1.310000000000000000e+02 -7.200000000000000000e+01 -7.300000000000000000e+01 -1.100000000000000000e+01 -7.210000000000000000e+02 -1.008000000000000000e+03 1.398058252427184511e+00
2.410000000000000000e+02 -1.360000000000000000e+02 -1.370000000000000000e+02 -1.360000000000000000e+02 -3.120000000000000000e+02 -1.310000000000000000e+02 -7.200000000000000000e+01 -7.300000000000000000e+01 -1.680000000000000000e+02 -7.560000000000000000e+02 4.500000000000000000e+00
-9.900000000000000000e+01 2.410000000000000000e+02 -1.360000000000000000e+02 -1.370000000000000000e+02 -1.360000000000000000e+02 -3.120000000000000000e+02 -1.310000000000000000e+02 -7.200000000000000000e+01 -1.310000000000000000e+02 -7.820000000000000000e+02 5.969465648854962225e+00
1.000000000000000000e+02 -9.900000000000000000e+01 2.410000000000000000e+02 -1.360000000000000000e+02 -1.370000000000000000e+02 -1.360000000000000000e+02 -3.120000000000000000e+02 -1.310000000000000000e+02 1.060000000000000000e+02 -6.100000000000000000e+02 -5.754716981132075304e+00
-1.000000000000000000e+00 1.000000000000000000e+02 -9.900000000000000000e+01 2.410000000000000000e+02 -1.360000000000000000e+02 -1.370000000000000000e+02 -1.360000000000000000e+02 -3.120000000000000000e+02 2.410000000000000000e+02 -4.800000000000000000e+02 -1.991701244813278038e+00
-1.900000000000000000e+02 -1.000000000000000000e+00 1.000000000000000000e+02 -9.900000000000000000e+01 2.410000000000000000e+02 -1.360000000000000000e+02 -1.370000000000000000e+02 -1.360000000000000000e+02 -1.900000000000000000e+02 -3.580000000000000000e+02 1.884210526315789558e+00
-1.350000000000000000e+02 -1.900000000000000000e+02 -1.000000000000000000e+00 1.000000000000000000e+02 -9.900000000000000000e+01 2.410000000000000000e+02 -1.360000000000000000e+02 -1.370000000000000000e+02 -2.260000000000000000e+02 -3.570000000000000000e+02 1.579646017699114946e+00
-1.170000000000000000e+02 -1.350000000000000000e+02 -1.900000000000000000e+02 -1.000000000000000000e+00 1.000000000000000000e+02 -9.900000000000000000e+01 2.410000000000000000e+02 -1.360000000000000000e+02 -4.430000000000000000e+02 -3.370000000000000000e+02 7.607223476297968467e-01
-5.800000000000000000e+01 -1.170000000000000000e+02 -1.350000000000000000e+02 -1.900000000000000000e+02 -1.000000000000000000e+00 1.000000000000000000e+02 -9.900000000000000000e+01 2.410000000000000000e+02 -5.000000000000000000e+02 -2.590000000000000000e+02 5.180000000000000160e-01
-9.100000000000000000e+01 -5.800000000000000000e+01 -1.170000000000000000e+02 -1.350000000000000000e+02 -1.900000000000000000e+02 -1.000000000000000000e+00 1.000000000000000000e+02 -9.900000000000000000e+01 -4.010000000000000000e+02 -5.910000000000000000e+02 1.473815461346633438e+00
-2.800000000000000000e+01 -9.100000000000000000e+01 -5.800000000000000000e+01 -1.170000000000000000e+02 -1.350000000000000000e+02 -1.900000000000000000e+02 -1.000000000000000000e+00 1.000000000000000000e+02 -2.940000000000000000e+02 -5.200000000000000000e+02 1.768707482993197244e+00
-1.010000000000000000e+02 -2.800000000000000000e+01 -9.100000000000000000e+01 -5.800000000000000000e+01 -1.170000000000000000e+02 -1.350000000000000000e+02 -1.900000000000000000e+02 -1.000000000000000000e+00 -2.780000000000000000e+02 -7.210000000000000000e+02 2.593525179856114971e+00
-8.300000000000000000e+01 -1.010000000000000000e+02 -2.800000000000000000e+01 -9.100000000000000000e+01 -5.800000000000000000e+01 -1.170000000000000000e+02 -1.350000000000000000e+02 -1.900000000000000000e+02 -3.030000000000000000e+02 -8.030000000000000000e+02 2.650165016501650150e+00
-1.660000000000000000e+02 -8.300000000000000000e+01 -1.010000000000000000e+02 -2.800000000000000000e+01 -9.100000000000000000e+01 -5.800000000000000000e+01 -1.170000000000000000e+02 -1.350000000000000000e+02 -3.780000000000000000e+02 -7.790000000000000000e+02 2.060846560846560926e+00
-1.410000000000000000e+02 -1.660000000000000000e+02 -8.300000000000000000e+01 -1.010000000000000000e+02 -2.800000000000000000e+01 -9.100000000000000000e+01 -5.800000000000000000e+01 -1.170000000000000000e+02 -4.910000000000000000e+02 -7.850000000000000000e+02 1.598778004073319714e+00
-1.110000000000000000e+02 -1.410000000000000000e+02 -1.660000000000000000e+02 -8.300000000000000000e+01 -1.010000000000000000e+02 -2.800000000000000000e+01 -9.100000000000000000e+01 -5.800000000000000000e+01 -5.010000000000000000e+02 -7.790000000000000000e+02 1.554890219560878251e+00
-1.030000000000000000e+02 -1.110000000000000000e+02 -1.410000000000000000e+02 -1.660000000000000000e+02 -8.300000000000000000e+01 -1.010000000000000000e+02 -2.800000000000000000e+01 -9.100000000000000000e+01 -5.210000000000000000e+02 -8.240000000000000000e+02 1.581573896353166919e+00
-1.600000000000000000e+01 -1.030000000000000000e+02 -1.110000000000000000e+02 -1.410000000000000000e+02 -1.660000000000000000e+02 -8.300000000000000000e+01 -1.010000000000000000e+02 -2.800000000000000000e+01 -3.710000000000000000e+02 -7.490000000000000000e+02 2.018867924528302105e+00
-1.240000000000000000e+02 -1.600000000000000000e+01 -1.030000000000000000e+02 -1.110000000000000000e+02 -1.410000000000000000e+02 -1.660000000000000000e+02 -8.300000000000000000e+01 -1.010000000000000000e+02 -3.540000000000000000e+02 -8.450000000000000000e+02 2.387005649717514277e+00
-5.300000000000000000e+01 -1.240000000000000000e+02 -1.600000000000000000e+01 -1.030000000000000000e+02 -1.110000000000000000e+02 -1.410000000000000000e+02 -1.660000000000000000e+02 -8.300000000000000000e+01 -2.960000000000000000e+02 -7.970000000000000000e+02 2.692567567567567544e+00
-3.300000000000000000e+01 -5.300000000000000000e+01 -1.240000000000000000e+02 -1.600000000000000000e+01 -1.030000000000000000e+02 -1.110000000000000000e+02 -1.410000000000000000e+02 -1.660000000000000000e+02 -2.260000000000000000e+02 -7.470000000000000000e+02 3.305309734513274478e+00
-5.500000000000000000e+01 -3.300000000000000000e+01 -5.300000000000000000e+01 -1.240000000000000000e+02 -1.600000000000000000e+01 -1.030000000000000000e+02 -1.110000000000000000e+02 -1.410000000000000000e+02 -2.650000000000000000e+02 -6.360000000000000000e+02 2.399999999999999911e+00
-1.540000000000000000e+02 -5.500000000000000000e+01 -3.300000000000000000e+01 -5.300000000000000000e+01 -1.240000000000000000e+02 -1.600000000000000000e+01 -1.030000000000000000e+02 -1.110000000000000000e+02 -2.950000000000000000e+02 -6.490000000000000000e+02 2.200000000000000178e+00
-8.300000000000000000e+01 -1.540000000000000000e+02 -5.500000000000000000e+01 -3.300000000000000000e+01 -5.300000000000000000e+01 -1.240000000000000000e+02 -1.600000000000000000e+01 -1.030000000000000000e+02 -3.250000000000000000e+02 -6.210000000000000000e+02 1.910769230769230775e+00
-1.040000000000000000e+02 -8.300000000000000000e+01 -1.540000000000000000e+02 -5.500000000000000000e+01 -3.300000000000000000e+01 -5.300000000000000000e+01 -1.240000000000000000e+02 -1.600000000000000000e+01 -3.960000000000000000e+02 -6.220000000000000000e+02 1.570707070707070718e+00
-1.110000000000000000e+02 -1.040000000000000000e+02 -8.300000000000000000e+01 -1.540000000000000000e+02 -5.500000000000000000e+01 -3.300000000000000000e+01 -5.300000000000000000e+01 -1.240000000000000000e+02 -4.520000000000000000e+02 -7.170000000000000000e+02 1.586283185840708043e+00
-2.800000000000000000e+01 -1.110000000000000000e+02 -1.040000000000000000e+02 -8.300000000000000000e+01 -1.540000000000000000e+02 -5.500000000000000000e+01 -3.300000000000000000e+01 -5.300000000000000000e+01 -3.260000000000000000e+02 -6.210000000000000000e+02 1.904907975460122804e+00
-1.110000000000000000e+02 -2.800000000000000000e+01 -1.110000000000000000e+02 -1.040000000000000000e+02 -8.300000000000000000e+01 -1.540000000000000000e+02 -5.500000000000000000e+01 -3.300000000000000000e+01 -3.540000000000000000e+02 -6.790000000000000000e+02 1.918079096045197662e+00
-2.700000000000000000e+01 -1.110000000000000000e+02 -2.800000000000000000e+01 -1.110000000000000000e+02 -1.040000000000000000e+02 -8.300000000000000000e+01 -1.540000000000000000e+02 -5.500000000000000000e+01 -2.770000000000000000e+02 -6.730000000000000000e+02 2.429602888086642487e+00
1.700000000000000000e+01 -2.700000000000000000e+01 -1.110000000000000000e+02 -2.800000000000000000e+01 -1.110000000000000000e+02 -1.040000000000000000e+02 -8.300000000000000000e+01 -1.540000000000000000e+02 -1.490000000000000000e+02 -6.010000000000000000e+02 4.033557046979865390e+00
-1.790000000000000000e+02 1.700000000000000000e+01 -2.700000000000000000e+01 -1.110000000000000000e+02 -2.800000000000000000e+01 -1.110000000000000000e+02 -1.040000000000000000e+02 -8.300000000000000000e+01 -3.000000000000000000e+02 -6.260000000000000000e+02 2.086666666666666448e+00
-1.190000000000000000e+02 -1.790000000000000000e+02 1.700000000000000000e+01 -2.700000000000000000e+01 -1.110000000000000000e+02 -2.800000000000000000e+01 -1.110000000000000000e+02 -1.040000000000000000e+02 -3.080000000000000000e+02 -6.620000000000000000e+02 2.149350649350649345e+00
-1.560000000000000000e+02 -1.190000000000000000e+02 -1.790000000000000000e+02 1.700000000000000000e+01 -2.700000000000000000e+01 -1.110000000000000000e+02 -2.800000000000000000e+01 -1.110000000000000000e+02 -4.370000000000000000e+02 -7.140000000000000000e+02 1.633867276887871922e+00
0.000000000000000000e+00 -1.560000000000000000e+02 -1.190000000000000000e+02 -1.790000000000000000e+02 1.700000000000000000e+01 -2.700000000000000000e+01 -1.110000000000000000e+02 -2.800000000000000000e+01 -4.540000000000000000e+02 -6.030000000000000000e+02 1.328193832599118940e+00
-1.560000000000000000e+02 0.000000000000000000e+00 -1.560000000000000000e+02 -1.190000000000000000e+02 -1.790000000000000000e+02 1.700000000000000000e+01 -2.700000000000000000e+01 -1.110000000000000000e+02 -4.310000000000000000e+02 -7.310000000000000000e+02 1.696055684454756296e+00
-1.120000000000000000e+02 -1.560000000000000000e+02 0.000000000000000000e+00 -1.560000000000000000e+02 -1.190000000000000000e+02 -1.790000000000000000e+02 1.700000000000000000e+01 -2.700000000000000000e+01 -4.240000000000000000e+02 -7.320000000000000000e+02 1.726415094339622591e+00
-1.310000000000000000e+02 -1.120000000000000000e+02 -1.560000000000000000e+02 0.000000000000000000e+00 -1.560000000000000000e+02 -1.190000000000000000e+02 -1.790000000000000000e+02 1.700000000000000000e+01 -3.990000000000000000e+02 -8.360000000000000000e+02 2.095238095238095344e+00
-1.720000000000000000e+02 -1.310000000000000000e+02 -1.120000000000000000e+02 -1.560000000000000000e+02 0.000000000000000000e+00 -1.560000000000000000e+02 -1.190000000000000000e+02 -1.790000000000000000e+02 -5.710000000000000000e+02 -1.025000000000000000e+03 1.795096322241681364e+00
-1.130000000000000000e+02 -1.720000000000000000e+02 -1.310000000000000000e+02 -1.120000000000000000e+02 -1.560000000000000000e+02 0.000000000000000000e+00 -1.560000000000000000e+02 -1.190000000000000000e+02 -5.280000000000000000e+02 -9.590000000000000000e+02 1.816287878787878896e+00
-1.140000000000000000e+02 -1.130000000000000000e+02 -1.720000000000000000e+02 -1.310000000000000000e+02 -1.120000000000000000e+02 -1.560000000000000000e+02 0.000000000000000000e+00 -1.560000000000000000e+02 -5.300000000000000000e+02 -9.540000000000000000e+02 1.800000000000000044e+00
-1.480000000000000000e+02 -1.140000000000000000e+02 -1.130000000000000000e+02 -1.720000000000000000e+02 -1.310000000000000000e+02 -1.120000000000000000e+02 -1.560000000000000000e+02 0.000000000000000000e+00 -5.470000000000000000e+02 -9.460000000000000000e+02 1.729433272394881094e+00
3.300000000000000000e+02 -1.480000000000000000e+02 -1.140000000000000000e+02 -1.130000000000000000e+02 -1.720000000000000000e+02 -1.310000000000000000e+02 -1.120000000000000000e+02 -1.560000000000000000e+02 -4.500000000000000000e+01 -6.160000000000000000e+02 1.368888888888888822e+01
-1.410000000000000000e+02 3.300000000000000000e+02 -1.480000000000000000e+02 -1.140000000000000000e+02 -1.130000000000000000e+02 -1.720000000000000000e+02 -1.310000000000000000e+02 -1.120000000000000000e+02 -7.300000000000000000e+01 -6.010000000000000000e+02 8.232876712328767610e+00
-1.190000000000000000e+02 -1.410000000000000000e+02 3.300000000000000000e+02 -1.480000000000000000e+02 -1.140000000000000000e+02 -1.130000000000000000e+02 -1.720000000000000000e+02 -1.310000000000000000e+02 -7.800000000000000000e+01 -6.080000000000000000e+02 7.794871794871794712e+00
-1.270000000000000000e+02 -1.190000000000000000e+02 -1.410000000000000000e+02 3.300000000000000000e+02 -1.480000000000000000e+02 -1.140000000000000000e+02 -1.130000000000000000e+02 -1.720000000000000000e+02 -5.700000000000000000e+01 -6.040000000000000000e+02 1.059649122807017463e+01
-3.100000000000000000e+01 -1.270000000000000000e+02 -1.190000000000000000e+02 -1.410000000000000000e+02 3.300000000000000000e+02 -1.480000000000000000e+02 -1.140000000000000000e+02 -1.130000000000000000e+02 -4.180000000000000000e+02 -4.630000000000000000e+02 1.107655502392344449e+00
-1.050000000000000000e+02 -3.100000000000000000e+01 -1.270000000000000000e+02 -1.190000000000000000e+02 -1.410000000000000000e+02 3.300000000000000000e+02 -1.480000000000000000e+02 -1.140000000000000000e+02 -3.820000000000000000e+02 -4.550000000000000000e+02 1.191099476439790639e+00
-9.200000000000000000e+01 -1.050000000000000000e+02 -3.100000000000000000e+01 -1.270000000000000000e+02 -1.190000000000000000e+02 -1.410000000000000000e+02 3.300000000000000000e+02 -1.480000000000000000e+02 -3.550000000000000000e+02 -4.330000000000000000e+02 1.219718309859154859e+00
-1.600000000000000000e+01 -9.200000000000000000e+01 -1.050000000000000000e+02 -3.100000000000000000e+01 -1.270000000000000000e+02 -1.190000000000000000e+02 -1.410000000000000000e+02 3.300000000000000000e+02 -2.440000000000000000e+02 -3.010000000000000000e+02 1.233606557377049162e+00
2.460000000000000000e+02 -1.600000000000000000e+01 -9.200000000000000000e+01 -1.050000000000000000e+02 -3.100000000000000000e+01 -1.270000000000000000e+02 -1.190000000000000000e+02 -1.410000000000000000e+02 3.300000000000000000e+01 -3.850000000000000000e+02 -1.166666666666666607e+01
-1.180000000000000000e+02 2.460000000000000000e+02 -1.600000000000000000e+01 -9.200000000000000000e+01 -1.050000000000000000e+02 -3.100000000000000000e+01 -1.270000000000000000e+02 -1.190000000000000000e+02 2.000000000000000000e+01 -3.620000000000000000e+02 -1.810000000000000142e+01
-1.080000000000000000e+02 -1.180000000000000000e+02 2.460000000000000000e+02 -1.600000000000000000e+01 -9.200000000000000000e+01 -1.050000000000000000e+02 -3.100000000000000000e+01 -1.270000000000000000e+02 4.000000000000000000e+00 -3.510000000000000000e+02 -8.775000000000000000e+01
-1.190000000000000000e+02 -1.080000000000000000e+02 -1.180000000000000000e+02 2.460000000000000000e+02 -1.600000000000000000e+01 -9.200000000000000000e+01 -1.050000000000000000e+02 -3.100000000000000000e+01 -9.900000000000000000e+01 -3.430000000000000000e+02 3.464646464646464530e+00
-9.200000000000000000e+01 -1.190000000000000000e+02 -1.080000000000000000e+02 -1.180000000000000000e+02 2.460000000000000000e+02 -1.600000000000000000e+01 -9.200000000000000000e+01 -1.050000000000000000e+02 -4.370000000000000000e+02 -4.040000000000000000e+02 9.244851258581235909e-01
-6.400000000000000000e+01 -9.200000000000000000e+01 -1.190000000000000000e+02 -1.080000000000000000e+02 -1.180000000000000000e+02 2.460000000000000000e+02 -1.600000000000000000e+01 -9.200000000000000000e+01 -3.830000000000000000e+02 -3.630000000000000000e+02 9.477806788511748959e-01
-6.000000000000000000e+01 -6.400000000000000000e+01 -9.200000000000000000e+01 -1.190000000000000000e+02 -1.080000000000000000e+02 -1.180000000000000000e+02 2.460000000000000000e+02 -1.600000000000000000e+01 -3.350000000000000000e+02 -3.310000000000000000e+02 9.880597014925373012e-01
-9.400000000000000000e+01 -6.000000000000000000e+01 -6.400000000000000000e+01 -9.200000000000000000e+01 -1.190000000000000000e+02 -1.080000000000000000e+02 -1.180000000000000000e+02 2.460000000000000000e+02 -3.100000000000000000e+02 -4.090000000000000000e+02 1.319354838709677402e+00
-1.480000000000000000e+02 -9.400000000000000000e+01 -6.000000000000000000e+01 -6.400000000000000000e+01 -9.200000000000000000e+01 -1.190000000000000000e+02 -1.080000000000000000e+02 -1.180000000000000000e+02 -3.660000000000000000e+02 -8.030000000000000000e+02 2.193989071038251470e+00
-1.120000000000000000e+02 -1.480000000000000000e+02 -9.400000000000000000e+01 -6.000000000000000000e+01 -6.400000000000000000e+01 -9.200000000000000000e+01 -1.190000000000000000e+02 -1.080000000000000000e+02 -4.140000000000000000e+02 -7.970000000000000000e+02 1.925120772946859793e+00
-1.230000000000000000e+02 -1.120000000000000000e+02 -1.480000000000000000e+02 -9.400000000000000000e+01 -6.000000000000000000e+01 -6.400000000000000000e+01 -9.200000000000000000e+01 -1.190000000000000000e+02 -4.770000000000000000e+02 -8.120000000000000000e+02 1.702306079664570149e+00
-8.500000000000000000e+01 -1.230000000000000000e+02 -1.120000000000000000e+02 -1.480000000000000000e+02 -9.400000000000000000e+01 -6.000000000000000000e+01 -6.400000000000000000e+01 -9.200000000000000000e+01 -4.680000000000000000e+02 -7.780000000000000000e+02 1.662393162393162482e+00
-1.380000000000000000e+02 -8.500000000000000000e+01 -1.230000000000000000e+02 -1.120000000000000000e+02 -1.480000000000000000e+02 -9.400000000000000000e+01 -6.000000000000000000e+01 -6.400000000000000000e+01 -4.580000000000000000e+02 -8.240000000000000000e+02 1.799126637554585129e+00
-2.920000000000000000e+02 -1.380000000000000000e+02 -8.500000000000000000e+01 -1.230000000000000000e+02 -1.120000000000000000e+02 -1.480000000000000000e+02 -9.400000000000000000e+01 -6.000000000000000000e+01 -6.380000000000000000e+02 -1.052000000000000000e+03 1.648902821316614364e+00
3.900000000000000000e+01 -2.920000000000000000e+02 -1.380000000000000000e+02 -8.500000000000000000e+01 -1.230000000000000000e+02 -1.120000000000000000e+02 -1.480000000000000000e+02 -9.400000000000000000e+01 -4.760000000000000000e+02 -9.530000000000000000e+02 2.002100840336134446e+00
-1.000000000000000000e+08 3.900000000000000000e+01 -2.920000000000000000e+02 -1.380000000000000000e+02 -8.500000000000000000e+01 -1.230000000000000000e+02 -1.120000000000000000e+02 -1.480000000000000000e+02 -1.000003910000000000e+08 -1.000008590000000000e+08 1.000004679981701283e+00
