6.640000000000000000e+02 6.280000000000000000e+02 6.480000000000000000e+02 7.120000000000000000e+02 7.920000000000000000e+02 8.720000000000000000e+02 8.720000000000000000e+02 7.880000000000000000e+02 2.652000000000000000e+03 5.976000000000000000e+03 2.253393665158371029e+00
6.840000000000000000e+02 6.640000000000000000e+02 6.280000000000000000e+02 6.480000000000000000e+02 7.120000000000000000e+02 7.920000000000000000e+02 8.720000000000000000e+02 8.720000000000000000e+02 2.624000000000000000e+03 5.872000000000000000e+03 2.237804878048780477e+00
7.040000000000000000e+02 6.840000000000000000e+02 6.640000000000000000e+02 6.280000000000000000e+02 6.480000000000000000e+02 7.120000000000000000e+02 7.920000000000000000e+02 8.720000000000000000e+02 2.680000000000000000e+03 5.704000000000000000e+03 2.128358208955223763e+00
7.000000000000000000e+02 7.040000000000000000e+02 6.840000000000000000e+02 6.640000000000000000e+02 6.280000000000000000e+02 6.480000000000000000e+02 7.120000000000000000e+02 7.920000000000000000e+02 2.752000000000000000e+03 5.532000000000000000e+03 2.010174418604651070e+00
6.720000000000000000e+02 7.000000000000000000e+02 7.040000000000000000e+02 6.840000000000000000e+02 6.640000000000000000e+02 6.280000000000000000e+02 6.480000000000000000e+02 7.120000000000000000e+02 2.760000000000000000e+03 5.412000000000000000e+03 1.960869565217391308e+00
6.680000000000000000e+02 6.720000000000000000e+02 7.000000000000000000e+02 7.040000000000000000e+02 6.840000000000000000e+02 6.640000000000000000e+02 6.280000000000000000e+02 6.480000000000000000e+02 2.744000000000000000e+03 5.368000000000000000e+03 1.956268221574344102e+00
6.800000000000000000e+02 6.680000000000000000e+02 6.720000000000000000e+02 7.000000000000000000e+02 7.040000000000000000e+02 6.840000000000000000e+02 6.640000000000000000e+02 6.280000000000000000e+02 2.720000000000000000e+03 5.400000000000000000e+03 1.985294117647058876e+00
6.360000000000000000e+02 6.800000000000000000e+02 6.680000000000000000e+02 6.720000000000000000e+02 7.000000000000000000e+02 7.040000000000000000e+02 6.840000000000000000e+02 6.640000000000000000e+02 2.656000000000000000e+03 5.408000000000000000e+03 2.036144578313253017e+00
5.400000000000000000e+02 6.360000000000000000e+02 6.800000000000000000e+02 6.680000000000000000e+02 6.720000000000000000e+02 7.000000000000000000e+02 7.040000000000000000e+02 6.840000000000000000e+02 2.524000000000000000e+03 5.284000000000000000e+03 2.093502377179080831e+00
4.760000000000000000e+02 5.400000000000000000e+02 6.360000000000000000e+02 6.800000000000000000e+02 6.680000000000000000e+02 6.720000000000000000e+02 7.000000000000000000e+02 7.040000000000000000e+02 2.332000000000000000e+03 5.076000000000000000e+03 2.176672384219553891e+00
4.400000000000000000e+02 4.760000000000000000e+02 5.400000000000000000e+02 6.360000000000000000e+02 6.800000000000000000e+02 6.680000000000000000e+02 6.720000000000000000e+02 7.000000000000000000e+02 2.092000000000000000e+03 4.812000000000000000e+03 2.300191204588910132e+00
3.400000000000000000e+02 4.400000000000000000e+02 4.760000000000000000e+02 5.400000000000000000e+02 6.360000000000000000e+02 6.800000000000000000e+02 6.680000000000000000e+02 6.720000000000000000e+02 1.796000000000000000e+03 4.452000000000000000e+03 2.478841870824053384e+00
1.760000000000000000e+02 3.400000000000000000e+02 4.400000000000000000e+02 4.760000000000000000e+02 5.400000000000000000e+02 6.360000000000000000e+02 6.800000000000000000e+02 6.680000000000000000e+02 1.432000000000000000e+03 3.956000000000000000e+03 2.762569832402234749e+00
-8.000000000000000000e+00 1.760000000000000000e+02 3.400000000000000000e+02 4.400000000000000000e+02 4.760000000000000000e+02 5.400000000000000000e+02 6.360000000000000000e+02 6.800000000000000000e+02 9.480000000000000000e+02 3.280000000000000000e+03 3.459915611814345926e+00
-2.280000000000000000e+02 -8.000000000000000000e+00 1.760000000000000000e+02 3.400000000000000000e+02 4.400000000000000000e+02 4.760000000000000000e+02 5.400000000000000000e+02 6.360000000000000000e+02 2.800000000000000000e+02 2.372000000000000000e+03 8.471428571428571530e+00
-2.720000000000000000e+02 -2.280000000000000000e+02 -8.000000000000000000e+00 1.760000000000000000e+02 3.400000000000000000e+02 4.400000000000000000e+02 4.760000000000000000e+02 5.400000000000000000e+02 -3.320000000000000000e+02 1.464000000000000000e+03 -4.409638554216867234e+00
1.680000000000000000e+02 -2.720000000000000000e+02 -2.280000000000000000e+02 -8.000000000000000000e+00 1.760000000000000000e+02 3.400000000000000000e+02 4.400000000000000000e+02 4.760000000000000000e+02 -3.400000000000000000e+02 1.092000000000000000e+03 -3.211764705882353077e+00
6.000000000000000000e+02 1.680000000000000000e+02 -2.720000000000000000e+02 -2.280000000000000000e+02 -8.000000000000000000e+00 1.760000000000000000e+02 3.400000000000000000e+02 4.400000000000000000e+02 2.680000000000000000e+02 1.216000000000000000e+03 4.537313432835820670e+00
5.600000000000000000e+02 6.000000000000000000e+02 1.680000000000000000e+02 -2.720000000000000000e+02 -2.280000000000000000e+02 -8.000000000000000000e+00 1.760000000000000000e+02 3.400000000000000000e+02 1.056000000000000000e+03 1.336000000000000000e+03 1.265151515151515138e+00
5.520000000000000000e+02 5.600000000000000000e+02 6.000000000000000000e+02 1.680000000000000000e+02 -2.720000000000000000e+02 -2.280000000000000000e+02 -8.000000000000000000e+00 1.760000000000000000e+02 1.880000000000000000e+03 1.548000000000000000e+03 8.234042553191489588e-01
1.296000000000000000e+03 5.520000000000000000e+02 5.600000000000000000e+02 6.000000000000000000e+02 1.680000000000000000e+02 -2.720000000000000000e+02 -2.280000000000000000e+02 -8.000000000000000000e+00 3.008000000000000000e+03 2.668000000000000000e+03 8.869680851063830307e-01
7.880000000000000000e+02 1.296000000000000000e+03 5.520000000000000000e+02 5.600000000000000000e+02 6.000000000000000000e+02 1.680000000000000000e+02 -2.720000000000000000e+02 -2.280000000000000000e+02 3.196000000000000000e+03 3.464000000000000000e+03 1.083854818523154018e+00
4.360000000000000000e+02 7.880000000000000000e+02 1.296000000000000000e+03 5.520000000000000000e+02 5.600000000000000000e+02 6.000000000000000000e+02 1.680000000000000000e+02 -2.720000000000000000e+02 3.072000000000000000e+03 4.128000000000000000e+03 1.343750000000000000e+00
4.800000000000000000e+02 4.360000000000000000e+02 7.880000000000000000e+02 1.296000000000000000e+03 5.520000000000000000e+02 5.600000000000000000e+02 6.000000000000000000e+02 1.680000000000000000e+02 3.000000000000000000e+03 4.880000000000000000e+03 1.626666666666666705e+00
-7.400000000000000000e+02 4.800000000000000000e+02 4.360000000000000000e+02 7.880000000000000000e+02 1.296000000000000000e+03 5.520000000000000000e+02 5.600000000000000000e+02 6.000000000000000000e+02 9.640000000000000000e+02 3.972000000000000000e+03 4.120331950207468452e+00
4.640000000000000000e+02 -7.400000000000000000e+02 4.800000000000000000e+02 4.360000000000000000e+02 7.880000000000000000e+02 1.296000000000000000e+03 5.520000000000000000e+02 5.600000000000000000e+02 6.400000000000000000e+02 3.836000000000000000e+03 5.993750000000000355e+00
8.680000000000000000e+02 4.640000000000000000e+02 -7.400000000000000000e+02 4.800000000000000000e+02 4.360000000000000000e+02 7.880000000000000000e+02 1.296000000000000000e+03 5.520000000000000000e+02 1.072000000000000000e+03 4.144000000000000000e+03 3.865671641791044610e+00
-1.308000000000000000e+03 8.680000000000000000e+02 4.640000000000000000e+02 -7.400000000000000000e+02 4.800000000000000000e+02 4.360000000000000000e+02 7.880000000000000000e+02 1.296000000000000000e+03 -7.160000000000000000e+02 2.284000000000000000e+03 -3.189944134078212201e+00
2.360000000000000000e+02 -1.308000000000000000e+03 8.680000000000000000e+02 4.640000000000000000e+02 -7.400000000000000000e+02 4.800000000000000000e+02 4.360000000000000000e+02 7.880000000000000000e+02 2.600000000000000000e+02 1.224000000000000000e+03 4.707692307692307843e+00
8.040000000000000000e+02 2.360000000000000000e+02 -1.308000000000000000e+03 8.680000000000000000e+02 4.640000000000000000e+02 -7.400000000000000000e+02 4.800000000000000000e+02 4.360000000000000000e+02 6.000000000000000000e+02 1.240000000000000000e+03 2.066666666666666874e+00
7.640000000000000000e+02 8.040000000000000000e+02 2.360000000000000000e+02 -1.308000000000000000e+03 8.680000000000000000e+02 4.640000000000000000e+02 -7.400000000000000000e+02 4.800000000000000000e+02 4.960000000000000000e+02 1.568000000000000000e+03 3.161290322580645018e+00
1.496000000000000000e+03 7.640000000000000000e+02 8.040000000000000000e+02 2.360000000000000000e+02 -1.308000000000000000e+03 8.680000000000000000e+02 4.640000000000000000e+02 -7.400000000000000000e+02 3.300000000000000000e+03 2.584000000000000000e+03 7.830303030303030765e-01
2.760000000000000000e+02 1.496000000000000000e+03 7.640000000000000000e+02 8.040000000000000000e+02 2.360000000000000000e+02 -1.308000000000000000e+03 8.680000000000000000e+02 4.640000000000000000e+02 3.340000000000000000e+03 3.600000000000000000e+03 1.077844311377245567e+00
8.160000000000000000e+02 2.760000000000000000e+02 1.496000000000000000e+03 7.640000000000000000e+02 8.040000000000000000e+02 2.360000000000000000e+02 -1.308000000000000000e+03 8.680000000000000000e+02 3.352000000000000000e+03 3.952000000000000000e+03 1.178997613365155184e+00
4.080000000000000000e+02 8.160000000000000000e+02 2.760000000000000000e+02 1.496000000000000000e+03 7.640000000000000000e+02 8.040000000000000000e+02 2.360000000000000000e+02 -1.308000000000000000e+03 2.996000000000000000e+03 3.492000000000000000e+03 1.165554072096128158e+00
8.240000000000000000e+02 4.080000000000000000e+02 8.160000000000000000e+02 2.760000000000000000e+02 1.496000000000000000e+03 7.640000000000000000e+02 8.040000000000000000e+02 2.360000000000000000e+02 2.324000000000000000e+03 5.624000000000000000e+03 2.419965576592082446e+00
1.036000000000000000e+03 8.240000000000000000e+02 4.080000000000000000e+02 8.160000000000000000e+02 2.760000000000000000e+02 1.496000000000000000e+03 7.640000000000000000e+02 8.040000000000000000e+02 3.084000000000000000e+03 6.424000000000000000e+03 2.083009079118028684e+00
2.000000000000000000e+02 1.036000000000000000e+03 8.240000000000000000e+02 4.080000000000000000e+02 8.160000000000000000e+02 2.760000000000000000e+02 1.496000000000000000e+03 7.640000000000000000e+02 2.468000000000000000e+03 5.820000000000000000e+03 2.358184764991896110e+00
2.000000000000000000e+02 2.000000000000000000e+02 1.036000000000000000e+03 8.240000000000000000e+02 4.080000000000000000e+02 8.160000000000000000e+02 2.760000000000000000e+02 1.496000000000000000e+03 2.260000000000000000e+03 5.256000000000000000e+03 2.325663716814159176e+00
2.000000000000000000e+02 2.000000000000000000e+02 2.000000000000000000e+02 1.036000000000000000e+03 8.240000000000000000e+02 4.080000000000000000e+02 8.160000000000000000e+02 2.760000000000000000e+02 1.636000000000000000e+03 3.960000000000000000e+03 2.420537897310513387e+00
-1.308000000000000000e+03 2.000000000000000000e+02 2.000000000000000000e+02 2.000000000000000000e+02 1.036000000000000000e+03 8.240000000000000000e+02 4.080000000000000000e+02 8.160000000000000000e+02 -7.080000000000000000e+02 2.376000000000000000e+03 -3.355932203389830448e+00
3.960000000000000000e+02 -1.308000000000000000e+03 2.000000000000000000e+02 2.000000000000000000e+02 2.000000000000000000e+02 1.036000000000000000e+03 8.240000000000000000e+02 4.080000000000000000e+02 -5.120000000000000000e+02 1.956000000000000000e+03 -3.820312500000000000e+00
3.960000000000000000e+02 3.960000000000000000e+02 -1.308000000000000000e+03 2.000000000000000000e+02 2.000000000000000000e+02 2.000000000000000000e+02 1.036000000000000000e+03 8.240000000000000000e+02 -3.160000000000000000e+02 1.944000000000000000e+03 -6.151898734177215111e+00
3.960000000000000000e+02 3.960000000000000000e+02 3.960000000000000000e+02 -1.308000000000000000e+03 2.000000000000000000e+02 2.000000000000000000e+02 2.000000000000000000e+02 1.036000000000000000e+03 -1.200000000000000000e+02 1.516000000000000000e+03 -1.263333333333333286e+01
3.960000000000000000e+02 3.960000000000000000e+02 3.960000000000000000e+02 3.960000000000000000e+02 -1.308000000000000000e+03 2.000000000000000000e+02 2.000000000000000000e+02 2.000000000000000000e+02 1.584000000000000000e+03 8.760000000000000000e+02 5.530303030303029832e-01
1.320000000000000000e+02 3.960000000000000000e+02 3.960000000000000000e+02 3.960000000000000000e+02 3.960000000000000000e+02 -1.308000000000000000e+03 2.000000000000000000e+02 2.000000000000000000e+02 1.320000000000000000e+03 8.080000000000000000e+02 6.121212121212120660e-01
1.320000000000000000e+02 1.320000000000000000e+02 3.960000000000000000e+02 3.960000000000000000e+02 3.960000000000000000e+02 3.960000000000000000e+02 -1.308000000000000000e+03 2.000000000000000000e+02 1.056000000000000000e+03 7.400000000000000000e+02 7.007575757575758013e-01
1.320000000000000000e+02 1.320000000000000000e+02 1.320000000000000000e+02 3.960000000000000000e+02 3.960000000000000000e+02 3.960000000000000000e+02 3.960000000000000000e+02 -1.308000000000000000e+03 7.920000000000000000e+02 6.720000000000000000e+02 8.484848484848485084e-01
1.320000000000000000e+02 1.320000000000000000e+02 1.320000000000000000e+02 1.320000000000000000e+02 3.960000000000000000e+02 3.960000000000000000e+02 3.960000000000000000e+02 3.960000000000000000e+02 5.280000000000000000e+02 2.112000000000000000e+03 4.000000000000000000e+00
6.520000000000000000e+02 1.320000000000000000e+02 1.320000000000000000e+02 1.320000000000000000e+02 1.320000000000000000e+02 3.960000000000000000e+02 3.960000000000000000e+02 3.960000000000000000e+02 1.048000000000000000e+03 2.368000000000000000e+03 2.259541984732824638e+00
4.880000000000000000e+02 6.520000000000000000e+02 1.320000000000000000e+02 1.320000000000000000e+02 1.320000000000000000e+02 1.320000000000000000e+02 3.960000000000000000e+02 3.960000000000000000e+02 1.404000000000000000e+03 2.460000000000000000e+03 1.752136752136752129e+00
3.120000000000000000e+02 4.880000000000000000e+02 6.520000000000000000e+02 1.320000000000000000e+02 1.320000000000000000e+02 1.320000000000000000e+02 1.320000000000000000e+02 3.960000000000000000e+02 1.584000000000000000e+03 2.376000000000000000e+03 1.500000000000000000e+00
2.560000000000000000e+02 3.120000000000000000e+02 4.880000000000000000e+02 6.520000000000000000e+02 1.320000000000000000e+02 1.320000000000000000e+02 1.320000000000000000e+02 1.320000000000000000e+02 1.708000000000000000e+03 2.236000000000000000e+03 1.309133489461358213e+00
3.480000000000000000e+02 2.560000000000000000e+02 3.120000000000000000e+02 4.880000000000000000e+02 6.520000000000000000e+02 1.320000000000000000e+02 1.320000000000000000e+02 1.320000000000000000e+02 1.404000000000000000e+03 2.452000000000000000e+03 1.746438746438746525e+00
5.040000000000000000e+02 3.480000000000000000e+02 2.560000000000000000e+02 3.120000000000000000e+02 4.880000000000000000e+02 6.520000000000000000e+02 1.320000000000000000e+02 1.320000000000000000e+02 1.420000000000000000e+03 2.824000000000000000e+03 1.988732394366197198e+00
4.360000000000000000e+02 5.040000000000000000e+02 3.480000000000000000e+02 2.560000000000000000e+02 3.120000000000000000e+02 4.880000000000000000e+02 6.520000000000000000e+02 1.320000000000000000e+02 1.544000000000000000e+03 3.128000000000000000e+03 2.025906735751295429e+00
1.200000000000000000e+02 4.360000000000000000e+02 5.040000000000000000e+02 3.480000000000000000e+02 2.560000000000000000e+02 3.120000000000000000e+02 4.880000000000000000e+02 6.520000000000000000e+02 1.408000000000000000e+03 3.116000000000000000e+03 2.213068181818181657e+00
6.280000000000000000e+02 1.200000000000000000e+02 4.360000000000000000e+02 5.040000000000000000e+02 3.480000000000000000e+02 2.560000000000000000e+02 3.120000000000000000e+02 4.880000000000000000e+02 1.688000000000000000e+03 3.092000000000000000e+03 1.831753554502369763e+00
8.160000000000000000e+02 6.280000000000000000e+02 1.200000000000000000e+02 4.360000000000000000e+02 5.040000000000000000e+02 3.480000000000000000e+02 2.560000000000000000e+02 3.120000000000000000e+02 2.000000000000000000e+03 3.420000000000000000e+03 1.709999999999999964e+00
1.440000000000000000e+02 8.160000000000000000e+02 6.280000000000000000e+02 1.200000000000000000e+02 4.360000000000000000e+02 5.040000000000000000e+02 3.480000000000000000e+02 2.560000000000000000e+02 1.708000000000000000e+03 3.252000000000000000e+03 1.903981264637002235e+00
1.020000000000000000e+03 1.440000000000000000e+02 8.160000000000000000e+02 6.280000000000000000e+02 1.200000000000000000e+02 4.360000000000000000e+02 5.040000000000000000e+02 3.480000000000000000e+02 2.608000000000000000e+03 4.016000000000000000e+03 1.539877300613496924e+00
9.640000000000000000e+02 1.020000000000000000e+03 1.440000000000000000e+02 8.160000000000000000e+02 6.280000000000000000e+02 1.200000000000000000e+02 4.360000000000000000e+02 5.040000000000000000e+02 2.944000000000000000e+03 4.632000000000000000e+03 1.573369565217391353e+00
6.360000000000000000e+02 9.640000000000000000e+02 1.020000000000000000e+03 1.440000000000000000e+02 8.160000000000000000e+02 6.280000000000000000e+02 1.200000000000000000e+02 4.360000000000000000e+02 2.764000000000000000e+03 4.764000000000000000e+03 1.723589001447177971e+00
1.392000000000000000e+03 6.360000000000000000e+02 9.640000000000000000e+02 1.020000000000000000e+03 1.440000000000000000e+02 8.160000000000000000e+02 6.280000000000000000e+02 1.200000000000000000e+02 4.012000000000000000e+03 5.720000000000000000e+03 1.425722831505483512e+00
7.880000000000000000e+02 1.392000000000000000e+03 6.360000000000000000e+02 9.640000000000000000e+02 1.020000000000000000e+03 1.440000000000000000e+02 8.160000000000000000e+02 6.280000000000000000e+02 3.780000000000000000e+03 6.388000000000000000e+03 1.689947089947089864e+00
2.320000000000000000e+02 7.880000000000000000e+02 1.392000000000000000e+03 6.360000000000000000e+02 9.640000000000000000e+02 1.020000000000000000e+03 1.440000000000000000e+02 8.160000000000000000e+02 3.048000000000000000e+03 5.992000000000000000e+03 1.965879265091863504e+00
3.400000000000000000e+02 2.320000000000000000e+02 7.880000000000000000e+02 1.392000000000000000e+03 6.360000000000000000e+02 9.640000000000000000e+02 1.020000000000000000e+03 1.440000000000000000e+02 2.752000000000000000e+03 5.516000000000000000e+03 2.004360465116278966e+00
1.080000000000000000e+02 3.400000000000000000e+02 2.320000000000000000e+02 7.880000000000000000e+02 1.392000000000000000e+03 6.360000000000000000e+02 9.640000000000000000e+02 1.020000000000000000e+03 1.468000000000000000e+03 5.480000000000000000e+03 3.732970027247956235e+00
8.880000000000000000e+02 1.080000000000000000e+02 3.400000000000000000e+02 2.320000000000000000e+02 7.880000000000000000e+02 1.392000000000000000e+03 6.360000000000000000e+02 9.640000000000000000e+02 1.568000000000000000e+03 5.348000000000000000e+03 3.410714285714285587e+00
3.400000000000000000e+02 8.880000000000000000e+02 1.080000000000000000e+02 3.400000000000000000e+02 2.320000000000000000e+02 7.880000000000000000e+02 1.392000000000000000e+03 6.360000000000000000e+02 1.676000000000000000e+03 4.724000000000000000e+03 2.818615751789975921e+00
4.880000000000000000e+02 3.400000000000000000e+02 8.880000000000000000e+02 1.080000000000000000e+02 3.400000000000000000e+02 2.320000000000000000e+02 7.880000000000000000e+02 1.392000000000000000e+03 1.824000000000000000e+03 4.576000000000000000e+03 2.508771929824561209e+00
3.680000000000000000e+02 4.880000000000000000e+02 3.400000000000000000e+02 8.880000000000000000e+02 1.080000000000000000e+02 3.400000000000000000e+02 2.320000000000000000e+02 7.880000000000000000e+02 2.084000000000000000e+03 3.552000000000000000e+03 1.704414587332053754e+00
-3.000000000000000000e+02 3.680000000000000000e+02 4.880000000000000000e+02 3.400000000000000000e+02 8.880000000000000000e+02 1.080000000000000000e+02 3.400000000000000000e+02 2.320000000000000000e+02 8.960000000000000000e+02 2.464000000000000000e+03 2.750000000000000000e+00
-4.880000000000000000e+02 -3.000000000000000000e+02 3.680000000000000000e+02 4.880000000000000000e+02 3.400000000000000000e+02 8.880000000000000000e+02 1.080000000000000000e+02 3.400000000000000000e+02 6.800000000000000000e+01 1.744000000000000000e+03 2.564705882352941302e+01
3.600000000000000000e+02 -4.880000000000000000e+02 -3.000000000000000000e+02 3.680000000000000000e+02 4.880000000000000000e+02 3.400000000000000000e+02 8.880000000000000000e+02 1.080000000000000000e+02 -6.000000000000000000e+01 1.764000000000000000e+03 -2.939999999999999858e+01
1.560000000000000000e+02 3.600000000000000000e+02 -4.880000000000000000e+02 -3.000000000000000000e+02 3.680000000000000000e+02 4.880000000000000000e+02 3.400000000000000000e+02 8.880000000000000000e+02 -2.720000000000000000e+02 1.812000000000000000e+03 -6.661764705882353255e+00
3.120000000000000000e+02 1.560000000000000000e+02 3.600000000000000000e+02 -4.880000000000000000e+02 -3.000000000000000000e+02 3.680000000000000000e+02 4.880000000000000000e+02 3.400000000000000000e+02 3.400000000000000000e+02 1.236000000000000000e+03 3.635294117647058787e+00
1.048000000000000000e+03 3.120000000000000000e+02 1.560000000000000000e+02 3.600000000000000000e+02 -4.880000000000000000e+02 -3.000000000000000000e+02 3.680000000000000000e+02 4.880000000000000000e+02 1.876000000000000000e+03 1.944000000000000000e+03 1.036247334754797356e+00
4.200000000000000000e+02 1.048000000000000000e+03 3.120000000000000000e+02 1.560000000000000000e+02 3.600000000000000000e+02 -4.880000000000000000e+02 -3.000000000000000000e+02 3.680000000000000000e+02 1.936000000000000000e+03 1.876000000000000000e+03 9.690082644628099651e-01
3.840000000000000000e+02 4.200000000000000000e+02 1.048000000000000000e+03 3.120000000000000000e+02 1.560000000000000000e+02 3.600000000000000000e+02 -4.880000000000000000e+02 -3.000000000000000000e+02 2.164000000000000000e+03 1.892000000000000000e+03 8.743068391866912759e-01
7.600000000000000000e+02 3.840000000000000000e+02 4.200000000000000000e+02 1.048000000000000000e+03 3.120000000000000000e+02 1.560000000000000000e+02 3.600000000000000000e+02 -4.880000000000000000e+02 2.612000000000000000e+03 2.952000000000000000e+03 1.130168453292496267e+00
5.360000000000000000e+02 7.600000000000000000e+02 3.840000000000000000e+02 4.200000000000000000e+02 1.048000000000000000e+03 3.120000000000000000e+02 1.560000000000000000e+02 3.600000000000000000e+02 2.100000000000000000e+03 3.976000000000000000e+03 1.893333333333333313e+00
2.560000000000000000e+02 5.360000000000000000e+02 7.600000000000000000e+02 3.840000000000000000e+02 4.200000000000000000e+02 1.048000000000000000e+03 3.120000000000000000e+02 1.560000000000000000e+02 1.936000000000000000e+03 3.872000000000000000e+03 2.000000000000000000e+00
1.440000000000000000e+02 2.560000000000000000e+02 5.360000000000000000e+02 7.600000000000000000e+02 3.840000000000000000e+02 4.200000000000000000e+02 1.048000000000000000e+03 3.120000000000000000e+02 1.696000000000000000e+03 3.860000000000000000e+03 2.275943396226415061e+00
8.480000000000000000e+02 1.440000000000000000e+02 2.560000000000000000e+02 5.360000000000000000e+02 7.600000000000000000e+02 3.840000000000000000e+02 4.200000000000000000e+02 1.048000000000000000e+03 1.784000000000000000e+03 4.396000000000000000e+03 2.464125560538116488e+00
2.280000000000000000e+02 8.480000000000000000e+02 1.440000000000000000e+02 2.560000000000000000e+02 5.360000000000000000e+02 7.600000000000000000e+02 3.840000000000000000e+02 4.200000000000000000e+02 1.476000000000000000e+03 3.576000000000000000e+03 2.422764227642276502e+00
5.920000000000000000e+02 2.280000000000000000e+02 8.480000000000000000e+02 1.440000000000000000e+02 2.560000000000000000e+02 5.360000000000000000e+02 7.600000000000000000e+02 3.840000000000000000e+02 1.812000000000000000e+03 3.748000000000000000e+03 2.068432671081677832e+00
-2.240000000000000000e+02 5.920000000000000000e+02 2.280000000000000000e+02 8.480000000000000000e+02 1.440000000000000000e+02 2.560000000000000000e+02 5.360000000000000000e+02 7.600000000000000000e+02 1.444000000000000000e+03 3.140000000000000000e+03 2.174515235457063600e+00
-2.396000000000000000e+03 -2.240000000000000000e+02 5.920000000000000000e+02 2.280000000000000000e+02 8.480000000000000000e+02 1.440000000000000000e+02 2.560000000000000000e+02 5.360000000000000000e+02 -1.800000000000000000e+03 -1.600000000000000000e+01 8.888888888888888881e-03
5.400000000000000000e+02 -2.396000000000000000e+03 -2.240000000000000000e+02 5.920000000000000000e+02 2.280000000000000000e+02 8.480000000000000000e+02 1.440000000000000000e+02 2.560000000000000000e+02 -1.488000000000000000e+03 -1.200000000000000000e+01 8.064516129032257841e-03
2.760000000000000000e+02 5.400000000000000000e+02 -2.396000000000000000e+03 -2.240000000000000000e+02 5.920000000000000000e+02 2.280000000000000000e+02 8.480000000000000000e+02 1.440000000000000000e+02 -1.804000000000000000e+03 8.000000000000000000e+00 -4.434589800443458976e-03
6.040000000000000000e+02 2.760000000000000000e+02 5.400000000000000000e+02 -2.396000000000000000e+03 -2.240000000000000000e+02 5.920000000000000000e+02 2.280000000000000000e+02 8.480000000000000000e+02 -9.760000000000000000e+02 4.680000000000000000e+02 -4.795081967213114527e-01
1.104000000000000000e+03 6.040000000000000000e+02 2.760000000000000000e+02 5.400000000000000000e+02 -2.396000000000000000e+03 -2.240000000000000000e+02 5.920000000000000000e+02 2.280000000000000000e+02 2.524000000000000000e+03 7.240000000000000000e+02 2.868462757527733831e-01
5.280000000000000000e+02 1.104000000000000000e+03 6.040000000000000000e+02 2.760000000000000000e+02 5.400000000000000000e+02 -2.396000000000000000e+03 -2.240000000000000000e+02 5.920000000000000000e+02 2.512000000000000000e+03 1.024000000000000000e+03 4.076433121019108485e-01
8.680000000000000000e+02 5.280000000000000000e+02 1.104000000000000000e+03 6.040000000000000000e+02 2.760000000000000000e+02 5.400000000000000000e+02 -2.396000000000000000e+03 -2.240000000000000000e+02 3.104000000000000000e+03 1.300000000000000000e+03 4.188144329896907325e-01
9.880000000000000000e+02 8.680000000000000000e+02 5.280000000000000000e+02 1.104000000000000000e+03 6.040000000000000000e+02 2.760000000000000000e+02 5.400000000000000000e+02 -2.396000000000000000e+03 3.488000000000000000e+03 2.512000000000000000e+03 7.201834862385321223e-01
5.160000000000000000e+03 9.880000000000000000e+02 8.680000000000000000e+02 5.280000000000000000e+02 1.104000000000000000e+03 6.040000000000000000e+02 2.760000000000000000e+02 5.400000000000000000e+02 7.544000000000000000e+03 1.006800000000000000e+04 1.334570519618239581e+00
4.400000000000000000e+02 5.160000000000000000e+03 9.880000000000000000e+02 8.680000000000000000e+02 5.280000000000000000e+02 1.104000000000000000e+03 6.040000000000000000e+02 2.760000000000000000e+02 7.456000000000000000e+03 9.968000000000000000e+03 1.336909871244635228e+00
1.900000000000000000e+03 4.400000000000000000e+02 5.160000000000000000e+03 9.880000000000000000e+02 8.680000000000000000e+02 5.280000000000000000e+02 1.104000000000000000e+03 6.040000000000000000e+02 8.488000000000000000e+03 1.159200000000000000e+04 1.365692742695570283e+00
8.760000000000000000e+02 1.900000000000000000e+03 4.400000000000000000e+02 5.160000000000000000e+03 9.880000000000000000e+02 8.680000000000000000e+02 5.280000000000000000e+02 1.104000000000000000e+03 8.376000000000000000e+03 1.186400000000000000e+04 1.416427889207258817e+00
9.120000000000000000e+02 8.760000000000000000e+02 1.900000000000000000e+03 4.400000000000000000e+02 5.160000000000000000e+03 9.880000000000000000e+02 8.680000000000000000e+02 5.280000000000000000e+02 4.128000000000000000e+03 1.167200000000000000e+04 2.827519379844961378e+00
5.120000000000000000e+02 9.120000000000000000e+02 8.760000000000000000e+02 1.900000000000000000e+03 4.400000000000000000e+02 5.160000000000000000e+03 9.880000000000000000e+02 8.680000000000000000e+02 4.200000000000000000e+03 1.165600000000000000e+04 2.775238095238095060e+00
9.200000000000000000e+02 5.120000000000000000e+02 9.120000000000000000e+02 8.760000000000000000e+02 1.900000000000000000e+03 4.400000000000000000e+02 5.160000000000000000e+03 9.880000000000000000e+02 3.220000000000000000e+03 1.170800000000000000e+04 3.636024844720497029e+00
-1.000000000000000000e+08 9.200000000000000000e+02 5.120000000000000000e+02 9.120000000000000000e+02 8.760000000000000000e+02 1.900000000000000000e+03 4.400000000000000000e+02 5.160000000000000000e+03 -9.999765600000000000e+07 -9.998928000000000000e+07 9.999162380366195535e-01
