5.690000000000000000e+02 4.530000000000000000e+02 5.560000000000000000e+02 6.320000000000000000e+02 7.090000000000000000e+02 4.770000000000000000e+02 5.000000000000000000e+02 5.380000000000000000e+02 2.210000000000000000e+03 4.434000000000000000e+03 2.006334841628959254e+00
4.870000000000000000e+02 5.690000000000000000e+02 4.530000000000000000e+02 5.560000000000000000e+02 6.320000000000000000e+02 7.090000000000000000e+02 4.770000000000000000e+02 5.000000000000000000e+02 2.065000000000000000e+03 4.383000000000000000e+03 2.122518159806295213e+00
4.800000000000000000e+02 4.870000000000000000e+02 5.690000000000000000e+02 4.530000000000000000e+02 5.560000000000000000e+02 6.320000000000000000e+02 7.090000000000000000e+02 4.770000000000000000e+02 1.989000000000000000e+03 4.363000000000000000e+03 2.193564605329311412e+00
3.660000000000000000e+02 4.800000000000000000e+02 4.870000000000000000e+02 5.690000000000000000e+02 4.530000000000000000e+02 5.560000000000000000e+02 6.320000000000000000e+02 7.090000000000000000e+02 1.902000000000000000e+03 4.252000000000000000e+03 2.235541535226077681e+00
4.750000000000000000e+02 3.660000000000000000e+02 4.800000000000000000e+02 4.870000000000000000e+02 5.690000000000000000e+02 4.530000000000000000e+02 5.560000000000000000e+02 6.320000000000000000e+02 1.808000000000000000e+03 4.018000000000000000e+03 2.222345132743362761e+00
6.980000000000000000e+02 4.750000000000000000e+02 3.660000000000000000e+02 4.800000000000000000e+02 4.870000000000000000e+02 5.690000000000000000e+02 4.530000000000000000e+02 5.560000000000000000e+02 2.019000000000000000e+03 4.084000000000000000e+03 2.022783556215948408e+00
5.400000000000000000e+02 6.980000000000000000e+02 4.750000000000000000e+02 3.660000000000000000e+02 4.800000000000000000e+02 4.870000000000000000e+02 5.690000000000000000e+02 4.530000000000000000e+02 2.079000000000000000e+03 4.068000000000000000e+03 1.956709956709956622e+00
5.870000000000000000e+02 5.400000000000000000e+02 6.980000000000000000e+02 4.750000000000000000e+02 3.660000000000000000e+02 4.800000000000000000e+02 4.870000000000000000e+02 5.690000000000000000e+02 2.300000000000000000e+03 4.202000000000000000e+03 1.826956521739130368e+00
5.920000000000000000e+02 5.870000000000000000e+02 5.400000000000000000e+02 6.980000000000000000e+02 4.750000000000000000e+02 3.660000000000000000e+02 4.800000000000000000e+02 4.870000000000000000e+02 2.417000000000000000e+03 4.225000000000000000e+03 1.748034753827058418e+00
4.350000000000000000e+02 5.920000000000000000e+02 5.870000000000000000e+02 5.400000000000000000e+02 6.980000000000000000e+02 4.750000000000000000e+02 3.660000000000000000e+02 4.800000000000000000e+02 2.154000000000000000e+03 4.173000000000000000e+03 1.937325905292479167e+00
4.720000000000000000e+02 4.350000000000000000e+02 5.920000000000000000e+02 5.870000000000000000e+02 5.400000000000000000e+02 6.980000000000000000e+02 4.750000000000000000e+02 3.660000000000000000e+02 2.086000000000000000e+03 4.165000000000000000e+03 1.996644295302013372e+00
3.720000000000000000e+02 4.720000000000000000e+02 4.350000000000000000e+02 5.920000000000000000e+02 5.870000000000000000e+02 5.400000000000000000e+02 6.980000000000000000e+02 4.750000000000000000e+02 1.871000000000000000e+03 4.171000000000000000e+03 2.229289150187065527e+00
4.830000000000000000e+02 3.720000000000000000e+02 4.720000000000000000e+02 4.350000000000000000e+02 5.920000000000000000e+02 5.870000000000000000e+02 5.400000000000000000e+02 6.980000000000000000e+02 1.762000000000000000e+03 4.179000000000000000e+03 2.371736662883087376e+00
6.210000000000000000e+02 4.830000000000000000e+02 3.720000000000000000e+02 4.720000000000000000e+02 4.350000000000000000e+02 5.920000000000000000e+02 5.870000000000000000e+02 5.400000000000000000e+02 1.948000000000000000e+03 4.102000000000000000e+03 2.105749486652977343e+00
6.770000000000000000e+02 6.210000000000000000e+02 4.830000000000000000e+02 3.720000000000000000e+02 4.720000000000000000e+02 4.350000000000000000e+02 5.920000000000000000e+02 5.870000000000000000e+02 2.153000000000000000e+03 4.239000000000000000e+03 1.968880631676730220e+00
6.890000000000000000e+02 6.770000000000000000e+02 6.210000000000000000e+02 4.830000000000000000e+02 3.720000000000000000e+02 4.720000000000000000e+02 4.350000000000000000e+02 5.920000000000000000e+02 2.470000000000000000e+03 4.341000000000000000e+03 1.757489878542510153e+00
8.290000000000000000e+02 6.890000000000000000e+02 6.770000000000000000e+02 6.210000000000000000e+02 4.830000000000000000e+02 3.720000000000000000e+02 4.720000000000000000e+02 4.350000000000000000e+02 2.816000000000000000e+03 4.578000000000000000e+03 1.625710227272727293e+00
7.670000000000000000e+02 8.290000000000000000e+02 6.890000000000000000e+02 6.770000000000000000e+02 6.210000000000000000e+02 4.830000000000000000e+02 3.720000000000000000e+02 4.720000000000000000e+02 2.962000000000000000e+03 4.910000000000000000e+03 1.657663740715732636e+00
6.540000000000000000e+02 7.670000000000000000e+02 8.290000000000000000e+02 6.890000000000000000e+02 6.770000000000000000e+02 6.210000000000000000e+02 4.830000000000000000e+02 3.720000000000000000e+02 2.939000000000000000e+03 5.092000000000000000e+03 1.732562095951003744e+00
7.000000000000000000e+02 6.540000000000000000e+02 7.670000000000000000e+02 8.290000000000000000e+02 6.890000000000000000e+02 6.770000000000000000e+02 6.210000000000000000e+02 4.830000000000000000e+02 2.950000000000000000e+03 5.420000000000000000e+03 1.837288135593220240e+00
7.200000000000000000e+02 7.000000000000000000e+02 6.540000000000000000e+02 7.670000000000000000e+02 8.290000000000000000e+02 6.890000000000000000e+02 6.770000000000000000e+02 6.210000000000000000e+02 2.841000000000000000e+03 5.657000000000000000e+03 1.991200281590989052e+00
5.960000000000000000e+02 7.200000000000000000e+02 7.000000000000000000e+02 6.540000000000000000e+02 7.670000000000000000e+02 8.290000000000000000e+02 6.890000000000000000e+02 6.770000000000000000e+02 2.670000000000000000e+03 5.632000000000000000e+03 2.109363295880149813e+00
6.530000000000000000e+02 5.960000000000000000e+02 7.200000000000000000e+02 7.000000000000000000e+02 6.540000000000000000e+02 7.670000000000000000e+02 8.290000000000000000e+02 6.890000000000000000e+02 2.669000000000000000e+03 5.608000000000000000e+03 2.101161483701761146e+00
6.390000000000000000e+02 6.530000000000000000e+02 5.960000000000000000e+02 7.200000000000000000e+02 7.000000000000000000e+02 6.540000000000000000e+02 7.670000000000000000e+02 8.290000000000000000e+02 2.608000000000000000e+03 5.558000000000000000e+03 2.131134969325153339e+00
7.580000000000000000e+02 6.390000000000000000e+02 6.530000000000000000e+02 5.960000000000000000e+02 7.200000000000000000e+02 7.000000000000000000e+02 6.540000000000000000e+02 7.670000000000000000e+02 2.646000000000000000e+03 5.487000000000000000e+03 2.073696145124716672e+00
7.190000000000000000e+02 7.580000000000000000e+02 6.390000000000000000e+02 6.530000000000000000e+02 5.960000000000000000e+02 7.200000000000000000e+02 7.000000000000000000e+02 6.540000000000000000e+02 2.769000000000000000e+03 5.439000000000000000e+03 1.964247020585048853e+00
7.550000000000000000e+02 7.190000000000000000e+02 7.580000000000000000e+02 6.390000000000000000e+02 6.530000000000000000e+02 5.960000000000000000e+02 7.200000000000000000e+02 7.000000000000000000e+02 2.871000000000000000e+03 5.540000000000000000e+03 1.929641239986067625e+00
5.850000000000000000e+02 7.550000000000000000e+02 7.190000000000000000e+02 7.580000000000000000e+02 6.390000000000000000e+02 6.530000000000000000e+02 5.960000000000000000e+02 7.200000000000000000e+02 2.817000000000000000e+03 5.425000000000000000e+03 1.925807596734114391e+00
7.990000000000000000e+02 5.850000000000000000e+02 7.550000000000000000e+02 7.190000000000000000e+02 7.580000000000000000e+02 6.390000000000000000e+02 6.530000000000000000e+02 5.960000000000000000e+02 2.858000000000000000e+03 5.504000000000000000e+03 1.925822253324002808e+00
9.220000000000000000e+02 7.990000000000000000e+02 5.850000000000000000e+02 7.550000000000000000e+02 7.190000000000000000e+02 7.580000000000000000e+02 6.390000000000000000e+02 6.530000000000000000e+02 3.061000000000000000e+03 5.830000000000000000e+03 1.904606337798105287e+00
9.970000000000000000e+02 9.220000000000000000e+02 7.990000000000000000e+02 5.850000000000000000e+02 7.550000000000000000e+02 7.190000000000000000e+02 7.580000000000000000e+02 6.390000000000000000e+02 3.303000000000000000e+03 6.174000000000000000e+03 1.869209809264305244e+00
7.490000000000000000e+02 9.970000000000000000e+02 9.220000000000000000e+02 7.990000000000000000e+02 5.850000000000000000e+02 7.550000000000000000e+02 7.190000000000000000e+02 7.580000000000000000e+02 3.467000000000000000e+03 6.284000000000000000e+03 1.812518027112777652e+00
9.910000000000000000e+02 7.490000000000000000e+02 9.970000000000000000e+02 9.220000000000000000e+02 7.990000000000000000e+02 5.850000000000000000e+02 7.550000000000000000e+02 7.190000000000000000e+02 3.659000000000000000e+03 6.517000000000000000e+03 1.781087728887674304e+00
1.009000000000000000e+03 9.910000000000000000e+02 7.490000000000000000e+02 9.970000000000000000e+02 9.220000000000000000e+02 7.990000000000000000e+02 5.850000000000000000e+02 7.550000000000000000e+02 3.746000000000000000e+03 6.807000000000000000e+03 1.817138280832888420e+00
1.174000000000000000e+03 1.009000000000000000e+03 9.910000000000000000e+02 7.490000000000000000e+02 9.970000000000000000e+02 9.220000000000000000e+02 7.990000000000000000e+02 5.850000000000000000e+02 3.923000000000000000e+03 7.226000000000000000e+03 1.841957685444812753e+00
1.300000000000000000e+03 1.174000000000000000e+03 1.009000000000000000e+03 9.910000000000000000e+02 7.490000000000000000e+02 9.970000000000000000e+02 9.220000000000000000e+02 7.990000000000000000e+02 4.474000000000000000e+03 7.941000000000000000e+03 1.774921770227983808e+00
1.192000000000000000e+03 1.300000000000000000e+03 1.174000000000000000e+03 1.009000000000000000e+03 9.910000000000000000e+02 7.490000000000000000e+02 9.970000000000000000e+02 9.220000000000000000e+02 4.675000000000000000e+03 8.334000000000000000e+03 1.782673796791443888e+00
1.096000000000000000e+03 1.192000000000000000e+03 1.300000000000000000e+03 1.174000000000000000e+03 1.009000000000000000e+03 9.910000000000000000e+02 7.490000000000000000e+02 9.970000000000000000e+02 4.762000000000000000e+03 8.508000000000000000e+03 1.786644267114657625e+00
1.065000000000000000e+03 1.096000000000000000e+03 1.192000000000000000e+03 1.300000000000000000e+03 1.174000000000000000e+03 1.009000000000000000e+03 9.910000000000000000e+02 7.490000000000000000e+02 4.653000000000000000e+03 8.576000000000000000e+03 1.843111970771545316e+00
1.089000000000000000e+03 1.065000000000000000e+03 1.096000000000000000e+03 1.192000000000000000e+03 1.300000000000000000e+03 1.174000000000000000e+03 1.009000000000000000e+03 9.910000000000000000e+02 4.442000000000000000e+03 8.916000000000000000e+03 2.007203962179198609e+00
1.435000000000000000e+03 1.089000000000000000e+03 1.065000000000000000e+03 1.096000000000000000e+03 1.192000000000000000e+03 1.300000000000000000e+03 1.174000000000000000e+03 1.009000000000000000e+03 4.685000000000000000e+03 9.360000000000000000e+03 1.997865528281750347e+00
1.050000000000000000e+03 1.435000000000000000e+03 1.089000000000000000e+03 1.065000000000000000e+03 1.096000000000000000e+03 1.192000000000000000e+03 1.300000000000000000e+03 1.174000000000000000e+03 4.639000000000000000e+03 9.401000000000000000e+03 2.026514334985988430e+00
9.730000000000000000e+02 1.050000000000000000e+03 1.435000000000000000e+03 1.089000000000000000e+03 1.065000000000000000e+03 1.096000000000000000e+03 1.192000000000000000e+03 1.300000000000000000e+03 4.547000000000000000e+03 9.200000000000000000e+03 2.023312073894875773e+00
8.400000000000000000e+02 9.730000000000000000e+02 1.050000000000000000e+03 1.435000000000000000e+03 1.089000000000000000e+03 1.065000000000000000e+03 1.096000000000000000e+03 1.192000000000000000e+03 4.298000000000000000e+03 8.740000000000000000e+03 2.033503955328059387e+00
1.596000000000000000e+03 8.400000000000000000e+02 9.730000000000000000e+02 1.050000000000000000e+03 1.435000000000000000e+03 1.089000000000000000e+03 1.065000000000000000e+03 1.096000000000000000e+03 4.459000000000000000e+03 9.144000000000000000e+03 2.050684009867683510e+00
9.840000000000000000e+02 1.596000000000000000e+03 8.400000000000000000e+02 9.730000000000000000e+02 1.050000000000000000e+03 1.435000000000000000e+03 1.089000000000000000e+03 1.065000000000000000e+03 4.393000000000000000e+03 9.032000000000000000e+03 2.055998178921010666e+00
2.124000000000000000e+03 9.840000000000000000e+02 1.596000000000000000e+03 8.400000000000000000e+02 9.730000000000000000e+02 1.050000000000000000e+03 1.435000000000000000e+03 1.089000000000000000e+03 5.544000000000000000e+03 1.009100000000000000e+04 1.820165945165945098e+00
1.595000000000000000e+03 2.124000000000000000e+03 9.840000000000000000e+02 1.596000000000000000e+03 8.400000000000000000e+02 9.730000000000000000e+02 1.050000000000000000e+03 1.435000000000000000e+03 6.299000000000000000e+03 1.059700000000000000e+04 1.682330528655342050e+00
1.843000000000000000e+03 1.595000000000000000e+03 2.124000000000000000e+03 9.840000000000000000e+02 1.596000000000000000e+03 8.400000000000000000e+02 9.730000000000000000e+02 1.050000000000000000e+03 6.546000000000000000e+03 1.100500000000000000e+04 1.681179346165597277e+00
2.065000000000000000e+03 1.843000000000000000e+03 1.595000000000000000e+03 2.124000000000000000e+03 9.840000000000000000e+02 1.596000000000000000e+03 8.400000000000000000e+02 9.730000000000000000e+02 7.627000000000000000e+03 1.202000000000000000e+04 1.575980070801101363e+00
1.479000000000000000e+03 2.065000000000000000e+03 1.843000000000000000e+03 1.595000000000000000e+03 2.124000000000000000e+03 9.840000000000000000e+02 1.596000000000000000e+03 8.400000000000000000e+02 6.982000000000000000e+03 1.252600000000000000e+04 1.794041821827556671e+00
1.639000000000000000e+03 1.479000000000000000e+03 2.065000000000000000e+03 1.843000000000000000e+03 1.595000000000000000e+03 2.124000000000000000e+03 9.840000000000000000e+02 1.596000000000000000e+03 7.026000000000000000e+03 1.332500000000000000e+04 1.896527184742385463e+00
1.602000000000000000e+03 1.639000000000000000e+03 1.479000000000000000e+03 2.065000000000000000e+03 1.843000000000000000e+03 1.595000000000000000e+03 2.124000000000000000e+03 9.840000000000000000e+02 6.785000000000000000e+03 1.333100000000000000e+04 1.964775239498894654e+00
1.416000000000000000e+03 1.602000000000000000e+03 1.639000000000000000e+03 1.479000000000000000e+03 2.065000000000000000e+03 1.843000000000000000e+03 1.595000000000000000e+03 2.124000000000000000e+03 6.136000000000000000e+03 1.376300000000000000e+04 2.242992177314211411e+00
7.550000000000000000e+02 1.416000000000000000e+03 1.602000000000000000e+03 1.639000000000000000e+03 1.479000000000000000e+03 2.065000000000000000e+03 1.843000000000000000e+03 1.595000000000000000e+03 5.412000000000000000e+03 1.239400000000000000e+04 2.290096082779009556e+00
-8.570000000000000000e+02 7.550000000000000000e+02 1.416000000000000000e+03 1.602000000000000000e+03 1.639000000000000000e+03 1.479000000000000000e+03 2.065000000000000000e+03 1.843000000000000000e+03 2.916000000000000000e+03 9.942000000000000000e+03 3.409465020576131877e+00
-2.481000000000000000e+03 -8.570000000000000000e+02 7.550000000000000000e+02 1.416000000000000000e+03 1.602000000000000000e+03 1.639000000000000000e+03 1.479000000000000000e+03 2.065000000000000000e+03 -1.167000000000000000e+03 5.618000000000000000e+03 -4.814053127677806465e+00
1.592000000000000000e+03 -2.481000000000000000e+03 -8.570000000000000000e+02 7.550000000000000000e+02 1.416000000000000000e+03 1.602000000000000000e+03 1.639000000000000000e+03 1.479000000000000000e+03 -9.910000000000000000e+02 5.145000000000000000e+03 -5.191725529767911240e+00
1.414000000000000000e+03 1.592000000000000000e+03 -2.481000000000000000e+03 -8.570000000000000000e+02 7.550000000000000000e+02 1.416000000000000000e+03 1.602000000000000000e+03 1.639000000000000000e+03 -3.320000000000000000e+02 5.080000000000000000e+03 -1.530120481927710863e+01
1.871000000000000000e+03 1.414000000000000000e+03 1.592000000000000000e+03 -2.481000000000000000e+03 -8.570000000000000000e+02 7.550000000000000000e+02 1.416000000000000000e+03 1.602000000000000000e+03 2.396000000000000000e+03 5.312000000000000000e+03 2.217028380634390672e+00
2.868000000000000000e+03 1.871000000000000000e+03 1.414000000000000000e+03 1.592000000000000000e+03 -2.481000000000000000e+03 -8.570000000000000000e+02 7.550000000000000000e+02 1.416000000000000000e+03 7.745000000000000000e+03 6.578000000000000000e+03 8.493221433182698288e-01
1.710000000000000000e+03 2.868000000000000000e+03 1.871000000000000000e+03 1.414000000000000000e+03 1.592000000000000000e+03 -2.481000000000000000e+03 -8.570000000000000000e+02 7.550000000000000000e+02 7.863000000000000000e+03 6.872000000000000000e+03 8.739666793844588222e-01
1.726000000000000000e+03 1.710000000000000000e+03 2.868000000000000000e+03 1.871000000000000000e+03 1.414000000000000000e+03 1.592000000000000000e+03 -2.481000000000000000e+03 -8.570000000000000000e+02 8.175000000000000000e+03 7.843000000000000000e+03 9.593883792048929493e-01
2.441000000000000000e+03 1.726000000000000000e+03 1.710000000000000000e+03 2.868000000000000000e+03 1.871000000000000000e+03 1.414000000000000000e+03 1.592000000000000000e+03 -2.481000000000000000e+03 8.745000000000000000e+03 1.114100000000000000e+04 1.273985134362492833e+00
2.886000000000000000e+03 2.441000000000000000e+03 1.726000000000000000e+03 1.710000000000000000e+03 2.868000000000000000e+03 1.871000000000000000e+03 1.414000000000000000e+03 1.592000000000000000e+03 8.763000000000000000e+03 1.650800000000000000e+04 1.883829738673970189e+00
1.975000000000000000e+03 2.886000000000000000e+03 2.441000000000000000e+03 1.726000000000000000e+03 1.710000000000000000e+03 2.868000000000000000e+03 1.871000000000000000e+03 1.414000000000000000e+03 9.028000000000000000e+03 1.689100000000000000e+04 1.870957022596366759e+00
2.393000000000000000e+03 1.975000000000000000e+03 2.886000000000000000e+03 2.441000000000000000e+03 1.726000000000000000e+03 1.710000000000000000e+03 2.868000000000000000e+03 1.871000000000000000e+03 9.695000000000000000e+03 1.787000000000000000e+04 1.843218153687467664e+00
2.792000000000000000e+03 2.393000000000000000e+03 1.975000000000000000e+03 2.886000000000000000e+03 2.441000000000000000e+03 1.726000000000000000e+03 1.710000000000000000e+03 2.868000000000000000e+03 1.004600000000000000e+04 1.879100000000000000e+04 1.870495719689428737e+00
1.788000000000000000e+03 2.792000000000000000e+03 2.393000000000000000e+03 1.975000000000000000e+03 2.886000000000000000e+03 2.441000000000000000e+03 1.726000000000000000e+03 1.710000000000000000e+03 8.948000000000000000e+03 1.771100000000000000e+04 1.979324988824318288e+00
2.020000000000000000e+03 1.788000000000000000e+03 2.792000000000000000e+03 2.393000000000000000e+03 1.975000000000000000e+03 2.886000000000000000e+03 2.441000000000000000e+03 1.726000000000000000e+03 8.993000000000000000e+03 1.802100000000000000e+04 2.003891915934616019e+00
1.927000000000000000e+03 2.020000000000000000e+03 1.788000000000000000e+03 2.792000000000000000e+03 2.393000000000000000e+03 1.975000000000000000e+03 2.886000000000000000e+03 2.441000000000000000e+03 8.527000000000000000e+03 1.822200000000000000e+04 2.136976662366599999e+00
1.938000000000000000e+03 1.927000000000000000e+03 2.020000000000000000e+03 1.788000000000000000e+03 2.792000000000000000e+03 2.393000000000000000e+03 1.975000000000000000e+03 2.886000000000000000e+03 7.673000000000000000e+03 1.771900000000000000e+04 2.309266258308353859e+00
2.356000000000000000e+03 1.938000000000000000e+03 1.927000000000000000e+03 2.020000000000000000e+03 1.788000000000000000e+03 2.792000000000000000e+03 2.393000000000000000e+03 1.975000000000000000e+03 8.241000000000000000e+03 1.718900000000000000e+04 2.085790559398131183e+00
2.818000000000000000e+03 2.356000000000000000e+03 1.938000000000000000e+03 1.927000000000000000e+03 2.020000000000000000e+03 1.788000000000000000e+03 2.792000000000000000e+03 2.393000000000000000e+03 9.039000000000000000e+03 1.803200000000000000e+04 1.994910941475827038e+00
2.464000000000000000e+03 2.818000000000000000e+03 2.356000000000000000e+03 1.938000000000000000e+03 1.927000000000000000e+03 2.020000000000000000e+03 1.788000000000000000e+03 2.792000000000000000e+03 9.576000000000000000e+03 1.810300000000000000e+04 1.890455304928989166e+00
2.508000000000000000e+03 2.464000000000000000e+03 2.818000000000000000e+03 2.356000000000000000e+03 1.938000000000000000e+03 1.927000000000000000e+03 2.020000000000000000e+03 1.788000000000000000e+03 1.014600000000000000e+04 1.781900000000000000e+04 1.756258624088310683e+00
2.264000000000000000e+03 2.508000000000000000e+03 2.464000000000000000e+03 2.818000000000000000e+03 2.356000000000000000e+03 1.938000000000000000e+03 1.927000000000000000e+03 2.020000000000000000e+03 1.005400000000000000e+04 1.829500000000000000e+04 1.819673761686890767e+00
2.193000000000000000e+03 2.264000000000000000e+03 2.508000000000000000e+03 2.464000000000000000e+03 2.818000000000000000e+03 2.356000000000000000e+03 1.938000000000000000e+03 1.927000000000000000e+03 9.429000000000000000e+03 1.846800000000000000e+04 1.958638243716194660e+00
2.118000000000000000e+03 2.193000000000000000e+03 2.264000000000000000e+03 2.508000000000000000e+03 2.464000000000000000e+03 2.818000000000000000e+03 2.356000000000000000e+03 1.938000000000000000e+03 9.083000000000000000e+03 1.865900000000000000e+04 2.054277221182428725e+00
2.244000000000000000e+03 2.118000000000000000e+03 2.193000000000000000e+03 2.264000000000000000e+03 2.508000000000000000e+03 2.464000000000000000e+03 2.818000000000000000e+03 2.356000000000000000e+03 8.819000000000000000e+03 1.896500000000000000e+04 2.150470574895112730e+00
2.098000000000000000e+03 2.244000000000000000e+03 2.118000000000000000e+03 2.193000000000000000e+03 2.264000000000000000e+03 2.508000000000000000e+03 2.464000000000000000e+03 2.818000000000000000e+03 8.653000000000000000e+03 1.870700000000000000e+04 2.161909164451635057e+00
1.901000000000000000e+03 2.098000000000000000e+03 2.244000000000000000e+03 2.118000000000000000e+03 2.193000000000000000e+03 2.264000000000000000e+03 2.508000000000000000e+03 2.464000000000000000e+03 8.361000000000000000e+03 1.779000000000000000e+04 2.127735916756368972e+00
1.578000000000000000e+03 1.901000000000000000e+03 2.098000000000000000e+03 2.244000000000000000e+03 2.118000000000000000e+03 2.193000000000000000e+03 2.264000000000000000e+03 2.508000000000000000e+03 7.821000000000000000e+03 1.690400000000000000e+04 2.161360439841452319e+00
1.675000000000000000e+03 1.578000000000000000e+03 1.901000000000000000e+03 2.098000000000000000e+03 2.244000000000000000e+03 2.118000000000000000e+03 2.193000000000000000e+03 2.264000000000000000e+03 7.252000000000000000e+03 1.607100000000000000e+04 2.216078323221180479e+00
1.979000000000000000e+03 1.675000000000000000e+03 1.578000000000000000e+03 1.901000000000000000e+03 2.098000000000000000e+03 2.244000000000000000e+03 2.118000000000000000e+03 2.193000000000000000e+03 7.133000000000000000e+03 1.578600000000000000e+04 2.213094069816346376e+00
2.206000000000000000e+03 1.979000000000000000e+03 1.675000000000000000e+03 1.578000000000000000e+03 1.901000000000000000e+03 2.098000000000000000e+03 2.244000000000000000e+03 2.118000000000000000e+03 7.438000000000000000e+03 1.579900000000000000e+04 2.124092497983328887e+00
2.079000000000000000e+03 2.206000000000000000e+03 1.979000000000000000e+03 1.675000000000000000e+03 1.578000000000000000e+03 1.901000000000000000e+03 2.098000000000000000e+03 2.244000000000000000e+03 7.939000000000000000e+03 1.576000000000000000e+04 1.985136667086534912e+00
2.962000000000000000e+03 2.079000000000000000e+03 2.206000000000000000e+03 1.979000000000000000e+03 1.675000000000000000e+03 1.578000000000000000e+03 1.901000000000000000e+03 2.098000000000000000e+03 9.226000000000000000e+03 1.647800000000000000e+04 1.786039453717754188e+00
2.200000000000000000e+03 2.962000000000000000e+03 2.079000000000000000e+03 2.206000000000000000e+03 1.979000000000000000e+03 1.675000000000000000e+03 1.578000000000000000e+03 1.901000000000000000e+03 9.447000000000000000e+03 1.658000000000000000e+04 1.755054514660738807e+00
2.280000000000000000e+03 2.200000000000000000e+03 2.962000000000000000e+03 2.079000000000000000e+03 2.206000000000000000e+03 1.979000000000000000e+03 1.675000000000000000e+03 1.578000000000000000e+03 9.521000000000000000e+03 1.695900000000000000e+04 1.781220460035710440e+00
2.251000000000000000e+03 2.280000000000000000e+03 2.200000000000000000e+03 2.962000000000000000e+03 2.079000000000000000e+03 2.206000000000000000e+03 1.979000000000000000e+03 1.675000000000000000e+03 9.693000000000000000e+03 1.763200000000000000e+04 1.819044671412359371e+00
2.254000000000000000e+03 2.251000000000000000e+03 2.280000000000000000e+03 2.200000000000000000e+03 2.962000000000000000e+03 2.079000000000000000e+03 2.206000000000000000e+03 1.979000000000000000e+03 8.985000000000000000e+03 1.821100000000000000e+04 2.026822481914301477e+00
2.214000000000000000e+03 2.254000000000000000e+03 2.251000000000000000e+03 2.280000000000000000e+03 2.200000000000000000e+03 2.962000000000000000e+03 2.079000000000000000e+03 2.206000000000000000e+03 8.999000000000000000e+03 1.844600000000000000e+04 2.049783309256584030e+00
2.252000000000000000e+03 2.214000000000000000e+03 2.254000000000000000e+03 2.251000000000000000e+03 2.280000000000000000e+03 2.200000000000000000e+03 2.962000000000000000e+03 2.079000000000000000e+03 8.971000000000000000e+03 1.849200000000000000e+04 2.061308661241779028e+00
1.995000000000000000e+03 2.252000000000000000e+03 2.214000000000000000e+03 2.254000000000000000e+03 2.251000000000000000e+03 2.280000000000000000e+03 2.200000000000000000e+03 2.962000000000000000e+03 8.715000000000000000e+03 1.840800000000000000e+04 2.112220309810671104e+00
1.957000000000000000e+03 1.995000000000000000e+03 2.252000000000000000e+03 2.214000000000000000e+03 2.254000000000000000e+03 2.251000000000000000e+03 2.280000000000000000e+03 2.200000000000000000e+03 8.418000000000000000e+03 1.740300000000000000e+04 2.067355666429080419e+00
1.955000000000000000e+03 1.957000000000000000e+03 1.995000000000000000e+03 2.252000000000000000e+03 2.214000000000000000e+03 2.254000000000000000e+03 2.251000000000000000e+03 2.280000000000000000e+03 8.159000000000000000e+03 1.715800000000000000e+04 2.102953793357029255e+00
1.601000000000000000e+03 1.955000000000000000e+03 1.957000000000000000e+03 1.995000000000000000e+03 2.252000000000000000e+03 2.214000000000000000e+03 2.254000000000000000e+03 2.251000000000000000e+03 7.508000000000000000e+03 1.647900000000000000e+04 2.194858817261587713e+00
1.650000000000000000e+03 1.601000000000000000e+03 1.955000000000000000e+03 1.957000000000000000e+03 1.995000000000000000e+03 2.252000000000000000e+03 2.214000000000000000e+03 2.254000000000000000e+03 7.163000000000000000e+03 1.587800000000000000e+04 2.216668993438503321e+00
1.549000000000000000e+03 1.650000000000000000e+03 1.601000000000000000e+03 1.955000000000000000e+03 1.957000000000000000e+03 1.995000000000000000e+03 2.252000000000000000e+03 2.214000000000000000e+03 6.755000000000000000e+03 1.517300000000000000e+04 2.246188008882309184e+00
2.033000000000000000e+03 1.549000000000000000e+03 1.650000000000000000e+03 1.601000000000000000e+03 1.955000000000000000e+03 1.957000000000000000e+03 1.995000000000000000e+03 2.252000000000000000e+03 6.833000000000000000e+03 1.499200000000000000e+04 2.194058246743743723e+00
1.845000000000000000e+03 2.033000000000000000e+03 1.549000000000000000e+03 1.650000000000000000e+03 1.601000000000000000e+03 1.955000000000000000e+03 1.957000000000000000e+03 1.995000000000000000e+03 7.077000000000000000e+03 1.458500000000000000e+04 2.060901511940087527e+00
1.950000000000000000e+03 1.845000000000000000e+03 2.033000000000000000e+03 1.549000000000000000e+03 1.650000000000000000e+03 1.601000000000000000e+03 1.955000000000000000e+03 1.957000000000000000e+03 7.377000000000000000e+03 1.454000000000000000e+04 1.970990917717229118e+00
-1.000000000000000000e+08 1.950000000000000000e+03 1.845000000000000000e+03 2.033000000000000000e+03 1.549000000000000000e+03 1.650000000000000000e+03 1.601000000000000000e+03 1.955000000000000000e+03 -9.999417200000000000e+07 -9.998741700000000000e+07 9.999324460629565037e-01
