-1.000000000000000000e+08 -1.000000000000000000e+08 -1.000000000000000000e+08 -1.000000000000000000e+08 -1.000000000000000000e+08 -1.000000000000000000e+08 -1.000000000000000000e+08 -1.000000000000000000e+08 -4.000000000000000000e+08 -8.000000000000000000e+08 2.000000000000000000e+00
-1.000000000000000000e+08 -1.000000000000000000e+08 -1.000000000000000000e+08 -1.000000000000000000e+08 -1.000000000000000000e+08 -1.000000000000000000e+08 -1.000000000000000000e+08 -1.000000000000000000e+08 -4.000000000000000000e+08 -8.000000000000000000e+08 2.000000000000000000e+00
-1.000000000000000000e+08 -1.000000000000000000e+08 -1.000000000000000000e+08 -1.000000000000000000e+08 -1.000000000000000000e+08 -1.000000000000000000e+08 -1.000000000000000000e+08 -1.000000000000000000e+08 -4.000000000000000000e+08 -8.000000000000000000e+08 2.000000000000000000e+00
-1.000000000000000000e+08 -1.000000000000000000e+08 -1.000000000000000000e+08 -1.000000000000000000e+08 -1.000000000000000000e+08 -1.000000000000000000e+08 -1.000000000000000000e+08 -1.000000000000000000e+08 -4.000000000000000000e+08 -8.000000000000000000e+08 2.000000000000000000e+00
-1.000000000000000000e+08 -1.000000000000000000e+08 -1.000000000000000000e+08 -1.000000000000000000e+08 -1.000000000000000000e+08 -1.000000000000000000e+08 -1.000000000000000000e+08 -1.000000000000000000e+08 -4.000000000000000000e+08 -8.000000000000000000e+08 2.000000000000000000e+00
-1.000000000000000000e+08 -1.000000000000000000e+08 -1.000000000000000000e+08 -1.000000000000000000e+08 -1.000000000000000000e+08 -1.000000000000000000e+08 -1.000000000000000000e+08 -1.000000000000000000e+08 -4.000000000000000000e+08 -8.000000000000000000e+08 2.000000000000000000e+00
-1.000000000000000000e+08 -1.000000000000000000e+08 -1.000000000000000000e+08 -1.000000000000000000e+08 -1.000000000000000000e+08 -1.000000000000000000e+08 -1.000000000000000000e+08 -1.000000000000000000e+08 -4.000000000000000000e+08 -8.000000000000000000e+08 2.000000000000000000e+00
-1.000000000000000000e+08 -1.000000000000000000e+08 -1.000000000000000000e+08 -1.000000000000000000e+08 -1.000000000000000000e+08 -1.000000000000000000e+08 -1.000000000000000000e+08 -1.000000000000000000e+08 -4.000000000000000000e+08 -8.000000000000000000e+08 2.000000000000000000e+00
-1.000000000000000000e+08 -1.000000000000000000e+08 -1.000000000000000000e+08 -1.000000000000000000e+08 -1.000000000000000000e+08 -1.000000000000000000e+08 -1.000000000000000000e+08 -1.000000000000000000e+08 -4.000000000000000000e+08 -8.000000000000000000e+08 2.000000000000000000e+00
-1.000000000000000000e+08 -1.000000000000000000e+08 -1.000000000000000000e+08 -1.000000000000000000e+08 -1.000000000000000000e+08 -1.000000000000000000e+08 -1.000000000000000000e+08 -1.000000000000000000e+08 -4.000000000000000000e+08 -8.000000000000000000e+08 2.000000000000000000e+00
-1.000000000000000000e+08 -1.000000000000000000e+08 -1.000000000000000000e+08 -1.000000000000000000e+08 -1.000000000000000000e+08 -1.000000000000000000e+08 -1.000000000000000000e+08 -1.000000000000000000e+08 -4.000000000000000000e+08 -8.000000000000000000e+08 2.000000000000000000e+00
-1.000000000000000000e+08 -1.000000000000000000e+08 -1.000000000000000000e+08 -1.000000000000000000e+08 -1.000000000000000000e+08 -1.000000000000000000e+08 -1.000000000000000000e+08 -1.000000000000000000e+08 -4.000000000000000000e+08 -8.000000000000000000e+08 2.000000000000000000e+00
-1.000000000000000000e+08 -1.000000000000000000e+08 -1.000000000000000000e+08 -1.000000000000000000e+08 -1.000000000000000000e+08 -1.000000000000000000e+08 -1.000000000000000000e+08 -1.000000000000000000e+08 -4.000000000000000000e+08 -8.000000000000000000e+08 2.000000000000000000e+00
-1.000000000000000000e+08 -1.000000000000000000e+08 -1.000000000000000000e+08 -1.000000000000000000e+08 -1.000000000000000000e+08 -1.000000000000000000e+08 -1.000000000000000000e+08 -1.000000000000000000e+08 -4.000000000000000000e+08 -8.000000000000000000e+08 2.000000000000000000e+00
-1.000000000000000000e+08 -1.000000000000000000e+08 -1.000000000000000000e+08 -1.000000000000000000e+08 -1.000000000000000000e+08 -1.000000000000000000e+08 -1.000000000000000000e+08 -1.000000000000000000e+08 -4.000000000000000000e+08 -8.000000000000000000e+08 2.000000000000000000e+00
-1.000000000000000000e+08 -1.000000000000000000e+08 -1.000000000000000000e+08 -1.000000000000000000e+08 -1.000000000000000000e+08 -1.000000000000000000e+08 -1.000000000000000000e+08 -1.000000000000000000e+08 -4.000000000000000000e+08 -8.000000000000000000e+08 2.000000000000000000e+00
-1.000000000000000000e+08 -1.000000000000000000e+08 -1.000000000000000000e+08 -1.000000000000000000e+08 -1.000000000000000000e+08 -1.000000000000000000e+08 -1.000000000000000000e+08 -1.000000000000000000e+08 -4.000000000000000000e+08 -8.000000000000000000e+08 2.000000000000000000e+00
-1.000000000000000000e+08 -1.000000000000000000e+08 -1.000000000000000000e+08 -1.000000000000000000e+08 -1.000000000000000000e+08 -1.000000000000000000e+08 -1.000000000000000000e+08 -1.000000000000000000e+08 -4.000000000000000000e+08 -8.000000000000000000e+08 2.000000000000000000e+00
-1.000000000000000000e+08 -1.000000000000000000e+08 -1.000000000000000000e+08 -1.000000000000000000e+08 -1.000000000000000000e+08 -1.000000000000000000e+08 -1.000000000000000000e+08 -1.000000000000000000e+08 -4.000000000000000000e+08 -8.000000000000000000e+08 2.000000000000000000e+00
-1.000000000000000000e+08 -1.000000000000000000e+08 -1.000000000000000000e+08 -1.000000000000000000e+08 -1.000000000000000000e+08 -1.000000000000000000e+08 -1.000000000000000000e+08 -1.000000000000000000e+08 -4.000000000000000000e+08 -8.000000000000000000e+08 2.000000000000000000e+00
-1.000000000000000000e+08 -1.000000000000000000e+08 -1.000000000000000000e+08 -1.000000000000000000e+08 -1.000000000000000000e+08 -1.000000000000000000e+08 -1.000000000000000000e+08 -1.000000000000000000e+08 -4.000000000000000000e+08 -8.000000000000000000e+08 2.000000000000000000e+00
-1.000000000000000000e+08 -1.000000000000000000e+08 -1.000000000000000000e+08 -1.000000000000000000e+08 -1.000000000000000000e+08 -1.000000000000000000e+08 -1.000000000000000000e+08 -1.000000000000000000e+08 -4.000000000000000000e+08 -8.000000000000000000e+08 2.000000000000000000e+00
-1.000000000000000000e+08 -1.000000000000000000e+08 -1.000000000000000000e+08 -1.000000000000000000e+08 -1.000000000000000000e+08 -1.000000000000000000e+08 -1.000000000000000000e+08 -1.000000000000000000e+08 -4.000000000000000000e+08 -8.000000000000000000e+08 2.000000000000000000e+00
-1.000000000000000000e+08 -1.000000000000000000e+08 -1.000000000000000000e+08 -1.000000000000000000e+08 -1.000000000000000000e+08 -1.000000000000000000e+08 -1.000000000000000000e+08 -1.000000000000000000e+08 -4.000000000000000000e+08 -8.000000000000000000e+08 2.000000000000000000e+00
-1.000000000000000000e+08 -1.000000000000000000e+08 -1.000000000000000000e+08 -1.000000000000000000e+08 -1.000000000000000000e+08 -1.000000000000000000e+08 -1.000000000000000000e+08 -1.000000000000000000e+08 -4.000000000000000000e+08 -8.000000000000000000e+08 2.000000000000000000e+00
-1.000000000000000000e+08 -1.000000000000000000e+08 -1.000000000000000000e+08 -1.000000000000000000e+08 -1.000000000000000000e+08 -1.000000000000000000e+08 -1.000000000000000000e+08 -1.000000000000000000e+08 -4.000000000000000000e+08 -8.000000000000000000e+08 2.000000000000000000e+00
-1.000000000000000000e+08 -1.000000000000000000e+08 -1.000000000000000000e+08 -1.000000000000000000e+08 -1.000000000000000000e+08 -1.000000000000000000e+08 -1.000000000000000000e+08 -1.000000000000000000e+08 -4.000000000000000000e+08 -8.000000000000000000e+08 2.000000000000000000e+00
-1.000000000000000000e+08 -1.000000000000000000e+08 -1.000000000000000000e+08 -1.000000000000000000e+08 -1.000000000000000000e+08 -1.000000000000000000e+08 -1.000000000000000000e+08 -1.000000000000000000e+08 -4.000000000000000000e+08 -8.000000000000000000e+08 2.000000000000000000e+00
-1.000000000000000000e+08 -1.000000000000000000e+08 -1.000000000000000000e+08 -1.000000000000000000e+08 -1.000000000000000000e+08 -1.000000000000000000e+08 -1.000000000000000000e+08 -1.000000000000000000e+08 -4.000000000000000000e+08 -8.000000000000000000e+08 2.000000000000000000e+00
-1.000000000000000000e+08 -1.000000000000000000e+08 -1.000000000000000000e+08 -1.000000000000000000e+08 -1.000000000000000000e+08 -1.000000000000000000e+08 -1.000000000000000000e+08 -1.000000000000000000e+08 -4.000000000000000000e+08 -8.000000000000000000e+08 2.000000000000000000e+00
-1.000000000000000000e+08 -1.000000000000000000e+08 -1.000000000000000000e+08 -1.000000000000000000e+08 -1.000000000000000000e+08 -1.000000000000000000e+08 -1.000000000000000000e+08 -1.000000000000000000e+08 -4.000000000000000000e+08 -8.000000000000000000e+08 2.000000000000000000e+00
-1.000000000000000000e+08 -1.000000000000000000e+08 -1.000000000000000000e+08 -1.000000000000000000e+08 -1.000000000000000000e+08 -1.000000000000000000e+08 -1.000000000000000000e+08 -1.000000000000000000e+08 -4.000000000000000000e+08 -8.000000000000000000e+08 2.000000000000000000e+00
-1.000000000000000000e+08 -1.000000000000000000e+08 -1.000000000000000000e+08 -1.000000000000000000e+08 -1.000000000000000000e+08 -1.000000000000000000e+08 -1.000000000000000000e+08 -1.000000000000000000e+08 -4.000000000000000000e+08 -8.000000000000000000e+08 2.000000000000000000e+00
-1.000000000000000000e+08 -1.000000000000000000e+08 -1.000000000000000000e+08 -1.000000000000000000e+08 -1.000000000000000000e+08 -1.000000000000000000e+08 -1.000000000000000000e+08 -1.000000000000000000e+08 -4.000000000000000000e+08 -8.000000000000000000e+08 2.000000000000000000e+00
-1.000000000000000000e+08 -1.000000000000000000e+08 -1.000000000000000000e+08 -1.000000000000000000e+08 -1.000000000000000000e+08 -1.000000000000000000e+08 -1.000000000000000000e+08 -1.000000000000000000e+08 -4.000000000000000000e+08 -8.000000000000000000e+08 2.000000000000000000e+00
-1.000000000000000000e+08 -1.000000000000000000e+08 -1.000000000000000000e+08 -1.000000000000000000e+08 -1.000000000000000000e+08 -1.000000000000000000e+08 -1.000000000000000000e+08 -1.000000000000000000e+08 -4.000000000000000000e+08 -8.000000000000000000e+08 2.000000000000000000e+00
-1.000000000000000000e+08 -1.000000000000000000e+08 -1.000000000000000000e+08 -1.000000000000000000e+08 -1.000000000000000000e+08 -1.000000000000000000e+08 -1.000000000000000000e+08 -1.000000000000000000e+08 -4.000000000000000000e+08 -8.000000000000000000e+08 2.000000000000000000e+00
-1.000000000000000000e+08 -1.000000000000000000e+08 -1.000000000000000000e+08 -1.000000000000000000e+08 -1.000000000000000000e+08 -1.000000000000000000e+08 -1.000000000000000000e+08 -1.000000000000000000e+08 -4.000000000000000000e+08 -8.000000000000000000e+08 2.000000000000000000e+00
-1.000000000000000000e+08 -1.000000000000000000e+08 -1.000000000000000000e+08 -1.000000000000000000e+08 -1.000000000000000000e+08 -1.000000000000000000e+08 -1.000000000000000000e+08 -1.000000000000000000e+08 -4.000000000000000000e+08 -8.000000000000000000e+08 2.000000000000000000e+00
-1.000000000000000000e+08 -1.000000000000000000e+08 -1.000000000000000000e+08 -1.000000000000000000e+08 -1.000000000000000000e+08 -1.000000000000000000e+08 -1.000000000000000000e+08 -1.000000000000000000e+08 -4.000000000000000000e+08 -8.000000000000000000e+08 2.000000000000000000e+00
-1.000000000000000000e+08 -1.000000000000000000e+08 -1.000000000000000000e+08 -1.000000000000000000e+08 -1.000000000000000000e+08 -1.000000000000000000e+08 -1.000000000000000000e+08 -1.000000000000000000e+08 -4.000000000000000000e+08 -8.000000000000000000e+08 2.000000000000000000e+00
-1.000000000000000000e+08 -1.000000000000000000e+08 -1.000000000000000000e+08 -1.000000000000000000e+08 -1.000000000000000000e+08 -1.000000000000000000e+08 -1.000000000000000000e+08 -1.000000000000000000e+08 -4.000000000000000000e+08 -8.000000000000000000e+08 2.000000000000000000e+00
-1.000000000000000000e+08 -1.000000000000000000e+08 -1.000000000000000000e+08 -1.000000000000000000e+08 -1.000000000000000000e+08 -1.000000000000000000e+08 -1.000000000000000000e+08 -1.000000000000000000e+08 -4.000000000000000000e+08 -8.000000000000000000e+08 2.000000000000000000e+00
-1.000000000000000000e+08 -1.000000000000000000e+08 -1.000000000000000000e+08 -1.000000000000000000e+08 -1.000000000000000000e+08 -1.000000000000000000e+08 -1.000000000000000000e+08 -1.000000000000000000e+08 -4.000000000000000000e+08 -8.000000000000000000e+08 2.000000000000000000e+00
-1.000000000000000000e+08 -1.000000000000000000e+08 -1.000000000000000000e+08 -1.000000000000000000e+08 -1.000000000000000000e+08 -1.000000000000000000e+08 -1.000000000000000000e+08 -1.000000000000000000e+08 -4.000000000000000000e+08 -8.000000000000000000e+08 2.000000000000000000e+00
-1.000000000000000000e+08 -1.000000000000000000e+08 -1.000000000000000000e+08 -1.000000000000000000e+08 -1.000000000000000000e+08 -1.000000000000000000e+08 -1.000000000000000000e+08 -1.000000000000000000e+08 -4.000000000000000000e+08 -8.000000000000000000e+08 2.000000000000000000e+00
-1.000000000000000000e+08 -1.000000000000000000e+08 -1.000000000000000000e+08 -1.000000000000000000e+08 -1.000000000000000000e+08 -1.000000000000000000e+08 -1.000000000000000000e+08 -1.000000000000000000e+08 -4.000000000000000000e+08 -8.000000000000000000e+08 2.000000000000000000e+00
-1.000000000000000000e+08 -1.000000000000000000e+08 -1.000000000000000000e+08 -1.000000000000000000e+08 -1.000000000000000000e+08 -1.000000000000000000e+08 -1.000000000000000000e+08 -1.000000000000000000e+08 -4.000000000000000000e+08 -8.000000000000000000e+08 2.000000000000000000e+00
-1.000000000000000000e+08 -1.000000000000000000e+08 -1.000000000000000000e+08 -1.000000000000000000e+08 -1.000000000000000000e+08 -1.000000000000000000e+08 -1.000000000000000000e+08 -1.000000000000000000e+08 -4.000000000000000000e+08 -8.000000000000000000e+08 2.000000000000000000e+00
-1.000000000000000000e+08 -1.000000000000000000e+08 -1.000000000000000000e+08 -1.000000000000000000e+08 -1.000000000000000000e+08 -1.000000000000000000e+08 -1.000000000000000000e+08 -1.000000000000000000e+08 -4.000000000000000000e+08 -8.000000000000000000e+08 2.000000000000000000e+00
-1.000000000000000000e+08 -1.000000000000000000e+08 -1.000000000000000000e+08 -1.000000000000000000e+08 -1.000000000000000000e+08 -1.000000000000000000e+08 -1.000000000000000000e+08 -1.000000000000000000e+08 -4.000000000000000000e+08 -8.000000000000000000e+08 2.000000000000000000e+00
-1.000000000000000000e+08 -1.000000000000000000e+08 -1.000000000000000000e+08 -1.000000000000000000e+08 -1.000000000000000000e+08 -1.000000000000000000e+08 -1.000000000000000000e+08 -1.000000000000000000e+08 -4.000000000000000000e+08 -8.000000000000000000e+08 2.000000000000000000e+00
-1.000000000000000000e+08 -1.000000000000000000e+08 -1.000000000000000000e+08 -1.000000000000000000e+08 -1.000000000000000000e+08 -1.000000000000000000e+08 -1.000000000000000000e+08 -1.000000000000000000e+08 -4.000000000000000000e+08 -8.000000000000000000e+08 2.000000000000000000e+00
-1.000000000000000000e+08 -1.000000000000000000e+08 -1.000000000000000000e+08 -1.000000000000000000e+08 -1.000000000000000000e+08 -1.000000000000000000e+08 -1.000000000000000000e+08 -1.000000000000000000e+08 -4.000000000000000000e+08 -8.000000000000000000e+08 2.000000000000000000e+00
-1.000000000000000000e+08 -1.000000000000000000e+08 -1.000000000000000000e+08 -1.000000000000000000e+08 -1.000000000000000000e+08 -1.000000000000000000e+08 -1.000000000000000000e+08 -1.000000000000000000e+08 -4.000000000000000000e+08 -8.000000000000000000e+08 2.000000000000000000e+00
-1.000000000000000000e+08 -1.000000000000000000e+08 -1.000000000000000000e+08 -1.000000000000000000e+08 -1.000000000000000000e+08 -1.000000000000000000e+08 -1.000000000000000000e+08 -1.000000000000000000e+08 -4.000000000000000000e+08 -8.000000000000000000e+08 2.000000000000000000e+00
-1.000000000000000000e+08 -1.000000000000000000e+08 -1.000000000000000000e+08 -1.000000000000000000e+08 -1.000000000000000000e+08 -1.000000000000000000e+08 -1.000000000000000000e+08 -1.000000000000000000e+08 -4.000000000000000000e+08 -8.000000000000000000e+08 2.000000000000000000e+00
-1.000000000000000000e+08 -1.000000000000000000e+08 -1.000000000000000000e+08 -1.000000000000000000e+08 -1.000000000000000000e+08 -1.000000000000000000e+08 -1.000000000000000000e+08 -1.000000000000000000e+08 -4.000000000000000000e+08 -8.000000000000000000e+08 2.000000000000000000e+00
-1.000000000000000000e+08 -1.000000000000000000e+08 -1.000000000000000000e+08 -1.000000000000000000e+08 -1.000000000000000000e+08 -1.000000000000000000e+08 -1.000000000000000000e+08 -1.000000000000000000e+08 -4.000000000000000000e+08 -8.000000000000000000e+08 2.000000000000000000e+00
-1.000000000000000000e+08 -1.000000000000000000e+08 -1.000000000000000000e+08 -1.000000000000000000e+08 -1.000000000000000000e+08 -1.000000000000000000e+08 -1.000000000000000000e+08 -1.000000000000000000e+08 -4.000000000000000000e+08 -8.000000000000000000e+08 2.000000000000000000e+00
-1.000000000000000000e+08 -1.000000000000000000e+08 -1.000000000000000000e+08 -1.000000000000000000e+08 -1.000000000000000000e+08 -1.000000000000000000e+08 -1.000000000000000000e+08 -1.000000000000000000e+08 -4.000000000000000000e+08 -8.000000000000000000e+08 2.000000000000000000e+00
-1.000000000000000000e+08 -1.000000000000000000e+08 -1.000000000000000000e+08 -1.000000000000000000e+08 -1.000000000000000000e+08 -1.000000000000000000e+08 -1.000000000000000000e+08 -1.000000000000000000e+08 -4.000000000000000000e+08 -8.000000000000000000e+08 2.000000000000000000e+00
-1.000000000000000000e+08 -1.000000000000000000e+08 -1.000000000000000000e+08 -1.000000000000000000e+08 -1.000000000000000000e+08 -1.000000000000000000e+08 -1.000000000000000000e+08 -1.000000000000000000e+08 -4.000000000000000000e+08 -8.000000000000000000e+08 2.000000000000000000e+00
-1.000000000000000000e+08 -1.000000000000000000e+08 -1.000000000000000000e+08 -1.000000000000000000e+08 -1.000000000000000000e+08 -1.000000000000000000e+08 -1.000000000000000000e+08 -1.000000000000000000e+08 -4.000000000000000000e+08 -8.000000000000000000e+08 2.000000000000000000e+00
-1.000000000000000000e+08 -1.000000000000000000e+08 -1.000000000000000000e+08 -1.000000000000000000e+08 -1.000000000000000000e+08 -1.000000000000000000e+08 -1.000000000000000000e+08 -1.000000000000000000e+08 -4.000000000000000000e+08 -8.000000000000000000e+08 2.000000000000000000e+00
-1.000000000000000000e+08 -1.000000000000000000e+08 -1.000000000000000000e+08 -1.000000000000000000e+08 -1.000000000000000000e+08 -1.000000000000000000e+08 -1.000000000000000000e+08 -1.000000000000000000e+08 -4.000000000000000000e+08 -8.000000000000000000e+08 2.000000000000000000e+00
-1.000000000000000000e+08 -1.000000000000000000e+08 -1.000000000000000000e+08 -1.000000000000000000e+08 -1.000000000000000000e+08 -1.000000000000000000e+08 -1.000000000000000000e+08 -1.000000000000000000e+08 -4.000000000000000000e+08 -8.000000000000000000e+08 2.000000000000000000e+00
-1.000000000000000000e+08 -1.000000000000000000e+08 -1.000000000000000000e+08 -1.000000000000000000e+08 -1.000000000000000000e+08 -1.000000000000000000e+08 -1.000000000000000000e+08 -1.000000000000000000e+08 -4.000000000000000000e+08 -8.000000000000000000e+08 2.000000000000000000e+00
-1.000000000000000000e+08 -1.000000000000000000e+08 -1.000000000000000000e+08 -1.000000000000000000e+08 -1.000000000000000000e+08 -1.000000000000000000e+08 -1.000000000000000000e+08 -1.000000000000000000e+08 -4.000000000000000000e+08 -8.000000000000000000e+08 2.000000000000000000e+00
-1.000000000000000000e+08 -1.000000000000000000e+08 -1.000000000000000000e+08 -1.000000000000000000e+08 -1.000000000000000000e+08 -1.000000000000000000e+08 -1.000000000000000000e+08 -1.000000000000000000e+08 -4.000000000000000000e+08 -8.000000000000000000e+08 2.000000000000000000e+00
-1.000000000000000000e+08 -1.000000000000000000e+08 -1.000000000000000000e+08 -1.000000000000000000e+08 -1.000000000000000000e+08 -1.000000000000000000e+08 -1.000000000000000000e+08 -1.000000000000000000e+08 -4.000000000000000000e+08 -8.000000000000000000e+08 2.000000000000000000e+00
2.008000000000000398e+02 -1.000000000000000000e+08 -1.000000000000000000e+08 -1.000000000000000000e+08 -1.000000000000000000e+08 -1.000000000000000000e+08 -1.000000000000000000e+08 -1.000000000000000000e+08 -2.999997991999999881e+08 -6.999997992000000477e+08 2.333334225778375348e+00
2.188333333333333428e+02 2.008000000000000398e+02 -1.000000000000000000e+08 -1.000000000000000000e+08 -1.000000000000000000e+08 -1.000000000000000000e+08 -1.000000000000000000e+08 -1.000000000000000000e+08 -1.999995803666666746e+08 -5.999995803666666746e+08 3.000004196342137774e+00
2.424333333333333087e+02 2.188333333333333428e+02 2.008000000000000398e+02 -1.000000000000000000e+08 -1.000000000000000000e+08 -1.000000000000000000e+08 -1.000000000000000000e+08 -1.000000000000000000e+08 -9.999933793333333731e+07 -4.999993379333333373e+08 5.000026482842000242e+00
2.561666666666666856e+02 2.424333333333333087e+02 2.188333333333333428e+02 2.008000000000000398e+02 -1.000000000000000000e+08 -1.000000000000000000e+08 -1.000000000000000000e+08 -1.000000000000000000e+08 9.182333333333334622e+02 -3.999990817666666508e+08 -4.356181236795294681e+05
2.469666666666666686e+02 2.561666666666666856e+02 2.424333333333333087e+02 2.188333333333333428e+02 2.008000000000000398e+02 -1.000000000000000000e+08 -1.000000000000000000e+08 -1.000000000000000000e+08 9.643999999999999773e+02 -2.999988348000000119e+08 -3.110730348403152311e+05
2.493666666666666742e+02 2.469666666666666686e+02 2.561666666666666856e+02 2.424333333333333087e+02 2.188333333333333428e+02 2.008000000000000398e+02 -1.000000000000000000e+08 -1.000000000000000000e+08 9.949333333333332803e+02 -1.999985854333333373e+08 -2.010170719311176799e+05
2.511666666666666572e+02 2.493666666666666742e+02 2.469666666666666686e+02 2.561666666666666856e+02 2.424333333333333087e+02 2.188333333333333428e+02 2.008000000000000398e+02 -1.000000000000000000e+08 1.003666666666666742e+03 -9.999833426666666567e+07 -9.963301321819992154e+04
2.405666666666666913e+02 2.511666666666666572e+02 2.493666666666666742e+02 2.469666666666666686e+02 2.561666666666666856e+02 2.424333333333333087e+02 2.188333333333333428e+02 2.008000000000000398e+02 9.880666666666667197e+02 1.906300000000000182e+03 1.929323257539977243e+00
2.248333333333333428e+02 2.405666666666666913e+02 2.511666666666666572e+02 2.493666666666666742e+02 2.469666666666666686e+02 2.561666666666666856e+02 2.424333333333333087e+02 2.188333333333333428e+02 9.659333333333333940e+02 1.930333333333333485e+03 1.998412588860514871e+00
2.275333333333333030e+02 2.248333333333333428e+02 2.405666666666666913e+02 2.511666666666666572e+02 2.493666666666666742e+02 2.469666666666666686e+02 2.561666666666666856e+02 2.424333333333333087e+02 9.441000000000000227e+02 1.939033333333333303e+03 2.053843166331250192e+00
2.345333333333333314e+02 2.275333333333333030e+02 2.248333333333333428e+02 2.405666666666666913e+02 2.511666666666666572e+02 2.493666666666666742e+02 2.469666666666666686e+02 2.561666666666666856e+02 9.274666666666666970e+02 1.931133333333333439e+03 2.082159286946521082e+00
2.407666666666666515e+02 2.345333333333333314e+02 2.275333333333333030e+02 2.248333333333333428e+02 2.405666666666666913e+02 2.511666666666666572e+02 2.493666666666666742e+02 2.469666666666666686e+02 9.276666666666666288e+02 1.915733333333333348e+03 2.065109593963348811e+00
2.110333333333333030e+02 2.407666666666666515e+02 2.345333333333333314e+02 2.275333333333333030e+02 2.248333333333333428e+02 2.405666666666666913e+02 2.511666666666666572e+02 2.493666666666666742e+02 9.138666666666665606e+02 1.879799999999999955e+03 2.056974029763642076e+00
1.954333333333333087e+02 2.110333333333333030e+02 2.407666666666666515e+02 2.345333333333333314e+02 2.275333333333333030e+02 2.248333333333333428e+02 2.405666666666666913e+02 2.511666666666666572e+02 8.817666666666665378e+02 1.825866666666666561e+03 2.070691414962386290e+00
2.157999999999999829e+02 1.954333333333333087e+02 2.110333333333333030e+02 2.407666666666666515e+02 2.345333333333333314e+02 2.275333333333333030e+02 2.248333333333333428e+02 2.405666666666666913e+02 8.630333333333333030e+02 1.790500000000000000e+03 2.074659147966475103e+00
2.303333333333333428e+02 2.157999999999999829e+02 1.954333333333333087e+02 2.110333333333333030e+02 2.407666666666666515e+02 2.345333333333333314e+02 2.275333333333333030e+02 2.248333333333333428e+02 8.525999999999999091e+02 1.780266666666666424e+03 2.088044413167565949e+00
2.576333333333333826e+02 2.303333333333333428e+02 2.157999999999999829e+02 1.954333333333333087e+02 2.110333333333333030e+02 2.407666666666666515e+02 2.345333333333333314e+02 2.275333333333333030e+02 8.991999999999999318e+02 1.813066666666666606e+03 2.016310794780545645e+00
3.084333333333333371e+02 2.576333333333333826e+02 2.303333333333333428e+02 2.157999999999999829e+02 1.954333333333333087e+02 2.110333333333333030e+02 2.407666666666666515e+02 2.345333333333333314e+02 1.012200000000000045e+03 1.893966666666666697e+03 1.871138773628400198e+00
3.012333333333333485e+02 3.084333333333333371e+02 2.576333333333333826e+02 2.303333333333333428e+02 2.157999999999999829e+02 1.954333333333333087e+02 2.110333333333333030e+02 2.407666666666666515e+02 1.097633333333333439e+03 1.960666666666666742e+03 1.786267423851316316e+00
2.951999999999999886e+02 3.012333333333333485e+02 3.084333333333333371e+02 2.576333333333333826e+02 2.303333333333333428e+02 2.157999999999999829e+02 1.954333333333333087e+02 2.110333333333333030e+02 1.162500000000000227e+03 2.015100000000000136e+03 1.733419354838709348e+00
2.986000000000000227e+02 2.951999999999999886e+02 3.012333333333333485e+02 3.084333333333333371e+02 2.576333333333333826e+02 2.303333333333333428e+02 2.157999999999999829e+02 1.954333333333333087e+02 1.203466666666666697e+03 2.102666666666666515e+03 1.747174828273875269e+00
3.576999999999999886e+02 2.986000000000000227e+02 2.951999999999999886e+02 3.012333333333333485e+02 3.084333333333333371e+02 2.576333333333333826e+02 2.303333333333333428e+02 2.157999999999999829e+02 1.252733333333333348e+03 2.264933333333333394e+03 1.807993188228407266e+00
3.749666666666666970e+02 3.576999999999999886e+02 2.986000000000000227e+02 2.951999999999999886e+02 3.012333333333333485e+02 3.084333333333333371e+02 2.576333333333333826e+02 2.303333333333333428e+02 1.326466666666666924e+03 2.424100000000000364e+03 1.827486555762175113e+00
3.668666666666666174e+02 3.749666666666666970e+02 3.576999999999999886e+02 2.986000000000000227e+02 2.951999999999999886e+02 3.012333333333333485e+02 3.084333333333333371e+02 2.576333333333333826e+02 1.398133333333333212e+03 2.560633333333333212e+03 1.831465763875643749e+00
3.646666666666666856e+02 3.668666666666666174e+02 3.749666666666666970e+02 3.576999999999999886e+02 2.986000000000000227e+02 2.951999999999999886e+02 3.012333333333333485e+02 3.084333333333333371e+02 1.464200000000000045e+03 2.667666666666666970e+03 1.821927787642854124e+00
3.696666666666666856e+02 3.646666666666666856e+02 3.668666666666666174e+02 3.749666666666666970e+02 3.576999999999999886e+02 2.986000000000000227e+02 2.951999999999999886e+02 3.012333333333333485e+02 1.476166666666666742e+03 2.728900000000000091e+03 1.848639494185390086e+00
3.732666666666666515e+02 3.696666666666666856e+02 3.646666666666666856e+02 3.668666666666666174e+02 3.749666666666666970e+02 3.576999999999999886e+02 2.986000000000000227e+02 2.951999999999999886e+02 1.474466666666666697e+03 2.800933333333333394e+03 1.899624723063706666e+00
3.887666666666666515e+02 3.732666666666666515e+02 3.696666666666666856e+02 3.646666666666666856e+02 3.668666666666666174e+02 3.749666666666666970e+02 3.576999999999999886e+02 2.986000000000000227e+02 1.496366666666666788e+03 2.894500000000000000e+03 1.934352097302354467e+00
3.871333333333332689e+02 3.887666666666666515e+02 3.732666666666666515e+02 3.696666666666666856e+02 3.646666666666666856e+02 3.668666666666666174e+02 3.749666666666666970e+02 3.576999999999999886e+02 1.518833333333333258e+03 2.983033333333333303e+03 1.964029408537254495e+00
3.887333333333333485e+02 3.871333333333332689e+02 3.887666666666666515e+02 3.732666666666666515e+02 3.696666666666666856e+02 3.646666666666666856e+02 3.668666666666666174e+02 3.749666666666666970e+02 1.537899999999999864e+03 3.014066666666666606e+03 1.959858681752173037e+00
3.787666666666666515e+02 3.887333333333333485e+02 3.871333333333332689e+02 3.887666666666666515e+02 3.732666666666666515e+02 3.696666666666666856e+02 3.646666666666666856e+02 3.668666666666666174e+02 1.543399999999999864e+03 3.017866666666666788e+03 1.955336702518249981e+00
3.867666666666666515e+02 3.787666666666666515e+02 3.887333333333333485e+02 3.871333333333332689e+02 3.887666666666666515e+02 3.732666666666666515e+02 3.696666666666666856e+02 3.646666666666666856e+02 1.541399999999999864e+03 3.037766666666666424e+03 1.970784135634271905e+00
3.757666666666666515e+02 3.867666666666666515e+02 3.787666666666666515e+02 3.887333333333333485e+02 3.871333333333332689e+02 3.887666666666666515e+02 3.732666666666666515e+02 3.696666666666666856e+02 1.530033333333333303e+03 3.048866666666666788e+03 1.992679898041437081e+00
