7.120266666666667152e+04 6.904823333333333721e+04 6.738533333333332848e+04 6.518386666666666861e+04 6.256450000000000000e+04 5.901690000000000146e+04 5.584109999999999854e+04 5.318666666666666424e+04 2.728200999999999767e+05 5.034292666666666046e+05 1.845279239567270357e+00
7.235336666666666861e+04 7.120266666666667152e+04 6.904823333333333721e+04 6.738533333333332848e+04 6.518386666666666861e+04 6.256450000000000000e+04 5.901690000000000146e+04 5.584109999999999854e+04 2.799895999999999767e+05 5.225959666666666744e+05 1.866483493196414045e+00
7.323980000000000291e+04 7.235336666666666861e+04 7.120266666666667152e+04 6.904823333333333721e+04 6.738533333333332848e+04 6.518386666666666861e+04 6.256450000000000000e+04 5.901690000000000146e+04 2.858440666666667094e+05 5.399946666666667443e+05 1.889123230591224445e+00
7.410059999999999127e+04 7.323980000000000291e+04 7.235336666666666861e+04 7.120266666666667152e+04 6.904823333333333721e+04 6.738533333333332848e+04 6.518386666666666861e+04 6.256450000000000000e+04 2.908964333333333489e+05 5.550783666666666977e+05 1.908164910466989772e+00
7.486766666666667152e+04 7.410059999999999127e+04 7.323980000000000291e+04 7.235336666666666861e+04 7.120266666666667152e+04 6.904823333333333721e+04 6.738533333333332848e+04 6.518386666666666861e+04 2.945614333333333489e+05 5.673815333333333256e+05 1.926190835346967001e+00
7.553826666666667734e+04 7.486766666666667152e+04 7.410059999999999127e+04 7.323980000000000291e+04 7.235336666666666861e+04 7.120266666666667152e+04 6.904823333333333721e+04 6.738533333333332848e+04 2.977463333333333139e+05 5.777359333333333489e+05 1.940362881602796241e+00
7.634469999999999709e+04 7.553826666666667734e+04 7.486766666666667152e+04 7.410059999999999127e+04 7.323980000000000291e+04 7.235336666666666861e+04 7.120266666666667152e+04 6.904823333333333721e+04 3.008512333333333372e+05 5.866953000000000466e+05 1.950117649509386597e+00
7.542719999999999709e+04 7.634469999999999709e+04 7.553826666666667734e+04 7.486766666666667152e+04 7.410059999999999127e+04 7.323980000000000291e+04 7.235336666666666861e+04 7.120266666666667152e+04 3.021778333333333721e+05 5.930742666666667210e+05 1.962666354856163586e+00
7.438750000000000000e+04 7.542719999999999709e+04 7.634469999999999709e+04 7.553826666666667734e+04 7.486766666666667152e+04 7.410059999999999127e+04 7.323980000000000291e+04 7.235336666666666861e+04 3.016976666666666861e+05 5.962591000000000931e+05 1.976346408601105331e+00
7.387086666666666861e+04 7.438750000000000000e+04 7.542719999999999709e+04 7.634469999999999709e+04 7.553826666666667734e+04 7.486766666666667152e+04 7.410059999999999127e+04 7.323980000000000291e+04 3.000302666666666628e+05 5.977765999999999767e+05 1.992387656889726966e+00
7.414493333333333430e+04 7.387086666666666861e+04 7.438750000000000000e+04 7.542719999999999709e+04 7.634469999999999709e+04 7.553826666666667734e+04 7.486766666666667152e+04 7.410059999999999127e+04 2.978305000000000000e+05 5.986817333333333954e+05 2.010142457986450193e+00
7.483893333333333430e+04 7.414493333333333430e+04 7.387086666666666861e+04 7.438750000000000000e+04 7.542719999999999709e+04 7.634469999999999709e+04 7.553826666666667734e+04 7.486766666666667152e+04 2.972422333333333372e+05 5.994200666666666511e+05 2.016604639067104188e+00
7.571153333333334012e+04 7.483893333333333430e+04 7.414493333333333430e+04 7.387086666666666861e+04 7.438750000000000000e+04 7.542719999999999709e+04 7.634469999999999709e+04 7.553826666666667734e+04 2.985662666666667210e+05 6.002639333333333489e+05 2.010488123909510261e+00
7.649896666666667443e+04 7.571153333333334012e+04 7.483893333333333430e+04 7.414493333333333430e+04 7.387086666666666861e+04 7.438750000000000000e+04 7.542719999999999709e+04 7.634469999999999709e+04 3.011943666666666977e+05 6.012246333333333023e+05 1.996135053876062715e+00
7.748570000000001164e+04 7.649896666666667443e+04 7.571153333333334012e+04 7.483893333333333430e+04 7.414493333333333430e+04 7.387086666666666861e+04 7.438750000000000000e+04 7.542719999999999709e+04 3.045351333333333605e+05 6.023656333333333023e+05 1.977984039936716343e+00
7.890536666666668316e+04 7.748570000000001164e+04 7.649896666666667443e+04 7.571153333333334012e+04 7.483893333333333430e+04 7.414493333333333430e+04 7.387086666666666861e+04 7.438750000000000000e+04 3.086015666666667094e+05 6.058438000000000466e+05 1.963190940810734642e+00
7.953966666666667152e+04 7.890536666666668316e+04 7.748570000000001164e+04 7.649896666666667443e+04 7.571153333333334012e+04 7.483893333333333430e+04 7.414493333333333430e+04 7.387086666666666861e+04 3.124297000000000698e+05 6.109959666666667908e+05 1.955627031190269927e+00
8.060056666666666570e+04 7.953966666666667152e+04 7.890536666666668316e+04 7.748570000000001164e+04 7.649896666666667443e+04 7.571153333333334012e+04 7.483893333333333430e+04 7.414493333333333430e+04 3.165313000000000466e+05 6.177256666666667443e+05 1.951546866507883005e+00
8.090956666666666570e+04 8.060056666666666570e+04 7.953966666666667152e+04 7.890536666666668316e+04 7.748570000000001164e+04 7.649896666666667443e+04 7.571153333333334012e+04 7.483893333333333430e+04 3.199551666666666861e+05 6.244903000000000466e+05 1.951805643603192308e+00
8.163230000000000291e+04 8.090956666666666570e+04 8.060056666666666570e+04 7.953966666666667152e+04 7.890536666666668316e+04 7.748570000000001164e+04 7.649896666666667443e+04 7.571153333333334012e+04 3.226821000000000349e+05 6.312836666666667443e+05 1.956364070602821359e+00
8.456200000000000000e+04 8.163230000000000291e+04 8.090956666666666570e+04 8.060056666666666570e+04 7.953966666666667152e+04 7.890536666666668316e+04 7.748570000000001164e+04 7.649896666666667443e+04 3.277044333333332906e+05 6.401341333333333023e+05 1.953388688770663739e+00
8.747716666666667152e+04 8.456200000000000000e+04 8.163230000000000291e+04 8.090956666666666570e+04 8.060056666666666570e+04 7.953966666666667152e+04 7.890536666666668316e+04 7.748570000000001164e+04 3.345810333333333256e+05 6.511123333333333721e+05 1.946052730026238908e+00
9.164656666666665114e+04 8.747716666666667152e+04 8.456200000000000000e+04 8.163230000000000291e+04 8.090956666666666570e+04 8.060056666666666570e+04 7.953966666666667152e+04 7.890536666666668316e+04 3.453180333333333256e+05 6.652731999999999534e+05 1.926552151297050708e+00
9.554260000000002037e+04 9.164656666666665114e+04 8.747716666666667152e+04 8.456200000000000000e+04 8.163230000000000291e+04 8.090956666666666570e+04 8.060056666666666570e+04 7.953966666666667152e+04 3.592283333333333721e+05 6.819104333333333489e+05 1.898264613500234121e+00
9.805590000000000873e+04 9.554260000000002037e+04 9.164656666666665114e+04 8.747716666666667152e+04 8.456200000000000000e+04 8.163230000000000291e+04 8.090956666666666570e+04 8.060056666666666570e+04 3.727222333333333372e+05 7.004266666666666279e+05 1.879218903585663902e+00
9.935493333333333430e+04 9.805590000000000873e+04 9.554260000000002037e+04 9.164656666666665114e+04 8.747716666666667152e+04 8.456200000000000000e+04 8.163230000000000291e+04 8.090956666666666570e+04 3.846000000000000000e+05 7.191810333333333256e+05 1.869945484486046139e+00
9.885369999999999709e+04 9.935493333333333430e+04 9.805590000000000873e+04 9.554260000000002037e+04 9.164656666666665114e+04 8.747716666666667152e+04 8.456200000000000000e+04 8.163230000000000291e+04 3.918071333333333605e+05 7.371251666666667443e+05 1.881346979049386192e+00
9.854713333333334594e+04 9.885369999999999709e+04 9.935493333333333430e+04 9.805590000000000873e+04 9.554260000000002037e+04 9.164656666666665114e+04 8.747716666666667152e+04 8.456200000000000000e+04 3.948116666666666861e+05 7.540400000000000000e+05 1.909872639697408392e+00
9.757690000000000873e+04 9.854713333333334594e+04 9.885369999999999709e+04 9.935493333333333430e+04 9.805590000000000873e+04 9.554260000000002037e+04 9.164656666666665114e+04 8.747716666666667152e+04 3.943326666666666861e+05 7.670549000000000233e+05 1.945197455955124166e+00
9.702303333333332557e+04 9.757690000000000873e+04 9.854713333333334594e+04 9.885369999999999709e+04 9.935493333333333430e+04 9.805590000000000873e+04 9.554260000000002037e+04 9.164656666666665114e+04 3.920007666666667210e+05 7.766007666666667210e+05 1.981120530121412093e+00
9.790906666666666570e+04 9.702303333333332557e+04 9.757690000000000873e+04 9.854713333333334594e+04 9.885369999999999709e+04 9.935493333333333430e+04 9.805590000000000873e+04 9.554260000000002037e+04 3.910561333333333605e+05 7.828632666666667210e+05 2.001920440407361834e+00
9.740680000000000291e+04 9.790906666666666570e+04 9.702303333333332557e+04 9.757690000000000873e+04 9.854713333333334594e+04 9.885369999999999709e+04 9.935493333333333430e+04 9.805590000000000873e+04 3.899158000000000466e+05 7.847274666666667908e+05 2.012556215128155301e+00
1.000474666666666744e+05 9.740680000000000291e+04 9.790906666666666570e+04 9.702303333333332557e+04 9.757690000000000873e+04 9.854713333333334594e+04 9.885369999999999709e+04 9.935493333333333430e+04 3.923863666666666395e+05 7.867190333333333256e+05 2.004960162139510338e+00
1.067872333333333372e+05 1.000474666666666744e+05 9.740680000000000291e+04 9.790906666666666570e+04 9.702303333333332557e+04 9.757690000000000873e+04 9.854713333333334594e+04 9.885369999999999709e+04 4.021505666666666511e+05 7.941513333333333721e+05 1.974761194335421965e+00
1.131734333333333343e+05 1.067872333333333372e+05 1.000474666666666744e+05 9.740680000000000291e+04 9.790906666666666570e+04 9.702303333333332557e+04 9.757690000000000873e+04 9.854713333333334594e+04 4.174149333333333489e+05 8.084710666666666511e+05 1.936852283195745539e+00
1.201679666666666744e+05 1.131734333333333343e+05 1.067872333333333372e+05 1.000474666666666744e+05 9.740680000000000291e+04 9.790906666666666570e+04 9.702303333333332557e+04 9.757690000000000873e+04 4.401761000000000349e+05 8.300919000000001397e+05 1.885817744307335397e+00
1.258640999999999913e+05 1.201679666666666744e+05 1.131734333333333343e+05 1.067872333333333372e+05 1.000474666666666744e+05 9.740680000000000291e+04 9.790906666666666570e+04 9.702303333333332557e+04 4.659927333333333372e+05 8.583790999999999767e+05 1.842043960342157005e+00
1.304315666666666511e+05 1.258640999999999913e+05 1.201679666666666744e+05 1.131734333333333343e+05 1.067872333333333372e+05 1.000474666666666744e+05 9.740680000000000291e+04 9.790906666666666570e+04 4.896370666666666511e+05 8.917876333333333023e+05 1.821323780498099509e+00
1.347745000000000000e+05 1.304315666666666511e+05 1.258640999999999913e+05 1.201679666666666744e+05 1.131734333333333343e+05 1.067872333333333372e+05 1.000474666666666744e+05 9.740680000000000291e+04 5.112381333333333023e+05 9.286530666666666511e+05 1.816478478652870487e+00
1.407674666666666744e+05 1.347745000000000000e+05 1.304315666666666511e+05 1.258640999999999913e+05 1.201679666666666744e+05 1.131734333333333343e+05 1.067872333333333372e+05 1.000474666666666744e+05 5.318376333333333023e+05 9.720137333333333954e+05 1.827651283797204318e+00
1.507141999999999825e+05 1.407674666666666744e+05 1.347745000000000000e+05 1.304315666666666511e+05 1.258640999999999913e+05 1.201679666666666744e+05 1.131734333333333343e+05 1.067872333333333372e+05 5.566877333333332790e+05 1.022680466666666558e+06 1.837081015856166344e+00
1.615117999999999884e+05 1.507141999999999825e+05 1.407674666666666744e+05 1.347745000000000000e+05 1.304315666666666511e+05 1.258640999999999913e+05 1.201679666666666744e+05 1.131734333333333343e+05 5.877679666666666744e+05 1.077405033333333209e+06 1.833044831353233928e+00
1.776681333333333314e+05 1.615117999999999884e+05 1.507141999999999825e+05 1.407674666666666744e+05 1.347745000000000000e+05 1.304315666666666511e+05 1.258640999999999913e+05 1.201679666666666744e+05 6.306615999999999767e+05 1.141899733333333395e+06 1.810637802164161370e+00
1.945610000000000000e+05 1.776681333333333314e+05 1.615117999999999884e+05 1.507141999999999825e+05 1.407674666666666744e+05 1.347745000000000000e+05 1.304315666666666511e+05 1.258640999999999913e+05 6.844551333333333023e+05 1.216292766666666605e+06 1.777023368563627193e+00
2.082865666666666511e+05 1.945610000000000000e+05 1.776681333333333314e+05 1.615117999999999884e+05 1.507141999999999825e+05 1.407674666666666744e+05 1.347745000000000000e+05 1.304315666666666511e+05 7.420275000000000000e+05 1.298715233333333395e+06 1.750225205040693677e+00
2.231195666666666511e+05 2.082865666666666511e+05 1.945610000000000000e+05 1.776681333333333314e+05 1.615117999999999884e+05 1.507141999999999825e+05 1.407674666666666744e+05 1.347745000000000000e+05 8.036352666666666046e+05 1.391403233333333395e+06 1.731386477231918519e+00
2.379626666666666570e+05 2.231195666666666511e+05 2.082865666666666511e+05 1.945610000000000000e+05 1.776681333333333314e+05 1.615117999999999884e+05 1.507141999999999825e+05 1.407674666666666744e+05 8.639297999999999302e+05 1.494591399999999907e+06 1.729991719234595271e+00
2.530272666666666337e+05 2.379626666666666570e+05 2.231195666666666511e+05 2.082865666666666511e+05 1.945610000000000000e+05 1.776681333333333314e+05 1.615117999999999884e+05 1.507141999999999825e+05 9.223960666666666511e+05 1.606851199999999953e+06 1.742040385977361439e+00
2.716192333333333372e+05 2.530272666666666337e+05 2.379626666666666570e+05 2.231195666666666511e+05 2.082865666666666511e+05 1.945610000000000000e+05 1.776681333333333314e+05 1.615117999999999884e+05 9.857287333333332790e+05 1.727756233333333395e+06 1.752770488378445846e+00
2.977437000000000116e+05 2.716192333333333372e+05 2.530272666666666337e+05 2.379626666666666570e+05 2.231195666666666511e+05 2.082865666666666511e+05 1.945610000000000000e+05 1.776681333333333314e+05 1.060352866666666698e+06 1.863988133333333302e+06 1.757894180258106509e+00
3.268395000000000000e+05 2.977437000000000116e+05 2.716192333333333372e+05 2.530272666666666337e+05 2.379626666666666570e+05 2.231195666666666511e+05 2.082865666666666511e+05 1.945610000000000000e+05 1.149229699999999953e+06 2.013159500000000000e+06 1.751746843994721026e+00
3.571328666666666977e+05 3.268395000000000000e+05 2.977437000000000116e+05 2.716192333333333372e+05 2.530272666666666337e+05 2.379626666666666570e+05 2.231195666666666511e+05 2.082865666666666511e+05 1.253335300000000047e+06 2.175731366666666698e+06 1.735953153690530160e+00
3.887778666666666977e+05 3.571328666666666977e+05 3.268395000000000000e+05 2.977437000000000116e+05 2.716192333333333372e+05 2.530272666666666337e+05 2.379626666666666570e+05 2.231195666666666511e+05 1.370493933333333349e+06 2.356222666666666511e+06 1.719250709075253569e+00
4.087622333333333372e+05 3.887778666666666977e+05 3.571328666666666977e+05 3.268395000000000000e+05 2.977437000000000116e+05 2.716192333333333372e+05 2.530272666666666337e+05 2.379626666666666570e+05 1.481512466666666791e+06 2.541865333333333489e+06 1.715723215648944588e+00
4.266643333333333139e+05 4.087622333333333372e+05 3.887778666666666977e+05 3.571328666666666977e+05 3.268395000000000000e+05 2.977437000000000116e+05 2.716192333333333372e+05 2.530272666666666337e+05 1.581337300000000047e+06 2.730567000000000000e+06 1.726745457784370164e+00
4.402175333333333838e+05 4.266643333333333139e+05 4.087622333333333372e+05 3.887778666666666977e+05 3.571328666666666977e+05 3.268395000000000000e+05 2.977437000000000116e+05 2.716192333333333372e+05 1.664421966666666791e+06 2.917757266666666605e+06 1.753015356141959025e+00
4.427020333333333838e+05 4.402175333333333838e+05 4.266643333333333139e+05 4.087622333333333372e+05 3.887778666666666977e+05 3.571328666666666977e+05 3.268395000000000000e+05 2.977437000000000116e+05 1.718346133333333535e+06 3.088840066666666884e+06 1.797565698055711758e+00
4.459723666666666977e+05 4.427020333333333838e+05 4.402175333333333838e+05 4.266643333333333139e+05 4.087622333333333372e+05 3.887778666666666977e+05 3.571328666666666977e+05 3.268395000000000000e+05 1.755556266666666837e+06 3.237068733333333395e+06 1.843899164496540788e+00
4.490364666666666162e+05 4.459723666666666977e+05 4.427020333333333838e+05 4.402175333333333838e+05 4.266643333333333139e+05 4.087622333333333372e+05 3.887778666666666977e+05 3.571328666666666977e+05 1.777928400000000140e+06 3.359265700000000186e+06 1.889426874558052916e+00
4.501825333333333838e+05 4.490364666666666162e+05 4.459723666666666977e+05 4.427020333333333838e+05 4.402175333333333838e+05 4.266643333333333139e+05 4.087622333333333372e+05 3.887778666666666977e+05 1.787893400000000140e+06 3.452315366666667163e+06 1.930940271196631031e+00
4.667326666666666861e+05 4.501825333333333838e+05 4.490364666666666162e+05 4.459723666666666977e+05 4.427020333333333838e+05 4.402175333333333838e+05 4.266643333333333139e+05 4.087622333333333372e+05 1.811924033333333442e+06 3.530270166666666977e+06 1.948354402128080531e+00
4.673956333333333023e+05 4.667326666666666861e+05 4.501825333333333838e+05 4.490364666666666162e+05 4.459723666666666977e+05 4.427020333333333838e+05 4.402175333333333838e+05 4.266643333333333139e+05 1.833347300000000047e+06 3.588903566666666884e+06 1.957568850520938764e+00
4.606796666666666861e+05 4.673956333333333023e+05 4.667326666666666861e+05 4.501825333333333838e+05 4.490364666666666162e+05 4.459723666666666977e+05 4.427020333333333838e+05 4.402175333333333838e+05 1.844990500000000233e+06 3.622918900000000373e+06 1.963651791160984317e+00
4.679569333333333489e+05 4.606796666666666861e+05 4.673956333333333023e+05 4.667326666666666861e+05 4.501825333333333838e+05 4.490364666666666162e+05 4.459723666666666977e+05 4.427020333333333838e+05 1.862764900000000140e+06 3.650658300000000279e+06 1.959806253596468428e+00
4.810447999999999884e+05 4.679569333333333489e+05 4.606796666666666861e+05 4.673956333333333023e+05 4.667326666666666861e+05 4.501825333333333838e+05 4.490364666666666162e+05 4.459723666666666977e+05 1.877077033333333442e+06 3.689001066666666884e+06 1.965290183171491512e+00
4.925708666666666977e+05 4.810447999999999884e+05 4.679569333333333489e+05 4.606796666666666861e+05 4.673956333333333023e+05 4.667326666666666861e+05 4.501825333333333838e+05 4.490364666666666162e+05 1.902252266666666837e+06 3.735599566666666884e+06 1.963777166743814862e+00
5.082571666666666861e+05 4.925708666666666977e+05 4.810447999999999884e+05 4.679569333333333489e+05 4.606796666666666861e+05 4.673956333333333023e+05 4.667326666666666861e+05 4.501825333333333838e+05 1.949829766666666837e+06 3.794820266666667070e+06 1.946231579567125669e+00
5.286042999999999302e+05 5.082571666666666861e+05 4.925708666666666977e+05 4.810447999999999884e+05 4.679569333333333489e+05 4.606796666666666861e+05 4.673956333333333023e+05 4.667326666666666861e+05 2.010477133333333302e+06 3.873242033333333209e+06 1.926528767283998356e+00
5.830949666666666744e+05 5.286042999999999302e+05 5.082571666666666861e+05 4.925708666666666977e+05 4.810447999999999884e+05 4.679569333333333489e+05 4.606796666666666861e+05 4.673956333333333023e+05 2.112527299999999814e+06 3.989604333333333023e+06 1.888545692798068609e+00
5.958420333333333256e+05 5.830949666666666744e+05 5.286042999999999302e+05 5.082571666666666861e+05 4.925708666666666977e+05 4.810447999999999884e+05 4.679569333333333489e+05 4.606796666666666861e+05 2.215798466666666325e+06 4.118050733333333395e+06 1.858495163383842463e+00
6.081111666666667443e+05 5.958420333333333256e+05 5.830949666666666744e+05 5.286042999999999302e+05 5.082571666666666861e+05 4.925708666666666977e+05 4.810447999999999884e+05 4.679569333333333489e+05 2.315652466666666791e+06 4.265482233333333395e+06 1.842021760490426985e+00
6.056119000000000233e+05 6.081111666666667443e+05 5.958420333333333256e+05 5.830949666666666744e+05 5.286042999999999302e+05 5.082571666666666861e+05 4.925708666666666977e+05 4.810447999999999884e+05 2.392660066666666884e+06 4.403137200000000186e+06 1.840268603694392935e+00
6.037310333333333256e+05 6.056119000000000233e+05 6.081111666666667443e+05 5.958420333333333256e+05 5.830949666666666744e+05 5.286042999999999302e+05 5.082571666666666861e+05 4.925708666666666977e+05 2.413296133333333302e+06 4.525823433333333582e+06 1.875370109296160104e+00
5.993673000000000466e+05 6.037310333333333256e+05 6.056119000000000233e+05 6.081111666666667443e+05 5.958420333333333256e+05 5.830949666666666744e+05 5.286042999999999302e+05 5.082571666666666861e+05 2.416821400000000373e+06 4.632619866666667163e+06 1.916823422147232892e+00
5.996269333333333489e+05 5.993673000000000466e+05 6.037310333333333256e+05 6.056119000000000233e+05 6.081111666666667443e+05 5.958420333333333256e+05 5.830949666666666744e+05 5.286042999999999302e+05 2.408337166666666511e+06 4.723989633333332837e+06 1.961515064716505830e+00
5.942239333333332324e+05 5.996269333333333489e+05 5.993673000000000466e+05 6.037310333333333256e+05 6.056119000000000233e+05 6.081111666666667443e+05 5.958420333333333256e+05 5.830949666666666744e+05 2.396949200000000186e+06 4.789609266666667536e+06 1.998210586468276873e+00
5.856585666666667676e+05 5.942239333333332324e+05 5.996269333333333489e+05 5.993673000000000466e+05 6.037310333333333256e+05 6.056119000000000233e+05 6.081111666666667443e+05 5.958420333333333256e+05 2.378876733333333395e+06 4.792172866666667163e+06 2.014468761461116753e+00
5.745601999999999534e+05 5.856585666666667676e+05 5.942239333333332324e+05 5.996269333333333489e+05 5.993673000000000466e+05 6.037310333333333256e+05 6.056119000000000233e+05 6.081111666666667443e+05 2.354069633333332837e+06 4.770891033333333209e+06 2.026656716427632343e+00
5.663405666666666511e+05 5.745601999999999534e+05 5.856585666666667676e+05 5.942239333333332324e+05 5.996269333333333489e+05 5.993673000000000466e+05 6.037310333333333256e+05 6.056119000000000233e+05 2.320783266666666605e+06 4.729120433333333582e+06 2.037726013134244063e+00
5.581873666666666977e+05 5.663405666666666511e+05 5.745601999999999534e+05 5.856585666666667676e+05 5.942239333333332324e+05 5.996269333333333489e+05 5.993673000000000466e+05 6.037310333333333256e+05 2.284746700000000186e+06 4.681695900000000373e+06 2.049109382672486213e+00
5.515367000000000698e+05 5.581873666666666977e+05 5.663405666666666511e+05 5.745601999999999534e+05 5.856585666666667676e+05 5.942239333333332324e+05 5.996269333333333489e+05 5.993673000000000466e+05 2.250624833333333489e+06 4.629501566666666418e+06 2.056985019493475342e+00
5.492098666666666977e+05 5.515367000000000698e+05 5.581873666666666977e+05 5.663405666666666511e+05 5.745601999999999534e+05 5.856585666666667676e+05 5.942239333333332324e+05 5.996269333333333489e+05 2.225274500000000000e+06 4.579344133333332837e+06 2.057878312690561540e+00
5.421558999999999069e+05 5.492098666666666977e+05 5.515367000000000698e+05 5.581873666666666977e+05 5.663405666666666511e+05 5.745601999999999534e+05 5.856585666666667676e+05 5.942239333333332324e+05 2.201089833333333489e+06 4.521873099999999627e+06 2.054379167774387671e+00
5.310454333333333489e+05 5.421558999999999069e+05 5.492098666666666977e+05 5.515367000000000698e+05 5.581873666666666977e+05 5.663405666666666511e+05 5.745601999999999534e+05 5.856585666666667676e+05 2.173947899999999907e+06 4.458694599999999627e+06 2.050966630801041468e+00
5.189656000000000349e+05 5.310454333333333489e+05 5.421558999999999069e+05 5.492098666666666977e+05 5.515367000000000698e+05 5.581873666666666977e+05 5.663405666666666511e+05 5.745601999999999534e+05 2.141376799999999814e+06 4.392001633333332837e+06 2.051017659915495894e+00
5.081037333333333954e+05 5.189656000000000349e+05 5.310454333333333489e+05 5.421558999999999069e+05 5.492098666666666977e+05 5.515367000000000698e+05 5.581873666666666977e+05 5.663405666666666511e+05 2.100270666666666977e+06 4.325545166666666977e+06 2.059517963716422262e+00
4.946664333333333489e+05 5.081037333333333954e+05 5.189656000000000349e+05 5.310454333333333489e+05 5.421558999999999069e+05 5.492098666666666977e+05 5.515367000000000698e+05 5.581873666666666977e+05 2.052781200000000186e+06 4.253871033333333209e+06 2.072247657633133233e+00
4.853174666666666162e+05 4.946664333333333489e+05 5.081037333333333954e+05 5.189656000000000349e+05 5.310454333333333489e+05 5.421558999999999069e+05 5.492098666666666977e+05 5.515367000000000698e+05 2.007053233333333395e+06 4.181001133333333302e+06 2.083154080766201677e+00
4.759260333333333838e+05 4.853174666666666162e+05 4.946664333333333489e+05 5.081037333333333954e+05 5.189656000000000349e+05 5.310454333333333489e+05 5.421558999999999069e+05 5.492098666666666977e+05 1.964013666666666744e+06 4.105390466666666791e+06 2.090306465959758331e+00
4.686571333333333023e+05 4.759260333333333838e+05 4.853174666666666162e+05 4.946664333333333489e+05 5.081037333333333954e+05 5.189656000000000349e+05 5.310454333333333489e+05 5.421558999999999069e+05 1.924567066666666651e+06 4.024837733333333395e+06 2.091295129716792545e+00
4.658872000000000116e+05 4.686571333333333023e+05 4.759260333333333838e+05 4.853174666666666162e+05 4.946664333333333489e+05 5.081037333333333954e+05 5.189656000000000349e+05 5.310454333333333489e+05 1.895787833333333256e+06 3.948569033333333209e+06 2.082811675392297168e+00
4.617222000000000116e+05 4.658872000000000116e+05 4.686571333333333023e+05 4.759260333333333838e+05 4.853174666666666162e+05 4.946664333333333489e+05 5.081037333333333954e+05 5.189656000000000349e+05 1.872192566666666651e+06 3.879245799999999814e+06 2.072033544555076379e+00
4.579984333333333489e+05 4.617222000000000116e+05 4.658872000000000116e+05 4.686571333333333023e+05 4.759260333333333838e+05 4.853174666666666162e+05 4.946664333333333489e+05 5.081037333333333954e+05 1.854264966666666558e+06 3.818278633333333302e+06 2.059187172261195631e+00
4.534489333333333489e+05 4.579984333333333489e+05 4.617222000000000116e+05 4.658872000000000116e+05 4.686571333333333023e+05 4.759260333333333838e+05 4.853174666666666162e+05 4.946664333333333489e+05 1.839056766666666605e+06 3.763623833333333023e+06 2.046496824649403745e+00
4.482443666666666977e+05 4.534489333333333489e+05 4.579984333333333489e+05 4.617222000000000116e+05 4.658872000000000116e+05 4.686571333333333023e+05 4.759260333333333838e+05 4.853174666666666162e+05 1.821413933333333349e+06 3.717201766666666605e+06 2.040833057570768716e+00
4.414866333333333023e+05 4.482443666666666977e+05 4.534489333333333489e+05 4.579984333333333489e+05 4.617222000000000116e+05 4.658872000000000116e+05 4.686571333333333023e+05 4.759260333333333838e+05 1.801178366666666698e+06 3.673370933333333582e+06 2.039426522833172939e+00
4.360529666666666162e+05 4.414866333333333023e+05 4.482443666666666977e+05 4.534489333333333489e+05 4.579984333333333489e+05 4.617222000000000116e+05 4.658872000000000116e+05 4.686571333333333023e+05 1.779232899999999907e+06 3.633497866666666232e+06 2.042171020256350999e+00
4.308509333333333489e+05 4.360529666666666162e+05 4.414866333333333023e+05 4.482443666666666977e+05 4.534489333333333489e+05 4.579984333333333489e+05 4.617222000000000116e+05 4.658872000000000116e+05 1.756634899999999907e+06 3.595691666666666511e+06 2.046920317173857029e+00
4.245276666666666861e+05 4.308509333333333489e+05 4.360529666666666162e+05 4.414866333333333023e+05 4.482443666666666977e+05 4.534489333333333489e+05 4.579984333333333489e+05 4.617222000000000116e+05 1.732918199999999953e+06 3.554332133333333302e+06 2.051067461426242300e+00
4.178168333333333139e+05 4.245276666666666861e+05 4.308509333333333489e+05 4.360529666666666162e+05 4.414866333333333023e+05 4.482443666666666977e+05 4.534489333333333489e+05 4.579984333333333489e+05 1.709248399999999907e+06 3.510426766666666605e+06 2.053783854158744315e+00
4.090855999999999185e+05 4.178168333333333139e+05 4.245276666666666861e+05 4.308509333333333489e+05 4.360529666666666162e+05 4.414866333333333023e+05 4.482443666666666977e+05 4.534489333333333489e+05 1.682281033333333209e+06 3.461513933333333116e+06 2.057631195231728327e+00
4.004840333333333838e+05 4.090855999999999185e+05 4.178168333333333139e+05 4.245276666666666861e+05 4.308509333333333489e+05 4.360529666666666162e+05 4.414866333333333023e+05 4.482443666666666977e+05 1.651914133333333302e+06 3.408549033333333209e+06 2.063393589626450364e+00
3.934207000000000116e+05 4.004840333333333838e+05 4.090855999999999185e+05 4.178168333333333139e+05 4.245276666666666861e+05 4.308509333333333489e+05 4.360529666666666162e+05 4.414866333333333023e+05 1.620807166666666511e+06 3.353725366666666232e+06 2.069169877601108709e+00
3.868735333333333838e+05 3.934207000000000116e+05 4.004840333333333838e+05 4.090855999999999185e+05 4.178168333333333139e+05 4.245276666666666861e+05 4.308509333333333489e+05 4.360529666666666162e+05 1.589863866666666698e+06 3.299112266666666605e+06 2.075091041337794984e+00
