1.660000000000000000e+02 1.570000000000000000e+02 1.620000000000000000e+02 1.780000000000000000e+02 1.980000000000000000e+02 2.180000000000000000e+02 2.180000000000000000e+02 1.970000000000000000e+02 6.630000000000000000e+02 1.494000000000000000e+03 2.253393665158371029e+00
1.710000000000000000e+02 1.660000000000000000e+02 1.570000000000000000e+02 1.620000000000000000e+02 1.780000000000000000e+02 1.980000000000000000e+02 2.180000000000000000e+02 2.180000000000000000e+02 6.560000000000000000e+02 1.468000000000000000e+03 2.237804878048780477e+00
1.760000000000000000e+02 1.710000000000000000e+02 1.660000000000000000e+02 1.570000000000000000e+02 1.620000000000000000e+02 1.780000000000000000e+02 1.980000000000000000e+02 2.180000000000000000e+02 6.700000000000000000e+02 1.426000000000000000e+03 2.128358208955223763e+00
1.750000000000000000e+02 1.760000000000000000e+02 1.710000000000000000e+02 1.660000000000000000e+02 1.570000000000000000e+02 1.620000000000000000e+02 1.780000000000000000e+02 1.980000000000000000e+02 6.880000000000000000e+02 1.383000000000000000e+03 2.010174418604651070e+00
1.680000000000000000e+02 1.750000000000000000e+02 1.760000000000000000e+02 1.710000000000000000e+02 1.660000000000000000e+02 1.570000000000000000e+02 1.620000000000000000e+02 1.780000000000000000e+02 6.900000000000000000e+02 1.353000000000000000e+03 1.960869565217391308e+00
1.670000000000000000e+02 1.680000000000000000e+02 1.750000000000000000e+02 1.760000000000000000e+02 1.710000000000000000e+02 1.660000000000000000e+02 1.570000000000000000e+02 1.620000000000000000e+02 6.860000000000000000e+02 1.342000000000000000e+03 1.956268221574344102e+00
1.700000000000000000e+02 1.670000000000000000e+02 1.680000000000000000e+02 1.750000000000000000e+02 1.760000000000000000e+02 1.710000000000000000e+02 1.660000000000000000e+02 1.570000000000000000e+02 6.800000000000000000e+02 1.350000000000000000e+03 1.985294117647058876e+00
1.590000000000000000e+02 1.700000000000000000e+02 1.670000000000000000e+02 1.680000000000000000e+02 1.750000000000000000e+02 1.760000000000000000e+02 1.710000000000000000e+02 1.660000000000000000e+02 6.640000000000000000e+02 1.352000000000000000e+03 2.036144578313253017e+00
1.350000000000000000e+02 1.590000000000000000e+02 1.700000000000000000e+02 1.670000000000000000e+02 1.680000000000000000e+02 1.750000000000000000e+02 1.760000000000000000e+02 1.710000000000000000e+02 6.310000000000000000e+02 1.321000000000000000e+03 2.093502377179080831e+00
1.190000000000000000e+02 1.350000000000000000e+02 1.590000000000000000e+02 1.700000000000000000e+02 1.670000000000000000e+02 1.680000000000000000e+02 1.750000000000000000e+02 1.760000000000000000e+02 5.830000000000000000e+02 1.269000000000000000e+03 2.176672384219553891e+00
1.100000000000000000e+02 1.190000000000000000e+02 1.350000000000000000e+02 1.590000000000000000e+02 1.700000000000000000e+02 1.670000000000000000e+02 1.680000000000000000e+02 1.750000000000000000e+02 5.230000000000000000e+02 1.203000000000000000e+03 2.300191204588910132e+00
8.500000000000000000e+01 1.100000000000000000e+02 1.190000000000000000e+02 1.350000000000000000e+02 1.590000000000000000e+02 1.700000000000000000e+02 1.670000000000000000e+02 1.680000000000000000e+02 4.490000000000000000e+02 1.113000000000000000e+03 2.478841870824053384e+00
4.400000000000000000e+01 8.500000000000000000e+01 1.100000000000000000e+02 1.190000000000000000e+02 1.350000000000000000e+02 1.590000000000000000e+02 1.700000000000000000e+02 1.670000000000000000e+02 3.580000000000000000e+02 9.890000000000000000e+02 2.762569832402234749e+00
-2.000000000000000000e+00 4.400000000000000000e+01 8.500000000000000000e+01 1.100000000000000000e+02 1.190000000000000000e+02 1.350000000000000000e+02 1.590000000000000000e+02 1.700000000000000000e+02 2.370000000000000000e+02 8.200000000000000000e+02 3.459915611814345926e+00
-5.700000000000000000e+01 -2.000000000000000000e+00 4.400000000000000000e+01 8.500000000000000000e+01 1.100000000000000000e+02 1.190000000000000000e+02 1.350000000000000000e+02 1.590000000000000000e+02 7.000000000000000000e+01 5.930000000000000000e+02 8.471428571428571530e+00
-6.800000000000000000e+01 -5.700000000000000000e+01 -2.000000000000000000e+00 4.400000000000000000e+01 8.500000000000000000e+01 1.100000000000000000e+02 1.190000000000000000e+02 1.350000000000000000e+02 -8.300000000000000000e+01 3.660000000000000000e+02 -4.409638554216867234e+00
4.200000000000000000e+01 -6.800000000000000000e+01 -5.700000000000000000e+01 -2.000000000000000000e+00 4.400000000000000000e+01 8.500000000000000000e+01 1.100000000000000000e+02 1.190000000000000000e+02 -8.500000000000000000e+01 2.730000000000000000e+02 -3.211764705882353077e+00
1.500000000000000000e+02 4.200000000000000000e+01 -6.800000000000000000e+01 -5.700000000000000000e+01 -2.000000000000000000e+00 4.400000000000000000e+01 8.500000000000000000e+01 1.100000000000000000e+02 6.700000000000000000e+01 3.040000000000000000e+02 4.537313432835820670e+00
1.400000000000000000e+02 1.500000000000000000e+02 4.200000000000000000e+01 -6.800000000000000000e+01 -5.700000000000000000e+01 -2.000000000000000000e+00 4.400000000000000000e+01 8.500000000000000000e+01 2.640000000000000000e+02 3.340000000000000000e+02 1.265151515151515138e+00
1.380000000000000000e+02 1.400000000000000000e+02 1.500000000000000000e+02 4.200000000000000000e+01 -6.800000000000000000e+01 -5.700000000000000000e+01 -2.000000000000000000e+00 4.400000000000000000e+01 4.700000000000000000e+02 3.870000000000000000e+02 8.234042553191489588e-01
3.240000000000000000e+02 1.380000000000000000e+02 1.400000000000000000e+02 1.500000000000000000e+02 4.200000000000000000e+01 -6.800000000000000000e+01 -5.700000000000000000e+01 -2.000000000000000000e+00 7.520000000000000000e+02 6.670000000000000000e+02 8.869680851063830307e-01
1.970000000000000000e+02 3.240000000000000000e+02 1.380000000000000000e+02 1.400000000000000000e+02 1.500000000000000000e+02 4.200000000000000000e+01 -6.800000000000000000e+01 -5.700000000000000000e+01 7.990000000000000000e+02 8.660000000000000000e+02 1.083854818523154018e+00
1.090000000000000000e+02 1.970000000000000000e+02 3.240000000000000000e+02 1.380000000000000000e+02 1.400000000000000000e+02 1.500000000000000000e+02 4.200000000000000000e+01 -6.800000000000000000e+01 7.680000000000000000e+02 1.032000000000000000e+03 1.343750000000000000e+00
1.200000000000000000e+02 1.090000000000000000e+02 1.970000000000000000e+02 3.240000000000000000e+02 1.380000000000000000e+02 1.400000000000000000e+02 1.500000000000000000e+02 4.200000000000000000e+01 7.500000000000000000e+02 1.220000000000000000e+03 1.626666666666666705e+00
-1.850000000000000000e+02 1.200000000000000000e+02 1.090000000000000000e+02 1.970000000000000000e+02 3.240000000000000000e+02 1.380000000000000000e+02 1.400000000000000000e+02 1.500000000000000000e+02 2.410000000000000000e+02 9.930000000000000000e+02 4.120331950207468452e+00
1.160000000000000000e+02 -1.850000000000000000e+02 1.200000000000000000e+02 1.090000000000000000e+02 1.970000000000000000e+02 3.240000000000000000e+02 1.380000000000000000e+02 1.400000000000000000e+02 1.600000000000000000e+02 9.590000000000000000e+02 5.993750000000000355e+00
2.170000000000000000e+02 1.160000000000000000e+02 -1.850000000000000000e+02 1.200000000000000000e+02 1.090000000000000000e+02 1.970000000000000000e+02 3.240000000000000000e+02 1.380000000000000000e+02 2.680000000000000000e+02 1.036000000000000000e+03 3.865671641791044610e+00
-3.270000000000000000e+02 2.170000000000000000e+02 1.160000000000000000e+02 -1.850000000000000000e+02 1.200000000000000000e+02 1.090000000000000000e+02 1.970000000000000000e+02 3.240000000000000000e+02 -1.790000000000000000e+02 5.710000000000000000e+02 -3.189944134078212201e+00
5.900000000000000000e+01 -3.270000000000000000e+02 2.170000000000000000e+02 1.160000000000000000e+02 -1.850000000000000000e+02 1.200000000000000000e+02 1.090000000000000000e+02 1.970000000000000000e+02 6.500000000000000000e+01 3.060000000000000000e+02 4.707692307692307843e+00
2.010000000000000000e+02 5.900000000000000000e+01 -3.270000000000000000e+02 2.170000000000000000e+02 1.160000000000000000e+02 -1.850000000000000000e+02 1.200000000000000000e+02 1.090000000000000000e+02 1.500000000000000000e+02 3.100000000000000000e+02 2.066666666666666874e+00
1.910000000000000000e+02 2.010000000000000000e+02 5.900000000000000000e+01 -3.270000000000000000e+02 2.170000000000000000e+02 1.160000000000000000e+02 -1.850000000000000000e+02 1.200000000000000000e+02 1.240000000000000000e+02 3.920000000000000000e+02 3.161290322580645018e+00
3.740000000000000000e+02 1.910000000000000000e+02 2.010000000000000000e+02 5.900000000000000000e+01 -3.270000000000000000e+02 2.170000000000000000e+02 1.160000000000000000e+02 -1.850000000000000000e+02 8.250000000000000000e+02 6.460000000000000000e+02 7.830303030303030765e-01
6.900000000000000000e+01 3.740000000000000000e+02 1.910000000000000000e+02 2.010000000000000000e+02 5.900000000000000000e+01 -3.270000000000000000e+02 2.170000000000000000e+02 1.160000000000000000e+02 8.350000000000000000e+02 9.000000000000000000e+02 1.077844311377245567e+00
2.040000000000000000e+02 6.900000000000000000e+01 3.740000000000000000e+02 1.910000000000000000e+02 2.010000000000000000e+02 5.900000000000000000e+01 -3.270000000000000000e+02 2.170000000000000000e+02 8.380000000000000000e+02 9.880000000000000000e+02 1.178997613365155184e+00
1.020000000000000000e+02 2.040000000000000000e+02 6.900000000000000000e+01 3.740000000000000000e+02 1.910000000000000000e+02 2.010000000000000000e+02 5.900000000000000000e+01 -3.270000000000000000e+02 7.490000000000000000e+02 8.730000000000000000e+02 1.165554072096128158e+00
2.060000000000000000e+02 1.020000000000000000e+02 2.040000000000000000e+02 6.900000000000000000e+01 3.740000000000000000e+02 1.910000000000000000e+02 2.010000000000000000e+02 5.900000000000000000e+01 5.810000000000000000e+02 1.406000000000000000e+03 2.419965576592082446e+00
2.590000000000000000e+02 2.060000000000000000e+02 1.020000000000000000e+02 2.040000000000000000e+02 6.900000000000000000e+01 3.740000000000000000e+02 1.910000000000000000e+02 2.010000000000000000e+02 7.710000000000000000e+02 1.606000000000000000e+03 2.083009079118028684e+00
5.000000000000000000e+01 2.590000000000000000e+02 2.060000000000000000e+02 1.020000000000000000e+02 2.040000000000000000e+02 6.900000000000000000e+01 3.740000000000000000e+02 1.910000000000000000e+02 6.170000000000000000e+02 1.455000000000000000e+03 2.358184764991896110e+00
5.000000000000000000e+01 5.000000000000000000e+01 2.590000000000000000e+02 2.060000000000000000e+02 1.020000000000000000e+02 2.040000000000000000e+02 6.900000000000000000e+01 3.740000000000000000e+02 5.650000000000000000e+02 1.314000000000000000e+03 2.325663716814159176e+00
5.000000000000000000e+01 5.000000000000000000e+01 5.000000000000000000e+01 2.590000000000000000e+02 2.060000000000000000e+02 1.020000000000000000e+02 2.040000000000000000e+02 6.900000000000000000e+01 4.090000000000000000e+02 9.900000000000000000e+02 2.420537897310513387e+00
-3.270000000000000000e+02 5.000000000000000000e+01 5.000000000000000000e+01 5.000000000000000000e+01 2.590000000000000000e+02 2.060000000000000000e+02 1.020000000000000000e+02 2.040000000000000000e+02 -1.770000000000000000e+02 5.940000000000000000e+02 -3.355932203389830448e+00
9.900000000000000000e+01 -3.270000000000000000e+02 5.000000000000000000e+01 5.000000000000000000e+01 5.000000000000000000e+01 2.590000000000000000e+02 2.060000000000000000e+02 1.020000000000000000e+02 -1.280000000000000000e+02 4.890000000000000000e+02 -3.820312500000000000e+00
9.900000000000000000e+01 9.900000000000000000e+01 -3.270000000000000000e+02 5.000000000000000000e+01 5.000000000000000000e+01 5.000000000000000000e+01 2.590000000000000000e+02 2.060000000000000000e+02 -7.900000000000000000e+01 4.860000000000000000e+02 -6.151898734177215111e+00
9.900000000000000000e+01 9.900000000000000000e+01 9.900000000000000000e+01 -3.270000000000000000e+02 5.000000000000000000e+01 5.000000000000000000e+01 5.000000000000000000e+01 2.590000000000000000e+02 -3.000000000000000000e+01 3.790000000000000000e+02 -1.263333333333333286e+01
9.900000000000000000e+01 9.900000000000000000e+01 9.900000000000000000e+01 9.900000000000000000e+01 -3.270000000000000000e+02 5.000000000000000000e+01 5.000000000000000000e+01 5.000000000000000000e+01 3.960000000000000000e+02 2.190000000000000000e+02 5.530303030303029832e-01
3.300000000000000000e+01 9.900000000000000000e+01 9.900000000000000000e+01 9.900000000000000000e+01 9.900000000000000000e+01 -3.270000000000000000e+02 5.000000000000000000e+01 5.000000000000000000e+01 3.300000000000000000e+02 2.020000000000000000e+02 6.121212121212120660e-01
3.300000000000000000e+01 3.300000000000000000e+01 9.900000000000000000e+01 9.900000000000000000e+01 9.900000000000000000e+01 9.900000000000000000e+01 -3.270000000000000000e+02 5.000000000000000000e+01 2.640000000000000000e+02 1.850000000000000000e+02 7.007575757575758013e-01
3.300000000000000000e+01 3.300000000000000000e+01 3.300000000000000000e+01 9.900000000000000000e+01 9.900000000000000000e+01 9.900000000000000000e+01 9.900000000000000000e+01 -3.270000000000000000e+02 1.980000000000000000e+02 1.680000000000000000e+02 8.484848484848485084e-01
3.300000000000000000e+01 3.300000000000000000e+01 3.300000000000000000e+01 3.300000000000000000e+01 9.900000000000000000e+01 9.900000000000000000e+01 9.900000000000000000e+01 9.900000000000000000e+01 1.320000000000000000e+02 5.280000000000000000e+02 4.000000000000000000e+00
1.630000000000000000e+02 3.300000000000000000e+01 3.300000000000000000e+01 3.300000000000000000e+01 3.300000000000000000e+01 9.900000000000000000e+01 9.900000000000000000e+01 9.900000000000000000e+01 2.620000000000000000e+02 5.920000000000000000e+02 2.259541984732824638e+00
1.220000000000000000e+02 1.630000000000000000e+02 3.300000000000000000e+01 3.300000000000000000e+01 3.300000000000000000e+01 3.300000000000000000e+01 9.900000000000000000e+01 9.900000000000000000e+01 3.510000000000000000e+02 6.150000000000000000e+02 1.752136752136752129e+00
7.800000000000000000e+01 1.220000000000000000e+02 1.630000000000000000e+02 3.300000000000000000e+01 3.300000000000000000e+01 3.300000000000000000e+01 3.300000000000000000e+01 9.900000000000000000e+01 3.960000000000000000e+02 5.940000000000000000e+02 1.500000000000000000e+00
6.400000000000000000e+01 7.800000000000000000e+01 1.220000000000000000e+02 1.630000000000000000e+02 3.300000000000000000e+01 3.300000000000000000e+01 3.300000000000000000e+01 3.300000000000000000e+01 4.270000000000000000e+02 5.590000000000000000e+02 1.309133489461358213e+00
8.700000000000000000e+01 6.400000000000000000e+01 7.800000000000000000e+01 1.220000000000000000e+02 1.630000000000000000e+02 3.300000000000000000e+01 3.300000000000000000e+01 3.300000000000000000e+01 3.510000000000000000e+02 6.130000000000000000e+02 1.746438746438746525e+00
1.260000000000000000e+02 8.700000000000000000e+01 6.400000000000000000e+01 7.800000000000000000e+01 1.220000000000000000e+02 1.630000000000000000e+02 3.300000000000000000e+01 3.300000000000000000e+01 3.550000000000000000e+02 7.060000000000000000e+02 1.988732394366197198e+00
1.090000000000000000e+02 1.260000000000000000e+02 8.700000000000000000e+01 6.400000000000000000e+01 7.800000000000000000e+01 1.220000000000000000e+02 1.630000000000000000e+02 3.300000000000000000e+01 3.860000000000000000e+02 7.820000000000000000e+02 2.025906735751295429e+00
3.000000000000000000e+01 1.090000000000000000e+02 1.260000000000000000e+02 8.700000000000000000e+01 6.400000000000000000e+01 7.800000000000000000e+01 1.220000000000000000e+02 1.630000000000000000e+02 3.520000000000000000e+02 7.790000000000000000e+02 2.213068181818181657e+00
1.570000000000000000e+02 3.000000000000000000e+01 1.090000000000000000e+02 1.260000000000000000e+02 8.700000000000000000e+01 6.400000000000000000e+01 7.800000000000000000e+01 1.220000000000000000e+02 4.220000000000000000e+02 7.730000000000000000e+02 1.831753554502369763e+00
2.040000000000000000e+02 1.570000000000000000e+02 3.000000000000000000e+01 1.090000000000000000e+02 1.260000000000000000e+02 8.700000000000000000e+01 6.400000000000000000e+01 7.800000000000000000e+01 5.000000000000000000e+02 8.550000000000000000e+02 1.709999999999999964e+00
3.600000000000000000e+01 2.040000000000000000e+02 1.570000000000000000e+02 3.000000000000000000e+01 1.090000000000000000e+02 1.260000000000000000e+02 8.700000000000000000e+01 6.400000000000000000e+01 4.270000000000000000e+02 8.130000000000000000e+02 1.903981264637002235e+00
2.550000000000000000e+02 3.600000000000000000e+01 2.040000000000000000e+02 1.570000000000000000e+02 3.000000000000000000e+01 1.090000000000000000e+02 1.260000000000000000e+02 8.700000000000000000e+01 6.520000000000000000e+02 1.004000000000000000e+03 1.539877300613496924e+00
2.410000000000000000e+02 2.550000000000000000e+02 3.600000000000000000e+01 2.040000000000000000e+02 1.570000000000000000e+02 3.000000000000000000e+01 1.090000000000000000e+02 1.260000000000000000e+02 7.360000000000000000e+02 1.158000000000000000e+03 1.573369565217391353e+00
1.590000000000000000e+02 2.410000000000000000e+02 2.550000000000000000e+02 3.600000000000000000e+01 2.040000000000000000e+02 1.570000000000000000e+02 3.000000000000000000e+01 1.090000000000000000e+02 6.910000000000000000e+02 1.191000000000000000e+03 1.723589001447177971e+00
3.480000000000000000e+02 1.590000000000000000e+02 2.410000000000000000e+02 2.550000000000000000e+02 3.600000000000000000e+01 2.040000000000000000e+02 1.570000000000000000e+02 3.000000000000000000e+01 1.003000000000000000e+03 1.430000000000000000e+03 1.425722831505483512e+00
1.970000000000000000e+02 3.480000000000000000e+02 1.590000000000000000e+02 2.410000000000000000e+02 2.550000000000000000e+02 3.600000000000000000e+01 2.040000000000000000e+02 1.570000000000000000e+02 9.450000000000000000e+02 1.597000000000000000e+03 1.689947089947089864e+00
5.800000000000000000e+01 1.970000000000000000e+02 3.480000000000000000e+02 1.590000000000000000e+02 2.410000000000000000e+02 2.550000000000000000e+02 3.600000000000000000e+01 2.040000000000000000e+02 7.620000000000000000e+02 1.498000000000000000e+03 1.965879265091863504e+00
8.500000000000000000e+01 5.800000000000000000e+01 1.970000000000000000e+02 3.480000000000000000e+02 1.590000000000000000e+02 2.410000000000000000e+02 2.550000000000000000e+02 3.600000000000000000e+01 6.880000000000000000e+02 1.379000000000000000e+03 2.004360465116278966e+00
2.700000000000000000e+01 8.500000000000000000e+01 5.800000000000000000e+01 1.970000000000000000e+02 3.480000000000000000e+02 1.590000000000000000e+02 2.410000000000000000e+02 2.550000000000000000e+02 3.670000000000000000e+02 1.370000000000000000e+03 3.732970027247956235e+00
2.220000000000000000e+02 2.700000000000000000e+01 8.500000000000000000e+01 5.800000000000000000e+01 1.970000000000000000e+02 3.480000000000000000e+02 1.590000000000000000e+02 2.410000000000000000e+02 3.920000000000000000e+02 1.337000000000000000e+03 3.410714285714285587e+00
8.500000000000000000e+01 2.220000000000000000e+02 2.700000000000000000e+01 8.500000000000000000e+01 5.800000000000000000e+01 1.970000000000000000e+02 3.480000000000000000e+02 1.590000000000000000e+02 4.190000000000000000e+02 1.181000000000000000e+03 2.818615751789975921e+00
1.220000000000000000e+02 8.500000000000000000e+01 2.220000000000000000e+02 2.700000000000000000e+01 8.500000000000000000e+01 5.800000000000000000e+01 1.970000000000000000e+02 3.480000000000000000e+02 4.560000000000000000e+02 1.144000000000000000e+03 2.508771929824561209e+00
9.200000000000000000e+01 1.220000000000000000e+02 8.500000000000000000e+01 2.220000000000000000e+02 2.700000000000000000e+01 8.500000000000000000e+01 5.800000000000000000e+01 1.970000000000000000e+02 5.210000000000000000e+02 8.880000000000000000e+02 1.704414587332053754e+00
-7.500000000000000000e+01 9.200000000000000000e+01 1.220000000000000000e+02 8.500000000000000000e+01 2.220000000000000000e+02 2.700000000000000000e+01 8.500000000000000000e+01 5.800000000000000000e+01 2.240000000000000000e+02 6.160000000000000000e+02 2.750000000000000000e+00
-1.220000000000000000e+02 -7.500000000000000000e+01 9.200000000000000000e+01 1.220000000000000000e+02 8.500000000000000000e+01 2.220000000000000000e+02 2.700000000000000000e+01 8.500000000000000000e+01 1.700000000000000000e+01 4.360000000000000000e+02 2.564705882352941302e+01
9.000000000000000000e+01 -1.220000000000000000e+02 -7.500000000000000000e+01 9.200000000000000000e+01 1.220000000000000000e+02 8.500000000000000000e+01 2.220000000000000000e+02 2.700000000000000000e+01 -1.500000000000000000e+01 4.410000000000000000e+02 -2.939999999999999858e+01
3.900000000000000000e+01 9.000000000000000000e+01 -1.220000000000000000e+02 -7.500000000000000000e+01 9.200000000000000000e+01 1.220000000000000000e+02 8.500000000000000000e+01 2.220000000000000000e+02 -6.800000000000000000e+01 4.530000000000000000e+02 -6.661764705882353255e+00
7.800000000000000000e+01 3.900000000000000000e+01 9.000000000000000000e+01 -1.220000000000000000e+02 -7.500000000000000000e+01 9.200000000000000000e+01 1.220000000000000000e+02 8.500000000000000000e+01 8.500000000000000000e+01 3.090000000000000000e+02 3.635294117647058787e+00
2.620000000000000000e+02 7.800000000000000000e+01 3.900000000000000000e+01 9.000000000000000000e+01 -1.220000000000000000e+02 -7.500000000000000000e+01 9.200000000000000000e+01 1.220000000000000000e+02 4.690000000000000000e+02 4.860000000000000000e+02 1.036247334754797356e+00
1.050000000000000000e+02 2.620000000000000000e+02 7.800000000000000000e+01 3.900000000000000000e+01 9.000000000000000000e+01 -1.220000000000000000e+02 -7.500000000000000000e+01 9.200000000000000000e+01 4.840000000000000000e+02 4.690000000000000000e+02 9.690082644628099651e-01
9.600000000000000000e+01 1.050000000000000000e+02 2.620000000000000000e+02 7.800000000000000000e+01 3.900000000000000000e+01 9.000000000000000000e+01 -1.220000000000000000e+02 -7.500000000000000000e+01 5.410000000000000000e+02 4.730000000000000000e+02 8.743068391866912759e-01
1.900000000000000000e+02 9.600000000000000000e+01 1.050000000000000000e+02 2.620000000000000000e+02 7.800000000000000000e+01 3.900000000000000000e+01 9.000000000000000000e+01 -1.220000000000000000e+02 6.530000000000000000e+02 7.380000000000000000e+02 1.130168453292496267e+00
1.340000000000000000e+02 1.900000000000000000e+02 9.600000000000000000e+01 1.050000000000000000e+02 2.620000000000000000e+02 7.800000000000000000e+01 3.900000000000000000e+01 9.000000000000000000e+01 5.250000000000000000e+02 9.940000000000000000e+02 1.893333333333333313e+00
6.400000000000000000e+01 1.340000000000000000e+02 1.900000000000000000e+02 9.600000000000000000e+01 1.050000000000000000e+02 2.620000000000000000e+02 7.800000000000000000e+01 3.900000000000000000e+01 4.840000000000000000e+02 9.680000000000000000e+02 2.000000000000000000e+00
3.600000000000000000e+01 6.400000000000000000e+01 1.340000000000000000e+02 1.900000000000000000e+02 9.600000000000000000e+01 1.050000000000000000e+02 2.620000000000000000e+02 7.800000000000000000e+01 4.240000000000000000e+02 9.650000000000000000e+02 2.275943396226415061e+00
2.120000000000000000e+02 3.600000000000000000e+01 6.400000000000000000e+01 1.340000000000000000e+02 1.900000000000000000e+02 9.600000000000000000e+01 1.050000000000000000e+02 2.620000000000000000e+02 4.460000000000000000e+02 1.099000000000000000e+03 2.464125560538116488e+00
5.700000000000000000e+01 2.120000000000000000e+02 3.600000000000000000e+01 6.400000000000000000e+01 1.340000000000000000e+02 1.900000000000000000e+02 9.600000000000000000e+01 1.050000000000000000e+02 3.690000000000000000e+02 8.940000000000000000e+02 2.422764227642276502e+00
1.480000000000000000e+02 5.700000000000000000e+01 2.120000000000000000e+02 3.600000000000000000e+01 6.400000000000000000e+01 1.340000000000000000e+02 1.900000000000000000e+02 9.600000000000000000e+01 4.530000000000000000e+02 9.370000000000000000e+02 2.068432671081677832e+00
-5.600000000000000000e+01 1.480000000000000000e+02 5.700000000000000000e+01 2.120000000000000000e+02 3.600000000000000000e+01 6.400000000000000000e+01 1.340000000000000000e+02 1.900000000000000000e+02 3.610000000000000000e+02 7.850000000000000000e+02 2.174515235457063600e+00
-5.990000000000000000e+02 -5.600000000000000000e+01 1.480000000000000000e+02 5.700000000000000000e+01 2.120000000000000000e+02 3.600000000000000000e+01 6.400000000000000000e+01 1.340000000000000000e+02 -4.500000000000000000e+02 -4.000000000000000000e+00 8.888888888888888881e-03
1.350000000000000000e+02 -5.990000000000000000e+02 -5.600000000000000000e+01 1.480000000000000000e+02 5.700000000000000000e+01 2.120000000000000000e+02 3.600000000000000000e+01 6.400000000000000000e+01 -3.720000000000000000e+02 -3.000000000000000000e+00 8.064516129032257841e-03
6.900000000000000000e+01 1.350000000000000000e+02 -5.990000000000000000e+02 -5.600000000000000000e+01 1.480000000000000000e+02 5.700000000000000000e+01 2.120000000000000000e+02 3.600000000000000000e+01 -4.510000000000000000e+02 2.000000000000000000e+00 -4.434589800443458976e-03
1.510000000000000000e+02 6.900000000000000000e+01 1.350000000000000000e+02 -5.990000000000000000e+02 -5.600000000000000000e+01 1.480000000000000000e+02 5.700000000000000000e+01 2.120000000000000000e+02 -2.440000000000000000e+02 1.170000000000000000e+02 -4.795081967213114527e-01
2.760000000000000000e+02 1.510000000000000000e+02 6.900000000000000000e+01 1.350000000000000000e+02 -5.990000000000000000e+02 -5.600000000000000000e+01 1.480000000000000000e+02 5.700000000000000000e+01 6.310000000000000000e+02 1.810000000000000000e+02 2.868462757527733831e-01
1.320000000000000000e+02 2.760000000000000000e+02 1.510000000000000000e+02 6.900000000000000000e+01 1.350000000000000000e+02 -5.990000000000000000e+02 -5.600000000000000000e+01 1.480000000000000000e+02 6.280000000000000000e+02 2.560000000000000000e+02 4.076433121019108485e-01
2.170000000000000000e+02 1.320000000000000000e+02 2.760000000000000000e+02 1.510000000000000000e+02 6.900000000000000000e+01 1.350000000000000000e+02 -5.990000000000000000e+02 -5.600000000000000000e+01 7.760000000000000000e+02 3.250000000000000000e+02 4.188144329896907325e-01
2.470000000000000000e+02 2.170000000000000000e+02 1.320000000000000000e+02 2.760000000000000000e+02 1.510000000000000000e+02 6.900000000000000000e+01 1.350000000000000000e+02 -5.990000000000000000e+02 8.720000000000000000e+02 6.280000000000000000e+02 7.201834862385321223e-01
1.290000000000000000e+03 2.470000000000000000e+02 2.170000000000000000e+02 1.320000000000000000e+02 2.760000000000000000e+02 1.510000000000000000e+02 6.900000000000000000e+01 1.350000000000000000e+02 1.886000000000000000e+03 2.517000000000000000e+03 1.334570519618239581e+00
1.100000000000000000e+02 1.290000000000000000e+03 2.470000000000000000e+02 2.170000000000000000e+02 1.320000000000000000e+02 2.760000000000000000e+02 1.510000000000000000e+02 6.900000000000000000e+01 1.864000000000000000e+03 2.492000000000000000e+03 1.336909871244635228e+00
4.750000000000000000e+02 1.100000000000000000e+02 1.290000000000000000e+03 2.470000000000000000e+02 2.170000000000000000e+02 1.320000000000000000e+02 2.760000000000000000e+02 1.510000000000000000e+02 2.122000000000000000e+03 2.898000000000000000e+03 1.365692742695570283e+00
2.190000000000000000e+02 4.750000000000000000e+02 1.100000000000000000e+02 1.290000000000000000e+03 2.470000000000000000e+02 2.170000000000000000e+02 1.320000000000000000e+02 2.760000000000000000e+02 2.094000000000000000e+03 2.966000000000000000e+03 1.416427889207258817e+00
2.280000000000000000e+02 2.190000000000000000e+02 4.750000000000000000e+02 1.100000000000000000e+02 1.290000000000000000e+03 2.470000000000000000e+02 2.170000000000000000e+02 1.320000000000000000e+02 1.032000000000000000e+03 2.918000000000000000e+03 2.827519379844961378e+00
1.280000000000000000e+02 2.280000000000000000e+02 2.190000000000000000e+02 4.750000000000000000e+02 1.100000000000000000e+02 1.290000000000000000e+03 2.470000000000000000e+02 2.170000000000000000e+02 1.050000000000000000e+03 2.914000000000000000e+03 2.775238095238095060e+00
2.300000000000000000e+02 1.280000000000000000e+02 2.280000000000000000e+02 2.190000000000000000e+02 4.750000000000000000e+02 1.100000000000000000e+02 1.290000000000000000e+03 2.470000000000000000e+02 8.050000000000000000e+02 2.927000000000000000e+03 3.636024844720497029e+00
-1.000000000000000000e+08 2.300000000000000000e+02 1.280000000000000000e+02 2.280000000000000000e+02 2.190000000000000000e+02 4.750000000000000000e+02 1.100000000000000000e+02 1.290000000000000000e+03 -9.999941400000000000e+07 -9.999732000000000000e+07 9.999790598772908545e-01
