8.250000000000000389e-02 8.839999999999999247e-02 8.909999999999999865e-02 8.239999999999998714e-02 8.959999999999999909e-02 9.479999999999999538e-02 9.286666666666666681e-02 9.200000000000001232e-02 3.423999999999999821e-01 7.116666666666666696e-01 2.078465732087227735e+00
8.836666666666666281e-02 8.250000000000000389e-02 8.839999999999999247e-02 8.909999999999999865e-02 8.239999999999998714e-02 8.959999999999999909e-02 9.479999999999999538e-02 9.286666666666666681e-02 3.483666666666666578e-01 7.080333333333332924e-01 2.032437087360061234e+00
9.023333333333333206e-02 8.836666666666666281e-02 8.250000000000000389e-02 8.839999999999999247e-02 8.909999999999999865e-02 8.239999999999998714e-02 8.959999999999999909e-02 9.479999999999999538e-02 3.494999999999999774e-01 7.054000000000000270e-01 2.018311874105865655e+00
9.843333333333333102e-02 9.023333333333333206e-02 8.836666666666666281e-02 8.250000000000000389e-02 8.839999999999999247e-02 8.909999999999999865e-02 8.239999999999998714e-02 8.959999999999999909e-02 3.595333333333333159e-01 7.090333333333332932e-01 1.972093454478027086e+00
1.086333333333333179e-01 9.843333333333333102e-02 9.023333333333333206e-02 8.836666666666666281e-02 8.250000000000000389e-02 8.839999999999999247e-02 8.909999999999999865e-02 8.239999999999998714e-02 3.856666666666666576e-01 7.280666666666666398e-01 1.887813310285220370e+00
1.121666666666666506e-01 1.086333333333333179e-01 9.843333333333333102e-02 9.023333333333333206e-02 8.836666666666666281e-02 8.250000000000000389e-02 8.839999999999999247e-02 8.909999999999999865e-02 4.094666666666666455e-01 7.578333333333333588e-01 1.850781504395962340e+00
1.118000000000000105e-01 1.121666666666666506e-01 1.086333333333333179e-01 9.843333333333333102e-02 9.023333333333333206e-02 8.836666666666666281e-02 8.250000000000000389e-02 8.839999999999999247e-02 4.310333333333332684e-01 7.805333333333333012e-01 1.810842162245766218e+00
1.191666666666666569e-01 1.118000000000000105e-01 1.121666666666666506e-01 1.086333333333333179e-01 9.843333333333333102e-02 9.023333333333333206e-02 8.836666666666666281e-02 8.250000000000000389e-02 4.517666666666665942e-01 8.112999999999999101e-01 1.795838559728473394e+00
1.243333333333333374e-01 1.191666666666666569e-01 1.118000000000000105e-01 1.121666666666666506e-01 1.086333333333333179e-01 9.843333333333333102e-02 9.023333333333333206e-02 8.836666666666666281e-02 4.674666666666666415e-01 8.531333333333332991e-01 1.825014261266400428e+00
1.306000000000000216e-01 1.243333333333333374e-01 1.191666666666666569e-01 1.118000000000000105e-01 1.121666666666666506e-01 1.086333333333333179e-01 9.843333333333333102e-02 9.023333333333333206e-02 4.858999999999999986e-01 8.953666666666666440e-01 1.842697400013720177e+00
1.275666666666666615e-01 1.306000000000000216e-01 1.243333333333333374e-01 1.191666666666666569e-01 1.118000000000000105e-01 1.121666666666666506e-01 1.086333333333333179e-01 9.843333333333333102e-02 5.016666666666667052e-01 9.326999999999999735e-01 1.859202657807308867e+00
1.285000000000000031e-01 1.275666666666666615e-01 1.306000000000000216e-01 1.243333333333333374e-01 1.191666666666666569e-01 1.118000000000000105e-01 1.121666666666666506e-01 1.086333333333333179e-01 5.110000000000000098e-01 9.627666666666665485e-01 1.884083496412263248e+00
1.371666666666666867e-01 1.285000000000000031e-01 1.275666666666666615e-01 1.306000000000000216e-01 1.243333333333333374e-01 1.191666666666666569e-01 1.118000000000000105e-01 1.121666666666666506e-01 5.238333333333333730e-01 9.913000000000000700e-01 1.892395800190900479e+00
1.438666666666666705e-01 1.371666666666666867e-01 1.285000000000000031e-01 1.275666666666666615e-01 1.306000000000000216e-01 1.243333333333333374e-01 1.191666666666666569e-01 1.118000000000000105e-01 5.371000000000000218e-01 1.023000000000000131e+00 1.904673245205734666e+00
1.453333333333333144e-01 1.438666666666666705e-01 1.371666666666666867e-01 1.285000000000000031e-01 1.275666666666666615e-01 1.306000000000000216e-01 1.243333333333333374e-01 1.191666666666666569e-01 5.548666666666666192e-01 1.056533333333333324e+00 1.904121110176619114e+00
1.528333333333333488e-01 1.453333333333333144e-01 1.438666666666666705e-01 1.371666666666666867e-01 1.285000000000000031e-01 1.275666666666666615e-01 1.306000000000000216e-01 1.243333333333333374e-01 5.792000000000000481e-01 1.090200000000000058e+00 1.882251381215469532e+00
1.616999999999999826e-01 1.528333333333333488e-01 1.453333333333333144e-01 1.438666666666666705e-01 1.371666666666666867e-01 1.285000000000000031e-01 1.275666666666666615e-01 1.306000000000000216e-01 6.037333333333333441e-01 1.127566666666666606e+00 1.867656802120141180e+00
1.620333333333333348e-01 1.616999999999999826e-01 1.528333333333333488e-01 1.453333333333333144e-01 1.438666666666666705e-01 1.371666666666666867e-01 1.285000000000000031e-01 1.275666666666666615e-01 6.219000000000000083e-01 1.159000000000000030e+00 1.863643672616176250e+00
1.683666666666666645e-01 1.620333333333333348e-01 1.616999999999999826e-01 1.528333333333333488e-01 1.453333333333333144e-01 1.438666666666666705e-01 1.371666666666666867e-01 1.285000000000000031e-01 6.449333333333333584e-01 1.199799999999999978e+00 1.860347322720694585e+00
1.712000000000000188e-01 1.683666666666666645e-01 1.620333333333333348e-01 1.616999999999999826e-01 1.528333333333333488e-01 1.453333333333333144e-01 1.438666666666666705e-01 1.371666666666666867e-01 6.633000000000000007e-01 1.242500000000000160e+00 1.873209709030604797e+00
1.693999999999999950e-01 1.712000000000000188e-01 1.683666666666666645e-01 1.620333333333333348e-01 1.616999999999999826e-01 1.528333333333333488e-01 1.453333333333333144e-01 1.438666666666666705e-01 6.710000000000000409e-01 1.274733333333333274e+00 1.899751614505712727e+00
1.725000000000000144e-01 1.693999999999999950e-01 1.712000000000000188e-01 1.683666666666666645e-01 1.620333333333333348e-01 1.616999999999999826e-01 1.528333333333333488e-01 1.453333333333333144e-01 6.814666666666666650e-01 1.303366666666666784e+00 1.912590491097632794e+00
1.785666666666666791e-01 1.725000000000000144e-01 1.693999999999999950e-01 1.712000000000000188e-01 1.683666666666666645e-01 1.620333333333333348e-01 1.616999999999999826e-01 1.528333333333333488e-01 6.916666666666666519e-01 1.336600000000000010e+00 1.932433734939759118e+00
1.814999999999999947e-01 1.785666666666666791e-01 1.725000000000000144e-01 1.693999999999999950e-01 1.712000000000000188e-01 1.683666666666666645e-01 1.620333333333333348e-01 1.616999999999999826e-01 7.019666666666666277e-01 1.365266666666666628e+00 1.944916662709530453e+00
1.815999999999999837e-01 1.814999999999999947e-01 1.785666666666666791e-01 1.725000000000000144e-01 1.693999999999999950e-01 1.712000000000000188e-01 1.683666666666666645e-01 1.620333333333333348e-01 7.141666666666666163e-01 1.385166666666666657e+00 1.939556592765460996e+00
1.905666666666666897e-01 1.815999999999999837e-01 1.814999999999999947e-01 1.785666666666666791e-01 1.725000000000000144e-01 1.693999999999999950e-01 1.712000000000000188e-01 1.683666666666666645e-01 7.322333333333332916e-01 1.413699999999999957e+00 1.930668730368279684e+00
1.932000000000000106e-01 1.905666666666666897e-01 1.815999999999999837e-01 1.814999999999999947e-01 1.785666666666666791e-01 1.725000000000000144e-01 1.693999999999999950e-01 1.712000000000000188e-01 7.468666666666666787e-01 1.438533333333333442e+00 1.926091225564581011e+00
1.986999999999999877e-01 1.932000000000000106e-01 1.905666666666666897e-01 1.815999999999999837e-01 1.814999999999999947e-01 1.785666666666666791e-01 1.725000000000000144e-01 1.693999999999999950e-01 7.640666666666666718e-01 1.466033333333333299e+00 1.918724369601256363e+00
2.066666666666666652e-01 1.986999999999999877e-01 1.932000000000000106e-01 1.905666666666666897e-01 1.815999999999999837e-01 1.814999999999999947e-01 1.785666666666666791e-01 1.725000000000000144e-01 7.891333333333333533e-01 1.503299999999999859e+00 1.905001267212976135e+00
2.092333333333332990e-01 2.066666666666666652e-01 1.986999999999999877e-01 1.932000000000000106e-01 1.905666666666666897e-01 1.815999999999999837e-01 1.814999999999999947e-01 1.785666666666666791e-01 8.077999999999999625e-01 1.540033333333333143e+00 1.906453742675579655e+00
1.996666666666666590e-01 2.092333333333332990e-01 2.066666666666666652e-01 1.986999999999999877e-01 1.932000000000000106e-01 1.905666666666666897e-01 1.815999999999999837e-01 1.814999999999999947e-01 8.142666666666665831e-01 1.561133333333333262e+00 1.917226133944653688e+00
1.837666666666666615e-01 1.996666666666666590e-01 2.092333333333332990e-01 2.066666666666666652e-01 1.986999999999999877e-01 1.932000000000000106e-01 1.905666666666666897e-01 1.815999999999999837e-01 7.993333333333332291e-01 1.563399999999999901e+00 1.955879899916597386e+00
1.743666666666666698e-01 1.837666666666666615e-01 1.996666666666666590e-01 2.092333333333332990e-01 2.066666666666666652e-01 1.986999999999999877e-01 1.932000000000000106e-01 1.905666666666666897e-01 7.670333333333332337e-01 1.556166666666666476e+00 2.028812307157446426e+00
1.661999999999999866e-01 1.743666666666666698e-01 1.837666666666666615e-01 1.996666666666666590e-01 2.092333333333332990e-01 2.066666666666666652e-01 1.986999999999999877e-01 1.932000000000000106e-01 7.239999999999999769e-01 1.531800000000000050e+00 2.115745856353591137e+00
1.498000000000000165e-01 1.661999999999999866e-01 1.743666666666666698e-01 1.837666666666666615e-01 1.996666666666666590e-01 2.092333333333332990e-01 2.066666666666666652e-01 1.986999999999999877e-01 6.741333333333333622e-01 1.488399999999999945e+00 2.207871835443037778e+00
1.352333333333333443e-01 1.498000000000000165e-01 1.661999999999999866e-01 1.743666666666666698e-01 1.837666666666666615e-01 1.996666666666666590e-01 2.092333333333332990e-01 2.066666666666666652e-01 6.256000000000000449e-01 1.424933333333333163e+00 2.277706734867859684e+00
1.141333333333333228e-01 1.352333333333333443e-01 1.498000000000000165e-01 1.661999999999999866e-01 1.743666666666666698e-01 1.837666666666666615e-01 1.996666666666666590e-01 2.092333333333332990e-01 5.653666666666666840e-01 1.332399999999999807e+00 2.356700666234301966e+00
1.095000000000000001e-01 1.141333333333333228e-01 1.352333333333333443e-01 1.498000000000000165e-01 1.661999999999999866e-01 1.743666666666666698e-01 1.837666666666666615e-01 1.996666666666666590e-01 5.086666666666667114e-01 1.232666666666666799e+00 2.423328964613368441e+00
1.228333333333333360e-01 1.095000000000000001e-01 1.141333333333333228e-01 1.352333333333333443e-01 1.498000000000000165e-01 1.661999999999999866e-01 1.743666666666666698e-01 1.837666666666666615e-01 4.817000000000000171e-01 1.155833333333333268e+00 2.399487924711092290e+00
1.310666666666666647e-01 1.228333333333333360e-01 1.095000000000000001e-01 1.141333333333333228e-01 1.352333333333333443e-01 1.498000000000000165e-01 1.661999999999999866e-01 1.743666666666666698e-01 4.775333333333333097e-01 1.103133333333333299e+00 2.310065614965796321e+00
1.364333333333333231e-01 1.310666666666666647e-01 1.228333333333333360e-01 1.095000000000000001e-01 1.141333333333333228e-01 1.352333333333333443e-01 1.498000000000000165e-01 1.661999999999999866e-01 4.998333333333332962e-01 1.065199999999999925e+00 2.131110370123374675e+00
1.286333333333333495e-01 1.364333333333333231e-01 1.310666666666666647e-01 1.228333333333333360e-01 1.095000000000000001e-01 1.141333333333333228e-01 1.352333333333333443e-01 1.498000000000000165e-01 5.189666666666666872e-01 1.027633333333333399e+00 1.980152867878476552e+00
1.223666666666666653e-01 1.286333333333333495e-01 1.364333333333333231e-01 1.310666666666666647e-01 1.228333333333333360e-01 1.095000000000000001e-01 1.141333333333333228e-01 1.352333333333333443e-01 5.184999999999999609e-01 1.000199999999999978e+00 1.929026036644166053e+00
1.178333333333333455e-01 1.223666666666666653e-01 1.286333333333333495e-01 1.364333333333333231e-01 1.310666666666666647e-01 1.228333333333333360e-01 1.095000000000000001e-01 1.141333333333333228e-01 5.052666666666666417e-01 9.827999999999998959e-01 1.945111492281303534e+00
1.080333333333333284e-01 1.178333333333333455e-01 1.223666666666666653e-01 1.286333333333333495e-01 1.364333333333333231e-01 1.310666666666666647e-01 1.228333333333333360e-01 1.095000000000000001e-01 4.768666666666666609e-01 9.766999999999999016e-01 2.048161610513071107e+00
1.011666666666666686e-01 1.080333333333333284e-01 1.178333333333333455e-01 1.223666666666666653e-01 1.286333333333333495e-01 1.364333333333333231e-01 1.310666666666666647e-01 1.228333333333333360e-01 4.494000000000000217e-01 9.683666666666667089e-01 2.154798991247589335e+00
1.026666666666666700e-01 1.011666666666666686e-01 1.080333333333333284e-01 1.178333333333333455e-01 1.223666666666666653e-01 1.286333333333333495e-01 1.364333333333333231e-01 1.310666666666666647e-01 4.297000000000000264e-01 9.481999999999999318e-01 2.206655806376541573e+00
1.061666666666666731e-01 1.026666666666666700e-01 1.011666666666666686e-01 1.080333333333333284e-01 1.178333333333333455e-01 1.223666666666666653e-01 1.286333333333333495e-01 1.364333333333333231e-01 4.180333333333333123e-01 9.233000000000000096e-01 2.208675544214974806e+00
9.966666666666668117e-02 1.061666666666666731e-01 1.026666666666666700e-01 1.011666666666666686e-01 1.080333333333333284e-01 1.178333333333333455e-01 1.223666666666666653e-01 1.286333333333333495e-01 4.096666666666667345e-01 8.865333333333333954e-01 2.164035801464605058e+00
1.040999999999999842e-01 9.966666666666668117e-02 1.061666666666666731e-01 1.026666666666666700e-01 1.011666666666666686e-01 1.080333333333333284e-01 1.178333333333333455e-01 1.223666666666666653e-01 4.126000000000000223e-01 8.620000000000000995e-01 2.089190499272903789e+00
1.084666666666666557e-01 1.040999999999999842e-01 9.966666666666668117e-02 1.061666666666666731e-01 1.026666666666666700e-01 1.011666666666666686e-01 1.080333333333333284e-01 1.178333333333333455e-01 4.183999999999999941e-01 8.481000000000000760e-01 2.027007648183556832e+00
1.062666666666666621e-01 1.084666666666666557e-01 1.040999999999999842e-01 9.966666666666668117e-02 1.061666666666666731e-01 1.026666666666666700e-01 1.011666666666666686e-01 1.080333333333333284e-01 4.184999999999999831e-01 8.365333333333333510e-01 1.998884906411788176e+00
1.023666666666666614e-01 1.062666666666666621e-01 1.084666666666666557e-01 1.040999999999999842e-01 9.966666666666668117e-02 1.061666666666666731e-01 1.026666666666666700e-01 1.011666666666666686e-01 4.211999999999999633e-01 8.308666666666666423e-01 1.972617917062361670e+00
1.024999999999999939e-01 1.023666666666666614e-01 1.062666666666666621e-01 1.084666666666666557e-01 1.040999999999999842e-01 9.966666666666668117e-02 1.061666666666666731e-01 1.026666666666666700e-01 4.195999999999999730e-01 8.322000000000000508e-01 1.983317445185891481e+00
9.373333333333333517e-02 1.024999999999999939e-01 1.023666666666666614e-01 1.062666666666666621e-01 1.084666666666666557e-01 1.040999999999999842e-01 9.966666666666668117e-02 1.061666666666666731e-01 4.048666666666666525e-01 8.232666666666665911e-01 2.033426642516054539e+00
9.423333333333333561e-02 9.373333333333333517e-02 1.024999999999999939e-01 1.023666666666666614e-01 1.062666666666666621e-01 1.084666666666666557e-01 1.040999999999999842e-01 9.966666666666668117e-02 3.928333333333333122e-01 8.113333333333332398e-01 2.065337293169283051e+00
1.393666666666666665e-01 9.423333333333333561e-02 9.373333333333333517e-02 1.024999999999999939e-01 1.023666666666666614e-01 1.062666666666666621e-01 1.084666666666666557e-01 1.040999999999999842e-01 4.298333333333333450e-01 8.510333333333333083e-01 1.979914695618456566e+00
1.124999999999999889e-01 1.393666666666666665e-01 9.423333333333333561e-02 9.373333333333333517e-02 1.024999999999999939e-01 1.023666666666666614e-01 1.062666666666666621e-01 1.084666666666666557e-01 4.398333333333333539e-01 8.594333333333332714e-01 1.953997726411519364e+00
9.673333333333333783e-02 1.124999999999999889e-01 1.393666666666666665e-01 9.423333333333333561e-02 9.373333333333333517e-02 1.024999999999999939e-01 1.023666666666666614e-01 1.062666666666666621e-01 4.428333333333333566e-01 8.477000000000000091e-01 1.914264207753104907e+00
8.696666666666667822e-02 9.673333333333333783e-02 1.124999999999999889e-01 1.393666666666666665e-01 9.423333333333333561e-02 9.373333333333333517e-02 1.024999999999999939e-01 1.023666666666666614e-01 4.355666666666666575e-01 8.284000000000000252e-01 1.901890257901584169e+00
8.020000000000000739e-02 8.696666666666667822e-02 9.673333333333333783e-02 1.124999999999999889e-01 1.393666666666666665e-01 9.423333333333333561e-02 9.373333333333333517e-02 1.024999999999999939e-01 3.764000000000000123e-01 8.062333333333333574e-01 2.141958908962096952e+00
8.196666666666667378e-02 8.020000000000000739e-02 8.696666666666667822e-02 9.673333333333333783e-02 1.124999999999999889e-01 1.393666666666666665e-01 9.423333333333333561e-02 9.373333333333333517e-02 3.458666666666667111e-01 7.857000000000000650e-01 2.271684656900539778e+00
8.413333333333333774e-02 8.196666666666667378e-02 8.020000000000000739e-02 8.696666666666667822e-02 9.673333333333333783e-02 1.124999999999999889e-01 1.393666666666666665e-01 9.423333333333333561e-02 3.332666666666667110e-01 7.761000000000000121e-01 2.328765753150630058e+00
7.966666666666666341e-02 8.413333333333333774e-02 8.196666666666667378e-02 8.020000000000000739e-02 8.696666666666667822e-02 9.673333333333333783e-02 1.124999999999999889e-01 1.393666666666666665e-01 3.259666666666666823e-01 7.615333333333333954e-01 2.336230698435422859e+00
7.456666666666666998e-02 7.966666666666666341e-02 8.413333333333333774e-02 8.196666666666667378e-02 8.020000000000000739e-02 8.696666666666667822e-02 9.673333333333333783e-02 1.124999999999999889e-01 3.203333333333333588e-01 6.967333333333334267e-01 2.175026014568158139e+00
7.513333333333334363e-02 7.456666666666666998e-02 7.966666666666666341e-02 8.413333333333333774e-02 8.196666666666667378e-02 8.020000000000000739e-02 8.696666666666667822e-02 9.673333333333333783e-02 3.135000000000000009e-01 6.593666666666666565e-01 2.103242955874534914e+00
6.753333333333333410e-02 7.513333333333334363e-02 7.456666666666666998e-02 7.966666666666666341e-02 8.413333333333333774e-02 8.196666666666667378e-02 8.020000000000000739e-02 8.696666666666667822e-02 2.968999999999999972e-01 6.301666666666667638e-01 2.122487930840911918e+00
6.393333333333332813e-02 6.753333333333333410e-02 7.513333333333334363e-02 7.456666666666666998e-02 7.966666666666666341e-02 8.413333333333333774e-02 8.196666666666667378e-02 8.020000000000000739e-02 2.811666666666666758e-01 6.071333333333333027e-01 2.159336099585062119e+00
5.790000000000000008e-02 6.393333333333332813e-02 6.753333333333333410e-02 7.513333333333334363e-02 7.456666666666666998e-02 7.966666666666666341e-02 8.413333333333333774e-02 8.196666666666667378e-02 2.645000000000000129e-01 5.848333333333333162e-01 2.211090107120352588e+00
5.113333333333333619e-02 5.790000000000000008e-02 6.393333333333332813e-02 6.753333333333333410e-02 7.513333333333334363e-02 7.456666666666666998e-02 7.966666666666666341e-02 8.413333333333333774e-02 2.404999999999999916e-01 5.540000000000000480e-01 2.303534303534303884e+00
4.920000000000000068e-02 5.113333333333333619e-02 5.790000000000000008e-02 6.393333333333332813e-02 6.753333333333333410e-02 7.513333333333334363e-02 7.456666666666666998e-02 7.966666666666666341e-02 2.221666666666666790e-01 5.190666666666666762e-01 2.336384096024005874e+00
5.053333333333333982e-02 4.920000000000000068e-02 5.113333333333333619e-02 5.790000000000000008e-02 6.393333333333332813e-02 6.753333333333333410e-02 7.513333333333334363e-02 7.456666666666666998e-02 2.087666666666666837e-01 4.899333333333333318e-01 2.346798658789717162e+00
4.920000000000000068e-02 5.053333333333333982e-02 4.920000000000000068e-02 5.113333333333333619e-02 5.790000000000000008e-02 6.393333333333332813e-02 6.753333333333333410e-02 7.513333333333334363e-02 2.000666666666666704e-01 4.645666666666666833e-01 2.322059313562145899e+00
4.896666666666666529e-02 4.920000000000000068e-02 5.053333333333333982e-02 4.920000000000000068e-02 5.113333333333333619e-02 5.790000000000000008e-02 6.393333333333332813e-02 6.753333333333333410e-02 1.978999999999999926e-01 4.384000000000000119e-01 2.215260232440626531e+00
4.920000000000000068e-02 4.896666666666666529e-02 4.920000000000000068e-02 5.053333333333333982e-02 4.920000000000000068e-02 5.113333333333333619e-02 5.790000000000000008e-02 6.393333333333332813e-02 1.979000000000000203e-01 4.200666666666666993e-01 2.122620852282297577e+00
4.269999999999999490e-02 4.920000000000000068e-02 4.896666666666666529e-02 4.920000000000000068e-02 5.053333333333333982e-02 4.920000000000000068e-02 5.113333333333333619e-02 5.790000000000000008e-02 1.900666666666666615e-01 3.988333333333333730e-01 2.098386531041740000e+00
3.423333333333333783e-02 4.269999999999999490e-02 4.920000000000000068e-02 4.896666666666666529e-02 4.920000000000000068e-02 5.053333333333333982e-02 4.920000000000000068e-02 5.113333333333333619e-02 1.750999999999999779e-01 3.751666666666666483e-01 2.142585189415572078e+00
3.490000000000000047e-02 3.423333333333333783e-02 4.269999999999999490e-02 4.920000000000000068e-02 4.896666666666666529e-02 4.920000000000000068e-02 5.053333333333333982e-02 4.920000000000000068e-02 1.610333333333333339e-01 3.589333333333333265e-01 2.228938108052163081e+00
3.683333333333333598e-02 3.490000000000000047e-02 3.423333333333333783e-02 4.269999999999999490e-02 4.920000000000000068e-02 4.896666666666666529e-02 4.920000000000000068e-02 5.053333333333333982e-02 1.486666666666666692e-01 3.465666666666666895e-01 2.331165919282511378e+00
3.896666666666667028e-02 3.683333333333333598e-02 3.490000000000000047e-02 3.423333333333333783e-02 4.269999999999999490e-02 4.920000000000000068e-02 4.896666666666666529e-02 4.920000000000000068e-02 1.449333333333333584e-01 3.350000000000000200e-01 2.311407543698251743e+00
4.693333333333333385e-02 3.896666666666667028e-02 3.683333333333333598e-02 3.490000000000000047e-02 3.423333333333333783e-02 4.269999999999999490e-02 4.920000000000000068e-02 4.896666666666666529e-02 1.576333333333333475e-01 3.327333333333333254e-01 2.110805667160075672e+00
4.446666666666667517e-02 4.693333333333333385e-02 3.896666666666667028e-02 3.683333333333333598e-02 3.490000000000000047e-02 3.423333333333333783e-02 4.269999999999999490e-02 4.920000000000000068e-02 1.672000000000000153e-01 3.282333333333333769e-01 1.963118022328548706e+00
4.280000000000000471e-02 4.446666666666667517e-02 4.693333333333333385e-02 3.896666666666667028e-02 3.683333333333333598e-02 3.490000000000000047e-02 3.423333333333333783e-02 4.269999999999999490e-02 1.731666666666666909e-01 3.218333333333333601e-01 1.858517805582290627e+00
4.263333333333333558e-02 4.280000000000000471e-02 4.446666666666667517e-02 4.693333333333333385e-02 3.896666666666667028e-02 3.683333333333333598e-02 3.490000000000000047e-02 3.423333333333333783e-02 1.768333333333333424e-01 3.217666666666667008e-01 1.819604147031102848e+00
4.283333333333333437e-02 4.263333333333333558e-02 4.280000000000000471e-02 4.446666666666667517e-02 4.693333333333333385e-02 3.896666666666667028e-02 3.683333333333333598e-02 3.490000000000000047e-02 1.727333333333333498e-01 3.303666666666666973e-01 1.912582014666152075e+00
4.576666666666665689e-02 4.283333333333333437e-02 4.263333333333333558e-02 4.280000000000000471e-02 4.446666666666667517e-02 4.693333333333333385e-02 3.896666666666667028e-02 3.683333333333333598e-02 1.740333333333333177e-01 3.412333333333333329e-01 1.960735491285194643e+00
4.519999999999999712e-02 4.576666666666665689e-02 4.283333333333333437e-02 4.263333333333333558e-02 4.280000000000000471e-02 4.446666666666667517e-02 4.693333333333333385e-02 3.896666666666667028e-02 1.764333333333333032e-01 3.496000000000000218e-01 1.981484980162479204e+00
4.539999999999999591e-02 4.519999999999999712e-02 4.576666666666665689e-02 4.283333333333333437e-02 4.263333333333333558e-02 4.280000000000000471e-02 4.446666666666667517e-02 4.693333333333333385e-02 1.791999999999999704e-01 3.560333333333333128e-01 1.986793154761904878e+00
4.543333333333333252e-02 4.539999999999999591e-02 4.519999999999999712e-02 4.576666666666665689e-02 4.283333333333333437e-02 4.263333333333333558e-02 4.280000000000000471e-02 4.446666666666667517e-02 1.817999999999999616e-01 3.545333333333333115e-01 1.950128346167950388e+00
4.393333333333333118e-02 4.543333333333333252e-02 4.539999999999999591e-02 4.519999999999999712e-02 4.576666666666665689e-02 4.283333333333333437e-02 4.263333333333333558e-02 4.280000000000000471e-02 1.799666666666666359e-01 3.539999999999999813e-01 1.967030931654010217e+00
4.330000000000000515e-02 4.393333333333333118e-02 4.543333333333333252e-02 4.539999999999999591e-02 4.519999999999999712e-02 4.576666666666665689e-02 4.283333333333333437e-02 4.263333333333333558e-02 1.780666666666666509e-01 3.544999999999999263e-01 1.990827405466117250e+00
4.539999999999999591e-02 4.330000000000000515e-02 4.393333333333333118e-02 4.543333333333333252e-02 4.539999999999999591e-02 4.519999999999999712e-02 4.576666666666665689e-02 4.283333333333333437e-02 1.780666666666666509e-01 3.572666666666666213e-01 2.006364657431673582e+00
4.709999999999999604e-02 4.539999999999999591e-02 4.330000000000000515e-02 4.393333333333333118e-02 4.543333333333333252e-02 4.539999999999999591e-02 4.519999999999999712e-02 4.576666666666665689e-02 1.797333333333333283e-01 3.615333333333332622e-01 2.011498516320474383e+00
5.049999999999999628e-02 4.709999999999999604e-02 4.539999999999999591e-02 4.330000000000000515e-02 4.393333333333333118e-02 4.543333333333333252e-02 4.539999999999999591e-02 4.519999999999999712e-02 1.862999999999999934e-01 3.662666666666666293e-01 1.966004651994990082e+00
5.090000000000000080e-02 5.049999999999999628e-02 4.709999999999999604e-02 4.539999999999999591e-02 4.330000000000000515e-02 4.393333333333333118e-02 4.543333333333333252e-02 4.539999999999999591e-02 1.938999999999999890e-01 3.719666666666666677e-01 1.918342788378889496e+00
5.489999999999999741e-02 5.090000000000000080e-02 5.049999999999999628e-02 4.709999999999999604e-02 4.539999999999999591e-02 4.330000000000000515e-02 4.393333333333333118e-02 4.543333333333333252e-02 2.033999999999999975e-01 3.814666666666666206e-01 1.875450671910848799e+00
6.189999999999998975e-02 5.489999999999999741e-02 5.090000000000000080e-02 5.049999999999999628e-02 4.709999999999999604e-02 4.539999999999999591e-02 4.330000000000000515e-02 4.393333333333333118e-02 2.181999999999999773e-01 3.979333333333333056e-01 1.823709135349832033e+00
6.883333333333332971e-02 6.189999999999998975e-02 5.489999999999999741e-02 5.090000000000000080e-02 5.049999999999999628e-02 4.709999999999999604e-02 4.539999999999999591e-02 4.330000000000000515e-02 2.365333333333333177e-01 4.228333333333332833e-01 1.787626832018038181e+00
6.413333333333333386e-02 6.883333333333332971e-02 6.189999999999998975e-02 5.489999999999999741e-02 5.090000000000000080e-02 5.049999999999999628e-02 4.709999999999999604e-02 4.539999999999999591e-02 2.497666666666666646e-01 4.436666666666666536e-01 1.776324569598291658e+00
6.239999999999999020e-02 6.413333333333333386e-02 6.883333333333332971e-02 6.189999999999998975e-02 5.489999999999999741e-02 5.090000000000000080e-02 5.049999999999999628e-02 4.709999999999999604e-02 2.572666666666666435e-01 4.606666666666666687e-01 1.790619331433013883e+00
7.316666666666665764e-02 6.239999999999999020e-02 6.413333333333333386e-02 6.883333333333332971e-02 6.189999999999998975e-02 5.489999999999999741e-02 5.090000000000000080e-02 5.049999999999999628e-02 2.685333333333332906e-01 4.867333333333332401e-01 1.812562065541211354e+00
7.883333333333332471e-02 7.316666666666665764e-02 6.239999999999999020e-02 6.413333333333333386e-02 6.883333333333332971e-02 6.189999999999998975e-02 5.489999999999999741e-02 5.090000000000000080e-02 2.785333333333332995e-01 5.150666666666665616e-01 1.849210148396361664e+00
6.796666666666666134e-02 7.883333333333332471e-02 7.316666666666665764e-02 6.239999999999999020e-02 6.413333333333333386e-02 6.883333333333332971e-02 6.189999999999998975e-02 5.489999999999999741e-02 2.823666666666666547e-01 5.321333333333333471e-01 1.884547278951717697e+00
6.560000000000000553e-02 6.796666666666666134e-02 7.883333333333332471e-02 7.316666666666665764e-02 6.239999999999999020e-02 6.413333333333333386e-02 6.883333333333332971e-02 6.189999999999998975e-02 2.855666666666666353e-01 5.428333333333332789e-01 1.900898797712151200e+00
