7.385000000000000000e+03 7.219000000000000000e+03 7.062000000000000000e+03 6.900000000000000000e+03 6.722000000000000000e+03 6.524000000000000000e+03 6.306000000000000000e+03 6.088000000000000000e+03 2.856600000000000000e+04 5.420600000000000000e+04 1.897570538402296503e+00
7.556000000000000000e+03 7.385000000000000000e+03 7.219000000000000000e+03 7.062000000000000000e+03 6.900000000000000000e+03 6.722000000000000000e+03 6.524000000000000000e+03 6.306000000000000000e+03 2.922200000000000000e+04 5.567400000000000000e+04 1.905208404626651086e+00
7.732000000000000000e+03 7.556000000000000000e+03 7.385000000000000000e+03 7.219000000000000000e+03 7.062000000000000000e+03 6.900000000000000000e+03 6.722000000000000000e+03 6.524000000000000000e+03 2.989200000000000000e+04 5.710000000000000000e+04 1.910210089656095178e+00
7.907000000000000000e+03 7.732000000000000000e+03 7.556000000000000000e+03 7.385000000000000000e+03 7.219000000000000000e+03 7.062000000000000000e+03 6.900000000000000000e+03 6.722000000000000000e+03 3.058000000000000000e+04 5.848300000000000000e+04 1.912459123610202649e+00
8.075000000000000000e+03 7.907000000000000000e+03 7.732000000000000000e+03 7.556000000000000000e+03 7.385000000000000000e+03 7.219000000000000000e+03 7.062000000000000000e+03 6.900000000000000000e+03 3.127000000000000000e+04 5.983600000000000000e+04 1.913527342500799477e+00
8.242000000000000000e+03 8.075000000000000000e+03 7.907000000000000000e+03 7.732000000000000000e+03 7.556000000000000000e+03 7.385000000000000000e+03 7.219000000000000000e+03 7.062000000000000000e+03 3.195600000000000000e+04 6.117800000000000000e+04 1.914444861684816646e+00
8.412000000000000000e+03 8.242000000000000000e+03 8.075000000000000000e+03 7.907000000000000000e+03 7.732000000000000000e+03 7.556000000000000000e+03 7.385000000000000000e+03 7.219000000000000000e+03 3.263600000000000000e+04 6.252800000000000000e+04 1.915921068758426271e+00
8.571000000000000000e+03 8.412000000000000000e+03 8.242000000000000000e+03 8.075000000000000000e+03 7.907000000000000000e+03 7.732000000000000000e+03 7.556000000000000000e+03 7.385000000000000000e+03 3.330000000000000000e+04 6.388000000000000000e+04 1.918318318318318338e+00
8.706000000000000000e+03 8.571000000000000000e+03 8.412000000000000000e+03 8.242000000000000000e+03 8.075000000000000000e+03 7.907000000000000000e+03 7.732000000000000000e+03 7.556000000000000000e+03 3.393100000000000000e+04 6.520100000000000000e+04 1.921576139813150119e+00
8.825000000000000000e+03 8.706000000000000000e+03 8.571000000000000000e+03 8.412000000000000000e+03 8.242000000000000000e+03 8.075000000000000000e+03 7.907000000000000000e+03 7.732000000000000000e+03 3.451400000000000000e+04 6.647000000000000000e+04 1.925885148055861418e+00
8.935000000000000000e+03 8.825000000000000000e+03 8.706000000000000000e+03 8.571000000000000000e+03 8.412000000000000000e+03 8.242000000000000000e+03 8.075000000000000000e+03 7.907000000000000000e+03 3.503700000000000000e+04 6.767300000000000000e+04 1.931472443416959228e+00
9.020000000000000000e+03 8.935000000000000000e+03 8.825000000000000000e+03 8.706000000000000000e+03 8.571000000000000000e+03 8.412000000000000000e+03 8.242000000000000000e+03 8.075000000000000000e+03 3.548600000000000000e+04 6.878600000000000000e+04 1.938398241560051805e+00
9.064000000000000000e+03 9.020000000000000000e+03 8.935000000000000000e+03 8.825000000000000000e+03 8.706000000000000000e+03 8.571000000000000000e+03 8.412000000000000000e+03 8.242000000000000000e+03 3.584400000000000000e+04 6.977500000000000000e+04 1.946629840419596080e+00
9.062000000000000000e+03 9.064000000000000000e+03 9.020000000000000000e+03 8.935000000000000000e+03 8.825000000000000000e+03 8.706000000000000000e+03 8.571000000000000000e+03 8.412000000000000000e+03 3.608100000000000000e+04 7.059500000000000000e+04 1.956569939857542684e+00
9.005000000000000000e+03 9.062000000000000000e+03 9.064000000000000000e+03 9.020000000000000000e+03 8.935000000000000000e+03 8.825000000000000000e+03 8.706000000000000000e+03 8.571000000000000000e+03 3.615100000000000000e+04 7.118800000000000000e+04 1.969184808165749256e+00
8.937000000000000000e+03 9.005000000000000000e+03 9.062000000000000000e+03 9.064000000000000000e+03 9.020000000000000000e+03 8.935000000000000000e+03 8.825000000000000000e+03 8.706000000000000000e+03 3.606800000000000000e+04 7.155400000000000000e+04 1.983863812798048132e+00
8.889000000000000000e+03 8.937000000000000000e+03 9.005000000000000000e+03 9.062000000000000000e+03 9.064000000000000000e+03 9.020000000000000000e+03 8.935000000000000000e+03 8.825000000000000000e+03 3.589300000000000000e+04 7.173700000000000000e+04 1.998634831304153980e+00
8.920000000000000000e+03 8.889000000000000000e+03 8.937000000000000000e+03 9.005000000000000000e+03 9.062000000000000000e+03 9.064000000000000000e+03 9.020000000000000000e+03 8.935000000000000000e+03 3.575100000000000000e+04 7.183200000000000000e+04 2.009230511034656441e+00
8.950000000000000000e+03 8.920000000000000000e+03 8.889000000000000000e+03 8.937000000000000000e+03 9.005000000000000000e+03 9.062000000000000000e+03 9.064000000000000000e+03 9.020000000000000000e+03 3.569600000000000000e+04 7.184700000000000000e+04 2.012746526221425469e+00
8.958000000000000000e+03 8.950000000000000000e+03 8.920000000000000000e+03 8.889000000000000000e+03 8.937000000000000000e+03 9.005000000000000000e+03 9.062000000000000000e+03 9.064000000000000000e+03 3.571700000000000000e+04 7.178500000000000000e+04 2.009827253128762425e+00
9.219000000000000000e+03 8.958000000000000000e+03 8.950000000000000000e+03 8.920000000000000000e+03 8.889000000000000000e+03 8.937000000000000000e+03 9.005000000000000000e+03 9.062000000000000000e+03 3.604700000000000000e+04 7.194000000000000000e+04 1.995727799816905623e+00
9.313000000000000000e+03 9.219000000000000000e+03 8.958000000000000000e+03 8.950000000000000000e+03 8.920000000000000000e+03 8.889000000000000000e+03 8.937000000000000000e+03 9.005000000000000000e+03 3.644000000000000000e+04 7.219100000000000000e+04 1.981092206366630082e+00
9.313000000000000000e+03 9.313000000000000000e+03 9.219000000000000000e+03 8.958000000000000000e+03 8.950000000000000000e+03 8.920000000000000000e+03 8.889000000000000000e+03 8.937000000000000000e+03 3.680300000000000000e+04 7.249900000000000000e+04 1.969920930358938227e+00
9.316000000000000000e+03 9.313000000000000000e+03 9.313000000000000000e+03 9.219000000000000000e+03 8.958000000000000000e+03 8.950000000000000000e+03 8.920000000000000000e+03 8.889000000000000000e+03 3.716100000000000000e+04 7.287800000000000000e+04 1.961142057533435512e+00
9.087000000000000000e+03 9.316000000000000000e+03 9.313000000000000000e+03 9.313000000000000000e+03 9.219000000000000000e+03 8.958000000000000000e+03 8.950000000000000000e+03 8.920000000000000000e+03 3.702900000000000000e+04 7.307600000000000000e+04 1.973480245213211193e+00
9.131000000000000000e+03 9.087000000000000000e+03 9.316000000000000000e+03 9.313000000000000000e+03 9.313000000000000000e+03 9.219000000000000000e+03 8.958000000000000000e+03 8.950000000000000000e+03 3.684700000000000000e+04 7.328700000000000000e+04 1.988954324639726545e+00
9.229000000000000000e+03 9.131000000000000000e+03 9.087000000000000000e+03 9.316000000000000000e+03 9.313000000000000000e+03 9.313000000000000000e+03 9.219000000000000000e+03 8.958000000000000000e+03 3.676300000000000000e+04 7.356600000000000000e+04 2.001088050485542613e+00
8.877000000000000000e+03 9.229000000000000000e+03 9.131000000000000000e+03 9.087000000000000000e+03 9.316000000000000000e+03 9.313000000000000000e+03 9.313000000000000000e+03 9.219000000000000000e+03 3.632400000000000000e+04 7.348500000000000000e+04 2.023042616451932396e+00
8.860000000000000000e+03 8.877000000000000000e+03 9.229000000000000000e+03 9.131000000000000000e+03 9.087000000000000000e+03 9.316000000000000000e+03 9.313000000000000000e+03 9.313000000000000000e+03 3.609700000000000000e+04 7.312600000000000000e+04 2.025819320165110682e+00
8.967000000000000000e+03 8.860000000000000000e+03 8.877000000000000000e+03 9.229000000000000000e+03 9.131000000000000000e+03 9.087000000000000000e+03 9.316000000000000000e+03 9.313000000000000000e+03 3.593300000000000000e+04 7.278000000000000000e+04 2.025436228536442673e+00
9.061000000000000000e+03 8.967000000000000000e+03 8.860000000000000000e+03 8.877000000000000000e+03 9.229000000000000000e+03 9.131000000000000000e+03 9.087000000000000000e+03 9.316000000000000000e+03 3.576500000000000000e+04 7.252800000000000000e+04 2.027904375786383273e+00
9.329000000000000000e+03 9.061000000000000000e+03 8.967000000000000000e+03 8.860000000000000000e+03 8.877000000000000000e+03 9.229000000000000000e+03 9.131000000000000000e+03 9.087000000000000000e+03 3.621700000000000000e+04 7.254100000000000000e+04 2.002954413673136980e+00
9.387000000000000000e+03 9.329000000000000000e+03 9.061000000000000000e+03 8.967000000000000000e+03 8.860000000000000000e+03 8.877000000000000000e+03 9.229000000000000000e+03 9.131000000000000000e+03 3.674400000000000000e+04 7.284100000000000000e+04 1.982391682995863214e+00
9.518000000000000000e+03 9.387000000000000000e+03 9.329000000000000000e+03 9.061000000000000000e+03 8.967000000000000000e+03 8.860000000000000000e+03 8.877000000000000000e+03 9.229000000000000000e+03 3.729500000000000000e+04 7.322800000000000000e+04 1.963480359297492983e+00
9.548000000000000000e+03 9.518000000000000000e+03 9.387000000000000000e+03 9.329000000000000000e+03 9.061000000000000000e+03 8.967000000000000000e+03 8.860000000000000000e+03 8.877000000000000000e+03 3.778200000000000000e+04 7.354700000000000000e+04 1.946614790111693472e+00
9.623000000000000000e+03 9.548000000000000000e+03 9.518000000000000000e+03 9.387000000000000000e+03 9.329000000000000000e+03 9.061000000000000000e+03 8.967000000000000000e+03 8.860000000000000000e+03 3.807600000000000000e+04 7.429300000000000000e+04 1.951176594180060953e+00
9.570000000000000000e+03 9.623000000000000000e+03 9.548000000000000000e+03 9.518000000000000000e+03 9.387000000000000000e+03 9.329000000000000000e+03 9.061000000000000000e+03 8.967000000000000000e+03 3.825900000000000000e+04 7.500300000000000000e+04 1.960401474162942081e+00
9.484000000000000000e+03 9.570000000000000000e+03 9.623000000000000000e+03 9.548000000000000000e+03 9.518000000000000000e+03 9.387000000000000000e+03 9.329000000000000000e+03 9.061000000000000000e+03 3.822500000000000000e+04 7.552000000000000000e+04 1.975670372792674989e+00
9.397000000000000000e+03 9.484000000000000000e+03 9.570000000000000000e+03 9.623000000000000000e+03 9.548000000000000000e+03 9.518000000000000000e+03 9.387000000000000000e+03 9.329000000000000000e+03 3.807400000000000000e+04 7.585600000000000000e+04 1.992330724378841289e+00
9.311000000000000000e+03 9.397000000000000000e+03 9.484000000000000000e+03 9.570000000000000000e+03 9.623000000000000000e+03 9.548000000000000000e+03 9.518000000000000000e+03 9.387000000000000000e+03 3.776200000000000000e+04 7.583800000000000000e+04 2.008315237540384324e+00
9.225000000000000000e+03 9.311000000000000000e+03 9.397000000000000000e+03 9.484000000000000000e+03 9.570000000000000000e+03 9.623000000000000000e+03 9.548000000000000000e+03 9.518000000000000000e+03 3.741700000000000000e+04 7.567600000000000000e+04 2.022503140283828049e+00
9.225000000000000000e+03 9.225000000000000000e+03 9.311000000000000000e+03 9.397000000000000000e+03 9.484000000000000000e+03 9.570000000000000000e+03 9.623000000000000000e+03 9.548000000000000000e+03 3.715800000000000000e+04 7.538300000000000000e+04 2.028715216104203467e+00
9.424000000000000000e+03 9.225000000000000000e+03 9.225000000000000000e+03 9.311000000000000000e+03 9.397000000000000000e+03 9.484000000000000000e+03 9.570000000000000000e+03 9.623000000000000000e+03 3.718500000000000000e+04 7.525900000000000000e+04 2.023907489579131358e+00
9.522000000000000000e+03 9.424000000000000000e+03 9.225000000000000000e+03 9.225000000000000000e+03 9.311000000000000000e+03 9.397000000000000000e+03 9.484000000000000000e+03 9.570000000000000000e+03 3.739600000000000000e+04 7.515800000000000000e+04 2.009787143009947652e+00
9.431000000000000000e+03 9.522000000000000000e+03 9.424000000000000000e+03 9.225000000000000000e+03 9.225000000000000000e+03 9.311000000000000000e+03 9.397000000000000000e+03 9.484000000000000000e+03 3.760200000000000000e+04 7.501900000000000000e+04 1.995080048933567385e+00
9.329000000000000000e+03 9.431000000000000000e+03 9.522000000000000000e+03 9.424000000000000000e+03 9.225000000000000000e+03 9.225000000000000000e+03 9.311000000000000000e+03 9.397000000000000000e+03 3.770600000000000000e+04 7.486400000000000000e+04 1.985466504004667732e+00
9.245000000000000000e+03 9.329000000000000000e+03 9.431000000000000000e+03 9.522000000000000000e+03 9.424000000000000000e+03 9.225000000000000000e+03 9.225000000000000000e+03 9.311000000000000000e+03 3.752700000000000000e+04 7.471200000000000000e+04 1.990886561675593525e+00
9.220000000000000000e+03 9.245000000000000000e+03 9.329000000000000000e+03 9.431000000000000000e+03 9.522000000000000000e+03 9.424000000000000000e+03 9.225000000000000000e+03 9.225000000000000000e+03 3.722500000000000000e+04 7.462100000000000000e+04 2.004593687038280780e+00
9.162000000000000000e+03 9.220000000000000000e+03 9.245000000000000000e+03 9.329000000000000000e+03 9.431000000000000000e+03 9.522000000000000000e+03 9.424000000000000000e+03 9.225000000000000000e+03 3.695600000000000000e+04 7.455800000000000000e+04 2.017480246779954633e+00
9.297000000000000000e+03 9.162000000000000000e+03 9.220000000000000000e+03 9.245000000000000000e+03 9.329000000000000000e+03 9.431000000000000000e+03 9.522000000000000000e+03 9.424000000000000000e+03 3.692400000000000000e+04 7.463000000000000000e+04 2.021178637200736539e+00
9.318000000000000000e+03 9.297000000000000000e+03 9.162000000000000000e+03 9.220000000000000000e+03 9.245000000000000000e+03 9.329000000000000000e+03 9.431000000000000000e+03 9.522000000000000000e+03 3.699700000000000000e+04 7.452400000000000000e+04 2.014325485850203989e+00
9.313000000000000000e+03 9.318000000000000000e+03 9.297000000000000000e+03 9.162000000000000000e+03 9.220000000000000000e+03 9.245000000000000000e+03 9.329000000000000000e+03 9.431000000000000000e+03 3.709000000000000000e+04 7.431500000000000000e+04 2.003639795093016929e+00
9.211000000000000000e+03 9.313000000000000000e+03 9.318000000000000000e+03 9.297000000000000000e+03 9.162000000000000000e+03 9.220000000000000000e+03 9.245000000000000000e+03 9.329000000000000000e+03 3.713900000000000000e+04 7.409500000000000000e+04 1.995072565227927530e+00
9.157000000000000000e+03 9.211000000000000000e+03 9.313000000000000000e+03 9.318000000000000000e+03 9.297000000000000000e+03 9.162000000000000000e+03 9.220000000000000000e+03 9.245000000000000000e+03 3.699900000000000000e+04 7.392300000000000000e+04 1.997972918186978086e+00
9.172000000000000000e+03 9.157000000000000000e+03 9.211000000000000000e+03 9.313000000000000000e+03 9.318000000000000000e+03 9.297000000000000000e+03 9.162000000000000000e+03 9.220000000000000000e+03 3.685300000000000000e+04 7.385000000000000000e+04 2.003907415949854887e+00
9.178000000000000000e+03 9.172000000000000000e+03 9.157000000000000000e+03 9.211000000000000000e+03 9.313000000000000000e+03 9.318000000000000000e+03 9.297000000000000000e+03 9.162000000000000000e+03 3.671800000000000000e+04 7.380800000000000000e+04 2.010131270766381650e+00
9.192000000000000000e+03 9.178000000000000000e+03 9.172000000000000000e+03 9.157000000000000000e+03 9.211000000000000000e+03 9.313000000000000000e+03 9.318000000000000000e+03 9.297000000000000000e+03 3.669900000000000000e+04 7.383800000000000000e+04 2.011989427504836669e+00
9.225000000000000000e+03 9.192000000000000000e+03 9.178000000000000000e+03 9.172000000000000000e+03 9.157000000000000000e+03 9.211000000000000000e+03 9.313000000000000000e+03 9.318000000000000000e+03 3.676700000000000000e+04 7.376600000000000000e+04 2.006310006255609846e+00
9.376000000000000000e+03 9.225000000000000000e+03 9.192000000000000000e+03 9.178000000000000000e+03 9.172000000000000000e+03 9.157000000000000000e+03 9.211000000000000000e+03 9.313000000000000000e+03 3.697100000000000000e+04 7.382400000000000000e+04 1.996808309215331034e+00
9.379000000000000000e+03 9.376000000000000000e+03 9.225000000000000000e+03 9.192000000000000000e+03 9.178000000000000000e+03 9.172000000000000000e+03 9.157000000000000000e+03 9.211000000000000000e+03 3.717200000000000000e+04 7.389000000000000000e+04 1.987786505972237272e+00
9.579000000000000000e+03 9.379000000000000000e+03 9.376000000000000000e+03 9.225000000000000000e+03 9.192000000000000000e+03 9.178000000000000000e+03 9.172000000000000000e+03 9.157000000000000000e+03 3.755900000000000000e+04 7.425800000000000000e+04 1.977102691764956566e+00
9.666000000000000000e+03 9.579000000000000000e+03 9.379000000000000000e+03 9.376000000000000000e+03 9.225000000000000000e+03 9.192000000000000000e+03 9.178000000000000000e+03 9.172000000000000000e+03 3.800000000000000000e+04 7.476700000000000000e+04 1.967552631578947331e+00
9.742000000000000000e+03 9.666000000000000000e+03 9.579000000000000000e+03 9.379000000000000000e+03 9.376000000000000000e+03 9.225000000000000000e+03 9.192000000000000000e+03 9.178000000000000000e+03 3.836600000000000000e+04 7.533700000000000000e+04 1.963639680967523393e+00
9.986000000000000000e+03 9.742000000000000000e+03 9.666000000000000000e+03 9.579000000000000000e+03 9.379000000000000000e+03 9.376000000000000000e+03 9.225000000000000000e+03 9.192000000000000000e+03 3.897300000000000000e+04 7.614500000000000000e+04 1.953788520257614181e+00
1.007200000000000000e+04 9.986000000000000000e+03 9.742000000000000000e+03 9.666000000000000000e+03 9.579000000000000000e+03 9.379000000000000000e+03 9.376000000000000000e+03 9.225000000000000000e+03 3.946600000000000000e+04 7.702500000000000000e+04 1.951679927025794292e+00
1.010200000000000000e+04 1.007200000000000000e+04 9.986000000000000000e+03 9.742000000000000000e+03 9.666000000000000000e+03 9.579000000000000000e+03 9.379000000000000000e+03 9.376000000000000000e+03 3.990200000000000000e+04 7.790200000000000000e+04 1.952333216380131242e+00
1.007600000000000000e+04 1.010200000000000000e+04 1.007200000000000000e+04 9.986000000000000000e+03 9.742000000000000000e+03 9.666000000000000000e+03 9.579000000000000000e+03 9.379000000000000000e+03 4.023600000000000000e+04 7.860200000000000000e+04 1.953524207177651961e+00
1.007600000000000000e+04 1.007600000000000000e+04 1.010200000000000000e+04 1.007200000000000000e+04 9.986000000000000000e+03 9.742000000000000000e+03 9.666000000000000000e+03 9.579000000000000000e+03 4.032600000000000000e+04 7.929900000000000000e+04 1.966448445171849357e+00
1.031500000000000000e+04 1.007600000000000000e+04 1.007600000000000000e+04 1.010200000000000000e+04 1.007200000000000000e+04 9.986000000000000000e+03 9.742000000000000000e+03 9.666000000000000000e+03 4.056900000000000000e+04 8.003500000000000000e+04 1.972811752816189701e+00
1.022100000000000000e+04 1.031500000000000000e+04 1.007600000000000000e+04 1.007600000000000000e+04 1.010200000000000000e+04 1.007200000000000000e+04 9.986000000000000000e+03 9.742000000000000000e+03 4.068800000000000000e+04 8.059000000000000000e+04 1.980682265041289858e+00
1.022400000000000000e+04 1.022100000000000000e+04 1.031500000000000000e+04 1.007600000000000000e+04 1.007600000000000000e+04 1.010200000000000000e+04 1.007200000000000000e+04 9.986000000000000000e+03 4.083600000000000000e+04 8.107200000000000000e+04 1.985307081986482425e+00
1.016000000000000000e+04 1.022400000000000000e+04 1.022100000000000000e+04 1.031500000000000000e+04 1.007600000000000000e+04 1.007600000000000000e+04 1.010200000000000000e+04 1.007200000000000000e+04 4.092000000000000000e+04 8.124600000000000000e+04 1.985483870967742037e+00
1.008500000000000000e+04 1.016000000000000000e+04 1.022400000000000000e+04 1.022100000000000000e+04 1.031500000000000000e+04 1.007600000000000000e+04 1.007600000000000000e+04 1.010200000000000000e+04 4.069000000000000000e+04 8.125900000000000000e+04 1.997026296387318656e+00
9.807000000000000000e+03 1.008500000000000000e+04 1.016000000000000000e+04 1.022400000000000000e+04 1.022100000000000000e+04 1.031500000000000000e+04 1.007600000000000000e+04 1.007600000000000000e+04 4.027600000000000000e+04 8.096400000000000000e+04 2.010229417022544318e+00
9.785000000000000000e+03 9.807000000000000000e+03 1.008500000000000000e+04 1.016000000000000000e+04 1.022400000000000000e+04 1.022100000000000000e+04 1.031500000000000000e+04 1.007600000000000000e+04 3.983700000000000000e+04 8.067300000000000000e+04 2.025077189547405787e+00
9.693000000000000000e+03 9.785000000000000000e+03 9.807000000000000000e+03 1.008500000000000000e+04 1.016000000000000000e+04 1.022400000000000000e+04 1.022100000000000000e+04 1.031500000000000000e+04 3.937000000000000000e+04 8.029000000000000000e+04 2.039370078740157410e+00
9.599000000000000000e+03 9.693000000000000000e+03 9.785000000000000000e+03 9.807000000000000000e+03 1.008500000000000000e+04 1.016000000000000000e+04 1.022400000000000000e+04 1.022100000000000000e+04 3.888400000000000000e+04 7.957400000000000000e+04 2.046445838905462278e+00
9.748000000000000000e+03 9.599000000000000000e+03 9.693000000000000000e+03 9.785000000000000000e+03 9.807000000000000000e+03 1.008500000000000000e+04 1.016000000000000000e+04 1.022400000000000000e+04 3.882500000000000000e+04 7.910100000000000000e+04 2.037372826786864266e+00
9.739000000000000000e+03 9.748000000000000000e+03 9.599000000000000000e+03 9.693000000000000000e+03 9.785000000000000000e+03 9.807000000000000000e+03 1.008500000000000000e+04 1.016000000000000000e+04 3.877900000000000000e+04 7.861600000000000000e+04 2.027282807705201417e+00
9.687000000000000000e+03 9.739000000000000000e+03 9.748000000000000000e+03 9.599000000000000000e+03 9.693000000000000000e+03 9.785000000000000000e+03 9.807000000000000000e+03 1.008500000000000000e+04 3.877300000000000000e+04 7.814300000000000000e+04 2.015397312562865917e+00
1.020700000000000000e+04 9.687000000000000000e+03 9.739000000000000000e+03 9.748000000000000000e+03 9.599000000000000000e+03 9.693000000000000000e+03 9.785000000000000000e+03 9.807000000000000000e+03 3.938100000000000000e+04 7.826500000000000000e+04 1.987379700870978372e+00
1.020000000000000000e+04 1.020700000000000000e+04 9.687000000000000000e+03 9.739000000000000000e+03 9.748000000000000000e+03 9.599000000000000000e+03 9.693000000000000000e+03 9.785000000000000000e+03 3.983300000000000000e+04 7.865800000000000000e+04 1.974694348906685493e+00
1.014500000000000000e+04 1.020000000000000000e+04 1.020700000000000000e+04 9.687000000000000000e+03 9.739000000000000000e+03 9.748000000000000000e+03 9.599000000000000000e+03 9.693000000000000000e+03 4.023900000000000000e+04 7.901800000000000000e+04 1.963716792166803282e+00
1.005400000000000000e+04 1.014500000000000000e+04 1.020000000000000000e+04 1.020700000000000000e+04 9.687000000000000000e+03 9.739000000000000000e+03 9.748000000000000000e+03 9.599000000000000000e+03 4.060600000000000000e+04 7.937900000000000000e+04 1.954858887849086235e+00
1.023500000000000000e+04 1.005400000000000000e+04 1.014500000000000000e+04 1.020000000000000000e+04 1.020700000000000000e+04 9.687000000000000000e+03 9.739000000000000000e+03 9.748000000000000000e+03 4.063400000000000000e+04 8.001500000000000000e+04 1.969163754491312757e+00
1.018700000000000000e+04 1.023500000000000000e+04 1.005400000000000000e+04 1.014500000000000000e+04 1.020000000000000000e+04 1.020700000000000000e+04 9.687000000000000000e+03 9.739000000000000000e+03 4.062100000000000000e+04 8.045400000000000000e+04 1.980601166884123909e+00
1.024300000000000000e+04 1.018700000000000000e+04 1.023500000000000000e+04 1.005400000000000000e+04 1.014500000000000000e+04 1.020000000000000000e+04 1.020700000000000000e+04 9.687000000000000000e+03 4.071900000000000000e+04 8.095800000000000000e+04 1.988211891254696884e+00
1.017100000000000000e+04 1.024300000000000000e+04 1.018700000000000000e+04 1.023500000000000000e+04 1.005400000000000000e+04 1.014500000000000000e+04 1.020000000000000000e+04 1.020700000000000000e+04 4.083600000000000000e+04 8.144200000000000000e+04 1.994367714761484889e+00
9.818000000000000000e+03 1.017100000000000000e+04 1.024300000000000000e+04 1.018700000000000000e+04 1.023500000000000000e+04 1.005400000000000000e+04 1.014500000000000000e+04 1.020000000000000000e+04 4.041900000000000000e+04 8.105300000000000000e+04 2.005319280536381310e+00
9.835000000000000000e+03 9.818000000000000000e+03 1.017100000000000000e+04 1.024300000000000000e+04 1.018700000000000000e+04 1.023500000000000000e+04 1.005400000000000000e+04 1.014500000000000000e+04 4.006700000000000000e+04 8.068800000000000000e+04 2.013826840042928001e+00
9.833000000000000000e+03 9.835000000000000000e+03 9.818000000000000000e+03 1.017100000000000000e+04 1.024300000000000000e+04 1.018700000000000000e+04 1.023500000000000000e+04 1.005400000000000000e+04 3.965700000000000000e+04 8.037600000000000000e+04 2.026779635373326283e+00
9.865000000000000000e+03 9.833000000000000000e+03 9.835000000000000000e+03 9.818000000000000000e+03 1.017100000000000000e+04 1.024300000000000000e+04 1.018700000000000000e+04 1.023500000000000000e+04 3.935100000000000000e+04 8.018700000000000000e+04 2.037737287489517435e+00
1.004900000000000000e+04 9.865000000000000000e+03 9.833000000000000000e+03 9.835000000000000000e+03 9.818000000000000000e+03 1.017100000000000000e+04 1.024300000000000000e+04 1.018700000000000000e+04 3.958200000000000000e+04 8.000100000000000000e+04 2.021145975443383147e+00
1.011700000000000000e+04 1.004900000000000000e+04 9.865000000000000000e+03 9.833000000000000000e+03 9.835000000000000000e+03 9.818000000000000000e+03 1.017100000000000000e+04 1.024300000000000000e+04 3.986400000000000000e+04 7.993100000000000000e+04 2.005092313867148146e+00
1.027400000000000000e+04 1.011700000000000000e+04 1.004900000000000000e+04 9.865000000000000000e+03 9.833000000000000000e+03 9.835000000000000000e+03 9.818000000000000000e+03 1.017100000000000000e+04 4.030500000000000000e+04 7.996200000000000000e+04 1.983922590249348694e+00
1.042700000000000000e+04 1.027400000000000000e+04 1.011700000000000000e+04 1.004900000000000000e+04 9.865000000000000000e+03 9.833000000000000000e+03 9.835000000000000000e+03 9.818000000000000000e+03 4.086700000000000000e+04 8.021800000000000000e+04 1.962904054616193994e+00
1.156900000000000000e+04 1.042700000000000000e+04 1.027400000000000000e+04 1.011700000000000000e+04 1.004900000000000000e+04 9.865000000000000000e+03 9.833000000000000000e+03 9.835000000000000000e+03 4.238700000000000000e+04 8.196900000000000000e+04 1.933824049826597724e+00
1.156700000000000000e+04 1.156900000000000000e+04 1.042700000000000000e+04 1.027400000000000000e+04 1.011700000000000000e+04 1.004900000000000000e+04 9.865000000000000000e+03 9.833000000000000000e+03 4.383700000000000000e+04 8.370100000000000000e+04 1.909368798047311522e+00
1.191900000000000000e+04 1.156700000000000000e+04 1.156900000000000000e+04 1.042700000000000000e+04 1.027400000000000000e+04 1.011700000000000000e+04 1.004900000000000000e+04 9.865000000000000000e+03 4.548200000000000000e+04 8.578700000000000000e+04 1.886174750450727799e+00
1.205300000000000000e+04 1.191900000000000000e+04 1.156700000000000000e+04 1.156900000000000000e+04 1.042700000000000000e+04 1.027400000000000000e+04 1.011700000000000000e+04 1.004900000000000000e+04 4.710800000000000000e+04 8.797500000000000000e+04 1.867517194531714386e+00
1.214300000000000000e+04 1.205300000000000000e+04 1.191900000000000000e+04 1.156700000000000000e+04 1.156900000000000000e+04 1.042700000000000000e+04 1.027400000000000000e+04 1.011700000000000000e+04 4.768200000000000000e+04 9.006900000000000000e+04 1.888951805712847598e+00
1.197900000000000000e+04 1.214300000000000000e+04 1.205300000000000000e+04 1.191900000000000000e+04 1.156700000000000000e+04 1.156900000000000000e+04 1.042700000000000000e+04 1.027400000000000000e+04 4.809400000000000000e+04 9.193100000000000000e+04 1.911485840229550481e+00
1.224800000000000000e+04 1.197900000000000000e+04 1.214300000000000000e+04 1.205300000000000000e+04 1.191900000000000000e+04 1.156700000000000000e+04 1.156900000000000000e+04 1.042700000000000000e+04 4.842300000000000000e+04 9.390500000000000000e+04 1.939264399149164708e+00
-1.000000000000000000e+08 1.224800000000000000e+04 1.197900000000000000e+04 1.214300000000000000e+04 1.205300000000000000e+04 1.191900000000000000e+04 1.156700000000000000e+04 1.156900000000000000e+04 -9.996363000000000000e+07 -9.991652200000000000e+07 9.995287486058679338e-01
