6.930459999999999127e+04 6.697913333333334594e+04 6.496736666666666133e+04 6.269903333333333285e+04 6.094816666666666424e+04 5.730136666666666861e+04 5.389790000000000146e+04 5.153286666666666861e+04 2.639501333333333605e+05 4.876304333333333489e+05 1.847433934490656293e+00
6.971693333333333430e+04 6.930459999999999127e+04 6.697913333333334594e+04 6.496736666666666133e+04 6.269903333333333285e+04 6.094816666666666424e+04 5.730136666666666861e+04 5.389790000000000146e+04 2.709680333333333256e+05 5.058145000000000000e+05 1.866694361610428565e+00
7.062823333333333721e+04 6.971693333333333430e+04 6.930459999999999127e+04 6.697913333333334594e+04 6.496736666666666133e+04 6.269903333333333285e+04 6.094816666666666424e+04 5.730136666666666861e+04 2.766289000000000233e+05 5.225448333333333721e+05 1.888974121407175133e+00
7.192553333333334012e+04 7.062823333333333721e+04 6.971693333333333430e+04 6.930459999999999127e+04 6.697913333333334594e+04 6.496736666666666133e+04 6.269903333333333285e+04 6.094816666666666424e+04 2.815752999999999884e+05 5.371690000000000000e+05 1.907727701968176870e+00
7.314133333333332848e+04 7.192553333333334012e+04 7.062823333333333721e+04 6.971693333333333430e+04 6.930459999999999127e+04 6.697913333333334594e+04 6.496736666666666133e+04 6.269903333333333285e+04 2.854120333333333256e+05 5.493621666666667443e+05 1.924803801194554076e+00
7.297696666666665988e+04 7.314133333333332848e+04 7.192553333333334012e+04 7.062823333333333721e+04 6.971693333333333430e+04 6.930459999999999127e+04 6.697913333333334594e+04 6.496736666666666133e+04 2.886720666666666511e+05 5.596400999999999767e+05 1.938670777752194541e+00
7.409926666666666279e+04 7.297696666666665988e+04 7.314133333333332848e+04 7.192553333333334012e+04 7.062823333333333721e+04 6.971693333333333430e+04 6.930459999999999127e+04 6.697913333333334594e+04 2.921430999999999767e+05 5.687720000000000000e+05 1.946895203070002411e+00
7.367423333333333721e+04 7.409926666666666279e+04 7.297696666666665988e+04 7.314133333333332848e+04 7.192553333333334012e+04 7.062823333333333721e+04 6.971693333333333430e+04 6.930459999999999127e+04 2.938917999999999884e+05 5.754670999999999767e+05 1.958091719469546188e+00
7.297893333333333430e+04 7.367423333333333721e+04 7.409926666666666279e+04 7.297696666666665988e+04 7.314133333333332848e+04 7.192553333333334012e+04 7.062823333333333721e+04 6.971693333333333430e+04 2.937294000000000233e+05 5.791414333333333489e+05 1.971683574519041304e+00
7.176746666666665988e+04 7.297893333333333430e+04 7.367423333333333721e+04 7.409926666666666279e+04 7.297696666666665988e+04 7.314133333333332848e+04 7.192553333333334012e+04 7.062823333333333721e+04 2.925199000000000233e+05 5.811919666666666744e+05 1.986845909172902935e+00
7.217133333333332848e+04 7.176746666666665988e+04 7.297893333333333430e+04 7.367423333333333721e+04 7.409926666666666279e+04 7.297696666666665988e+04 7.314133333333332848e+04 7.192553333333334012e+04 2.905919666666666744e+05 5.827350666666666511e+05 2.005337839690223056e+00
7.331500000000000000e+04 7.217133333333332848e+04 7.176746666666665988e+04 7.297893333333333430e+04 7.367423333333333721e+04 7.409926666666666279e+04 7.297696666666665988e+04 7.314133333333332848e+04 2.902327333333333372e+05 5.841245333333333256e+05 2.012607353500902807e+00
7.452986666666666861e+04 7.331500000000000000e+04 7.217133333333332848e+04 7.176746666666665988e+04 7.297893333333333430e+04 7.367423333333333721e+04 7.409926666666666279e+04 7.297696666666665988e+04 2.917836666666666861e+05 5.855130666666666511e+05 2.006668410728952967e+00
7.454013333333334594e+04 7.452986666666666861e+04 7.331500000000000000e+04 7.217133333333332848e+04 7.176746666666665988e+04 7.297893333333333430e+04 7.367423333333333721e+04 7.409926666666666279e+04 2.945563333333333139e+05 5.870762333333333954e+05 1.993086438474134914e+00
7.559876666666666279e+04 7.454013333333334594e+04 7.452986666666666861e+04 7.331500000000000000e+04 7.217133333333332848e+04 7.176746666666665988e+04 7.297893333333333430e+04 7.367423333333333721e+04 2.979837666666667210e+05 5.885757333333333954e+05 1.975193950721924052e+00
7.755213333333331684e+04 7.559876666666666279e+04 7.454013333333334594e+04 7.452986666666666861e+04 7.331500000000000000e+04 7.217133333333332848e+04 7.176746666666665988e+04 7.297893333333333430e+04 3.022209000000000233e+05 5.924536333333333023e+05 1.960333098516129358e+00
7.853146666666667443e+04 7.755213333333331684e+04 7.559876666666666279e+04 7.454013333333334594e+04 7.452986666666666861e+04 7.331500000000000000e+04 7.217133333333332848e+04 7.176746666666665988e+04 3.062225000000000000e+05 5.980061666666667443e+05 1.952848555108350093e+00
7.882313333333334594e+04 7.853146666666667443e+04 7.755213333333331684e+04 7.559876666666666279e+04 7.454013333333334594e+04 7.452986666666666861e+04 7.331500000000000000e+04 7.217133333333332848e+04 3.105055000000000000e+05 6.050618333333332557e+05 1.948634833628819063e+00
7.913430000000000291e+04 7.882313333333334594e+04 7.853146666666667443e+04 7.755213333333331684e+04 7.559876666666666279e+04 7.454013333333334594e+04 7.452986666666666861e+04 7.331500000000000000e+04 3.140410333333333256e+05 6.120248000000000466e+05 1.948868889851018693e+00
8.041900000000000000e+04 7.913430000000000291e+04 7.882313333333334594e+04 7.853146666666667443e+04 7.755213333333331684e+04 7.559876666666666279e+04 7.454013333333334594e+04 7.452986666666666861e+04 3.169079000000000233e+05 6.191288000000000466e+05 1.953655304900887568e+00
8.362519999999999709e+04 8.041900000000000000e+04 7.913430000000000291e+04 7.882313333333334594e+04 7.853146666666667443e+04 7.755213333333331684e+04 7.559876666666666279e+04 7.454013333333334594e+04 3.220016333333333605e+05 6.282241333333333023e+05 1.950996728898579891e+00
8.560933333333332848e+04 8.362519999999999709e+04 8.041900000000000000e+04 7.913430000000000291e+04 7.882313333333334594e+04 7.853146666666667443e+04 7.755213333333331684e+04 7.559876666666666279e+04 3.287878333333333139e+05 6.392933333333332557e+05 1.944394738856415339e+00
8.988483333333332848e+04 8.560933333333332848e+04 8.362519999999999709e+04 8.041900000000000000e+04 7.913430000000000291e+04 7.882313333333334594e+04 7.853146666666667443e+04 7.755213333333331684e+04 3.395383666666666395e+05 6.535793999999999069e+05 1.924905884470002437e+00
9.463026666666666279e+04 8.988483333333332848e+04 8.560933333333332848e+04 8.362519999999999709e+04 8.041900000000000000e+04 7.913430000000000291e+04 7.882313333333334594e+04 7.853146666666667443e+04 3.537496333333333023e+05 6.706575333333333256e+05 1.895853649412498898e+00
9.743800000000000000e+04 9.463026666666666279e+04 8.988483333333332848e+04 8.560933333333332848e+04 8.362519999999999709e+04 8.041900000000000000e+04 7.913430000000000291e+04 7.882313333333334594e+04 3.675624333333332906e+05 6.895640666666666511e+05 1.876046092124213471e+00
9.773246666666667443e+04 9.743800000000000000e+04 9.463026666666666279e+04 8.988483333333332848e+04 8.560933333333332848e+04 8.362519999999999709e+04 8.041900000000000000e+04 7.913430000000000291e+04 3.796855666666666511e+05 7.084733999999999069e+05 1.865947674071009699e+00
9.722453333333332557e+04 9.773246666666667443e+04 9.743800000000000000e+04 9.463026666666666279e+04 8.988483333333332848e+04 8.560933333333332848e+04 8.362519999999999709e+04 8.041900000000000000e+04 3.870252666666666628e+05 7.265636333333333023e+05 1.877302842760136592e+00
9.748950000000000000e+04 9.722453333333332557e+04 9.773246666666667443e+04 9.743800000000000000e+04 9.463026666666666279e+04 8.988483333333332848e+04 8.560933333333332848e+04 8.362519999999999709e+04 3.898845000000000000e+05 7.436341333333333023e+05 1.907319047906067766e+00
9.698623333333332266e+04 9.748950000000000000e+04 9.722453333333332557e+04 9.773246666666667443e+04 9.743800000000000000e+04 9.463026666666666279e+04 8.988483333333332848e+04 8.560933333333332848e+04 3.894327333333333372e+05 7.569951666666666279e+05 1.943840622197312129e+00
9.552950000000000000e+04 9.698623333333332266e+04 9.748950000000000000e+04 9.722453333333332557e+04 9.773246666666667443e+04 9.743800000000000000e+04 9.463026666666666279e+04 8.988483333333332848e+04 3.872297666666666628e+05 7.669153333333332557e+05 1.980517510146645677e+00
9.685593333333333430e+04 9.552950000000000000e+04 9.698623333333332266e+04 9.748950000000000000e+04 9.722453333333332557e+04 9.773246666666667443e+04 9.743800000000000000e+04 9.463026666666666279e+04 3.868611666666666861e+05 7.738864333333333489e+05 2.000424183180270710e+00
9.709536666666665406e+04 9.685593333333333430e+04 9.552950000000000000e+04 9.698623333333332266e+04 9.748950000000000000e+04 9.722453333333332557e+04 9.773246666666667443e+04 9.743800000000000000e+04 3.864670333333333256e+05 7.763515333333333256e+05 2.008842841360078069e+00
9.976430000000000291e+04 9.709536666666665406e+04 9.685593333333333430e+04 9.552950000000000000e+04 9.698623333333332266e+04 9.748950000000000000e+04 9.722453333333332557e+04 9.773246666666667443e+04 3.892450999999999767e+05 7.786778333333332557e+05 2.000482044175593277e+00
1.052916000000000204e+05 9.976430000000000291e+04 9.709536666666665406e+04 9.685593333333333430e+04 9.552950000000000000e+04 9.698623333333332266e+04 9.748950000000000000e+04 9.722453333333332557e+04 3.990072000000000116e+05 7.862369666666666744e+05 1.970483155859509949e+00
1.122049333333333489e+05 1.052916000000000204e+05 9.976430000000000291e+04 9.709536666666665406e+04 9.685593333333333430e+04 9.552950000000000000e+04 9.698623333333332266e+04 9.748950000000000000e+04 4.143562000000000116e+05 8.012173666666666977e+05 1.933643967838942990e+00
1.198559000000000087e+05 1.122049333333333489e+05 1.052916000000000204e+05 9.976430000000000291e+04 9.709536666666665406e+04 9.685593333333333430e+04 9.552950000000000000e+04 9.698623333333332266e+04 4.371167333333333954e+05 8.235837666666667210e+05 1.884127748636481581e+00
1.257749333333333489e+05 1.198559000000000087e+05 1.122049333333333489e+05 1.052916000000000204e+05 9.976430000000000291e+04 9.709536666666665406e+04 9.685593333333333430e+04 9.552950000000000000e+04 4.631273666666667559e+05 8.523724666666667908e+05 1.840470954678342208e+00
1.288510333333333256e+05 1.257749333333333489e+05 1.198559000000000087e+05 1.122049333333333489e+05 1.052916000000000204e+05 9.976430000000000291e+04 9.709536666666665406e+04 9.685593333333333430e+04 4.866868000000000466e+05 8.856940000000000000e+05 1.819843891389698598e+00
1.339283666666666686e+05 1.288510333333333256e+05 1.257749333333333489e+05 1.198559000000000087e+05 1.122049333333333489e+05 1.052916000000000204e+05 9.976430000000000291e+04 9.709536666666665406e+04 5.084102333333333954e+05 9.227664333333333489e+05 1.815003658135126541e+00
1.405163666666666686e+05 1.339283666666666686e+05 1.288510333333333256e+05 1.257749333333333489e+05 1.198559000000000087e+05 1.122049333333333489e+05 1.052916000000000204e+05 9.976430000000000291e+04 5.290706999999999534e+05 9.661874333333333489e+05 1.826197204519799389e+00
1.506950000000000000e+05 1.405163666666666686e+05 1.339283666666666686e+05 1.288510333333333256e+05 1.257749333333333489e+05 1.198559000000000087e+05 1.122049333333333489e+05 1.052916000000000204e+05 5.539907666666667210e+05 1.017118133333333535e+06 1.835983908997761427e+00
1.598307666666666919e+05 1.506950000000000000e+05 1.405163666666666686e+05 1.339283666666666686e+05 1.288510333333333256e+05 1.257749333333333489e+05 1.198559000000000087e+05 1.122049333333333489e+05 5.849705000000001164e+05 1.071657300000000279e+06 1.831985202672613555e+00
1.767487333333333081e+05 1.598307666666666919e+05 1.506950000000000000e+05 1.405163666666666686e+05 1.339283666666666686e+05 1.288510333333333256e+05 1.257749333333333489e+05 1.198559000000000087e+05 6.277908666666666977e+05 1.136201100000000093e+06 1.809840124041307563e+00
1.942563999999999942e+05 1.767487333333333081e+05 1.598307666666666919e+05 1.506950000000000000e+05 1.405163666666666686e+05 1.339283666666666686e+05 1.288510333333333256e+05 1.257749333333333489e+05 6.815309000000000233e+05 1.210601600000000093e+06 1.776297450343043982e+00
2.083507666666666337e+05 1.942563999999999942e+05 1.767487333333333081e+05 1.598307666666666919e+05 1.506950000000000000e+05 1.405163666666666686e+05 1.339283666666666686e+05 1.288510333333333256e+05 7.391866666666666279e+05 1.293177433333333349e+06 1.749459901874132139e+00
2.213416999999999825e+05 2.083507666666666337e+05 1.942563999999999942e+05 1.767487333333333081e+05 1.598307666666666919e+05 1.506950000000000000e+05 1.405163666666666686e+05 1.339283666666666686e+05 8.006975999999998603e+05 1.385668100000000093e+06 1.730576062673349291e+00
2.369773333333333430e+05 2.213416999999999825e+05 2.083507666666666337e+05 1.942563999999999942e+05 1.767487333333333081e+05 1.598307666666666919e+05 1.506950000000000000e+05 1.405163666666666686e+05 8.609261999999999534e+05 1.488717066666666651e+06 1.729204044047755406e+00
2.526927333333333663e+05 2.369773333333333430e+05 2.213416999999999825e+05 2.083507666666666337e+05 1.942563999999999942e+05 1.767487333333333081e+05 1.598307666666666919e+05 1.506950000000000000e+05 9.193625333333333256e+05 1.600893433333333349e+06 1.741308107835298769e+00
2.717396000000000349e+05 2.526927333333333663e+05 2.369773333333333430e+05 2.213416999999999825e+05 2.083507666666666337e+05 1.942563999999999942e+05 1.767487333333333081e+05 1.598307666666666919e+05 9.827513666666666977e+05 1.721938033333333209e+06 1.752160405712655411e+00
2.961180999999999767e+05 2.717396000000000349e+05 2.526927333333333663e+05 2.369773333333333430e+05 2.213416999999999825e+05 2.083507666666666337e+05 1.942563999999999942e+05 1.767487333333333081e+05 1.057527766666666605e+06 1.858225366666666465e+06 1.757140970892710596e+00
3.257485000000000000e+05 2.961180999999999767e+05 2.717396000000000349e+05 2.526927333333333663e+05 2.369773333333333430e+05 2.213416999999999825e+05 2.083507666666666337e+05 1.942563999999999942e+05 1.146298933333333349e+06 2.007225133333333302e+06 1.751048592094999634e+00
3.571461333333333023e+05 3.257485000000000000e+05 2.961180999999999767e+05 2.717396000000000349e+05 2.526927333333333663e+05 2.369773333333333430e+05 2.213416999999999825e+05 2.083507666666666337e+05 1.250752333333333256e+06 2.170114866666666698e+06 1.735047626002163668e+00
3.895376333333333023e+05 3.571461333333333023e+05 3.257485000000000000e+05 2.961180999999999767e+05 2.717396000000000349e+05 2.526927333333333663e+05 2.369773333333333430e+05 2.213416999999999825e+05 1.368550366666666698e+06 2.351301733333333395e+06 1.718096601048247907e+00
4.073020333333333838e+05 3.895376333333333023e+05 3.571461333333333023e+05 3.257485000000000000e+05 2.961180999999999767e+05 2.717396000000000349e+05 2.526927333333333663e+05 2.369773333333333430e+05 1.479734300000000047e+06 2.537262066666666418e+06 1.714674091603246797e+00
4.250916333333333023e+05 4.073020333333333838e+05 3.895376333333333023e+05 3.571461333333333023e+05 3.257485000000000000e+05 2.961180999999999767e+05 2.717396000000000349e+05 2.526927333333333663e+05 1.579077433333333349e+06 2.725376366666666698e+06 1.725929526403001235e+00
4.402313666666666977e+05 4.250916333333333023e+05 4.073020333333333838e+05 3.895376333333333023e+05 3.571461333333333023e+05 3.257485000000000000e+05 2.961180999999999767e+05 2.717396000000000349e+05 1.662162666666666744e+06 2.912915000000000000e+06 1.752484915234930885e+00
4.433155999999999185e+05 4.402313666666666977e+05 4.250916333333333023e+05 4.073020333333333838e+05 3.895376333333333023e+05 3.571461333333333023e+05 3.257485000000000000e+05 2.961180999999999767e+05 1.715940633333333302e+06 3.084491000000000000e+06 1.797551115744699723e+00
4.446530333333333838e+05 4.433155999999999185e+05 4.402313666666666977e+05 4.250916333333333023e+05 4.073020333333333838e+05 3.895376333333333023e+05 3.571461333333333023e+05 3.257485000000000000e+05 1.753291633333333302e+06 3.233025933333333582e+06 1.843974996439554204e+00
4.468870000000000000e+05 4.446530333333333838e+05 4.433155999999999185e+05 4.402313666666666977e+05 4.250916333333333023e+05 4.073020333333333838e+05 3.895376333333333023e+05 3.571461333333333023e+05 1.775087000000000000e+06 3.354164433333333582e+06 1.889577487375736276e+00
4.498461000000000349e+05 4.468870000000000000e+05 4.446530333333333838e+05 4.433155999999999185e+05 4.402313666666666977e+05 4.250916333333333023e+05 4.073020333333333838e+05 3.895376333333333023e+05 1.784701733333333395e+06 3.446864400000000373e+06 1.931339189973331205e+00
4.669234333333333489e+05 4.498461000000000349e+05 4.468870000000000000e+05 4.446530333333333838e+05 4.433155999999999185e+05 4.402313666666666977e+05 4.250916333333333023e+05 4.073020333333333838e+05 1.808309566666666884e+06 3.524250200000000186e+06 1.948919734189317410e+00
4.658891666666666861e+05 4.669234333333333489e+05 4.498461000000000349e+05 4.468870000000000000e+05 4.446530333333333838e+05 4.433155999999999185e+05 4.402313666666666977e+05 4.250916333333333023e+05 1.829545700000000186e+06 3.582837333333333489e+06 1.958320764183880902e+00
4.578260666666666511e+05 4.658891666666666861e+05 4.669234333333333489e+05 4.498461000000000349e+05 4.468870000000000000e+05 4.446530333333333838e+05 4.433155999999999185e+05 4.402313666666666977e+05 1.840484766666666837e+06 3.615571766666666605e+06 1.964467097011017405e+00
4.662984666666666162e+05 4.578260666666666511e+05 4.658891666666666861e+05 4.669234333333333489e+05 4.498461000000000349e+05 4.468870000000000000e+05 4.446530333333333838e+05 4.433155999999999185e+05 1.856937133333333302e+06 3.641638866666666698e+06 1.961099706229509021e+00
4.803075333333333838e+05 4.662984666666666162e+05 4.578260666666666511e+05 4.658891666666666861e+05 4.669234333333333489e+05 4.498461000000000349e+05 4.468870000000000000e+05 4.446530333333333838e+05 1.870321233333333395e+06 3.678630800000000279e+06 1.966844376483847245e+00
4.913923999999999651e+05 4.803075333333333838e+05 4.662984666666666162e+05 4.578260666666666511e+05 4.658891666666666861e+05 4.669234333333333489e+05 4.498461000000000349e+05 4.468870000000000000e+05 1.895824466666666558e+06 3.725370166666666977e+06 1.965039607921507114e+00
5.064867666666666628e+05 4.913923999999999651e+05 4.803075333333333838e+05 4.662984666666666162e+05 4.578260666666666511e+05 4.658891666666666861e+05 4.669234333333333489e+05 4.498461000000000349e+05 1.944485166666666511e+06 3.784969933333333582e+06 1.946515200124523393e+00
5.278043333333333721e+05 5.064867666666666628e+05 4.913923999999999651e+05 4.803075333333333838e+05 4.662984666666666162e+05 4.578260666666666511e+05 4.658891666666666861e+05 4.669234333333333489e+05 2.005991033333333442e+06 3.862928166666666977e+06 1.925695629978804613e+00
5.835080000000000000e+05 5.278043333333333721e+05 5.064867666666666628e+05 4.913923999999999651e+05 4.803075333333333838e+05 4.662984666666666162e+05 4.578260666666666511e+05 4.658891666666666861e+05 2.109191500000000000e+06 3.979512733333333395e+06 1.886747947416502091e+00
5.954327999999999302e+05 5.835080000000000000e+05 5.278043333333333721e+05 5.064867666666666628e+05 4.913923999999999651e+05 4.803075333333333838e+05 4.662984666666666162e+05 4.578260666666666511e+05 2.213231899999999907e+06 4.109056366666666232e+06 1.856586454707555234e+00
6.065548666666666977e+05 5.954327999999999302e+05 5.835080000000000000e+05 5.278043333333333721e+05 5.064867666666666628e+05 4.913923999999999651e+05 4.803075333333333838e+05 4.662984666666666162e+05 2.313300000000000000e+06 4.257785166666666046e+06 1.840567659476361140e+00
6.052672666666667210e+05 6.065548666666666977e+05 5.954327999999999302e+05 5.835080000000000000e+05 5.278043333333333721e+05 5.064867666666666628e+05 4.913923999999999651e+05 4.803075333333333838e+05 2.390762933333333116e+06 4.396753966666666791e+06 1.839058948658063075e+00
6.043065999999999767e+05 6.052672666666667210e+05 6.065548666666666977e+05 5.954327999999999302e+05 5.835080000000000000e+05 5.278043333333333721e+05 5.064867666666666628e+05 4.913923999999999651e+05 2.411561533333333209e+06 4.520753033333333209e+06 1.874616496757854467e+00
5.993213666666665813e+05 6.043065999999999767e+05 6.052672666666667210e+05 6.065548666666666977e+05 5.954327999999999302e+05 5.835080000000000000e+05 5.278043333333333721e+05 5.064867666666666628e+05 2.415450100000000093e+06 4.628682000000000000e+06 1.916281358906979593e+00
5.985835000000000000e+05 5.993213666666665813e+05 6.043065999999999767e+05 6.052672666666667210e+05 6.065548666666666977e+05 5.954327999999999302e+05 5.835080000000000000e+05 5.278043333333333721e+05 2.407478733333333395e+06 4.720778733333333395e+06 1.960880762089667106e+00
5.939786999999999534e+05 5.985835000000000000e+05 5.993213666666665813e+05 6.043065999999999767e+05 6.052672666666667210e+05 6.065548666666666977e+05 5.954327999999999302e+05 5.835080000000000000e+05 2.396190166666666511e+06 4.786953099999999627e+06 1.997735057338590359e+00
5.859559333333332324e+05 5.939786999999999534e+05 5.985835000000000000e+05 5.993213666666665813e+05 6.043065999999999767e+05 6.052672666666667210e+05 6.065548666666666977e+05 5.954327999999999302e+05 2.377839500000000000e+06 4.789401033333333209e+06 2.014181795421151389e+00
5.744899333333332324e+05 5.859559333333332324e+05 5.939786999999999534e+05 5.985835000000000000e+05 5.993213666666665813e+05 6.043065999999999767e+05 6.052672666666667210e+05 6.065548666666666977e+05 2.353008066666666418e+06 4.768458166666666046e+06 2.026537109760864652e+00
5.654280999999999767e+05 5.744899333333332324e+05 5.859559333333332324e+05 5.939786999999999534e+05 5.985835000000000000e+05 5.993213666666665813e+05 6.043065999999999767e+05 6.052672666666667210e+05 2.319852666666666046e+06 4.727331399999999441e+06 2.037772255077118899e+00
5.580415333333333256e+05 5.654280999999999767e+05 5.744899333333332324e+05 5.859559333333332324e+05 5.939786999999999534e+05 5.985835000000000000e+05 5.993213666666665813e+05 6.043065999999999767e+05 2.283915499999999534e+06 4.680105666666666046e+06 2.049158853147880155e+00
5.517312333333332790e+05 5.580415333333333256e+05 5.654280999999999767e+05 5.744899333333332324e+05 5.859559333333332324e+05 5.939786999999999534e+05 5.985835000000000000e+05 5.993213666666665813e+05 2.249690799999999814e+06 4.627530299999999814e+06 2.056962805733125510e+00
5.491010000000000000e+05 5.517312333333332790e+05 5.580415333333333256e+05 5.654280999999999767e+05 5.744899333333332324e+05 5.859559333333332324e+05 5.939786999999999534e+05 5.985835000000000000e+05 2.224301866666666698e+06 4.577309933333333582e+06 2.057863638892179381e+00
5.413354333333334653e+05 5.491010000000000000e+05 5.517312333333332790e+05 5.580415333333333256e+05 5.654280999999999767e+05 5.744899333333332324e+05 5.859559333333332324e+05 5.939786999999999534e+05 2.200209200000000186e+06 4.520061866666666232e+06 2.054378223064727393e+00
5.308377666666667210e+05 5.413354333333334653e+05 5.491010000000000000e+05 5.517312333333332790e+05 5.580415333333333256e+05 5.654280999999999767e+05 5.744899333333332324e+05 5.859559333333332324e+05 2.173005433333333582e+06 4.456920933333333582e+06 2.051039939875591411e+00
5.192244666666667326e+05 5.308377666666667210e+05 5.413354333333334653e+05 5.491010000000000000e+05 5.517312333333332790e+05 5.580415333333333256e+05 5.654280999999999767e+05 5.744899333333332324e+05 2.140498666666666977e+06 4.390189466666666791e+06 2.051012474351770809e+00
5.079868999999999651e+05 5.192244666666667326e+05 5.308377666666667210e+05 5.413354333333334653e+05 5.491010000000000000e+05 5.517312333333332790e+05 5.580415333333333256e+05 5.654280999999999767e+05 2.099384566666666884e+06 4.323686433333333582e+06 2.059501866396178826e+00
4.939725333333333838e+05 5.079868999999999651e+05 5.192244666666667326e+05 5.308377666666667210e+05 5.413354333333334653e+05 5.491010000000000000e+05 5.517312333333332790e+05 5.580415333333333256e+05 2.052021666666666977e+06 4.252230866666667163e+06 2.072215384340483801e+00
4.848798666666666977e+05 4.939725333333333838e+05 5.079868999999999651e+05 5.192244666666667326e+05 5.308377666666667210e+05 5.413354333333334653e+05 5.491010000000000000e+05 5.517312333333332790e+05 2.006063766666666837e+06 4.179069200000000186e+06 2.083218524475950240e+00
4.761585666666667094e+05 4.848798666666666977e+05 4.939725333333333838e+05 5.079868999999999651e+05 5.192244666666667326e+05 5.308377666666667210e+05 5.413354333333334653e+05 5.491010000000000000e+05 1.962997866666666698e+06 4.103496533333333675e+06 2.090423328019918703e+00
4.684357333333333954e+05 4.761585666666667094e+05 4.848798666666666977e+05 4.939725333333333838e+05 5.079868999999999651e+05 5.192244666666667326e+05 5.308377666666667210e+05 5.413354333333334653e+05 1.923446700000000186e+06 4.022831266666667070e+06 2.091470102429491273e+00
4.652391666666666861e+05 4.684357333333333954e+05 4.761585666666667094e+05 4.848798666666666977e+05 4.939725333333333838e+05 5.079868999999999651e+05 5.192244666666667326e+05 5.308377666666667210e+05 1.894713333333333489e+06 3.946735000000000466e+06 2.083024872716013220e+00
4.610196666666666861e+05 4.652391666666666861e+05 4.684357333333333954e+05 4.761585666666667094e+05 4.848798666666666977e+05 4.939725333333333838e+05 5.079868999999999651e+05 5.192244666666667326e+05 1.870853133333333535e+06 3.876916900000000373e+06 2.072272179426733363e+00
4.583051333333333023e+05 4.610196666666666861e+05 4.652391666666666861e+05 4.684357333333333954e+05 4.761585666666667094e+05 4.848798666666666977e+05 4.939725333333333838e+05 5.079868999999999651e+05 1.852999700000000186e+06 3.815997566666666884e+06 2.059362215043351707e+00
4.532137333333333954e+05 4.583051333333333023e+05 4.610196666666666861e+05 4.652391666666666861e+05 4.684357333333333954e+05 4.761585666666667094e+05 4.848798666666666977e+05 4.939725333333333838e+05 1.837777700000000186e+06 3.761224400000000373e+06 2.046615540062326488e+00
4.475431666666666861e+05 4.532137333333333954e+05 4.583051333333333023e+05 4.610196666666666861e+05 4.652391666666666861e+05 4.684357333333333954e+05 4.761585666666667094e+05 4.848798666666666977e+05 1.820081700000000186e+06 3.714795033333333675e+06 2.041004551242580511e+00
4.405715666666666511e+05 4.475431666666666861e+05 4.532137333333333954e+05 4.583051333333333023e+05 4.610196666666666861e+05 4.652391666666666861e+05 4.684357333333333954e+05 4.761585666666667094e+05 1.799633600000000093e+06 3.670486733333333395e+06 2.039574463009210969e+00
4.364006333333333023e+05 4.405715666666666511e+05 4.475431666666666861e+05 4.532137333333333954e+05 4.583051333333333023e+05 4.610196666666666861e+05 4.652391666666666861e+05 4.684357333333333954e+05 1.777729100000000093e+06 3.630728800000000279e+06 2.042340871845997441e+00
4.306036000000000349e+05 4.364006333333333023e+05 4.405715666666666511e+05 4.475431666666666861e+05 4.532137333333333954e+05 4.583051333333333023e+05 4.610196666666666861e+05 4.652391666666666861e+05 1.755118966666666791e+06 3.592896666666666977e+06 2.047095800856348458e+00
4.239744333333333489e+05 4.306036000000000349e+05 4.364006333333333023e+05 4.405715666666666511e+05 4.475431666666666861e+05 4.532137333333333954e+05 4.583051333333333023e+05 4.610196666666666861e+05 1.731550233333333395e+06 3.551631933333333582e+06 2.051128442572664135e+00
4.174365000000000000e+05 4.239744333333333489e+05 4.306036000000000349e+05 4.364006333333333023e+05 4.405715666666666511e+05 4.475431666666666861e+05 4.532137333333333954e+05 4.583051333333333023e+05 1.708415166666666744e+06 3.508048766666666605e+06 2.053393598413968402e+00
4.093007999999999884e+05 4.174365000000000000e+05 4.239744333333333489e+05 4.306036000000000349e+05 4.364006333333333023e+05 4.405715666666666511e+05 4.475431666666666861e+05 4.532137333333333954e+05 1.681315333333333489e+06 3.459044433333333582e+06 2.057344249918615198e+00
3.998805666666667094e+05 4.093007999999999884e+05 4.174365000000000000e+05 4.239744333333333489e+05 4.306036000000000349e+05 4.364006333333333023e+05 4.405715666666666511e+05 4.475431666666666861e+05 1.650592300000000047e+06 3.405711266666666605e+06 2.063326762560728334e+00
3.928127999999999884e+05 3.998805666666667094e+05 4.093007999999999884e+05 4.174365000000000000e+05 4.239744333333333489e+05 4.306036000000000349e+05 4.364006333333333023e+05 4.405715666666666511e+05 1.619430666666666744e+06 3.350980900000000373e+06 2.069233940652393855e+00
3.864061666666666861e+05 3.928127999999999884e+05 3.998805666666667094e+05 4.093007999999999884e+05 4.174365000000000000e+05 4.239744333333333489e+05 4.306036000000000349e+05 4.364006333333333023e+05 1.588400333333333489e+06 3.296815500000000000e+06 2.075557043658808887e+00
