2.063482666666666603e+02 2.459587333333332992e+02 2.558034666666666510e+02 1.943366666666666731e+02 2.236458333333333428e+02 2.678704999999999927e+02 2.708076000000000363e+02 2.247579666666666753e+02 9.024471333333333405e+02 1.889529033333333246e+03 2.093783628470351044e+00
2.135339333333333514e+02 2.063482666666666603e+02 2.459587333333332992e+02 2.558034666666666510e+02 1.943366666666666731e+02 2.236458333333333428e+02 2.678704999999999927e+02 2.708076000000000363e+02 9.216443999999999050e+02 1.878305000000000064e+03 2.037993178280039785e+00
2.555700333333333276e+02 2.135339333333333514e+02 2.063482666666666603e+02 2.459587333333332992e+02 2.558034666666666510e+02 1.943366666666666731e+02 2.236458333333333428e+02 2.678704999999999927e+02 9.214109666666665817e+02 1.863067433333333156e+03 2.021972280266254085e+00
2.701310666666666407e+02 2.555700333333333276e+02 2.135339333333333514e+02 2.063482666666666603e+02 2.459587333333332992e+02 2.558034666666666510e+02 1.943366666666666731e+02 2.236458333333333428e+02 9.455833000000000084e+02 1.865327999999999975e+03 1.972674432807770550e+00
2.762402666666666278e+02 2.701310666666666407e+02 2.555700333333333276e+02 2.135339333333333514e+02 2.063482666666666603e+02 2.459587333333332992e+02 2.558034666666666510e+02 1.943366666666666731e+02 1.015475299999999947e+03 1.917922433333333174e+03 1.888694322090683331e+00
2.837143666666666491e+02 2.762402666666666278e+02 2.701310666666666407e+02 2.555700333333333276e+02 2.135339333333333514e+02 2.063482666666666603e+02 2.459587333333332992e+02 2.558034666666666510e+02 1.085655733333333274e+03 2.007300133333333179e+03 1.848928782580309571e+00
3.217725333333333424e+02 2.837143666666666491e+02 2.762402666666666278e+02 2.701310666666666407e+02 2.555700333333333276e+02 2.135339333333333514e+02 2.063482666666666603e+02 2.459587333333332992e+02 1.151858233333333146e+03 2.073269199999999728e+03 1.799934349559857649e+00
3.292435666666666521e+02 3.217725333333333424e+02 2.837143666666666491e+02 2.762402666666666278e+02 2.701310666666666407e+02 2.555700333333333276e+02 2.135339333333333514e+02 2.063482666666666603e+02 1.210970733333333328e+03 2.156554033333333336e+03 1.780847359867381297e+00
3.200254000000000474e+02 3.292435666666666521e+02 3.217725333333333424e+02 2.837143666666666491e+02 2.762402666666666278e+02 2.701310666666666407e+02 2.555700333333333276e+02 2.135339333333333514e+02 1.254755866666666634e+03 2.270231166666666468e+03 1.809301097509645517e+00
3.307502666666666755e+02 3.200254000000000474e+02 3.292435666666666521e+02 3.217725333333333424e+02 2.837143666666666491e+02 2.762402666666666278e+02 2.701310666666666407e+02 2.555700333333333276e+02 1.301791766666666717e+03 2.387447500000000218e+03 1.833970348509143422e+00
3.613806999999999903e+02 3.307502666666666755e+02 3.200254000000000474e+02 3.292435666666666521e+02 3.217725333333333424e+02 2.837143666666666491e+02 2.762402666666666278e+02 2.701310666666666407e+02 1.341399933333333138e+03 2.493258166666666511e+03 1.858698591456617200e+00
3.496573000000000206e+02 3.613806999999999903e+02 3.307502666666666755e+02 3.200254000000000474e+02 3.292435666666666521e+02 3.217725333333333424e+02 2.837143666666666491e+02 2.762402666666666278e+02 1.361813666666666677e+03 2.572784400000000005e+03 1.889233793854812715e+00
3.498405000000000200e+02 3.496573000000000206e+02 3.613806999999999903e+02 3.307502666666666755e+02 3.200254000000000474e+02 3.292435666666666521e+02 3.217725333333333424e+02 2.837143666666666491e+02 1.391628766666666706e+03 2.646384633333333113e+03 1.901645537029355459e+00
3.577040000000000077e+02 3.498405000000000200e+02 3.496573000000000206e+02 3.613806999999999903e+02 3.307502666666666755e+02 3.200254000000000474e+02 3.292435666666666521e+02 3.217725333333333424e+02 1.418582499999999982e+03 2.720374266666666699e+03 1.917670820461035319e+00
3.945153000000000247e+02 3.577040000000000077e+02 3.498405000000000200e+02 3.496573000000000206e+02 3.613806999999999903e+02 3.307502666666666755e+02 3.200254000000000474e+02 3.292435666666666521e+02 1.451717100000000073e+03 2.793117033333332984e+03 1.924009184250383697e+00
3.968366000000000327e+02 3.945153000000000247e+02 3.577040000000000077e+02 3.498405000000000200e+02 3.496573000000000206e+02 3.613806999999999903e+02 3.307502666666666755e+02 3.200254000000000474e+02 1.498896400000000085e+03 2.860710066666666535e+03 1.908544224048217330e+00
3.895545000000000186e+02 3.968366000000000327e+02 3.945153000000000247e+02 3.577040000000000077e+02 3.498405000000000200e+02 3.496573000000000206e+02 3.613806999999999903e+02 3.307502666666666755e+02 1.538610400000000027e+03 2.930239166666666733e+03 1.904471181701791860e+00
3.806947333333333177e+02 3.895545000000000186e+02 3.968366000000000327e+02 3.945153000000000247e+02 3.577040000000000077e+02 3.498405000000000200e+02 3.496573000000000206e+02 3.613806999999999903e+02 1.561601133333333337e+03 2.980183633333333091e+03 1.908415388359733456e+00
4.402590333333332637e+02 3.806947333333333177e+02 3.895545000000000186e+02 3.968366000000000327e+02 3.945153000000000247e+02 3.577040000000000077e+02 3.498405000000000200e+02 3.496573000000000206e+02 1.607344866666666576e+03 3.059061966666666649e+03 1.903177115319744983e+00
4.325095333333333656e+02 4.402590333333332637e+02 3.806947333333333177e+02 3.895545000000000186e+02 3.968366000000000327e+02 3.945153000000000247e+02 3.577040000000000077e+02 3.498405000000000200e+02 1.643017799999999852e+03 3.141914200000000164e+03 1.912282508442696427e+00
4.068682999999999197e+02 4.325095333333333656e+02 4.402590333333332637e+02 3.806947333333333177e+02 3.895545000000000186e+02 3.968366000000000327e+02 3.945153000000000247e+02 3.577040000000000077e+02 1.660331599999999753e+03 3.198942000000000007e+03 1.926688620514119377e+00
4.140746666666667011e+02 4.068682999999999197e+02 4.325095333333333656e+02 4.402590333333332637e+02 3.806947333333333177e+02 3.895545000000000186e+02 3.968366000000000327e+02 3.945153000000000247e+02 1.693711533333333136e+03 3.255312666666666701e+03 1.921999468386450749e+00
4.885270333333332928e+02 4.140746666666667011e+02 4.068682999999999197e+02 4.325095333333333656e+02 4.402590333333332637e+02 3.806947333333333177e+02 3.895545000000000186e+02 3.968366000000000327e+02 1.741979533333333166e+03 3.349324399999999514e+03 1.922711682835309244e+00
4.772566999999999666e+02 4.885270333333332928e+02 4.140746666666667011e+02 4.068682999999999197e+02 4.325095333333333656e+02 4.402590333333332637e+02 3.806947333333333177e+02 3.895545000000000186e+02 1.786726699999999710e+03 3.429744499999999789e+03 1.919568616733605904e+00
4.477055333333333351e+02 4.772566999999999666e+02 4.885270333333332928e+02 4.140746666666667011e+02 4.068682999999999197e+02 4.325095333333333656e+02 4.402590333333332637e+02 3.806947333333333177e+02 1.827563933333333125e+03 3.487895533333332878e+03 1.908494400505970301e+00
4.655431000000000381e+02 4.477055333333333351e+02 4.772566999999999666e+02 4.885270333333332928e+02 4.140746666666667011e+02 4.068682999999999197e+02 4.325095333333333656e+02 4.402590333333332637e+02 1.879032366666666576e+03 3.572743899999999485e+03 1.901374326158050243e+00
5.185276000000000067e+02 4.655431000000000381e+02 4.477055333333333351e+02 4.772566999999999666e+02 4.885270333333332928e+02 4.140746666666667011e+02 4.068682999999999197e+02 4.325095333333333656e+02 1.909032933333333176e+03 3.651012466666666114e+03 1.912493180665924442e+00
5.046638333333333435e+02 5.185276000000000067e+02 4.655431000000000381e+02 4.477055333333333351e+02 4.772566999999999666e+02 4.885270333333332928e+02 4.140746666666667011e+02 4.068682999999999197e+02 1.936440066666666780e+03 3.723166766666666263e+03 1.922686289524891068e+00
4.881394000000000233e+02 5.046638333333333435e+02 5.185276000000000067e+02 4.655431000000000381e+02 4.477055333333333351e+02 4.772566999999999666e+02 4.885270333333332928e+02 4.140746666666667011e+02 1.976873933333333525e+03 3.804437866666666650e+03 1.924471663325420412e+00
4.935005000000000450e+02 4.881394000000000233e+02 5.046638333333333435e+02 5.185276000000000067e+02 4.655431000000000381e+02 4.477055333333333351e+02 4.772566999999999666e+02 4.885270333333332928e+02 2.004831333333333532e+03 3.883863699999999881e+03 1.937252094689927207e+00
5.244763333333334003e+02 4.935005000000000450e+02 4.881394000000000233e+02 5.046638333333333435e+02 5.185276000000000067e+02 4.655431000000000381e+02 4.477055333333333351e+02 4.772566999999999666e+02 2.010780066666666698e+03 3.919813000000000102e+03 1.949399173474997360e+00
4.659389666666666585e+02 5.244763333333334003e+02 4.935005000000000450e+02 4.881394000000000233e+02 5.046638333333333435e+02 5.185276000000000067e+02 4.655431000000000381e+02 4.477055333333333351e+02 1.972055200000000241e+03 3.908495266666666794e+03 1.981940093090024169e+00
4.170349000000000501e+02 4.659389666666666585e+02 5.244763333333334003e+02 4.935005000000000450e+02 4.881394000000000233e+02 5.046638333333333435e+02 5.185276000000000067e+02 4.655431000000000381e+02 1.900950700000000325e+03 3.877824633333333622e+03 2.039939611970648770e+00
3.982088333333333594e+02 4.170349000000000501e+02 4.659389666666666585e+02 5.244763333333334003e+02 4.935005000000000450e+02 4.881394000000000233e+02 5.046638333333333435e+02 5.185276000000000067e+02 1.805659033333333355e+03 3.810490366666666887e+03 2.110304490672482380e+00
4.095302333333333422e+02 3.982088333333333594e+02 4.170349000000000501e+02 4.659389666666666585e+02 5.244763333333334003e+02 4.935005000000000450e+02 4.881394000000000233e+02 5.046638333333333435e+02 1.690712933333333467e+03 3.701493000000000393e+03 2.189308975535133150e+00
3.578670999999999935e+02 4.095302333333333422e+02 3.982088333333333594e+02 4.170349000000000501e+02 4.659389666666666585e+02 5.244763333333334003e+02 4.935005000000000450e+02 4.881394000000000233e+02 1.582641066666666802e+03 3.554696266666666816e+03 2.246053348124923410e+00
2.772000666666667144e+02 3.578670999999999935e+02 4.095302333333333422e+02 3.982088333333333594e+02 4.170349000000000501e+02 4.659389666666666585e+02 5.244763333333334003e+02 4.935005000000000450e+02 1.442806233333333466e+03 3.343756933333334018e+03 2.317537071910349411e+00
2.538055000000000234e+02 2.772000666666667144e+02 3.578670999999999935e+02 4.095302333333333422e+02 3.982088333333333594e+02 4.170349000000000501e+02 4.659389666666666585e+02 5.244763333333334003e+02 1.298402900000000045e+03 3.104061933333333400e+03 2.390676987346018301e+00
3.168784666666666112e+02 2.538055000000000234e+02 2.772000666666667144e+02 3.578670999999999935e+02 4.095302333333333422e+02 3.982088333333333594e+02 4.170349000000000501e+02 4.659389666666666585e+02 1.205751133333333200e+03 2.896464066666666440e+03 2.402207210586905450e+00
3.259198666666666782e+02 3.168784666666666112e+02 2.538055000000000234e+02 2.772000666666667144e+02 3.578670999999999935e+02 4.095302333333333422e+02 3.982088333333333594e+02 4.170349000000000501e+02 1.173803900000000112e+03 2.756444966666666915e+03 2.348301080501322691e+00
3.029490333333333183e+02 3.259198666666666782e+02 3.168784666666666112e+02 2.538055000000000234e+02 2.772000666666667144e+02 3.578670999999999935e+02 4.095302333333333422e+02 3.982088333333333594e+02 1.199552866666666432e+03 2.642359099999999671e+03 2.202786699466295683e+00
2.723135666666666452e+02 3.029490333333333183e+02 3.259198666666666782e+02 3.168784666666666112e+02 2.538055000000000234e+02 2.772000666666667144e+02 3.578670999999999935e+02 4.095302333333333422e+02 1.218060933333333196e+03 2.516463833333333241e+03 2.065958906051443389e+00
3.013354333333333557e+02 2.723135666666666452e+02 3.029490333333333183e+02 3.259198666666666782e+02 3.168784666666666112e+02 2.538055000000000234e+02 2.772000666666667144e+02 3.578670999999999935e+02 1.202517900000000054e+03 2.408269033333333027e+03 2.002688719505408610e+00
2.890017333333333340e+02 3.013354333333333557e+02 2.723135666666666452e+02 3.029490333333333183e+02 3.259198666666666782e+02 3.168784666666666112e+02 2.538055000000000234e+02 2.772000666666667144e+02 1.165599766666666710e+03 2.339403666666667050e+03 2.007038550939998611e+00
2.460953000000000372e+02 2.890017333333333340e+02 3.013354333333333557e+02 2.723135666666666452e+02 3.029490333333333183e+02 3.259198666666666782e+02 3.168784666666666112e+02 2.538055000000000234e+02 1.108746033333333344e+03 2.308298899999999776e+03 2.081900480906643036e+00
2.191224666666666963e+02 2.460953000000000372e+02 2.890017333333333340e+02 3.013354333333333557e+02 2.723135666666666452e+02 3.029490333333333183e+02 3.259198666666666782e+02 3.168784666666666112e+02 1.055554933333333565e+03 2.273615866666666989e+03 2.153953143382905555e+00
2.519414333333333218e+02 2.191224666666666963e+02 2.460953000000000372e+02 2.890017333333333340e+02 3.013354333333333557e+02 2.723135666666666452e+02 3.029490333333333183e+02 3.259198666666666782e+02 1.006160933333333332e+03 2.208678833333333387e+03 2.195154631989289395e+00
2.595425666666666871e+02 2.519414333333333218e+02 2.191224666666666963e+02 2.460953000000000372e+02 2.890017333333333340e+02 3.013354333333333557e+02 2.723135666666666452e+02 3.029490333333333183e+02 9.767017666666667992e+02 2.142301533333333282e+03 2.193403970840228645e+00
2.286033666666666875e+02 2.595425666666666871e+02 2.519414333333333218e+02 2.191224666666666963e+02 2.460953000000000372e+02 2.890017333333333340e+02 3.013354333333333557e+02 2.723135666666666452e+02 9.592098333333333358e+02 2.067955866666666680e+03 2.155895190815912965e+00
2.204444666666666706e+02 2.286033666666666875e+02 2.595425666666666871e+02 2.519414333333333218e+02 2.191224666666666963e+02 2.460953000000000372e+02 2.890017333333333340e+02 3.013354333333333557e+02 9.605318333333333385e+02 2.016086766666666790e+03 2.098927590635118801e+00
2.558691333333333375e+02 2.204444666666666706e+02 2.286033666666666875e+02 2.595425666666666871e+02 2.519414333333333218e+02 2.191224666666666963e+02 2.460953000000000372e+02 2.890017333333333340e+02 9.644595333333334111e+02 1.970620466666666744e+03 2.043238102334758111e+00
2.531583333333333314e+02 2.558691333333333375e+02 2.204444666666666706e+02 2.286033666666666875e+02 2.595425666666666871e+02 2.519414333333333218e+02 2.191224666666666963e+02 2.460953000000000372e+02 9.580753000000000839e+02 1.934777066666666997e+03 2.019441547722466979e+00
2.387206666666666877e+02 2.531583333333333314e+02 2.558691333333333375e+02 2.204444666666666706e+02 2.286033666666666875e+02 2.595425666666666871e+02 2.519414333333333218e+02 2.191224666666666963e+02 9.681926000000000840e+02 1.927402433333333420e+03 1.990722128358896059e+00
2.199974333333333334e+02 2.387206666666666877e+02 2.531583333333333314e+02 2.558691333333333375e+02 2.204444666666666706e+02 2.286033666666666875e+02 2.595425666666666871e+02 2.519414333333333218e+02 9.677455666666667184e+02 1.928277399999999943e+03 1.992545836858565345e+00
2.314011666666666827e+02 2.199974333333333334e+02 2.387206666666666877e+02 2.531583333333333314e+02 2.558691333333333375e+02 2.204444666666666706e+02 2.286033666666666875e+02 2.595425666666666871e+02 9.432776000000000067e+02 1.907737133333333531e+03 2.022455672999479148e+00
2.330805000000000007e+02 2.314011666666666827e+02 2.199974333333333334e+02 2.387206666666666877e+02 2.531583333333333314e+02 2.558691333333333375e+02 2.204444666666666706e+02 2.286033666666666875e+02 9.231997666666667328e+02 1.881275066666666817e+03 2.037776800420190604e+00
3.364566333333332864e+02 2.330805000000000007e+02 2.314011666666666827e+02 2.199974333333333334e+02 2.387206666666666877e+02 2.531583333333333314e+02 2.558691333333333375e+02 2.204444666666666706e+02 1.020935733333333246e+03 1.989128333333333330e+03 1.948338439324551752e+00
2.470243333333333169e+02 3.364566333333332864e+02 2.330805000000000007e+02 2.314011666666666827e+02 2.199974333333333334e+02 2.387206666666666877e+02 2.531583333333333314e+02 2.558691333333333375e+02 1.047962633333333315e+03 2.015708200000000033e+03 1.923454268200847750e+00
2.450276666666667040e+02 2.470243333333333169e+02 3.364566333333332864e+02 2.330805000000000007e+02 2.314011666666666827e+02 2.199974333333333334e+02 2.387206666666666877e+02 2.531583333333333314e+02 1.061589133333333393e+03 2.004866733333333286e+03 1.888552426152063646e+00
2.235348000000000184e+02 2.450276666666667040e+02 2.470243333333333169e+02 3.364566333333332864e+02 2.330805000000000007e+02 2.314011666666666827e+02 2.199974333333333334e+02 2.387206666666666877e+02 1.052043433333333269e+03 1.975243199999999888e+03 1.877530088032170363e+00
1.959249333333333425e+02 2.235348000000000184e+02 2.450276666666667040e+02 2.470243333333333169e+02 3.364566333333332864e+02 2.330805000000000007e+02 2.314011666666666827e+02 2.199974333333333334e+02 9.115117333333333818e+02 1.932447466666666514e+03 2.120046726770969947e+00
1.832374666666666769e+02 1.959249333333333425e+02 2.235348000000000184e+02 2.450276666666667040e+02 2.470243333333333169e+02 3.364566333333332864e+02 2.330805000000000007e+02 2.314011666666666827e+02 8.477248666666667987e+02 1.895687500000000000e+03 2.236206078811890929e+00
2.242919333333333327e+02 1.832374666666666769e+02 1.959249333333333425e+02 2.235348000000000184e+02 2.450276666666667040e+02 2.470243333333333169e+02 3.364566333333332864e+02 2.330805000000000007e+02 8.269891333333333705e+02 1.888578266666666877e+03 2.283679664634045814e+00
2.131243666666666741e+02 2.242919333333333327e+02 1.832374666666666769e+02 1.959249333333333425e+02 2.235348000000000184e+02 2.450276666666667040e+02 2.470243333333333169e+02 3.364566333333332864e+02 8.165787000000000262e+02 1.868622133333333295e+03 2.288355223242209302e+00
1.846702333333333570e+02 2.131243666666666741e+02 2.242919333333333327e+02 1.832374666666666769e+02 1.959249333333333425e+02 2.235348000000000184e+02 2.450276666666667040e+02 2.470243333333333169e+02 8.053240000000000691e+02 1.716835733333333337e+03 2.131857157284935411e+00
1.656987666666666712e+02 1.846702333333333570e+02 2.131243666666666741e+02 2.242919333333333327e+02 1.832374666666666769e+02 1.959249333333333425e+02 2.235348000000000184e+02 2.450276666666667040e+02 7.877853000000000065e+02 1.635510166666666919e+03 2.076086170517102758e+00
1.812383333333333439e+02 1.656987666666666712e+02 1.846702333333333570e+02 2.131243666666666741e+02 2.242919333333333327e+02 1.832374666666666769e+02 1.959249333333333425e+02 2.235348000000000184e+02 7.447317000000000462e+02 1.571720833333333303e+03 2.110452439896587151e+00
1.624204333333333352e+02 1.812383333333333439e+02 1.656987666666666712e+02 1.846702333333333570e+02 2.131243666666666741e+02 2.242919333333333327e+02 1.832374666666666769e+02 1.959249333333333425e+02 6.940277666666667074e+02 1.510606466666666620e+03 2.176579294401909781e+00
1.248072666666666493e+02 1.624204333333333352e+02 1.812383333333333439e+02 1.656987666666666712e+02 1.846702333333333570e+02 2.131243666666666741e+02 2.242919333333333327e+02 1.832374666666666769e+02 6.341648000000000138e+02 1.439488800000000083e+03 2.269897036227807252e+00
9.213093333333331714e+01 1.248072666666666493e+02 1.624204333333333352e+02 1.812383333333333439e+02 1.656987666666666712e+02 1.846702333333333570e+02 2.131243666666666741e+02 2.242919333333333327e+02 5.605969666666666171e+02 1.348382266666666510e+03 2.405261438862583923e+00
1.062597666666666640e+02 9.213093333333331714e+01 1.248072666666666493e+02 1.624204333333333352e+02 1.812383333333333439e+02 1.656987666666666712e+02 1.846702333333333570e+02 2.131243666666666741e+02 4.856183999999999514e+02 1.230350100000000111e+03 2.533573892587266396e+00
1.079440999999999917e+02 1.062597666666666640e+02 9.213093333333331714e+01 1.248072666666666493e+02 1.624204333333333352e+02 1.812383333333333439e+02 1.656987666666666712e+02 1.846702333333333570e+02 4.311420666666666079e+02 1.125169833333333372e+03 2.609742635490142959e+00
9.516063333333333674e+01 1.079440999999999917e+02 1.062597666666666640e+02 9.213093333333331714e+01 1.248072666666666493e+02 1.624204333333333352e+02 1.812383333333333439e+02 1.656987666666666712e+02 4.014954333333333238e+02 1.035660233333333281e+03 2.579506881896456605e+00
8.998726666666665608e+01 9.516063333333333674e+01 1.079440999999999917e+02 1.062597666666666640e+02 9.213093333333331714e+01 1.248072666666666493e+02 1.624204333333333352e+02 1.812383333333333439e+02 3.993517666666666628e+02 9.599487333333332799e+02 2.403767338619510863e+00
1.180116666666666703e+02 8.998726666666665608e+01 9.516063333333333674e+01 1.079440999999999917e+02 1.062597666666666640e+02 9.213093333333331714e+01 1.248072666666666493e+02 1.624204333333333352e+02 4.111036666666666406e+02 8.967220666666665920e+02 2.181255336245278009e+00
1.016941666666666606e+02 1.180116666666666703e+02 8.998726666666665608e+01 9.516063333333333674e+01 1.079440999999999917e+02 1.062597666666666640e+02 9.213093333333331714e+01 1.248072666666666493e+02 4.048537333333333095e+02 8.359957999999999174e+02 2.064932915690044890e+00
7.395143333333334112e+01 1.016941666666666606e+02 1.180116666666666703e+02 8.998726666666665608e+01 9.516063333333333674e+01 1.079440999999999917e+02 1.062597666666666640e+02 9.213093333333331714e+01 3.836445333333332997e+02 7.851399666666666235e+02 2.046529791119140018e+00
7.202643333333334397e+01 7.395143333333334112e+01 1.016941666666666606e+02 1.180116666666666703e+02 8.998726666666665608e+01 9.516063333333333674e+01 1.079440999999999917e+02 1.062597666666666640e+02 3.656836999999999875e+02 7.650354666666667072e+02 2.092068819766007337e+00
9.741093333333333248e+01 7.202643333333334397e+01 7.395143333333334112e+01 1.016941666666666606e+02 1.180116666666666703e+02 8.998726666666665608e+01 9.516063333333333674e+01 1.079440999999999917e+02 3.450829666666666640e+02 7.561866333333332477e+02 2.191318339000408066e+00
9.944330000000000780e+01 9.741093333333333248e+01 7.202643333333334397e+01 7.395143333333334112e+01 1.016941666666666606e+02 1.180116666666666703e+02 8.998726666666665608e+01 9.516063333333333674e+01 3.428321000000000254e+02 7.476858333333333348e+02 2.180909644497505351e+00
1.050096333333333405e+02 9.944330000000000780e+01 9.741093333333333248e+01 7.202643333333334397e+01 7.395143333333334112e+01 1.016941666666666606e+02 1.180116666666666703e+02 8.998726666666665608e+01 3.738903000000000247e+02 7.575348333333333812e+02 2.026088489948344229e+00
9.266873333333332141e+01 1.050096333333333405e+02 9.944330000000000780e+01 9.741093333333333248e+01 7.202643333333334397e+01 7.395143333333334112e+01 1.016941666666666606e+02 1.180116666666666703e+02 3.945326000000000022e+02 7.602163000000000466e+02 1.926878285850142758e+00
1.085587000000000018e+02 9.266873333333332141e+01 1.050096333333333405e+02 9.944330000000000780e+01 9.741093333333333248e+01 7.202643333333334397e+01 7.395143333333334112e+01 1.016941666666666606e+02 4.056803666666667141e+02 7.507633333333333212e+02 1.850627723254374635e+00
1.042164000000000073e+02 1.085587000000000018e+02 9.266873333333332141e+01 1.050096333333333405e+02 9.944330000000000780e+01 9.741093333333333248e+01 7.202643333333334397e+01 7.395143333333334112e+01 4.104534666666666567e+02 7.532855666666666821e+02 1.835252051308455368e+00
9.455616666666666958e+01 1.042164000000000073e+02 1.085587000000000018e+02 9.266873333333332141e+01 1.050096333333333405e+02 9.944330000000000780e+01 9.741093333333333248e+01 7.202643333333334397e+01 4.000000000000000000e+02 7.738903000000000247e+02 1.934725750000000133e+00
9.790910000000000935e+01 9.455616666666666958e+01 1.042164000000000073e+02 1.085587000000000018e+02 9.266873333333332141e+01 1.050096333333333405e+02 9.944330000000000780e+01 9.741093333333333248e+01 4.052403666666666595e+02 7.997729666666666617e+02 1.973576752102106369e+00
1.199150666666666751e+02 9.790910000000000935e+01 9.455616666666666958e+01 1.042164000000000073e+02 1.085587000000000018e+02 9.266873333333332141e+01 1.050096333333333405e+02 9.944330000000000780e+01 4.165967333333333613e+02 8.222771000000000186e+02 1.973796321974680135e+00
1.151790333333333365e+02 1.199150666666666751e+02 9.790910000000000935e+01 9.455616666666666958e+01 1.042164000000000073e+02 1.085587000000000018e+02 9.266873333333332141e+01 1.050096333333333405e+02 4.275593666666667332e+02 8.380128333333334467e+02 1.959991754751250426e+00
1.021388333333333236e+02 1.151790333333333365e+02 1.199150666666666751e+02 9.790910000000000935e+01 9.455616666666666958e+01 1.042164000000000073e+02 1.085587000000000018e+02 9.266873333333332141e+01 4.351420333333333588e+02 8.351420333333333019e+02 1.919240085670111728e+00
9.227700000000000102e+01 1.021388333333333236e+02 1.151790333333333365e+02 1.199150666666666751e+02 9.790910000000000935e+01 9.455616666666666958e+01 1.042164000000000073e+02 1.085587000000000018e+02 4.295099333333333789e+02 8.347503000000000384e+02 1.943494748821486207e+00
1.082117999999999967e+02 9.227700000000000102e+01 1.021388333333333236e+02 1.151790333333333365e+02 1.199150666666666751e+02 9.790910000000000935e+01 9.455616666666666958e+01 1.042164000000000073e+02 4.178066666666666720e+02 8.344034000000000333e+02 1.997104083228287363e+00
1.081039333333333303e+02 1.082117999999999967e+02 9.227700000000000102e+01 1.021388333333333236e+02 1.151790333333333365e+02 1.199150666666666751e+02 9.790910000000000935e+01 9.455616666666666958e+01 4.107315666666666516e+02 8.382909333333334416e+02 2.040970310941931931e+00
9.899923333333333630e+01 1.081039333333333303e+02 1.082117999999999967e+02 9.227700000000000102e+01 1.021388333333333236e+02 1.151790333333333365e+02 1.199150666666666751e+02 9.790910000000000935e+01 4.075919666666666217e+02 8.427339999999999236e+02 2.067592270995854520e+00
9.771656666666666524e+01 9.899923333333333630e+01 1.081039333333333303e+02 1.082117999999999967e+02 9.227700000000000102e+01 1.021388333333333236e+02 1.151790333333333365e+02 1.199150666666666751e+02 4.130315333333333001e+02 8.425414666666666790e+02 2.039896227455111344e+00
1.136557666666666790e+02 9.771656666666666524e+01 9.899923333333333630e+01 1.081039333333333303e+02 1.082117999999999967e+02 9.227700000000000102e+01 1.021388333333333236e+02 1.151790333333333365e+02 4.184755000000000109e+02 8.362821666666666260e+02 1.998401738373373426e+00
1.172927999999999997e+02 1.136557666666666790e+02 9.771656666666666524e+01 9.899923333333333630e+01 1.081039333333333303e+02 1.082117999999999967e+02 9.227700000000000102e+01 1.021388333333333236e+02 4.276643666666666945e+02 8.383959333333333461e+02 1.960406334219568114e+00
1.160573333333333181e+02 1.172927999999999997e+02 1.136557666666666790e+02 9.771656666666666524e+01 9.899923333333333630e+01 1.081039333333333303e+02 1.082117999999999967e+02 9.227700000000000102e+01 4.447224666666666621e+02 8.523144333333332270e+02 1.916508603043366010e+00
1.206849000000000132e+02 1.160573333333333181e+02 1.172927999999999997e+02 1.136557666666666790e+02 9.771656666666666524e+01 9.899923333333333630e+01 1.081039333333333303e+02 1.082117999999999967e+02 4.676908000000000243e+02 8.807223333333333812e+02 1.883129480702492531e+00
1.266889666666666727e+02 1.206849000000000132e+02 1.160573333333333181e+02 1.172927999999999997e+02 1.136557666666666790e+02 9.771656666666666524e+01 9.899923333333333630e+01 1.081039333333333303e+02 4.807239999999999895e+02 8.991994999999999436e+02 1.870510937669015883e+00
1.191947666666666663e+02 1.266889666666666727e+02 1.206849000000000132e+02 1.160573333333333181e+02 1.172927999999999997e+02 1.136557666666666790e+02 9.771656666666666524e+01 9.899923333333333630e+01 4.826259666666666703e+02 9.102903333333333649e+02 1.886119679014369943e+00
1.292211000000000070e+02 1.191947666666666663e+02 1.266889666666666727e+02 1.206849000000000132e+02 1.160573333333333181e+02 1.172927999999999997e+02 1.136557666666666790e+02 9.771656666666666524e+01 4.957897333333333449e+02 9.405122000000000071e+02 1.896998136037777227e+00
1.412132666666666694e+02 1.292211000000000070e+02 1.191947666666666663e+02 1.266889666666666727e+02 1.206849000000000132e+02 1.160573333333333181e+02 1.172927999999999997e+02 1.136557666666666790e+02 5.163181000000000722e+02 9.840089000000000397e+02 1.905819106477188996e+00
1.411347333333333154e+02 1.412132666666666694e+02 1.292211000000000070e+02 1.191947666666666663e+02 1.266889666666666727e+02 1.206849000000000132e+02 1.160573333333333181e+02 1.172927999999999997e+02 5.307638666666665586e+02 1.011487866666666605e+03 1.905721037528553374e+00
1.314434333333333313e+02 1.411347333333333154e+02 1.412132666666666694e+02 1.292211000000000070e+02 1.191947666666666663e+02 1.266889666666666727e+02 1.206849000000000132e+02 1.160573333333333181e+02 5.430125333333332946e+02 1.025638500000000022e+03 1.888793420115042254e+00
