7.700000000000000000e+01 4.400000000000000000e+01 5.700000000000000000e+01 6.500000000000000000e+01 7.000000000000000000e+01 5.200000000000000000e+01 4.900000000000000000e+01 5.200000000000000000e+01 2.430000000000000000e+02 4.660000000000000000e+02 1.917695473251028737e+00
6.700000000000000000e+01 7.700000000000000000e+01 4.400000000000000000e+01 5.700000000000000000e+01 6.500000000000000000e+01 7.000000000000000000e+01 5.200000000000000000e+01 4.900000000000000000e+01 2.450000000000000000e+02 4.810000000000000000e+02 1.963265306122448983e+00
6.800000000000000000e+01 6.700000000000000000e+01 7.700000000000000000e+01 4.400000000000000000e+01 5.700000000000000000e+01 6.500000000000000000e+01 7.000000000000000000e+01 5.200000000000000000e+01 2.560000000000000000e+02 5.000000000000000000e+02 1.953125000000000000e+00
5.900000000000000000e+01 6.800000000000000000e+01 6.700000000000000000e+01 7.700000000000000000e+01 4.400000000000000000e+01 5.700000000000000000e+01 6.500000000000000000e+01 7.000000000000000000e+01 2.710000000000000000e+02 5.070000000000000000e+02 1.870848708487084844e+00
6.800000000000000000e+01 5.900000000000000000e+01 6.800000000000000000e+01 6.700000000000000000e+01 7.700000000000000000e+01 4.400000000000000000e+01 5.700000000000000000e+01 6.500000000000000000e+01 2.620000000000000000e+02 5.050000000000000000e+02 1.927480916030534397e+00
9.900000000000000000e+01 6.800000000000000000e+01 5.900000000000000000e+01 6.800000000000000000e+01 6.700000000000000000e+01 7.700000000000000000e+01 4.400000000000000000e+01 5.700000000000000000e+01 2.940000000000000000e+02 5.390000000000000000e+02 1.833333333333333259e+00
7.200000000000000000e+01 9.900000000000000000e+01 6.800000000000000000e+01 5.900000000000000000e+01 6.800000000000000000e+01 6.700000000000000000e+01 7.700000000000000000e+01 4.400000000000000000e+01 2.980000000000000000e+02 5.540000000000000000e+02 1.859060402684563851e+00
7.500000000000000000e+01 7.200000000000000000e+01 9.900000000000000000e+01 6.800000000000000000e+01 5.900000000000000000e+01 6.800000000000000000e+01 6.700000000000000000e+01 7.700000000000000000e+01 3.140000000000000000e+02 5.850000000000000000e+02 1.863057324840764251e+00
8.600000000000000000e+01 7.500000000000000000e+01 7.200000000000000000e+01 9.900000000000000000e+01 6.800000000000000000e+01 5.900000000000000000e+01 6.800000000000000000e+01 6.700000000000000000e+01 3.320000000000000000e+02 5.940000000000000000e+02 1.789156626506024139e+00
6.500000000000000000e+01 8.600000000000000000e+01 7.500000000000000000e+01 7.200000000000000000e+01 9.900000000000000000e+01 6.800000000000000000e+01 5.900000000000000000e+01 6.800000000000000000e+01 2.980000000000000000e+02 5.920000000000000000e+02 1.986577181208053711e+00
7.400000000000000000e+01 6.500000000000000000e+01 8.600000000000000000e+01 7.500000000000000000e+01 7.200000000000000000e+01 9.900000000000000000e+01 6.800000000000000000e+01 5.900000000000000000e+01 3.000000000000000000e+02 5.980000000000000000e+02 1.993333333333333401e+00
5.700000000000000000e+01 7.400000000000000000e+01 6.500000000000000000e+01 8.600000000000000000e+01 7.500000000000000000e+01 7.200000000000000000e+01 9.900000000000000000e+01 6.800000000000000000e+01 2.820000000000000000e+02 5.960000000000000000e+02 2.113475177304964703e+00
6.200000000000000000e+01 5.700000000000000000e+01 7.400000000000000000e+01 6.500000000000000000e+01 8.600000000000000000e+01 7.500000000000000000e+01 7.200000000000000000e+01 9.900000000000000000e+01 2.580000000000000000e+02 5.900000000000000000e+02 2.286821705426356655e+00
7.900000000000000000e+01 6.200000000000000000e+01 5.700000000000000000e+01 7.400000000000000000e+01 6.500000000000000000e+01 8.600000000000000000e+01 7.500000000000000000e+01 7.200000000000000000e+01 2.720000000000000000e+02 5.700000000000000000e+02 2.095588235294117752e+00
9.000000000000000000e+01 7.900000000000000000e+01 6.200000000000000000e+01 5.700000000000000000e+01 7.400000000000000000e+01 6.500000000000000000e+01 8.600000000000000000e+01 7.500000000000000000e+01 2.880000000000000000e+02 5.880000000000000000e+02 2.041666666666666519e+00
8.800000000000000000e+01 9.000000000000000000e+01 7.900000000000000000e+01 6.200000000000000000e+01 5.700000000000000000e+01 7.400000000000000000e+01 6.500000000000000000e+01 8.600000000000000000e+01 3.190000000000000000e+02 6.010000000000000000e+02 1.884012539184952928e+00
1.070000000000000000e+02 8.800000000000000000e+01 9.000000000000000000e+01 7.900000000000000000e+01 6.200000000000000000e+01 5.700000000000000000e+01 7.400000000000000000e+01 6.500000000000000000e+01 3.640000000000000000e+02 6.220000000000000000e+02 1.708791208791208716e+00
1.010000000000000000e+02 1.070000000000000000e+02 8.800000000000000000e+01 9.000000000000000000e+01 7.900000000000000000e+01 6.200000000000000000e+01 5.700000000000000000e+01 7.400000000000000000e+01 3.860000000000000000e+02 6.580000000000000000e+02 1.704663212435233222e+00
8.800000000000000000e+01 1.010000000000000000e+02 1.070000000000000000e+02 8.800000000000000000e+01 9.000000000000000000e+01 7.900000000000000000e+01 6.200000000000000000e+01 5.700000000000000000e+01 3.840000000000000000e+02 6.720000000000000000e+02 1.750000000000000000e+00
9.500000000000000000e+01 8.800000000000000000e+01 1.010000000000000000e+02 1.070000000000000000e+02 8.800000000000000000e+01 9.000000000000000000e+01 7.900000000000000000e+01 6.200000000000000000e+01 3.910000000000000000e+02 7.100000000000000000e+02 1.815856777493606078e+00
1.170000000000000000e+02 9.500000000000000000e+01 8.800000000000000000e+01 1.010000000000000000e+02 1.070000000000000000e+02 8.800000000000000000e+01 9.000000000000000000e+01 7.900000000000000000e+01 4.010000000000000000e+02 7.650000000000000000e+02 1.907730673316708314e+00
1.020000000000000000e+02 1.170000000000000000e+02 9.500000000000000000e+01 8.800000000000000000e+01 1.010000000000000000e+02 1.070000000000000000e+02 8.800000000000000000e+01 9.000000000000000000e+01 4.020000000000000000e+02 7.880000000000000000e+02 1.960199004975124337e+00
1.090000000000000000e+02 1.020000000000000000e+02 1.170000000000000000e+02 9.500000000000000000e+01 8.800000000000000000e+01 1.010000000000000000e+02 1.070000000000000000e+02 8.800000000000000000e+01 4.230000000000000000e+02 8.070000000000000000e+02 1.907801418439716290e+00
1.010000000000000000e+02 1.090000000000000000e+02 1.020000000000000000e+02 1.170000000000000000e+02 9.500000000000000000e+01 8.800000000000000000e+01 1.010000000000000000e+02 1.070000000000000000e+02 4.290000000000000000e+02 8.200000000000000000e+02 1.911421911421911313e+00
1.270000000000000000e+02 1.010000000000000000e+02 1.090000000000000000e+02 1.020000000000000000e+02 1.170000000000000000e+02 9.500000000000000000e+01 8.800000000000000000e+01 1.010000000000000000e+02 4.390000000000000000e+02 8.400000000000000000e+02 1.913439635535307604e+00
1.290000000000000000e+02 1.270000000000000000e+02 1.010000000000000000e+02 1.090000000000000000e+02 1.020000000000000000e+02 1.170000000000000000e+02 9.500000000000000000e+01 8.800000000000000000e+01 4.660000000000000000e+02 8.680000000000000000e+02 1.862660944206008473e+00
1.410000000000000000e+02 1.290000000000000000e+02 1.270000000000000000e+02 1.010000000000000000e+02 1.090000000000000000e+02 1.020000000000000000e+02 1.170000000000000000e+02 9.500000000000000000e+01 4.980000000000000000e+02 9.210000000000000000e+02 1.849397590361445687e+00
1.000000000000000000e+02 1.410000000000000000e+02 1.290000000000000000e+02 1.270000000000000000e+02 1.010000000000000000e+02 1.090000000000000000e+02 1.020000000000000000e+02 1.170000000000000000e+02 4.970000000000000000e+02 9.260000000000000000e+02 1.863179074446680072e+00
1.530000000000000000e+02 1.000000000000000000e+02 1.410000000000000000e+02 1.290000000000000000e+02 1.270000000000000000e+02 1.010000000000000000e+02 1.090000000000000000e+02 1.020000000000000000e+02 5.230000000000000000e+02 9.620000000000000000e+02 1.839388145315487666e+00
1.740000000000000000e+02 1.530000000000000000e+02 1.000000000000000000e+02 1.410000000000000000e+02 1.290000000000000000e+02 1.270000000000000000e+02 1.010000000000000000e+02 1.090000000000000000e+02 5.680000000000000000e+02 1.034000000000000000e+03 1.820422535211267512e+00
1.910000000000000000e+02 1.740000000000000000e+02 1.530000000000000000e+02 1.000000000000000000e+02 1.410000000000000000e+02 1.290000000000000000e+02 1.270000000000000000e+02 1.010000000000000000e+02 6.180000000000000000e+02 1.116000000000000000e+03 1.805825242718446688e+00
1.440000000000000000e+02 1.910000000000000000e+02 1.740000000000000000e+02 1.530000000000000000e+02 1.000000000000000000e+02 1.410000000000000000e+02 1.290000000000000000e+02 1.270000000000000000e+02 6.620000000000000000e+02 1.159000000000000000e+03 1.750755287009063466e+00
1.630000000000000000e+02 1.440000000000000000e+02 1.910000000000000000e+02 1.740000000000000000e+02 1.530000000000000000e+02 1.000000000000000000e+02 1.410000000000000000e+02 1.290000000000000000e+02 6.720000000000000000e+02 1.195000000000000000e+03 1.778273809523809534e+00
1.750000000000000000e+02 1.630000000000000000e+02 1.440000000000000000e+02 1.910000000000000000e+02 1.740000000000000000e+02 1.530000000000000000e+02 1.000000000000000000e+02 1.410000000000000000e+02 6.730000000000000000e+02 1.241000000000000000e+03 1.843982169390787629e+00
2.030000000000000000e+02 1.750000000000000000e+02 1.630000000000000000e+02 1.440000000000000000e+02 1.910000000000000000e+02 1.740000000000000000e+02 1.530000000000000000e+02 1.000000000000000000e+02 6.850000000000000000e+02 1.303000000000000000e+03 1.902189781021897730e+00
2.270000000000000000e+02 2.030000000000000000e+02 1.750000000000000000e+02 1.630000000000000000e+02 1.440000000000000000e+02 1.910000000000000000e+02 1.740000000000000000e+02 1.530000000000000000e+02 7.680000000000000000e+02 1.430000000000000000e+03 1.861979166666666741e+00
2.130000000000000000e+02 2.270000000000000000e+02 2.030000000000000000e+02 1.750000000000000000e+02 1.630000000000000000e+02 1.440000000000000000e+02 1.910000000000000000e+02 1.740000000000000000e+02 8.180000000000000000e+02 1.490000000000000000e+03 1.821515892420537908e+00
2.030000000000000000e+02 2.130000000000000000e+02 2.270000000000000000e+02 2.030000000000000000e+02 1.750000000000000000e+02 1.630000000000000000e+02 1.440000000000000000e+02 1.910000000000000000e+02 8.460000000000000000e+02 1.519000000000000000e+03 1.795508274231678580e+00
1.980000000000000000e+02 2.030000000000000000e+02 2.130000000000000000e+02 2.270000000000000000e+02 2.030000000000000000e+02 1.750000000000000000e+02 1.630000000000000000e+02 1.440000000000000000e+02 8.410000000000000000e+02 1.526000000000000000e+03 1.814506539833531606e+00
2.050000000000000000e+02 1.980000000000000000e+02 2.030000000000000000e+02 2.130000000000000000e+02 2.270000000000000000e+02 2.030000000000000000e+02 1.750000000000000000e+02 1.630000000000000000e+02 8.190000000000000000e+02 1.587000000000000000e+03 1.937728937728937728e+00
2.120000000000000000e+02 2.050000000000000000e+02 1.980000000000000000e+02 2.030000000000000000e+02 2.130000000000000000e+02 2.270000000000000000e+02 2.030000000000000000e+02 1.750000000000000000e+02 8.180000000000000000e+02 1.636000000000000000e+03 2.000000000000000000e+00
1.450000000000000000e+02 2.120000000000000000e+02 2.050000000000000000e+02 1.980000000000000000e+02 2.030000000000000000e+02 2.130000000000000000e+02 2.270000000000000000e+02 2.030000000000000000e+02 7.600000000000000000e+02 1.606000000000000000e+03 2.113157894736842124e+00
1.560000000000000000e+02 1.450000000000000000e+02 2.120000000000000000e+02 2.050000000000000000e+02 1.980000000000000000e+02 2.030000000000000000e+02 2.130000000000000000e+02 2.270000000000000000e+02 7.180000000000000000e+02 1.559000000000000000e+03 2.171309192200557181e+00
1.390000000000000000e+02 1.560000000000000000e+02 1.450000000000000000e+02 2.120000000000000000e+02 2.050000000000000000e+02 1.980000000000000000e+02 2.030000000000000000e+02 2.130000000000000000e+02 6.520000000000000000e+02 1.471000000000000000e+03 2.256134969325153339e+00
2.140000000000000000e+02 1.390000000000000000e+02 1.560000000000000000e+02 1.450000000000000000e+02 2.120000000000000000e+02 2.050000000000000000e+02 1.980000000000000000e+02 2.030000000000000000e+02 6.540000000000000000e+02 1.472000000000000000e+03 2.250764525993883769e+00
1.300000000000000000e+02 2.140000000000000000e+02 1.390000000000000000e+02 1.560000000000000000e+02 1.450000000000000000e+02 2.120000000000000000e+02 2.050000000000000000e+02 1.980000000000000000e+02 6.390000000000000000e+02 1.399000000000000000e+03 2.189358372456963853e+00
2.810000000000000000e+02 1.300000000000000000e+02 2.140000000000000000e+02 1.390000000000000000e+02 1.560000000000000000e+02 1.450000000000000000e+02 2.120000000000000000e+02 2.050000000000000000e+02 7.640000000000000000e+02 1.482000000000000000e+03 1.939790575916230386e+00
2.090000000000000000e+02 2.810000000000000000e+02 1.300000000000000000e+02 2.140000000000000000e+02 1.390000000000000000e+02 1.560000000000000000e+02 1.450000000000000000e+02 2.120000000000000000e+02 8.340000000000000000e+02 1.486000000000000000e+03 1.781774580335731439e+00
2.680000000000000000e+02 2.090000000000000000e+02 2.810000000000000000e+02 1.300000000000000000e+02 2.140000000000000000e+02 1.390000000000000000e+02 1.560000000000000000e+02 1.450000000000000000e+02 8.880000000000000000e+02 1.542000000000000000e+03 1.736486486486486402e+00
2.800000000000000000e+02 2.680000000000000000e+02 2.090000000000000000e+02 2.810000000000000000e+02 1.300000000000000000e+02 2.140000000000000000e+02 1.390000000000000000e+02 1.560000000000000000e+02 1.038000000000000000e+03 1.677000000000000000e+03 1.615606936416184913e+00
2.060000000000000000e+02 2.800000000000000000e+02 2.680000000000000000e+02 2.090000000000000000e+02 2.810000000000000000e+02 1.300000000000000000e+02 2.140000000000000000e+02 1.390000000000000000e+02 9.630000000000000000e+02 1.727000000000000000e+03 1.793354101765316733e+00
2.330000000000000000e+02 2.060000000000000000e+02 2.800000000000000000e+02 2.680000000000000000e+02 2.090000000000000000e+02 2.810000000000000000e+02 1.300000000000000000e+02 2.140000000000000000e+02 9.870000000000000000e+02 1.821000000000000000e+03 1.844984802431610893e+00
2.490000000000000000e+02 2.330000000000000000e+02 2.060000000000000000e+02 2.800000000000000000e+02 2.680000000000000000e+02 2.090000000000000000e+02 2.810000000000000000e+02 1.300000000000000000e+02 9.680000000000000000e+02 1.856000000000000000e+03 1.917355371900826499e+00
2.220000000000000000e+02 2.490000000000000000e+02 2.330000000000000000e+02 2.060000000000000000e+02 2.800000000000000000e+02 2.680000000000000000e+02 2.090000000000000000e+02 2.810000000000000000e+02 9.100000000000000000e+02 1.948000000000000000e+03 2.140659340659340604e+00
1.140000000000000000e+02 2.220000000000000000e+02 2.490000000000000000e+02 2.330000000000000000e+02 2.060000000000000000e+02 2.800000000000000000e+02 2.680000000000000000e+02 2.090000000000000000e+02 8.180000000000000000e+02 1.781000000000000000e+03 2.177261613691931608e+00
-1.360000000000000000e+02 1.140000000000000000e+02 2.220000000000000000e+02 2.490000000000000000e+02 2.330000000000000000e+02 2.060000000000000000e+02 2.800000000000000000e+02 2.680000000000000000e+02 4.490000000000000000e+02 1.436000000000000000e+03 3.198218262806236112e+00
-3.870000000000000000e+02 -1.360000000000000000e+02 1.140000000000000000e+02 2.220000000000000000e+02 2.490000000000000000e+02 2.330000000000000000e+02 2.060000000000000000e+02 2.800000000000000000e+02 -1.870000000000000000e+02 7.810000000000000000e+02 -4.176470588235294379e+00
2.390000000000000000e+02 -3.870000000000000000e+02 -1.360000000000000000e+02 1.140000000000000000e+02 2.220000000000000000e+02 2.490000000000000000e+02 2.330000000000000000e+02 2.060000000000000000e+02 -1.700000000000000000e+02 7.400000000000000000e+02 -4.352941176470587870e+00
2.110000000000000000e+02 2.390000000000000000e+02 -3.870000000000000000e+02 -1.360000000000000000e+02 1.140000000000000000e+02 2.220000000000000000e+02 2.490000000000000000e+02 2.330000000000000000e+02 -7.300000000000000000e+01 7.450000000000000000e+02 -1.020547945205479401e+01
2.840000000000000000e+02 2.110000000000000000e+02 2.390000000000000000e+02 -3.870000000000000000e+02 -1.360000000000000000e+02 1.140000000000000000e+02 2.220000000000000000e+02 2.490000000000000000e+02 3.470000000000000000e+02 7.960000000000000000e+02 2.293948126801152565e+00
4.570000000000000000e+02 2.840000000000000000e+02 2.110000000000000000e+02 2.390000000000000000e+02 -3.870000000000000000e+02 -1.360000000000000000e+02 1.140000000000000000e+02 2.220000000000000000e+02 1.191000000000000000e+03 1.004000000000000000e+03 8.429890848026868611e-01
2.810000000000000000e+02 4.570000000000000000e+02 2.840000000000000000e+02 2.110000000000000000e+02 2.390000000000000000e+02 -3.870000000000000000e+02 -1.360000000000000000e+02 1.140000000000000000e+02 1.233000000000000000e+03 1.063000000000000000e+03 8.621248986212489696e-01
2.860000000000000000e+02 2.810000000000000000e+02 4.570000000000000000e+02 2.840000000000000000e+02 2.110000000000000000e+02 2.390000000000000000e+02 -3.870000000000000000e+02 -1.360000000000000000e+02 1.308000000000000000e+03 1.235000000000000000e+03 9.441896024464832005e-01
4.190000000000000000e+02 2.860000000000000000e+02 2.810000000000000000e+02 4.570000000000000000e+02 2.840000000000000000e+02 2.110000000000000000e+02 2.390000000000000000e+02 -3.870000000000000000e+02 1.443000000000000000e+03 1.790000000000000000e+03 1.240471240471240577e+00
5.040000000000000000e+02 4.190000000000000000e+02 2.860000000000000000e+02 2.810000000000000000e+02 4.570000000000000000e+02 2.840000000000000000e+02 2.110000000000000000e+02 2.390000000000000000e+02 1.490000000000000000e+03 2.681000000000000000e+03 1.799328859060402630e+00
3.600000000000000000e+02 5.040000000000000000e+02 4.190000000000000000e+02 2.860000000000000000e+02 2.810000000000000000e+02 4.570000000000000000e+02 2.840000000000000000e+02 2.110000000000000000e+02 1.569000000000000000e+03 2.802000000000000000e+03 1.785850860420649999e+00
4.390000000000000000e+02 3.600000000000000000e+02 5.040000000000000000e+02 4.190000000000000000e+02 2.860000000000000000e+02 2.810000000000000000e+02 4.570000000000000000e+02 2.840000000000000000e+02 1.722000000000000000e+03 3.030000000000000000e+03 1.759581881533101022e+00
5.260000000000000000e+02 4.390000000000000000e+02 3.600000000000000000e+02 5.040000000000000000e+02 4.190000000000000000e+02 2.860000000000000000e+02 2.810000000000000000e+02 4.570000000000000000e+02 1.829000000000000000e+03 3.272000000000000000e+03 1.788955713504647438e+00
3.500000000000000000e+02 5.260000000000000000e+02 4.390000000000000000e+02 3.600000000000000000e+02 5.040000000000000000e+02 4.190000000000000000e+02 2.860000000000000000e+02 2.810000000000000000e+02 1.675000000000000000e+03 3.165000000000000000e+03 1.889552238805970230e+00
3.850000000000000000e+02 3.500000000000000000e+02 5.260000000000000000e+02 4.390000000000000000e+02 3.600000000000000000e+02 5.040000000000000000e+02 4.190000000000000000e+02 2.860000000000000000e+02 1.700000000000000000e+03 3.269000000000000000e+03 1.922941176470588154e+00
3.850000000000000000e+02 3.850000000000000000e+02 3.500000000000000000e+02 5.260000000000000000e+02 4.390000000000000000e+02 3.600000000000000000e+02 5.040000000000000000e+02 4.190000000000000000e+02 1.646000000000000000e+03 3.368000000000000000e+03 2.046172539489671927e+00
3.850000000000000000e+02 3.850000000000000000e+02 3.850000000000000000e+02 3.500000000000000000e+02 5.260000000000000000e+02 4.390000000000000000e+02 3.600000000000000000e+02 5.040000000000000000e+02 1.505000000000000000e+03 3.334000000000000000e+03 2.215282392026578062e+00
4.460000000000000000e+02 3.850000000000000000e+02 3.850000000000000000e+02 3.850000000000000000e+02 3.500000000000000000e+02 5.260000000000000000e+02 4.390000000000000000e+02 3.600000000000000000e+02 1.601000000000000000e+03 3.276000000000000000e+03 2.046221111805121673e+00
5.370000000000000000e+02 4.460000000000000000e+02 3.850000000000000000e+02 3.850000000000000000e+02 3.850000000000000000e+02 3.500000000000000000e+02 5.260000000000000000e+02 4.390000000000000000e+02 1.753000000000000000e+03 3.453000000000000000e+03 1.969766115231032622e+00
4.870000000000000000e+02 5.370000000000000000e+02 4.460000000000000000e+02 3.850000000000000000e+02 3.850000000000000000e+02 3.850000000000000000e+02 3.500000000000000000e+02 5.260000000000000000e+02 1.855000000000000000e+03 3.501000000000000000e+03 1.887331536388140218e+00
4.920000000000000000e+02 4.870000000000000000e+02 5.370000000000000000e+02 4.460000000000000000e+02 3.850000000000000000e+02 3.850000000000000000e+02 3.850000000000000000e+02 3.500000000000000000e+02 1.962000000000000000e+03 3.467000000000000000e+03 1.767074413863404692e+00
7.210000000000000000e+02 4.920000000000000000e+02 4.870000000000000000e+02 5.370000000000000000e+02 4.460000000000000000e+02 3.850000000000000000e+02 3.850000000000000000e+02 3.850000000000000000e+02 2.237000000000000000e+03 3.838000000000000000e+03 1.715690657130084951e+00
7.070000000000000000e+02 7.210000000000000000e+02 4.920000000000000000e+02 4.870000000000000000e+02 5.370000000000000000e+02 4.460000000000000000e+02 3.850000000000000000e+02 3.850000000000000000e+02 2.407000000000000000e+03 4.160000000000000000e+03 1.728292480265891218e+00
6.930000000000000000e+02 7.070000000000000000e+02 7.210000000000000000e+02 4.920000000000000000e+02 4.870000000000000000e+02 5.370000000000000000e+02 4.460000000000000000e+02 3.850000000000000000e+02 2.613000000000000000e+03 4.468000000000000000e+03 1.709911978568694924e+00
7.270000000000000000e+02 6.930000000000000000e+02 7.070000000000000000e+02 7.210000000000000000e+02 4.920000000000000000e+02 4.870000000000000000e+02 5.370000000000000000e+02 4.460000000000000000e+02 2.848000000000000000e+03 4.810000000000000000e+03 1.688904494382022392e+00
7.870000000000000000e+02 7.270000000000000000e+02 6.930000000000000000e+02 7.070000000000000000e+02 7.210000000000000000e+02 4.920000000000000000e+02 4.870000000000000000e+02 5.370000000000000000e+02 2.914000000000000000e+03 5.151000000000000000e+03 1.767673301304049316e+00
7.540000000000000000e+02 7.870000000000000000e+02 7.270000000000000000e+02 6.930000000000000000e+02 7.070000000000000000e+02 7.210000000000000000e+02 4.920000000000000000e+02 4.870000000000000000e+02 2.961000000000000000e+03 5.368000000000000000e+03 1.812901046943600214e+00
6.270000000000000000e+02 7.540000000000000000e+02 7.870000000000000000e+02 7.270000000000000000e+02 6.930000000000000000e+02 7.070000000000000000e+02 7.210000000000000000e+02 4.920000000000000000e+02 2.895000000000000000e+03 5.508000000000000000e+03 1.902590673575129454e+00
6.730000000000000000e+02 6.270000000000000000e+02 7.540000000000000000e+02 7.870000000000000000e+02 7.270000000000000000e+02 6.930000000000000000e+02 7.070000000000000000e+02 7.210000000000000000e+02 2.841000000000000000e+03 5.689000000000000000e+03 2.002463921154522986e+00
8.160000000000000000e+02 6.730000000000000000e+02 6.270000000000000000e+02 7.540000000000000000e+02 7.870000000000000000e+02 7.270000000000000000e+02 6.930000000000000000e+02 7.070000000000000000e+02 2.870000000000000000e+03 5.784000000000000000e+03 2.015331010452961813e+00
8.820000000000000000e+02 8.160000000000000000e+02 6.730000000000000000e+02 6.270000000000000000e+02 7.540000000000000000e+02 7.870000000000000000e+02 7.270000000000000000e+02 6.930000000000000000e+02 2.998000000000000000e+03 5.959000000000000000e+03 1.987658438959306162e+00
8.140000000000000000e+02 8.820000000000000000e+02 8.160000000000000000e+02 6.730000000000000000e+02 6.270000000000000000e+02 7.540000000000000000e+02 7.870000000000000000e+02 7.270000000000000000e+02 3.185000000000000000e+03 6.080000000000000000e+03 1.908948194662480446e+00
1.136000000000000000e+03 8.140000000000000000e+02 8.820000000000000000e+02 8.160000000000000000e+02 6.730000000000000000e+02 6.270000000000000000e+02 7.540000000000000000e+02 7.870000000000000000e+02 3.648000000000000000e+03 6.489000000000000000e+03 1.778782894736842035e+00
8.580000000000000000e+02 1.136000000000000000e+03 8.140000000000000000e+02 8.820000000000000000e+02 8.160000000000000000e+02 6.730000000000000000e+02 6.270000000000000000e+02 7.540000000000000000e+02 3.690000000000000000e+03 6.560000000000000000e+03 1.777777777777777679e+00
8.880000000000000000e+02 8.580000000000000000e+02 1.136000000000000000e+03 8.140000000000000000e+02 8.820000000000000000e+02 8.160000000000000000e+02 6.730000000000000000e+02 6.270000000000000000e+02 3.696000000000000000e+03 6.694000000000000000e+03 1.811147186147186172e+00
8.700000000000000000e+02 8.880000000000000000e+02 8.580000000000000000e+02 1.136000000000000000e+03 8.140000000000000000e+02 8.820000000000000000e+02 8.160000000000000000e+02 6.730000000000000000e+02 3.752000000000000000e+03 6.937000000000000000e+03 1.848880597014925353e+00
8.720000000000000000e+02 8.700000000000000000e+02 8.880000000000000000e+02 8.580000000000000000e+02 1.136000000000000000e+03 8.140000000000000000e+02 8.820000000000000000e+02 8.160000000000000000e+02 3.488000000000000000e+03 7.136000000000000000e+03 2.045871559633027470e+00
8.370000000000000000e+02 8.720000000000000000e+02 8.700000000000000000e+02 8.880000000000000000e+02 8.580000000000000000e+02 1.136000000000000000e+03 8.140000000000000000e+02 8.820000000000000000e+02 3.467000000000000000e+03 7.157000000000000000e+03 2.064320738390539312e+00
8.810000000000000000e+02 8.370000000000000000e+02 8.720000000000000000e+02 8.700000000000000000e+02 8.880000000000000000e+02 8.580000000000000000e+02 1.136000000000000000e+03 8.140000000000000000e+02 3.460000000000000000e+03 7.156000000000000000e+03 2.068208092485549265e+00
7.690000000000000000e+02 8.810000000000000000e+02 8.370000000000000000e+02 8.720000000000000000e+02 8.700000000000000000e+02 8.880000000000000000e+02 8.580000000000000000e+02 1.136000000000000000e+03 3.359000000000000000e+03 7.111000000000000000e+03 2.116999106877046621e+00
7.440000000000000000e+02 7.690000000000000000e+02 8.810000000000000000e+02 8.370000000000000000e+02 8.720000000000000000e+02 8.700000000000000000e+02 8.880000000000000000e+02 8.580000000000000000e+02 3.231000000000000000e+03 6.719000000000000000e+03 2.079541937480656077e+00
7.030000000000000000e+02 7.440000000000000000e+02 7.690000000000000000e+02 8.810000000000000000e+02 8.370000000000000000e+02 8.720000000000000000e+02 8.700000000000000000e+02 8.880000000000000000e+02 3.097000000000000000e+03 6.564000000000000000e+03 2.119470455279302445e+00
5.780000000000000000e+02 7.030000000000000000e+02 7.440000000000000000e+02 7.690000000000000000e+02 8.810000000000000000e+02 8.370000000000000000e+02 8.720000000000000000e+02 8.700000000000000000e+02 2.794000000000000000e+03 6.254000000000000000e+03 2.238367931281317169e+00
5.980000000000000000e+02 5.780000000000000000e+02 7.030000000000000000e+02 7.440000000000000000e+02 7.690000000000000000e+02 8.810000000000000000e+02 8.370000000000000000e+02 8.720000000000000000e+02 2.623000000000000000e+03 5.982000000000000000e+03 2.280594738848646497e+00
5.600000000000000000e+02 5.980000000000000000e+02 5.780000000000000000e+02 7.030000000000000000e+02 7.440000000000000000e+02 7.690000000000000000e+02 8.810000000000000000e+02 8.370000000000000000e+02 2.439000000000000000e+03 5.670000000000000000e+03 2.324723247232472367e+00
7.270000000000000000e+02 5.600000000000000000e+02 5.980000000000000000e+02 5.780000000000000000e+02 7.030000000000000000e+02 7.440000000000000000e+02 7.690000000000000000e+02 8.810000000000000000e+02 2.463000000000000000e+03 5.560000000000000000e+03 2.257409663012586165e+00
6.590000000000000000e+02 7.270000000000000000e+02 5.600000000000000000e+02 5.980000000000000000e+02 5.780000000000000000e+02 7.030000000000000000e+02 7.440000000000000000e+02 7.690000000000000000e+02 2.544000000000000000e+03 5.338000000000000000e+03 2.098270440251572388e+00
6.980000000000000000e+02 6.590000000000000000e+02 7.270000000000000000e+02 5.600000000000000000e+02 5.980000000000000000e+02 5.780000000000000000e+02 7.030000000000000000e+02 7.440000000000000000e+02 2.644000000000000000e+03 5.267000000000000000e+03 1.992057488653555142e+00
-1.000000000000000000e+08 6.980000000000000000e+02 6.590000000000000000e+02 7.270000000000000000e+02 5.600000000000000000e+02 5.980000000000000000e+02 5.780000000000000000e+02 7.030000000000000000e+02 -9.999791600000000000e+07 -9.999547700000000000e+07 9.999756094917018334e-01
