1.075000000000000000e+03 1.534000000000000000e+03 1.674000000000000000e+03 -1.410000000000000000e+02 -1.177000000000000000e+03 -2.327000000000000000e+03 -3.626000000000000000e+03 -3.651000000000000000e+03 4.142000000000000000e+03 -6.639000000000000000e+03 -1.602848865282472168e+00
-1.495000000000000000e+03 1.075000000000000000e+03 1.534000000000000000e+03 1.674000000000000000e+03 -1.410000000000000000e+02 -1.177000000000000000e+03 -2.327000000000000000e+03 -3.626000000000000000e+03 2.788000000000000000e+03 -4.483000000000000000e+03 -1.607962697274031516e+00
-4.216000000000000000e+03 -1.495000000000000000e+03 1.075000000000000000e+03 1.534000000000000000e+03 1.674000000000000000e+03 -1.410000000000000000e+02 -1.177000000000000000e+03 -2.327000000000000000e+03 -3.102000000000000000e+03 -5.073000000000000000e+03 1.635396518375241692e+00
-2.133000000000000000e+03 -4.216000000000000000e+03 -1.495000000000000000e+03 1.075000000000000000e+03 1.534000000000000000e+03 1.674000000000000000e+03 -1.410000000000000000e+02 -1.177000000000000000e+03 -6.769000000000000000e+03 -4.879000000000000000e+03 7.207859358841778308e-01
-2.679000000000000000e+03 -2.133000000000000000e+03 -4.216000000000000000e+03 -1.495000000000000000e+03 1.075000000000000000e+03 1.534000000000000000e+03 1.674000000000000000e+03 -1.410000000000000000e+02 -1.052300000000000000e+04 -6.381000000000000000e+03 6.063860115936520190e-01
-5.847000000000000000e+03 -2.679000000000000000e+03 -2.133000000000000000e+03 -4.216000000000000000e+03 -1.495000000000000000e+03 1.075000000000000000e+03 1.534000000000000000e+03 1.674000000000000000e+03 -1.487500000000000000e+04 -1.208700000000000000e+04 8.125714285714286111e-01
-6.713000000000000000e+03 -5.847000000000000000e+03 -2.679000000000000000e+03 -2.133000000000000000e+03 -4.216000000000000000e+03 -1.495000000000000000e+03 1.075000000000000000e+03 1.534000000000000000e+03 -1.737200000000000000e+04 -2.047400000000000000e+04 1.178563205157725058e+00
-5.962000000000000000e+03 -6.713000000000000000e+03 -5.847000000000000000e+03 -2.679000000000000000e+03 -2.133000000000000000e+03 -4.216000000000000000e+03 -1.495000000000000000e+03 1.075000000000000000e+03 -2.120100000000000000e+04 -2.797000000000000000e+04 1.319277392575821883e+00
-1.782000000000000000e+03 -5.962000000000000000e+03 -6.713000000000000000e+03 -5.847000000000000000e+03 -2.679000000000000000e+03 -2.133000000000000000e+03 -4.216000000000000000e+03 -1.495000000000000000e+03 -2.030400000000000000e+04 -3.082700000000000000e+04 1.518272261623325514e+00
3.117000000000000000e+03 -1.782000000000000000e+03 -5.962000000000000000e+03 -6.713000000000000000e+03 -5.847000000000000000e+03 -2.679000000000000000e+03 -2.133000000000000000e+03 -4.216000000000000000e+03 -1.134000000000000000e+04 -2.621500000000000000e+04 2.311728395061728225e+00
4.741000000000000000e+03 3.117000000000000000e+03 -1.782000000000000000e+03 -5.962000000000000000e+03 -6.713000000000000000e+03 -5.847000000000000000e+03 -2.679000000000000000e+03 -2.133000000000000000e+03 1.140000000000000000e+02 -1.725800000000000000e+04 -1.513859649122807127e+02
8.943000000000000000e+03 4.741000000000000000e+03 3.117000000000000000e+03 -1.782000000000000000e+03 -5.962000000000000000e+03 -6.713000000000000000e+03 -5.847000000000000000e+03 -2.679000000000000000e+03 1.501900000000000000e+04 -6.182000000000000000e+03 -4.116119581862973664e-01
7.600000000000000000e+03 8.943000000000000000e+03 4.741000000000000000e+03 3.117000000000000000e+03 -1.782000000000000000e+03 -5.962000000000000000e+03 -6.713000000000000000e+03 -5.847000000000000000e+03 2.440100000000000000e+04 4.097000000000000000e+03 1.679029547969345393e-01
1.442000000000000000e+03 7.600000000000000000e+03 8.943000000000000000e+03 4.741000000000000000e+03 3.117000000000000000e+03 -1.782000000000000000e+03 -5.962000000000000000e+03 -6.713000000000000000e+03 2.272600000000000000e+04 1.138600000000000000e+04 5.010120566751737892e-01
-9.820000000000000000e+02 1.442000000000000000e+03 7.600000000000000000e+03 8.943000000000000000e+03 4.741000000000000000e+03 3.117000000000000000e+03 -1.782000000000000000e+03 -5.962000000000000000e+03 1.700300000000000000e+04 1.711700000000000000e+04 1.006704699170734685e+00
-4.387000000000000000e+03 -9.820000000000000000e+02 1.442000000000000000e+03 7.600000000000000000e+03 8.943000000000000000e+03 4.741000000000000000e+03 3.117000000000000000e+03 -1.782000000000000000e+03 3.673000000000000000e+03 1.869200000000000000e+04 5.089028042472093283e+00
-4.434000000000000000e+03 -4.387000000000000000e+03 -9.820000000000000000e+02 1.442000000000000000e+03 7.600000000000000000e+03 8.943000000000000000e+03 4.741000000000000000e+03 3.117000000000000000e+03 -8.361000000000000000e+03 1.604000000000000000e+04 -1.918430809711757057e+00
-8.370000000000000000e+02 -4.434000000000000000e+03 -4.387000000000000000e+03 -9.820000000000000000e+02 1.442000000000000000e+03 7.600000000000000000e+03 8.943000000000000000e+03 4.741000000000000000e+03 -1.064000000000000000e+04 1.208600000000000000e+04 -1.135902255639097636e+00
1.700000000000000000e+01 -8.370000000000000000e+02 -4.434000000000000000e+03 -4.387000000000000000e+03 -9.820000000000000000e+02 1.442000000000000000e+03 7.600000000000000000e+03 8.943000000000000000e+03 -9.641000000000000000e+03 7.362000000000000000e+03 -7.636137330152473757e-01
6.760000000000000000e+02 1.700000000000000000e+01 -8.370000000000000000e+02 -4.434000000000000000e+03 -4.387000000000000000e+03 -9.820000000000000000e+02 1.442000000000000000e+03 7.600000000000000000e+03 -4.578000000000000000e+03 -9.050000000000000000e+02 1.976845784185233823e-01
3.451000000000000000e+03 6.760000000000000000e+02 1.700000000000000000e+01 -8.370000000000000000e+02 -4.434000000000000000e+03 -4.387000000000000000e+03 -9.820000000000000000e+02 1.442000000000000000e+03 3.307000000000000000e+03 -5.054000000000000000e+03 -1.528273359540369025e+00
-6.067000000000000000e+03 3.451000000000000000e+03 6.760000000000000000e+02 1.700000000000000000e+01 -8.370000000000000000e+02 -4.434000000000000000e+03 -4.387000000000000000e+03 -9.820000000000000000e+02 -1.923000000000000000e+03 -1.256300000000000000e+04 6.533021320852833824e+00
-6.872000000000000000e+03 -6.067000000000000000e+03 3.451000000000000000e+03 6.760000000000000000e+02 1.700000000000000000e+01 -8.370000000000000000e+02 -4.434000000000000000e+03 -4.387000000000000000e+03 -8.812000000000000000e+03 -1.845300000000000000e+04 2.094076259645937466e+00
-7.316000000000000000e+03 -6.872000000000000000e+03 -6.067000000000000000e+03 3.451000000000000000e+03 6.760000000000000000e+02 1.700000000000000000e+01 -8.370000000000000000e+02 -4.434000000000000000e+03 -1.680400000000000000e+04 -2.138200000000000000e+04 1.272435134491787689e+00
-7.373000000000000000e+03 -7.316000000000000000e+03 -6.872000000000000000e+03 -6.067000000000000000e+03 3.451000000000000000e+03 6.760000000000000000e+02 1.700000000000000000e+01 -8.370000000000000000e+02 -2.762800000000000000e+04 -2.432100000000000000e+04 8.803025915737657803e-01
-1.381000000000000000e+03 -7.373000000000000000e+03 -7.316000000000000000e+03 -6.872000000000000000e+03 -6.067000000000000000e+03 3.451000000000000000e+03 6.760000000000000000e+02 1.700000000000000000e+01 -2.294200000000000000e+04 -2.486500000000000000e+04 1.083820067997559145e+00
-1.335000000000000000e+03 -1.381000000000000000e+03 -7.373000000000000000e+03 -7.316000000000000000e+03 -6.872000000000000000e+03 -6.067000000000000000e+03 3.451000000000000000e+03 6.760000000000000000e+02 -1.740500000000000000e+04 -2.621700000000000000e+04 1.506291295604711200e+00
-1.293000000000000000e+03 -1.335000000000000000e+03 -1.381000000000000000e+03 -7.373000000000000000e+03 -7.316000000000000000e+03 -6.872000000000000000e+03 -6.067000000000000000e+03 3.451000000000000000e+03 -1.138200000000000000e+04 -2.818600000000000000e+04 2.476366192233351082e+00
-3.420000000000000000e+02 -1.293000000000000000e+03 -1.335000000000000000e+03 -1.381000000000000000e+03 -7.373000000000000000e+03 -7.316000000000000000e+03 -6.872000000000000000e+03 -6.067000000000000000e+03 -4.351000000000000000e+03 -3.197900000000000000e+04 7.349804642610894057e+00
5.014000000000000000e+03 -3.420000000000000000e+02 -1.293000000000000000e+03 -1.335000000000000000e+03 -1.381000000000000000e+03 -7.373000000000000000e+03 -7.316000000000000000e+03 -6.872000000000000000e+03 2.044000000000000000e+03 -2.089800000000000000e+04 -1.022407045009784810e+01
5.974000000000000000e+03 5.014000000000000000e+03 -3.420000000000000000e+02 -1.293000000000000000e+03 -1.335000000000000000e+03 -1.381000000000000000e+03 -7.373000000000000000e+03 -7.316000000000000000e+03 9.353000000000000000e+03 -8.052000000000000000e+03 -8.609002459104030391e-01
5.592000000000000000e+03 5.974000000000000000e+03 5.014000000000000000e+03 -3.420000000000000000e+02 -1.293000000000000000e+03 -1.335000000000000000e+03 -1.381000000000000000e+03 -7.373000000000000000e+03 1.623800000000000000e+04 4.856000000000000000e+03 2.990516073408054920e-01
5.241000000000000000e+03 5.592000000000000000e+03 5.974000000000000000e+03 5.014000000000000000e+03 -3.420000000000000000e+02 -1.293000000000000000e+03 -1.335000000000000000e+03 -1.381000000000000000e+03 2.182100000000000000e+04 1.747000000000000000e+04 8.006049218642592447e-01
4.665000000000000000e+03 5.241000000000000000e+03 5.592000000000000000e+03 5.974000000000000000e+03 5.014000000000000000e+03 -3.420000000000000000e+02 -1.293000000000000000e+03 -1.335000000000000000e+03 2.147200000000000000e+04 2.351600000000000000e+04 1.095193740685543871e+00
4.872000000000000000e+03 4.665000000000000000e+03 5.241000000000000000e+03 5.592000000000000000e+03 5.974000000000000000e+03 5.014000000000000000e+03 -3.420000000000000000e+02 -1.293000000000000000e+03 2.037000000000000000e+04 2.972300000000000000e+04 1.459155621011291037e+00
5.174000000000000000e+03 4.872000000000000000e+03 4.665000000000000000e+03 5.241000000000000000e+03 5.592000000000000000e+03 5.974000000000000000e+03 5.014000000000000000e+03 -3.420000000000000000e+02 1.995200000000000000e+04 3.619000000000000000e+04 1.813853247794707357e+00
6.120000000000000000e+03 5.174000000000000000e+03 4.872000000000000000e+03 4.665000000000000000e+03 5.241000000000000000e+03 5.592000000000000000e+03 5.974000000000000000e+03 5.014000000000000000e+03 2.083100000000000000e+04 4.265200000000000000e+04 2.047525322836157624e+00
2.094000000000000000e+03 6.120000000000000000e+03 5.174000000000000000e+03 4.872000000000000000e+03 4.665000000000000000e+03 5.241000000000000000e+03 5.592000000000000000e+03 5.974000000000000000e+03 1.826000000000000000e+04 3.973200000000000000e+04 2.175903614457831203e+00
2.540000000000000000e+03 2.094000000000000000e+03 6.120000000000000000e+03 5.174000000000000000e+03 4.872000000000000000e+03 4.665000000000000000e+03 5.241000000000000000e+03 5.592000000000000000e+03 1.592800000000000000e+04 3.629800000000000000e+04 2.278879959819186229e+00
4.179000000000000000e+03 2.540000000000000000e+03 2.094000000000000000e+03 6.120000000000000000e+03 5.174000000000000000e+03 4.872000000000000000e+03 4.665000000000000000e+03 5.241000000000000000e+03 1.493300000000000000e+04 3.488500000000000000e+04 2.336101252260095240e+00
6.037000000000000000e+03 4.179000000000000000e+03 2.540000000000000000e+03 2.094000000000000000e+03 6.120000000000000000e+03 5.174000000000000000e+03 4.872000000000000000e+03 4.665000000000000000e+03 1.485000000000000000e+04 3.568100000000000000e+04 2.402760942760942875e+00
9.496000000000000000e+03 6.037000000000000000e+03 4.179000000000000000e+03 2.540000000000000000e+03 2.094000000000000000e+03 6.120000000000000000e+03 5.174000000000000000e+03 4.872000000000000000e+03 2.225200000000000000e+04 4.051200000000000000e+04 1.820600395470070021e+00
1.088900000000000000e+04 9.496000000000000000e+03 6.037000000000000000e+03 4.179000000000000000e+03 2.540000000000000000e+03 2.094000000000000000e+03 6.120000000000000000e+03 5.174000000000000000e+03 3.060100000000000000e+04 4.652900000000000000e+04 1.520505865821378366e+00
9.169000000000000000e+03 1.088900000000000000e+04 9.496000000000000000e+03 6.037000000000000000e+03 4.179000000000000000e+03 2.540000000000000000e+03 2.094000000000000000e+03 6.120000000000000000e+03 3.559100000000000000e+04 5.052400000000000000e+04 1.419572363799836978e+00
7.601000000000000000e+03 9.169000000000000000e+03 1.088900000000000000e+04 9.496000000000000000e+03 6.037000000000000000e+03 4.179000000000000000e+03 2.540000000000000000e+03 2.094000000000000000e+03 3.715500000000000000e+04 5.200500000000000000e+04 1.399677028663706135e+00
5.812000000000000000e+03 7.601000000000000000e+03 9.169000000000000000e+03 1.088900000000000000e+04 9.496000000000000000e+03 6.037000000000000000e+03 4.179000000000000000e+03 2.540000000000000000e+03 3.347100000000000000e+04 5.572300000000000000e+04 1.664814316871321420e+00
3.064000000000000000e+03 5.812000000000000000e+03 7.601000000000000000e+03 9.169000000000000000e+03 1.088900000000000000e+04 9.496000000000000000e+03 6.037000000000000000e+03 4.179000000000000000e+03 2.564600000000000000e+04 5.624700000000000000e+04 2.193207517741558199e+00
2.569000000000000000e+03 3.064000000000000000e+03 5.812000000000000000e+03 7.601000000000000000e+03 9.169000000000000000e+03 1.088900000000000000e+04 9.496000000000000000e+03 6.037000000000000000e+03 1.904600000000000000e+04 5.463700000000000000e+04 2.868686338338758635e+00
5.783000000000000000e+03 2.569000000000000000e+03 3.064000000000000000e+03 5.812000000000000000e+03 7.601000000000000000e+03 9.169000000000000000e+03 1.088900000000000000e+04 9.496000000000000000e+03 1.722800000000000000e+04 5.438300000000000000e+04 3.156663570931042440e+00
1.363400000000000000e+04 5.783000000000000000e+03 2.569000000000000000e+03 3.064000000000000000e+03 5.812000000000000000e+03 7.601000000000000000e+03 9.169000000000000000e+03 1.088900000000000000e+04 2.505000000000000000e+04 5.852100000000000000e+04 2.336167664670658617e+00
1.580400000000000000e+04 1.363400000000000000e+04 5.783000000000000000e+03 2.569000000000000000e+03 3.064000000000000000e+03 5.812000000000000000e+03 7.601000000000000000e+03 9.169000000000000000e+03 3.779000000000000000e+04 6.343600000000000000e+04 1.678645144218047003e+00
1.753900000000000000e+04 1.580400000000000000e+04 1.363400000000000000e+04 5.783000000000000000e+03 2.569000000000000000e+03 3.064000000000000000e+03 5.812000000000000000e+03 7.601000000000000000e+03 5.276000000000000000e+04 7.180600000000000000e+04 1.360993176648976455e+00
1.808100000000000000e+04 1.753900000000000000e+04 1.580400000000000000e+04 1.363400000000000000e+04 5.783000000000000000e+03 2.569000000000000000e+03 3.064000000000000000e+03 5.812000000000000000e+03 6.505800000000000000e+04 8.228600000000000000e+04 1.264809861969319771e+00
1.746200000000000000e+04 1.808100000000000000e+04 1.753900000000000000e+04 1.580400000000000000e+04 1.363400000000000000e+04 5.783000000000000000e+03 2.569000000000000000e+03 3.064000000000000000e+03 6.888600000000000000e+04 9.393600000000000000e+04 1.363644281856981166e+00
1.625000000000000000e+04 1.746200000000000000e+04 1.808100000000000000e+04 1.753900000000000000e+04 1.580400000000000000e+04 1.363400000000000000e+04 5.783000000000000000e+03 2.569000000000000000e+03 6.933200000000000000e+04 1.071220000000000000e+05 1.545058558818438899e+00
1.257800000000000000e+04 1.625000000000000000e+04 1.746200000000000000e+04 1.808100000000000000e+04 1.753900000000000000e+04 1.580400000000000000e+04 1.363400000000000000e+04 5.783000000000000000e+03 6.437100000000000000e+04 1.171310000000000000e+05 1.819623743611253452e+00
1.186600000000000000e+04 1.257800000000000000e+04 1.625000000000000000e+04 1.746200000000000000e+04 1.808100000000000000e+04 1.753900000000000000e+04 1.580400000000000000e+04 1.363400000000000000e+04 5.815600000000000000e+04 1.232140000000000000e+05 2.118680789600384973e+00
7.268000000000000000e+03 1.186600000000000000e+04 1.257800000000000000e+04 1.625000000000000000e+04 1.746200000000000000e+04 1.808100000000000000e+04 1.753900000000000000e+04 1.580400000000000000e+04 4.796200000000000000e+04 1.168480000000000000e+05 2.436262040782286142e+00
9.540000000000000000e+03 7.268000000000000000e+03 1.186600000000000000e+04 1.257800000000000000e+04 1.625000000000000000e+04 1.746200000000000000e+04 1.808100000000000000e+04 1.753900000000000000e+04 4.125200000000000000e+04 1.105840000000000000e+05 2.680694269368757876e+00
6.862000000000000000e+03 9.540000000000000000e+03 7.268000000000000000e+03 1.186600000000000000e+04 1.257800000000000000e+04 1.625000000000000000e+04 1.746200000000000000e+04 1.808100000000000000e+04 3.553600000000000000e+04 9.990700000000000000e+04 2.811430661864025016e+00
6.150000000000000000e+03 6.862000000000000000e+03 9.540000000000000000e+03 7.268000000000000000e+03 1.186600000000000000e+04 1.257800000000000000e+04 1.625000000000000000e+04 1.746200000000000000e+04 2.982000000000000000e+04 8.797600000000000000e+04 2.950234741784037773e+00
-3.926000000000000000e+03 6.150000000000000000e+03 6.862000000000000000e+03 9.540000000000000000e+03 7.268000000000000000e+03 1.186600000000000000e+04 1.257800000000000000e+04 1.625000000000000000e+04 1.862600000000000000e+04 6.658800000000000000e+04 3.575002684419628540e+00
1.202000000000000000e+03 -3.926000000000000000e+03 6.150000000000000000e+03 6.862000000000000000e+03 9.540000000000000000e+03 7.268000000000000000e+03 1.186600000000000000e+04 1.257800000000000000e+04 1.028800000000000000e+04 5.154000000000000000e+04 5.009720062208398161e+00
1.031900000000000000e+04 1.202000000000000000e+03 -3.926000000000000000e+03 6.150000000000000000e+03 6.862000000000000000e+03 9.540000000000000000e+03 7.268000000000000000e+03 1.186600000000000000e+04 1.374500000000000000e+04 4.928100000000000000e+04 3.585376500545653045e+00
1.492700000000000000e+04 1.031900000000000000e+04 1.202000000000000000e+03 -3.926000000000000000e+03 6.150000000000000000e+03 6.862000000000000000e+03 9.540000000000000000e+03 7.268000000000000000e+03 2.252200000000000000e+04 5.234200000000000000e+04 2.324038717698250434e+00
-4.038500000000000000e+04 1.492700000000000000e+04 1.031900000000000000e+04 1.202000000000000000e+03 -3.926000000000000000e+03 6.150000000000000000e+03 6.862000000000000000e+03 9.540000000000000000e+03 -1.393700000000000000e+04 4.689000000000000000e+03 -3.364425629619000047e-01
-1.096700000000000000e+04 -4.038500000000000000e+04 1.492700000000000000e+04 1.031900000000000000e+04 1.202000000000000000e+03 -3.926000000000000000e+03 6.150000000000000000e+03 6.862000000000000000e+03 -2.610600000000000000e+04 -1.581800000000000000e+04 6.059143491917566848e-01
-8.756100000000000000e+04 -1.096700000000000000e+04 -4.038500000000000000e+04 1.492700000000000000e+04 1.031900000000000000e+04 1.202000000000000000e+03 -3.926000000000000000e+03 6.150000000000000000e+03 -1.239860000000000000e+05 -1.102410000000000000e+05 8.891407094349361717e-01
-4.088700000000000000e+04 -8.756100000000000000e+04 -1.096700000000000000e+04 -4.038500000000000000e+04 1.492700000000000000e+04 1.031900000000000000e+04 1.202000000000000000e+03 -3.926000000000000000e+03 -1.798000000000000000e+05 -1.572780000000000000e+05 8.747385984427141770e-01
3.893000000000000000e+03 -4.088700000000000000e+04 -8.756100000000000000e+04 -1.096700000000000000e+04 -4.038500000000000000e+04 1.492700000000000000e+04 1.031900000000000000e+04 1.202000000000000000e+03 -1.355220000000000000e+05 -1.494590000000000000e+05 1.102839391390327828e+00
1.416800000000000000e+04 3.893000000000000000e+03 -4.088700000000000000e+04 -8.756100000000000000e+04 -1.096700000000000000e+04 -4.038500000000000000e+04 1.492700000000000000e+04 1.031900000000000000e+04 -1.103870000000000000e+05 -1.364930000000000000e+05 1.236495239475662977e+00
2.145200000000000000e+04 1.416800000000000000e+04 3.893000000000000000e+03 -4.088700000000000000e+04 -8.756100000000000000e+04 -1.096700000000000000e+04 -4.038500000000000000e+04 1.492700000000000000e+04 -1.374000000000000000e+03 -1.253600000000000000e+05 9.123726346433770118e+01
1.263700000000000000e+04 2.145200000000000000e+04 1.416800000000000000e+04 3.893000000000000000e+03 -4.088700000000000000e+04 -8.756100000000000000e+04 -1.096700000000000000e+04 -4.038500000000000000e+04 5.215000000000000000e+04 -1.276500000000000000e+05 -2.447746883988494826e+00
2.251100000000000000e+04 1.263700000000000000e+04 2.145200000000000000e+04 1.416800000000000000e+04 3.893000000000000000e+03 -4.088700000000000000e+04 -8.756100000000000000e+04 -1.096700000000000000e+04 7.076800000000000000e+04 -6.475400000000000000e+04 -9.150180872710830249e-01
1.658200000000000000e+04 2.251100000000000000e+04 1.263700000000000000e+04 2.145200000000000000e+04 1.416800000000000000e+04 3.893000000000000000e+03 -4.088700000000000000e+04 -8.756100000000000000e+04 7.318200000000000000e+04 -3.720500000000000000e+04 -5.083900412669781765e-01
2.034900000000000000e+04 1.658200000000000000e+04 2.251100000000000000e+04 1.263700000000000000e+04 2.145200000000000000e+04 1.416800000000000000e+04 3.893000000000000000e+03 -4.088700000000000000e+04 7.207900000000000000e+04 7.070500000000000000e+04 9.809375823748942569e-01
5.234000000000000000e+03 2.034900000000000000e+04 1.658200000000000000e+04 2.251100000000000000e+04 1.263700000000000000e+04 2.145200000000000000e+04 1.416800000000000000e+04 3.893000000000000000e+03 6.467600000000000000e+04 1.168260000000000000e+05 1.806326921887562609e+00
-2.241000000000000000e+03 5.234000000000000000e+03 2.034900000000000000e+04 1.658200000000000000e+04 2.251100000000000000e+04 1.263700000000000000e+04 2.145200000000000000e+04 1.416800000000000000e+04 3.992400000000000000e+04 1.106920000000000000e+05 2.772567878970042976e+00
3.137000000000000000e+03 -2.241000000000000000e+03 5.234000000000000000e+03 2.034900000000000000e+04 1.658200000000000000e+04 2.251100000000000000e+04 1.263700000000000000e+04 2.145200000000000000e+04 2.647900000000000000e+04 9.966100000000000000e+04 3.763775067034253574e+00
4.077000000000000000e+03 3.137000000000000000e+03 -2.241000000000000000e+03 5.234000000000000000e+03 2.034900000000000000e+04 1.658200000000000000e+04 2.251100000000000000e+04 1.263700000000000000e+04 1.020700000000000000e+04 8.228600000000000000e+04 8.061722347408641909e+00
2.391800000000000000e+04 4.077000000000000000e+03 3.137000000000000000e+03 -2.241000000000000000e+03 5.234000000000000000e+03 2.034900000000000000e+04 1.658200000000000000e+04 2.251100000000000000e+04 2.889100000000000000e+04 9.356700000000000000e+04 3.238621023848257341e+00
1.550400000000000000e+04 2.391800000000000000e+04 4.077000000000000000e+03 3.137000000000000000e+03 -2.241000000000000000e+03 5.234000000000000000e+03 2.034900000000000000e+04 1.658200000000000000e+04 4.663600000000000000e+04 8.656000000000000000e+04 1.856076850501758191e+00
1.023400000000000000e+04 1.550400000000000000e+04 2.391800000000000000e+04 4.077000000000000000e+03 3.137000000000000000e+03 -2.241000000000000000e+03 5.234000000000000000e+03 2.034900000000000000e+04 5.373300000000000000e+04 8.021200000000000000e+04 1.492788416801593021e+00
1.203500000000000000e+04 1.023400000000000000e+04 1.550400000000000000e+04 2.391800000000000000e+04 4.077000000000000000e+03 3.137000000000000000e+03 -2.241000000000000000e+03 5.234000000000000000e+03 6.169100000000000000e+04 7.189800000000000000e+04 1.165453631810150492e+00
1.590700000000000000e+04 1.203500000000000000e+04 1.023400000000000000e+04 1.550400000000000000e+04 2.391800000000000000e+04 4.077000000000000000e+03 3.137000000000000000e+03 -2.241000000000000000e+03 5.368000000000000000e+04 8.257100000000000000e+04 1.538207898658718431e+00
-8.936000000000000000e+03 1.590700000000000000e+04 1.203500000000000000e+04 1.023400000000000000e+04 1.550400000000000000e+04 2.391800000000000000e+04 4.077000000000000000e+03 3.137000000000000000e+03 2.924000000000000000e+04 7.587600000000000000e+04 2.594938440492476239e+00
-3.586000000000000000e+03 -8.936000000000000000e+03 1.590700000000000000e+04 1.203500000000000000e+04 1.023400000000000000e+04 1.550400000000000000e+04 2.391800000000000000e+04 4.077000000000000000e+03 1.542000000000000000e+04 6.915300000000000000e+04 4.484630350194552584e+00
6.635000000000000000e+03 -3.586000000000000000e+03 -8.936000000000000000e+03 1.590700000000000000e+04 1.203500000000000000e+04 1.023400000000000000e+04 1.550400000000000000e+04 2.391800000000000000e+04 1.002000000000000000e+04 7.171100000000000000e+04 7.156786427145708451e+00
1.186200000000000000e+04 6.635000000000000000e+03 -3.586000000000000000e+03 -8.936000000000000000e+03 1.590700000000000000e+04 1.203500000000000000e+04 1.023400000000000000e+04 1.550400000000000000e+04 5.975000000000000000e+03 5.965500000000000000e+04 9.984100418410042366e+00
1.789500000000000000e+04 1.186200000000000000e+04 6.635000000000000000e+03 -3.586000000000000000e+03 -8.936000000000000000e+03 1.590700000000000000e+04 1.203500000000000000e+04 1.023400000000000000e+04 3.280600000000000000e+04 6.204600000000000000e+04 1.891300371883192000e+00
1.686900000000000000e+04 1.789500000000000000e+04 1.186200000000000000e+04 6.635000000000000000e+03 -3.586000000000000000e+03 -8.936000000000000000e+03 1.590700000000000000e+04 1.203500000000000000e+04 5.326100000000000000e+04 6.868100000000000000e+04 1.289517658324102145e+00
1.780200000000000000e+04 1.686900000000000000e+04 1.789500000000000000e+04 1.186200000000000000e+04 6.635000000000000000e+03 -3.586000000000000000e+03 -8.936000000000000000e+03 1.590700000000000000e+04 6.442800000000000000e+04 7.444800000000000000e+04 1.155522443658036913e+00
2.047500000000000000e+04 1.780200000000000000e+04 1.686900000000000000e+04 1.789500000000000000e+04 1.186200000000000000e+04 6.635000000000000000e+03 -3.586000000000000000e+03 -8.936000000000000000e+03 7.304100000000000000e+04 7.901600000000000000e+04 1.081803370709601531e+00
7.884000000000000000e+03 2.047500000000000000e+04 1.780200000000000000e+04 1.686900000000000000e+04 1.789500000000000000e+04 1.186200000000000000e+04 6.635000000000000000e+03 -3.586000000000000000e+03 6.303000000000000000e+04 9.583600000000000000e+04 1.520482310011105787e+00
2.103300000000000000e+04 7.884000000000000000e+03 2.047500000000000000e+04 1.780200000000000000e+04 1.686900000000000000e+04 1.789500000000000000e+04 1.186200000000000000e+04 6.635000000000000000e+03 6.719400000000000000e+04 1.204550000000000000e+05 1.792645176652677419e+00
2.180800000000000000e+04 2.103300000000000000e+04 7.884000000000000000e+03 2.047500000000000000e+04 1.780200000000000000e+04 1.686900000000000000e+04 1.789500000000000000e+04 1.186200000000000000e+04 7.120000000000000000e+04 1.356280000000000000e+05 1.904887640449438146e+00
2.272600000000000000e+04 2.180800000000000000e+04 2.103300000000000000e+04 7.884000000000000000e+03 2.047500000000000000e+04 1.780200000000000000e+04 1.686900000000000000e+04 1.789500000000000000e+04 7.345100000000000000e+04 1.464920000000000000e+05 1.994418047405753569e+00
2.152700000000000000e+04 2.272600000000000000e+04 2.180800000000000000e+04 2.103300000000000000e+04 7.884000000000000000e+03 2.047500000000000000e+04 1.780200000000000000e+04 1.686900000000000000e+04 8.709400000000000000e+04 1.501240000000000000e+05 1.723700828989367828e+00
2.215700000000000000e+04 2.152700000000000000e+04 2.272600000000000000e+04 2.180800000000000000e+04 2.103300000000000000e+04 7.884000000000000000e+03 2.047500000000000000e+04 1.780200000000000000e+04 8.821800000000000000e+04 1.554120000000000000e+05 1.761681289532748496e+00
2.173400000000000000e+04 2.215700000000000000e+04 2.152700000000000000e+04 2.272600000000000000e+04 2.180800000000000000e+04 2.103300000000000000e+04 7.884000000000000000e+03 2.047500000000000000e+04 8.814400000000000000e+04 1.593440000000000000e+05 1.807769105100744289e+00
2.383700000000000000e+04 2.173400000000000000e+04 2.215700000000000000e+04 2.152700000000000000e+04 2.272600000000000000e+04 2.180800000000000000e+04 2.103300000000000000e+04 7.884000000000000000e+03 8.925500000000000000e+04 1.627060000000000000e+05 1.822934289395552021e+00
2.284900000000000000e+04 2.383700000000000000e+04 2.173400000000000000e+04 2.215700000000000000e+04 2.152700000000000000e+04 2.272600000000000000e+04 2.180800000000000000e+04 2.103300000000000000e+04 9.057700000000000000e+04 1.776710000000000000e+05 1.961546529472161904e+00
2.300900000000000000e+04 2.284900000000000000e+04 2.383700000000000000e+04 2.173400000000000000e+04 2.215700000000000000e+04 2.152700000000000000e+04 2.272600000000000000e+04 2.180800000000000000e+04 9.142900000000000000e+04 1.796470000000000000e+05 1.964879852125693160e+00
-1.000000000000000000e+08 2.300900000000000000e+04 2.284900000000000000e+04 2.383700000000000000e+04 2.173400000000000000e+04 2.215700000000000000e+04 2.152700000000000000e+04 2.272600000000000000e+04 -9.993030500000000000e+07 -9.984216100000000000e+07 9.991179452519433069e-01
