1.204800000000000000e+04 9.628000000000000000e+03 1.143800000000000000e+04 1.284100000000000000e+04 1.431100000000000000e+04 9.698000000000000000e+03 1.021900000000000000e+04 1.077100000000000000e+04 4.595500000000000000e+04 9.095400000000000000e+04 1.979197040583179135e+00
1.030100000000000000e+04 1.204800000000000000e+04 9.628000000000000000e+03 1.143800000000000000e+04 1.284100000000000000e+04 1.431100000000000000e+04 9.698000000000000000e+03 1.021900000000000000e+04 4.341500000000000000e+04 9.048400000000000000e+04 2.084164459288264215e+00
1.017800000000000000e+04 1.030100000000000000e+04 1.204800000000000000e+04 9.628000000000000000e+03 1.143800000000000000e+04 1.284100000000000000e+04 1.431100000000000000e+04 9.698000000000000000e+03 4.215500000000000000e+04 9.044300000000000000e+04 2.145486893606926682e+00
9.098000000000000000e+03 1.017800000000000000e+04 1.030100000000000000e+04 1.204800000000000000e+04 9.628000000000000000e+03 1.143800000000000000e+04 1.284100000000000000e+04 1.431100000000000000e+04 4.162500000000000000e+04 8.984300000000000000e+04 2.158390390390390490e+00
9.945000000000000000e+03 9.098000000000000000e+03 1.017800000000000000e+04 1.030100000000000000e+04 1.204800000000000000e+04 9.628000000000000000e+03 1.143800000000000000e+04 1.284100000000000000e+04 3.952200000000000000e+04 8.547700000000000000e+04 2.162770102727594956e+00
1.432700000000000000e+04 9.945000000000000000e+03 9.098000000000000000e+03 1.017800000000000000e+04 1.030100000000000000e+04 1.204800000000000000e+04 9.628000000000000000e+03 1.143800000000000000e+04 4.354800000000000000e+04 8.696300000000000000e+04 1.996945898778359485e+00
1.124900000000000000e+04 1.432700000000000000e+04 9.945000000000000000e+03 9.098000000000000000e+03 1.017800000000000000e+04 1.030100000000000000e+04 1.204800000000000000e+04 9.628000000000000000e+03 4.461900000000000000e+04 8.677400000000000000e+04 1.944776888769358392e+00
1.227600000000000000e+04 1.124900000000000000e+04 1.432700000000000000e+04 9.945000000000000000e+03 9.098000000000000000e+03 1.017800000000000000e+04 1.030100000000000000e+04 1.204800000000000000e+04 4.779700000000000000e+04 8.942200000000000000e+04 1.870870556729501866e+00
1.066600000000000000e+04 1.227600000000000000e+04 1.124900000000000000e+04 1.432700000000000000e+04 9.945000000000000000e+03 9.098000000000000000e+03 1.017800000000000000e+04 1.030100000000000000e+04 4.851800000000000000e+04 8.804000000000000000e+04 1.814584277999917505e+00
8.344000000000000000e+03 1.066600000000000000e+04 1.227600000000000000e+04 1.124900000000000000e+04 1.432700000000000000e+04 9.945000000000000000e+03 9.098000000000000000e+03 1.017800000000000000e+04 4.253500000000000000e+04 8.608300000000000000e+04 2.023815681203714689e+00
9.190000000000000000e+03 8.344000000000000000e+03 1.066600000000000000e+04 1.227600000000000000e+04 1.124900000000000000e+04 1.432700000000000000e+04 9.945000000000000000e+03 9.098000000000000000e+03 4.047600000000000000e+04 8.509500000000000000e+04 2.102356952268010559e+00
7.401000000000000000e+03 9.190000000000000000e+03 8.344000000000000000e+03 1.066600000000000000e+04 1.227600000000000000e+04 1.124900000000000000e+04 1.432700000000000000e+04 9.945000000000000000e+03 3.560100000000000000e+04 8.339800000000000000e+04 2.342574646779584935e+00
8.957000000000000000e+03 7.401000000000000000e+03 9.190000000000000000e+03 8.344000000000000000e+03 1.066600000000000000e+04 1.227600000000000000e+04 1.124900000000000000e+04 1.432700000000000000e+04 3.389200000000000000e+04 8.241000000000000000e+04 2.431547267791809297e+00
1.166400000000000000e+04 8.957000000000000000e+03 7.401000000000000000e+03 9.190000000000000000e+03 8.344000000000000000e+03 1.066600000000000000e+04 1.227600000000000000e+04 1.124900000000000000e+04 3.721200000000000000e+04 7.974700000000000000e+04 2.143045254219069218e+00
1.290800000000000000e+04 1.166400000000000000e+04 8.957000000000000000e+03 7.401000000000000000e+03 9.190000000000000000e+03 8.344000000000000000e+03 1.066600000000000000e+04 1.227600000000000000e+04 4.093000000000000000e+04 8.140600000000000000e+04 1.988907891522111004e+00
1.321600000000000000e+04 1.290800000000000000e+04 1.166400000000000000e+04 8.957000000000000000e+03 7.401000000000000000e+03 9.190000000000000000e+03 8.344000000000000000e+03 1.066600000000000000e+04 4.674500000000000000e+04 8.234600000000000000e+04 1.761600171141298521e+00
1.488600000000000000e+04 1.321600000000000000e+04 1.290800000000000000e+04 1.166400000000000000e+04 8.957000000000000000e+03 7.401000000000000000e+03 9.190000000000000000e+03 8.344000000000000000e+03 5.267400000000000000e+04 8.656600000000000000e+04 1.643429395906899071e+00
1.396100000000000000e+04 1.488600000000000000e+04 1.321600000000000000e+04 1.290800000000000000e+04 1.166400000000000000e+04 8.957000000000000000e+03 7.401000000000000000e+03 9.190000000000000000e+03 5.497100000000000000e+04 9.218300000000000000e+04 1.676938749522475458e+00
1.189300000000000000e+04 1.396100000000000000e+04 1.488600000000000000e+04 1.321600000000000000e+04 1.290800000000000000e+04 1.166400000000000000e+04 8.957000000000000000e+03 7.401000000000000000e+03 5.395600000000000000e+04 9.488600000000000000e+04 1.758581066053821695e+00
1.274300000000000000e+04 1.189300000000000000e+04 1.396100000000000000e+04 1.488600000000000000e+04 1.321600000000000000e+04 1.290800000000000000e+04 1.166400000000000000e+04 8.957000000000000000e+03 5.348300000000000000e+04 1.002280000000000000e+05 1.874016042480788347e+00
1.550800000000000000e+04 1.274300000000000000e+04 1.189300000000000000e+04 1.396100000000000000e+04 1.488600000000000000e+04 1.321600000000000000e+04 1.290800000000000000e+04 1.166400000000000000e+04 5.410500000000000000e+04 1.067790000000000000e+05 1.973551427779318024e+00
1.249400000000000000e+04 1.550800000000000000e+04 1.274300000000000000e+04 1.189300000000000000e+04 1.396100000000000000e+04 1.488600000000000000e+04 1.321600000000000000e+04 1.290800000000000000e+04 5.263800000000000000e+04 1.076090000000000000e+05 2.044321592765682372e+00
1.347300000000000000e+04 1.249400000000000000e+04 1.550800000000000000e+04 1.274300000000000000e+04 1.189300000000000000e+04 1.396100000000000000e+04 1.488600000000000000e+04 1.321600000000000000e+04 5.421800000000000000e+04 1.081740000000000000e+05 1.995167656497842001e+00
1.303200000000000000e+04 1.347300000000000000e+04 1.249400000000000000e+04 1.550800000000000000e+04 1.274300000000000000e+04 1.189300000000000000e+04 1.396100000000000000e+04 1.488600000000000000e+04 5.450700000000000000e+04 1.079900000000000000e+05 1.981213422129267876e+00
1.375200000000000000e+04 1.303200000000000000e+04 1.347300000000000000e+04 1.249400000000000000e+04 1.550800000000000000e+04 1.274300000000000000e+04 1.189300000000000000e+04 1.396100000000000000e+04 5.275100000000000000e+04 1.068560000000000000e+05 2.025667759852893823e+00
1.364200000000000000e+04 1.375200000000000000e+04 1.303200000000000000e+04 1.347300000000000000e+04 1.249400000000000000e+04 1.550800000000000000e+04 1.274300000000000000e+04 1.189300000000000000e+04 5.389900000000000000e+04 1.065370000000000000e+05 1.976604389691831054e+00
1.407200000000000000e+04 1.364200000000000000e+04 1.375200000000000000e+04 1.303200000000000000e+04 1.347300000000000000e+04 1.249400000000000000e+04 1.550800000000000000e+04 1.274300000000000000e+04 5.449800000000000000e+04 1.087160000000000000e+05 1.994862196777863472e+00
1.101600000000000000e+04 1.407200000000000000e+04 1.364200000000000000e+04 1.375200000000000000e+04 1.303200000000000000e+04 1.347300000000000000e+04 1.249400000000000000e+04 1.550800000000000000e+04 5.248200000000000000e+04 1.069890000000000000e+05 2.038584657596890448e+00
1.431800000000000000e+04 1.101600000000000000e+04 1.407200000000000000e+04 1.364200000000000000e+04 1.375200000000000000e+04 1.303200000000000000e+04 1.347300000000000000e+04 1.249400000000000000e+04 5.304800000000000000e+04 1.057990000000000000e+05 1.994401296938621559e+00
1.667100000000000000e+04 1.431800000000000000e+04 1.101600000000000000e+04 1.407200000000000000e+04 1.364200000000000000e+04 1.375200000000000000e+04 1.303200000000000000e+04 1.347300000000000000e+04 5.607700000000000000e+04 1.099760000000000000e+05 1.961160547104873642e+00
1.831500000000000000e+04 1.667100000000000000e+04 1.431800000000000000e+04 1.101600000000000000e+04 1.407200000000000000e+04 1.364200000000000000e+04 1.375200000000000000e+04 1.303200000000000000e+04 6.032000000000000000e+04 1.148180000000000000e+05 1.903481432360742742e+00
1.373000000000000000e+04 1.831500000000000000e+04 1.667100000000000000e+04 1.431800000000000000e+04 1.101600000000000000e+04 1.407200000000000000e+04 1.364200000000000000e+04 1.375200000000000000e+04 6.303400000000000000e+04 1.155160000000000000e+05 1.832598280293175064e+00
2.169500000000000000e+04 1.373000000000000000e+04 1.831500000000000000e+04 1.667100000000000000e+04 1.431800000000000000e+04 1.101600000000000000e+04 1.407200000000000000e+04 1.364200000000000000e+04 7.041100000000000000e+04 1.234590000000000000e+05 1.753405007740267862e+00
2.205700000000000000e+04 2.169500000000000000e+04 1.373000000000000000e+04 1.831500000000000000e+04 1.667100000000000000e+04 1.431800000000000000e+04 1.101600000000000000e+04 1.407200000000000000e+04 7.579700000000000000e+04 1.318740000000000000e+05 1.739831391743736466e+00
2.539300000000000000e+04 2.205700000000000000e+04 2.169500000000000000e+04 1.373000000000000000e+04 1.831500000000000000e+04 1.667100000000000000e+04 1.431800000000000000e+04 1.101600000000000000e+04 8.287500000000000000e+04 1.431950000000000000e+05 1.727843137254901906e+00
2.808900000000000000e+04 2.539300000000000000e+04 2.205700000000000000e+04 2.169500000000000000e+04 1.373000000000000000e+04 1.831500000000000000e+04 1.667100000000000000e+04 1.431800000000000000e+04 9.723400000000000000e+04 1.602680000000000000e+05 1.648271180862661112e+00
2.761900000000000000e+04 2.808900000000000000e+04 2.539300000000000000e+04 2.205700000000000000e+04 2.169500000000000000e+04 1.373000000000000000e+04 1.831500000000000000e+04 1.667100000000000000e+04 1.031580000000000000e+05 1.735690000000000000e+05 1.682554915760290148e+00
2.549700000000000000e+04 2.761900000000000000e+04 2.808900000000000000e+04 2.539300000000000000e+04 2.205700000000000000e+04 2.169500000000000000e+04 1.373000000000000000e+04 1.831500000000000000e+04 1.065980000000000000e+05 1.823950000000000000e+05 1.711054616409313445e+00
2.544800000000000000e+04 2.549700000000000000e+04 2.761900000000000000e+04 2.808900000000000000e+04 2.539300000000000000e+04 2.205700000000000000e+04 2.169500000000000000e+04 1.373000000000000000e+04 1.066530000000000000e+05 1.895280000000000000e+05 1.777052684875249700e+00
2.654100000000000000e+04 2.544800000000000000e+04 2.549700000000000000e+04 2.761900000000000000e+04 2.808900000000000000e+04 2.539300000000000000e+04 2.205700000000000000e+04 2.169500000000000000e+04 1.051050000000000000e+05 2.023390000000000000e+05 1.925112982255839489e+00
3.696800000000000000e+04 2.654100000000000000e+04 2.544800000000000000e+04 2.549700000000000000e+04 2.761900000000000000e+04 2.808900000000000000e+04 2.539300000000000000e+04 2.205700000000000000e+04 1.144540000000000000e+05 2.176120000000000000e+05 1.901305327904660336e+00
2.554500000000000000e+04 3.696800000000000000e+04 2.654100000000000000e+04 2.544800000000000000e+04 2.549700000000000000e+04 2.761900000000000000e+04 2.808900000000000000e+04 2.539300000000000000e+04 1.145020000000000000e+05 2.211000000000000000e+05 1.930970638067457390e+00
2.289600000000000000e+04 2.554500000000000000e+04 3.696800000000000000e+04 2.654100000000000000e+04 2.544800000000000000e+04 2.549700000000000000e+04 2.761900000000000000e+04 2.808900000000000000e+04 1.119500000000000000e+05 2.186030000000000000e+05 1.952684234033050359e+00
2.011500000000000000e+04 2.289600000000000000e+04 2.554500000000000000e+04 3.696800000000000000e+04 2.654100000000000000e+04 2.544800000000000000e+04 2.549700000000000000e+04 2.761900000000000000e+04 1.055240000000000000e+05 2.106290000000000000e+05 1.996029339297221483e+00
2.820300000000000000e+04 2.011500000000000000e+04 2.289600000000000000e+04 2.554500000000000000e+04 3.696800000000000000e+04 2.654100000000000000e+04 2.544800000000000000e+04 2.549700000000000000e+04 9.675900000000000000e+04 2.112130000000000000e+05 2.182877045029402829e+00
1.745100000000000000e+04 2.820300000000000000e+04 2.011500000000000000e+04 2.289600000000000000e+04 2.554500000000000000e+04 3.696800000000000000e+04 2.654100000000000000e+04 2.544800000000000000e+04 8.866500000000000000e+04 2.031670000000000000e+05 2.291400214289742276e+00
3.748700000000000000e+04 1.745100000000000000e+04 2.820300000000000000e+04 2.011500000000000000e+04 2.289600000000000000e+04 2.554500000000000000e+04 3.696800000000000000e+04 2.654100000000000000e+04 1.032560000000000000e+05 2.152060000000000000e+05 2.084198496939645207e+00
2.812400000000000000e+04 3.748700000000000000e+04 1.745100000000000000e+04 2.820300000000000000e+04 2.011500000000000000e+04 2.289600000000000000e+04 2.554500000000000000e+04 3.696800000000000000e+04 1.112650000000000000e+05 2.167890000000000000e+05 1.948402462589313711e+00
3.247900000000000000e+04 2.812400000000000000e+04 3.748700000000000000e+04 1.745100000000000000e+04 2.820300000000000000e+04 2.011500000000000000e+04 2.289600000000000000e+04 2.554500000000000000e+04 1.155410000000000000e+05 2.123000000000000000e+05 1.837442985606840828e+00
3.557800000000000000e+04 3.247900000000000000e+04 2.812400000000000000e+04 3.748700000000000000e+04 1.745100000000000000e+04 2.820300000000000000e+04 2.011500000000000000e+04 2.289600000000000000e+04 1.336680000000000000e+05 2.223330000000000000e+05 1.663322560373462711e+00
2.540600000000000000e+04 3.557800000000000000e+04 3.247900000000000000e+04 2.812400000000000000e+04 3.748700000000000000e+04 1.745100000000000000e+04 2.820300000000000000e+04 2.011500000000000000e+04 1.215870000000000000e+05 2.248430000000000000e+05 1.849235526824413833e+00
2.790000000000000000e+04 2.540600000000000000e+04 3.557800000000000000e+04 3.247900000000000000e+04 2.812400000000000000e+04 3.748700000000000000e+04 1.745100000000000000e+04 2.820300000000000000e+04 1.213630000000000000e+05 2.326280000000000000e+05 1.916795069337442259e+00
3.152100000000000000e+04 2.790000000000000000e+04 2.540600000000000000e+04 3.557800000000000000e+04 3.247900000000000000e+04 2.812400000000000000e+04 3.748700000000000000e+04 1.745100000000000000e+04 1.204050000000000000e+05 2.359460000000000000e+05 1.959603006519662793e+00
2.824600000000000000e+04 3.152100000000000000e+04 2.790000000000000000e+04 2.540600000000000000e+04 3.557800000000000000e+04 3.247900000000000000e+04 2.812400000000000000e+04 3.748700000000000000e+04 1.130730000000000000e+05 2.467410000000000000e+05 2.182138972168422342e+00
1.422800000000000000e+04 2.824600000000000000e+04 3.152100000000000000e+04 2.790000000000000000e+04 2.540600000000000000e+04 3.557800000000000000e+04 3.247900000000000000e+04 2.812400000000000000e+04 1.018950000000000000e+05 2.234820000000000000e+05 2.193257765346680266e+00
-1.554800000000000000e+04 1.422800000000000000e+04 2.824600000000000000e+04 3.152100000000000000e+04 2.790000000000000000e+04 2.540600000000000000e+04 3.557800000000000000e+04 3.247900000000000000e+04 5.844700000000000000e+04 1.798100000000000000e+05 3.076462436053176486e+00
-4.473900000000000000e+04 -1.554800000000000000e+04 1.422800000000000000e+04 2.824600000000000000e+04 3.152100000000000000e+04 2.790000000000000000e+04 2.540600000000000000e+04 3.557800000000000000e+04 -1.781300000000000000e+04 1.025920000000000000e+05 -5.759389210127435099e+00
2.966300000000000000e+04 -4.473900000000000000e+04 -1.554800000000000000e+04 1.422800000000000000e+04 2.824600000000000000e+04 3.152100000000000000e+04 2.790000000000000000e+04 2.540600000000000000e+04 -1.639600000000000000e+04 9.667700000000000000e+04 -5.896377165162234313e+00
2.706400000000000000e+04 2.966300000000000000e+04 -4.473900000000000000e+04 -1.554800000000000000e+04 1.422800000000000000e+04 2.824600000000000000e+04 3.152100000000000000e+04 2.790000000000000000e+04 -3.560000000000000000e+03 9.833500000000000000e+04 -2.762219101123595522e+01
3.612500000000000000e+04 2.706400000000000000e+04 2.966300000000000000e+04 -4.473900000000000000e+04 -1.554800000000000000e+04 1.422800000000000000e+04 2.824600000000000000e+04 3.152100000000000000e+04 4.811300000000000000e+04 1.065600000000000000e+05 2.214786024567164890e+00
5.580300000000000000e+04 3.612500000000000000e+04 2.706400000000000000e+04 2.966300000000000000e+04 -4.473900000000000000e+04 -1.554800000000000000e+04 1.422800000000000000e+04 2.824600000000000000e+04 1.486550000000000000e+05 1.308420000000000000e+05 8.801722108237193254e-01
3.479500000000000000e+04 5.580300000000000000e+04 3.612500000000000000e+04 2.706400000000000000e+04 2.966300000000000000e+04 -4.473900000000000000e+04 -1.554800000000000000e+04 1.422800000000000000e+04 1.537870000000000000e+05 1.373910000000000000e+05 8.933850065350127378e-01
3.446100000000000000e+04 3.479500000000000000e+04 5.580300000000000000e+04 3.612500000000000000e+04 2.706400000000000000e+04 2.966300000000000000e+04 -4.473900000000000000e+04 -1.554800000000000000e+04 1.611840000000000000e+05 1.576240000000000000e+05 9.779134405400039531e-01
4.928400000000000000e+04 3.446100000000000000e+04 3.479500000000000000e+04 5.580300000000000000e+04 3.612500000000000000e+04 2.706400000000000000e+04 2.966300000000000000e+04 -4.473900000000000000e+04 1.743430000000000000e+05 2.224560000000000000e+05 1.275967489374394193e+00
5.691900000000000000e+04 4.928400000000000000e+04 3.446100000000000000e+04 3.479500000000000000e+04 5.580300000000000000e+04 3.612500000000000000e+04 2.706400000000000000e+04 2.966300000000000000e+04 1.754590000000000000e+05 3.241140000000000000e+05 1.847234966573387593e+00
3.897800000000000000e+04 5.691900000000000000e+04 4.928400000000000000e+04 3.446100000000000000e+04 3.479500000000000000e+04 5.580300000000000000e+04 3.612500000000000000e+04 2.706400000000000000e+04 1.796420000000000000e+05 3.334290000000000000e+05 1.856074859999331972e+00
4.800700000000000000e+04 3.897800000000000000e+04 5.691900000000000000e+04 4.928400000000000000e+04 3.446100000000000000e+04 3.479500000000000000e+04 5.580300000000000000e+04 3.612500000000000000e+04 1.931880000000000000e+05 3.543720000000000000e+05 1.834337536492949949e+00
5.464300000000000000e+04 4.800700000000000000e+04 3.897800000000000000e+04 5.691900000000000000e+04 4.928400000000000000e+04 3.446100000000000000e+04 3.479500000000000000e+04 5.580300000000000000e+04 1.985470000000000000e+05 3.728900000000000000e+05 1.878094355492654133e+00
4.221200000000000000e+04 5.464300000000000000e+04 4.800700000000000000e+04 3.897800000000000000e+04 5.691900000000000000e+04 4.928400000000000000e+04 3.446100000000000000e+04 3.479500000000000000e+04 1.838400000000000000e+05 3.592990000000000000e+05 1.954411444734551750e+00
4.928200000000000000e+04 4.221200000000000000e+04 5.464300000000000000e+04 4.800700000000000000e+04 3.897800000000000000e+04 5.691900000000000000e+04 4.928400000000000000e+04 3.446100000000000000e+04 1.941440000000000000e+05 3.737860000000000000e+05 1.925302867974287180e+00
4.701600000000000000e+04 4.928200000000000000e+04 4.221200000000000000e+04 5.464300000000000000e+04 4.800700000000000000e+04 3.897800000000000000e+04 5.691900000000000000e+04 4.928400000000000000e+04 1.931530000000000000e+05 3.863410000000000000e+05 2.000181203501886884e+00
4.632700000000000000e+04 4.701600000000000000e+04 4.928200000000000000e+04 4.221200000000000000e+04 5.464300000000000000e+04 4.800700000000000000e+04 3.897800000000000000e+04 5.691900000000000000e+04 1.848370000000000000e+05 3.833840000000000000e+05 2.074173460941261649e+00
5.008500000000000000e+04 4.632700000000000000e+04 4.701600000000000000e+04 4.928200000000000000e+04 4.221200000000000000e+04 5.464300000000000000e+04 4.800700000000000000e+04 3.897800000000000000e+04 1.927100000000000000e+05 3.765500000000000000e+05 1.953972289969384102e+00
5.858500000000000000e+04 5.008500000000000000e+04 4.632700000000000000e+04 4.701600000000000000e+04 4.928200000000000000e+04 4.221200000000000000e+04 5.464300000000000000e+04 4.800700000000000000e+04 2.020130000000000000e+05 3.961570000000000000e+05 1.961047061327736429e+00
5.229400000000000000e+04 5.858500000000000000e+04 5.008500000000000000e+04 4.632700000000000000e+04 4.701600000000000000e+04 4.928200000000000000e+04 4.221200000000000000e+04 5.464300000000000000e+04 2.072910000000000000e+05 4.004440000000000000e+05 1.931796363566194330e+00
5.432300000000000000e+04 5.229400000000000000e+04 5.858500000000000000e+04 5.008500000000000000e+04 4.632700000000000000e+04 4.701600000000000000e+04 4.928200000000000000e+04 4.221200000000000000e+04 2.152870000000000000e+05 4.001240000000000000e+05 1.858560897778314569e+00
5.300100000000000000e+04 5.432300000000000000e+04 5.229400000000000000e+04 5.858500000000000000e+04 5.008500000000000000e+04 4.632700000000000000e+04 4.701600000000000000e+04 4.928200000000000000e+04 2.182030000000000000e+05 4.109130000000000000e+05 1.883168425732001827e+00
5.260900000000000000e+04 5.300100000000000000e+04 5.432300000000000000e+04 5.229400000000000000e+04 5.858500000000000000e+04 5.008500000000000000e+04 4.632700000000000000e+04 4.701600000000000000e+04 2.122270000000000000e+05 4.142400000000000000e+05 1.951872287691952534e+00
5.290100000000000000e+04 5.260900000000000000e+04 5.300100000000000000e+04 5.432300000000000000e+04 5.229400000000000000e+04 5.858500000000000000e+04 5.008500000000000000e+04 4.632700000000000000e+04 2.128340000000000000e+05 4.201250000000000000e+05 1.973956228798030343e+00
5.501700000000000000e+04 5.290100000000000000e+04 5.260900000000000000e+04 5.300100000000000000e+04 5.432300000000000000e+04 5.229400000000000000e+04 5.858500000000000000e+04 5.008500000000000000e+04 2.135280000000000000e+05 4.288150000000000000e+05 2.008237795511595536e+00
5.461900000000000000e+04 5.501700000000000000e+04 5.290100000000000000e+04 5.260900000000000000e+04 5.300100000000000000e+04 5.432300000000000000e+04 5.229400000000000000e+04 5.858500000000000000e+04 2.151460000000000000e+05 4.333490000000000000e+05 2.014208955778866272e+00
5.114900000000000000e+04 5.461900000000000000e+04 5.501700000000000000e+04 5.290100000000000000e+04 5.260900000000000000e+04 5.300100000000000000e+04 5.432300000000000000e+04 5.229400000000000000e+04 2.136860000000000000e+05 4.259130000000000000e+05 1.993172224666098780e+00
4.272900000000000000e+04 5.114900000000000000e+04 5.461900000000000000e+04 5.501700000000000000e+04 5.290100000000000000e+04 5.260900000000000000e+04 5.300100000000000000e+04 5.432300000000000000e+04 2.035140000000000000e+05 4.163480000000000000e+05 2.045795375256739046e+00
4.711100000000000000e+04 4.272900000000000000e+04 5.114900000000000000e+04 5.461900000000000000e+04 5.501700000000000000e+04 5.290100000000000000e+04 5.260900000000000000e+04 5.300100000000000000e+04 1.956080000000000000e+05 4.091360000000000000e+05 2.091611795018608611e+00
4.883600000000000000e+04 4.711100000000000000e+04 4.272900000000000000e+04 5.114900000000000000e+04 5.461900000000000000e+04 5.501700000000000000e+04 5.290100000000000000e+04 5.260900000000000000e+04 1.898250000000000000e+05 4.049710000000000000e+05 2.133391281443434817e+00
5.263300000000000000e+04 4.883600000000000000e+04 4.711100000000000000e+04 4.272900000000000000e+04 5.114900000000000000e+04 5.461900000000000000e+04 5.501700000000000000e+04 5.290100000000000000e+04 1.913090000000000000e+05 4.049950000000000000e+05 2.116967837373045835e+00
4.897500000000000000e+04 5.263300000000000000e+04 4.883600000000000000e+04 4.711100000000000000e+04 4.272900000000000000e+04 5.114900000000000000e+04 5.461900000000000000e+04 5.501700000000000000e+04 1.975550000000000000e+05 4.010690000000000000e+05 2.030163751866568944e+00
6.949600000000000000e+04 4.897500000000000000e+04 5.263300000000000000e+04 4.883600000000000000e+04 4.711100000000000000e+04 4.272900000000000000e+04 5.114900000000000000e+04 5.461900000000000000e+04 2.199400000000000000e+05 4.155480000000000000e+05 1.889369828134945806e+00
5.505500000000000000e+04 6.949600000000000000e+04 4.897500000000000000e+04 5.263300000000000000e+04 4.883600000000000000e+04 4.711100000000000000e+04 4.272900000000000000e+04 5.114900000000000000e+04 2.261590000000000000e+05 4.159840000000000000e+05 1.839343117010598716e+00
5.690300000000000000e+04 5.505500000000000000e+04 6.949600000000000000e+04 4.897500000000000000e+04 5.263300000000000000e+04 4.883600000000000000e+04 4.711100000000000000e+04 4.272900000000000000e+04 2.304290000000000000e+05 4.217380000000000000e+05 1.830229701990634839e+00
5.766100000000000000e+04 5.690300000000000000e+04 5.505500000000000000e+04 6.949600000000000000e+04 4.897500000000000000e+04 5.263300000000000000e+04 4.883600000000000000e+04 4.711100000000000000e+04 2.391150000000000000e+05 4.366700000000000000e+05 1.826192417874244578e+00
5.747000000000000000e+04 5.766100000000000000e+04 5.690300000000000000e+04 5.505500000000000000e+04 6.949600000000000000e+04 4.897500000000000000e+04 5.263300000000000000e+04 4.883600000000000000e+04 2.270890000000000000e+05 4.470290000000000000e+05 1.968518950719761795e+00
5.608300000000000000e+04 5.747000000000000000e+04 5.766100000000000000e+04 5.690300000000000000e+04 5.505500000000000000e+04 6.949600000000000000e+04 4.897500000000000000e+04 5.263300000000000000e+04 2.281170000000000000e+05 4.542760000000000000e+05 1.991416685297457079e+00
5.394400000000000000e+04 5.608300000000000000e+04 5.747000000000000000e+04 5.766100000000000000e+04 5.690300000000000000e+04 5.505500000000000000e+04 6.949600000000000000e+04 4.897500000000000000e+04 2.251580000000000000e+05 4.555870000000000000e+05 2.023410227484699675e+00
4.767600000000000000e+04 5.394400000000000000e+04 5.608300000000000000e+04 5.747000000000000000e+04 5.766100000000000000e+04 5.690300000000000000e+04 5.505500000000000000e+04 6.949600000000000000e+04 2.151730000000000000e+05 4.542880000000000000e+05 2.111268607120782015e+00
4.725300000000000000e+04 4.767600000000000000e+04 5.394400000000000000e+04 5.608300000000000000e+04 5.747000000000000000e+04 5.766100000000000000e+04 5.690300000000000000e+04 5.505500000000000000e+04 2.049560000000000000e+05 4.320450000000000000e+05 2.107989031792189660e+00
5.603400000000000000e+04 4.725300000000000000e+04 4.767600000000000000e+04 5.394400000000000000e+04 5.608300000000000000e+04 5.747000000000000000e+04 5.766100000000000000e+04 5.690300000000000000e+04 2.049070000000000000e+05 4.330240000000000000e+05 2.113270898505175577e+00
4.654100000000000000e+04 5.603400000000000000e+04 4.725300000000000000e+04 4.767600000000000000e+04 5.394400000000000000e+04 5.608300000000000000e+04 5.747000000000000000e+04 5.766100000000000000e+04 1.975040000000000000e+05 4.226620000000000000e+05 2.140017417368762054e+00
4.824200000000000000e+04 4.654100000000000000e+04 5.603400000000000000e+04 4.725300000000000000e+04 4.767600000000000000e+04 5.394400000000000000e+04 5.608300000000000000e+04 5.747000000000000000e+04 1.980700000000000000e+05 4.132430000000000000e+05 2.086348260715908509e+00
4.596200000000000000e+04 4.824200000000000000e+04 4.654100000000000000e+04 5.603400000000000000e+04 4.725300000000000000e+04 4.767600000000000000e+04 5.394400000000000000e+04 5.608300000000000000e+04 1.967790000000000000e+05 4.017350000000000000e+05 2.041554230888458665e+00
6.004800000000000000e+04 4.596200000000000000e+04 4.824200000000000000e+04 4.654100000000000000e+04 5.603400000000000000e+04 4.725300000000000000e+04 4.767600000000000000e+04 5.394400000000000000e+04 2.007930000000000000e+05 4.057000000000000000e+05 2.020488762058438414e+00
5.495400000000000000e+04 6.004800000000000000e+04 4.596200000000000000e+04 4.824200000000000000e+04 4.654100000000000000e+04 5.603400000000000000e+04 4.725300000000000000e+04 4.767600000000000000e+04 2.092060000000000000e+05 4.067100000000000000e+05 1.944064701777195703e+00
5.794500000000000000e+04 5.495400000000000000e+04 6.004800000000000000e+04 4.596200000000000000e+04 4.824200000000000000e+04 4.654100000000000000e+04 5.603400000000000000e+04 4.725300000000000000e+04 2.189090000000000000e+05 4.169790000000000000e+05 1.904805193025412402e+00
-1.000000000000000000e+08 5.794500000000000000e+04 5.495400000000000000e+04 6.004800000000000000e+04 4.596200000000000000e+04 4.824200000000000000e+04 4.654100000000000000e+04 5.603400000000000000e+04 -9.982705300000000000e+07 -9.963027400000000000e+07 9.980288008702410396e-01
