-1.000000000000000000e+08 -1.000000000000000000e+08 -1.000000000000000000e+08 -1.000000000000000000e+08 -1.000000000000000000e+08 -1.000000000000000000e+08 -1.000000000000000000e+08 -1.000000000000000000e+08 -4.000000000000000000e+08 -8.000000000000000000e+08 2.000000000000000000e+00
-1.000000000000000000e+08 -1.000000000000000000e+08 -1.000000000000000000e+08 -1.000000000000000000e+08 -1.000000000000000000e+08 -1.000000000000000000e+08 -1.000000000000000000e+08 -1.000000000000000000e+08 -4.000000000000000000e+08 -8.000000000000000000e+08 2.000000000000000000e+00
-1.000000000000000000e+08 -1.000000000000000000e+08 -1.000000000000000000e+08 -1.000000000000000000e+08 -1.000000000000000000e+08 -1.000000000000000000e+08 -1.000000000000000000e+08 -1.000000000000000000e+08 -4.000000000000000000e+08 -8.000000000000000000e+08 2.000000000000000000e+00
-1.000000000000000000e+08 -1.000000000000000000e+08 -1.000000000000000000e+08 -1.000000000000000000e+08 -1.000000000000000000e+08 -1.000000000000000000e+08 -1.000000000000000000e+08 -1.000000000000000000e+08 -4.000000000000000000e+08 -8.000000000000000000e+08 2.000000000000000000e+00
-1.000000000000000000e+08 -1.000000000000000000e+08 -1.000000000000000000e+08 -1.000000000000000000e+08 -1.000000000000000000e+08 -1.000000000000000000e+08 -1.000000000000000000e+08 -1.000000000000000000e+08 -4.000000000000000000e+08 -8.000000000000000000e+08 2.000000000000000000e+00
-1.000000000000000000e+08 -1.000000000000000000e+08 -1.000000000000000000e+08 -1.000000000000000000e+08 -1.000000000000000000e+08 -1.000000000000000000e+08 -1.000000000000000000e+08 -1.000000000000000000e+08 -4.000000000000000000e+08 -8.000000000000000000e+08 2.000000000000000000e+00
-1.000000000000000000e+08 -1.000000000000000000e+08 -1.000000000000000000e+08 -1.000000000000000000e+08 -1.000000000000000000e+08 -1.000000000000000000e+08 -1.000000000000000000e+08 -1.000000000000000000e+08 -4.000000000000000000e+08 -8.000000000000000000e+08 2.000000000000000000e+00
-1.000000000000000000e+08 -1.000000000000000000e+08 -1.000000000000000000e+08 -1.000000000000000000e+08 -1.000000000000000000e+08 -1.000000000000000000e+08 -1.000000000000000000e+08 -1.000000000000000000e+08 -4.000000000000000000e+08 -8.000000000000000000e+08 2.000000000000000000e+00
-1.000000000000000000e+08 -1.000000000000000000e+08 -1.000000000000000000e+08 -1.000000000000000000e+08 -1.000000000000000000e+08 -1.000000000000000000e+08 -1.000000000000000000e+08 -1.000000000000000000e+08 -4.000000000000000000e+08 -8.000000000000000000e+08 2.000000000000000000e+00
-1.000000000000000000e+08 -1.000000000000000000e+08 -1.000000000000000000e+08 -1.000000000000000000e+08 -1.000000000000000000e+08 -1.000000000000000000e+08 -1.000000000000000000e+08 -1.000000000000000000e+08 -4.000000000000000000e+08 -8.000000000000000000e+08 2.000000000000000000e+00
-1.000000000000000000e+08 -1.000000000000000000e+08 -1.000000000000000000e+08 -1.000000000000000000e+08 -1.000000000000000000e+08 -1.000000000000000000e+08 -1.000000000000000000e+08 -1.000000000000000000e+08 -4.000000000000000000e+08 -8.000000000000000000e+08 2.000000000000000000e+00
-1.000000000000000000e+08 -1.000000000000000000e+08 -1.000000000000000000e+08 -1.000000000000000000e+08 -1.000000000000000000e+08 -1.000000000000000000e+08 -1.000000000000000000e+08 -1.000000000000000000e+08 -4.000000000000000000e+08 -8.000000000000000000e+08 2.000000000000000000e+00
-1.000000000000000000e+08 -1.000000000000000000e+08 -1.000000000000000000e+08 -1.000000000000000000e+08 -1.000000000000000000e+08 -1.000000000000000000e+08 -1.000000000000000000e+08 -1.000000000000000000e+08 -4.000000000000000000e+08 -8.000000000000000000e+08 2.000000000000000000e+00
-1.000000000000000000e+08 -1.000000000000000000e+08 -1.000000000000000000e+08 -1.000000000000000000e+08 -1.000000000000000000e+08 -1.000000000000000000e+08 -1.000000000000000000e+08 -1.000000000000000000e+08 -4.000000000000000000e+08 -8.000000000000000000e+08 2.000000000000000000e+00
-1.000000000000000000e+08 -1.000000000000000000e+08 -1.000000000000000000e+08 -1.000000000000000000e+08 -1.000000000000000000e+08 -1.000000000000000000e+08 -1.000000000000000000e+08 -1.000000000000000000e+08 -4.000000000000000000e+08 -8.000000000000000000e+08 2.000000000000000000e+00
-1.000000000000000000e+08 -1.000000000000000000e+08 -1.000000000000000000e+08 -1.000000000000000000e+08 -1.000000000000000000e+08 -1.000000000000000000e+08 -1.000000000000000000e+08 -1.000000000000000000e+08 -4.000000000000000000e+08 -8.000000000000000000e+08 2.000000000000000000e+00
-1.000000000000000000e+08 -1.000000000000000000e+08 -1.000000000000000000e+08 -1.000000000000000000e+08 -1.000000000000000000e+08 -1.000000000000000000e+08 -1.000000000000000000e+08 -1.000000000000000000e+08 -4.000000000000000000e+08 -8.000000000000000000e+08 2.000000000000000000e+00
-1.000000000000000000e+08 -1.000000000000000000e+08 -1.000000000000000000e+08 -1.000000000000000000e+08 -1.000000000000000000e+08 -1.000000000000000000e+08 -1.000000000000000000e+08 -1.000000000000000000e+08 -4.000000000000000000e+08 -8.000000000000000000e+08 2.000000000000000000e+00
-1.000000000000000000e+08 -1.000000000000000000e+08 -1.000000000000000000e+08 -1.000000000000000000e+08 -1.000000000000000000e+08 -1.000000000000000000e+08 -1.000000000000000000e+08 -1.000000000000000000e+08 -4.000000000000000000e+08 -8.000000000000000000e+08 2.000000000000000000e+00
-1.000000000000000000e+08 -1.000000000000000000e+08 -1.000000000000000000e+08 -1.000000000000000000e+08 -1.000000000000000000e+08 -1.000000000000000000e+08 -1.000000000000000000e+08 -1.000000000000000000e+08 -4.000000000000000000e+08 -8.000000000000000000e+08 2.000000000000000000e+00
-1.000000000000000000e+08 -1.000000000000000000e+08 -1.000000000000000000e+08 -1.000000000000000000e+08 -1.000000000000000000e+08 -1.000000000000000000e+08 -1.000000000000000000e+08 -1.000000000000000000e+08 -4.000000000000000000e+08 -8.000000000000000000e+08 2.000000000000000000e+00
-1.000000000000000000e+08 -1.000000000000000000e+08 -1.000000000000000000e+08 -1.000000000000000000e+08 -1.000000000000000000e+08 -1.000000000000000000e+08 -1.000000000000000000e+08 -1.000000000000000000e+08 -4.000000000000000000e+08 -8.000000000000000000e+08 2.000000000000000000e+00
-1.000000000000000000e+08 -1.000000000000000000e+08 -1.000000000000000000e+08 -1.000000000000000000e+08 -1.000000000000000000e+08 -1.000000000000000000e+08 -1.000000000000000000e+08 -1.000000000000000000e+08 -4.000000000000000000e+08 -8.000000000000000000e+08 2.000000000000000000e+00
-1.000000000000000000e+08 -1.000000000000000000e+08 -1.000000000000000000e+08 -1.000000000000000000e+08 -1.000000000000000000e+08 -1.000000000000000000e+08 -1.000000000000000000e+08 -1.000000000000000000e+08 -4.000000000000000000e+08 -8.000000000000000000e+08 2.000000000000000000e+00
-1.000000000000000000e+08 -1.000000000000000000e+08 -1.000000000000000000e+08 -1.000000000000000000e+08 -1.000000000000000000e+08 -1.000000000000000000e+08 -1.000000000000000000e+08 -1.000000000000000000e+08 -4.000000000000000000e+08 -8.000000000000000000e+08 2.000000000000000000e+00
-1.000000000000000000e+08 -1.000000000000000000e+08 -1.000000000000000000e+08 -1.000000000000000000e+08 -1.000000000000000000e+08 -1.000000000000000000e+08 -1.000000000000000000e+08 -1.000000000000000000e+08 -4.000000000000000000e+08 -8.000000000000000000e+08 2.000000000000000000e+00
-1.000000000000000000e+08 -1.000000000000000000e+08 -1.000000000000000000e+08 -1.000000000000000000e+08 -1.000000000000000000e+08 -1.000000000000000000e+08 -1.000000000000000000e+08 -1.000000000000000000e+08 -4.000000000000000000e+08 -8.000000000000000000e+08 2.000000000000000000e+00
-1.000000000000000000e+08 -1.000000000000000000e+08 -1.000000000000000000e+08 -1.000000000000000000e+08 -1.000000000000000000e+08 -1.000000000000000000e+08 -1.000000000000000000e+08 -1.000000000000000000e+08 -4.000000000000000000e+08 -8.000000000000000000e+08 2.000000000000000000e+00
-1.000000000000000000e+08 -1.000000000000000000e+08 -1.000000000000000000e+08 -1.000000000000000000e+08 -1.000000000000000000e+08 -1.000000000000000000e+08 -1.000000000000000000e+08 -1.000000000000000000e+08 -4.000000000000000000e+08 -8.000000000000000000e+08 2.000000000000000000e+00
-1.000000000000000000e+08 -1.000000000000000000e+08 -1.000000000000000000e+08 -1.000000000000000000e+08 -1.000000000000000000e+08 -1.000000000000000000e+08 -1.000000000000000000e+08 -1.000000000000000000e+08 -4.000000000000000000e+08 -8.000000000000000000e+08 2.000000000000000000e+00
-1.000000000000000000e+08 -1.000000000000000000e+08 -1.000000000000000000e+08 -1.000000000000000000e+08 -1.000000000000000000e+08 -1.000000000000000000e+08 -1.000000000000000000e+08 -1.000000000000000000e+08 -4.000000000000000000e+08 -8.000000000000000000e+08 2.000000000000000000e+00
-1.000000000000000000e+08 -1.000000000000000000e+08 -1.000000000000000000e+08 -1.000000000000000000e+08 -1.000000000000000000e+08 -1.000000000000000000e+08 -1.000000000000000000e+08 -1.000000000000000000e+08 -4.000000000000000000e+08 -8.000000000000000000e+08 2.000000000000000000e+00
-1.000000000000000000e+08 -1.000000000000000000e+08 -1.000000000000000000e+08 -1.000000000000000000e+08 -1.000000000000000000e+08 -1.000000000000000000e+08 -1.000000000000000000e+08 -1.000000000000000000e+08 -4.000000000000000000e+08 -8.000000000000000000e+08 2.000000000000000000e+00
-1.000000000000000000e+08 -1.000000000000000000e+08 -1.000000000000000000e+08 -1.000000000000000000e+08 -1.000000000000000000e+08 -1.000000000000000000e+08 -1.000000000000000000e+08 -1.000000000000000000e+08 -4.000000000000000000e+08 -8.000000000000000000e+08 2.000000000000000000e+00
-1.000000000000000000e+08 -1.000000000000000000e+08 -1.000000000000000000e+08 -1.000000000000000000e+08 -1.000000000000000000e+08 -1.000000000000000000e+08 -1.000000000000000000e+08 -1.000000000000000000e+08 -4.000000000000000000e+08 -8.000000000000000000e+08 2.000000000000000000e+00
-1.000000000000000000e+08 -1.000000000000000000e+08 -1.000000000000000000e+08 -1.000000000000000000e+08 -1.000000000000000000e+08 -1.000000000000000000e+08 -1.000000000000000000e+08 -1.000000000000000000e+08 -4.000000000000000000e+08 -8.000000000000000000e+08 2.000000000000000000e+00
-1.000000000000000000e+08 -1.000000000000000000e+08 -1.000000000000000000e+08 -1.000000000000000000e+08 -1.000000000000000000e+08 -1.000000000000000000e+08 -1.000000000000000000e+08 -1.000000000000000000e+08 -4.000000000000000000e+08 -8.000000000000000000e+08 2.000000000000000000e+00
-1.000000000000000000e+08 -1.000000000000000000e+08 -1.000000000000000000e+08 -1.000000000000000000e+08 -1.000000000000000000e+08 -1.000000000000000000e+08 -1.000000000000000000e+08 -1.000000000000000000e+08 -4.000000000000000000e+08 -8.000000000000000000e+08 2.000000000000000000e+00
-1.000000000000000000e+08 -1.000000000000000000e+08 -1.000000000000000000e+08 -1.000000000000000000e+08 -1.000000000000000000e+08 -1.000000000000000000e+08 -1.000000000000000000e+08 -1.000000000000000000e+08 -4.000000000000000000e+08 -8.000000000000000000e+08 2.000000000000000000e+00
-1.000000000000000000e+08 -1.000000000000000000e+08 -1.000000000000000000e+08 -1.000000000000000000e+08 -1.000000000000000000e+08 -1.000000000000000000e+08 -1.000000000000000000e+08 -1.000000000000000000e+08 -4.000000000000000000e+08 -8.000000000000000000e+08 2.000000000000000000e+00
-1.000000000000000000e+08 -1.000000000000000000e+08 -1.000000000000000000e+08 -1.000000000000000000e+08 -1.000000000000000000e+08 -1.000000000000000000e+08 -1.000000000000000000e+08 -1.000000000000000000e+08 -4.000000000000000000e+08 -8.000000000000000000e+08 2.000000000000000000e+00
-1.000000000000000000e+08 -1.000000000000000000e+08 -1.000000000000000000e+08 -1.000000000000000000e+08 -1.000000000000000000e+08 -1.000000000000000000e+08 -1.000000000000000000e+08 -1.000000000000000000e+08 -4.000000000000000000e+08 -8.000000000000000000e+08 2.000000000000000000e+00
-1.000000000000000000e+08 -1.000000000000000000e+08 -1.000000000000000000e+08 -1.000000000000000000e+08 -1.000000000000000000e+08 -1.000000000000000000e+08 -1.000000000000000000e+08 -1.000000000000000000e+08 -4.000000000000000000e+08 -8.000000000000000000e+08 2.000000000000000000e+00
-1.000000000000000000e+08 -1.000000000000000000e+08 -1.000000000000000000e+08 -1.000000000000000000e+08 -1.000000000000000000e+08 -1.000000000000000000e+08 -1.000000000000000000e+08 -1.000000000000000000e+08 -4.000000000000000000e+08 -8.000000000000000000e+08 2.000000000000000000e+00
-1.000000000000000000e+08 -1.000000000000000000e+08 -1.000000000000000000e+08 -1.000000000000000000e+08 -1.000000000000000000e+08 -1.000000000000000000e+08 -1.000000000000000000e+08 -1.000000000000000000e+08 -4.000000000000000000e+08 -8.000000000000000000e+08 2.000000000000000000e+00
-1.000000000000000000e+08 -1.000000000000000000e+08 -1.000000000000000000e+08 -1.000000000000000000e+08 -1.000000000000000000e+08 -1.000000000000000000e+08 -1.000000000000000000e+08 -1.000000000000000000e+08 -4.000000000000000000e+08 -8.000000000000000000e+08 2.000000000000000000e+00
-1.000000000000000000e+08 -1.000000000000000000e+08 -1.000000000000000000e+08 -1.000000000000000000e+08 -1.000000000000000000e+08 -1.000000000000000000e+08 -1.000000000000000000e+08 -1.000000000000000000e+08 -4.000000000000000000e+08 -8.000000000000000000e+08 2.000000000000000000e+00
-1.000000000000000000e+08 -1.000000000000000000e+08 -1.000000000000000000e+08 -1.000000000000000000e+08 -1.000000000000000000e+08 -1.000000000000000000e+08 -1.000000000000000000e+08 -1.000000000000000000e+08 -4.000000000000000000e+08 -8.000000000000000000e+08 2.000000000000000000e+00
-1.000000000000000000e+08 -1.000000000000000000e+08 -1.000000000000000000e+08 -1.000000000000000000e+08 -1.000000000000000000e+08 -1.000000000000000000e+08 -1.000000000000000000e+08 -1.000000000000000000e+08 -4.000000000000000000e+08 -8.000000000000000000e+08 2.000000000000000000e+00
-1.000000000000000000e+08 -1.000000000000000000e+08 -1.000000000000000000e+08 -1.000000000000000000e+08 -1.000000000000000000e+08 -1.000000000000000000e+08 -1.000000000000000000e+08 -1.000000000000000000e+08 -4.000000000000000000e+08 -8.000000000000000000e+08 2.000000000000000000e+00
-1.000000000000000000e+08 -1.000000000000000000e+08 -1.000000000000000000e+08 -1.000000000000000000e+08 -1.000000000000000000e+08 -1.000000000000000000e+08 -1.000000000000000000e+08 -1.000000000000000000e+08 -4.000000000000000000e+08 -8.000000000000000000e+08 2.000000000000000000e+00
-1.000000000000000000e+08 -1.000000000000000000e+08 -1.000000000000000000e+08 -1.000000000000000000e+08 -1.000000000000000000e+08 -1.000000000000000000e+08 -1.000000000000000000e+08 -1.000000000000000000e+08 -4.000000000000000000e+08 -8.000000000000000000e+08 2.000000000000000000e+00
-1.000000000000000000e+08 -1.000000000000000000e+08 -1.000000000000000000e+08 -1.000000000000000000e+08 -1.000000000000000000e+08 -1.000000000000000000e+08 -1.000000000000000000e+08 -1.000000000000000000e+08 -4.000000000000000000e+08 -8.000000000000000000e+08 2.000000000000000000e+00
-1.000000000000000000e+08 -1.000000000000000000e+08 -1.000000000000000000e+08 -1.000000000000000000e+08 -1.000000000000000000e+08 -1.000000000000000000e+08 -1.000000000000000000e+08 -1.000000000000000000e+08 -4.000000000000000000e+08 -8.000000000000000000e+08 2.000000000000000000e+00
-1.000000000000000000e+08 -1.000000000000000000e+08 -1.000000000000000000e+08 -1.000000000000000000e+08 -1.000000000000000000e+08 -1.000000000000000000e+08 -1.000000000000000000e+08 -1.000000000000000000e+08 -4.000000000000000000e+08 -8.000000000000000000e+08 2.000000000000000000e+00
-1.000000000000000000e+08 -1.000000000000000000e+08 -1.000000000000000000e+08 -1.000000000000000000e+08 -1.000000000000000000e+08 -1.000000000000000000e+08 -1.000000000000000000e+08 -1.000000000000000000e+08 -4.000000000000000000e+08 -8.000000000000000000e+08 2.000000000000000000e+00
-1.000000000000000000e+08 -1.000000000000000000e+08 -1.000000000000000000e+08 -1.000000000000000000e+08 -1.000000000000000000e+08 -1.000000000000000000e+08 -1.000000000000000000e+08 -1.000000000000000000e+08 -4.000000000000000000e+08 -8.000000000000000000e+08 2.000000000000000000e+00
-1.000000000000000000e+08 -1.000000000000000000e+08 -1.000000000000000000e+08 -1.000000000000000000e+08 -1.000000000000000000e+08 -1.000000000000000000e+08 -1.000000000000000000e+08 -1.000000000000000000e+08 -4.000000000000000000e+08 -8.000000000000000000e+08 2.000000000000000000e+00
-1.000000000000000000e+08 -1.000000000000000000e+08 -1.000000000000000000e+08 -1.000000000000000000e+08 -1.000000000000000000e+08 -1.000000000000000000e+08 -1.000000000000000000e+08 -1.000000000000000000e+08 -4.000000000000000000e+08 -8.000000000000000000e+08 2.000000000000000000e+00
-1.000000000000000000e+08 -1.000000000000000000e+08 -1.000000000000000000e+08 -1.000000000000000000e+08 -1.000000000000000000e+08 -1.000000000000000000e+08 -1.000000000000000000e+08 -1.000000000000000000e+08 -4.000000000000000000e+08 -8.000000000000000000e+08 2.000000000000000000e+00
-1.000000000000000000e+08 -1.000000000000000000e+08 -1.000000000000000000e+08 -1.000000000000000000e+08 -1.000000000000000000e+08 -1.000000000000000000e+08 -1.000000000000000000e+08 -1.000000000000000000e+08 -4.000000000000000000e+08 -8.000000000000000000e+08 2.000000000000000000e+00
-1.000000000000000000e+08 -1.000000000000000000e+08 -1.000000000000000000e+08 -1.000000000000000000e+08 -1.000000000000000000e+08 -1.000000000000000000e+08 -1.000000000000000000e+08 -1.000000000000000000e+08 -4.000000000000000000e+08 -8.000000000000000000e+08 2.000000000000000000e+00
-1.000000000000000000e+08 -1.000000000000000000e+08 -1.000000000000000000e+08 -1.000000000000000000e+08 -1.000000000000000000e+08 -1.000000000000000000e+08 -1.000000000000000000e+08 -1.000000000000000000e+08 -4.000000000000000000e+08 -8.000000000000000000e+08 2.000000000000000000e+00
-1.000000000000000000e+08 -1.000000000000000000e+08 -1.000000000000000000e+08 -1.000000000000000000e+08 -1.000000000000000000e+08 -1.000000000000000000e+08 -1.000000000000000000e+08 -1.000000000000000000e+08 -4.000000000000000000e+08 -8.000000000000000000e+08 2.000000000000000000e+00
-1.000000000000000000e+08 -1.000000000000000000e+08 -1.000000000000000000e+08 -1.000000000000000000e+08 -1.000000000000000000e+08 -1.000000000000000000e+08 -1.000000000000000000e+08 -1.000000000000000000e+08 -4.000000000000000000e+08 -8.000000000000000000e+08 2.000000000000000000e+00
-1.000000000000000000e+08 -1.000000000000000000e+08 -1.000000000000000000e+08 -1.000000000000000000e+08 -1.000000000000000000e+08 -1.000000000000000000e+08 -1.000000000000000000e+08 -1.000000000000000000e+08 -4.000000000000000000e+08 -8.000000000000000000e+08 2.000000000000000000e+00
-1.000000000000000000e+08 -1.000000000000000000e+08 -1.000000000000000000e+08 -1.000000000000000000e+08 -1.000000000000000000e+08 -1.000000000000000000e+08 -1.000000000000000000e+08 -1.000000000000000000e+08 -4.000000000000000000e+08 -8.000000000000000000e+08 2.000000000000000000e+00
-1.000000000000000000e+08 -1.000000000000000000e+08 -1.000000000000000000e+08 -1.000000000000000000e+08 -1.000000000000000000e+08 -1.000000000000000000e+08 -1.000000000000000000e+08 -1.000000000000000000e+08 -4.000000000000000000e+08 -8.000000000000000000e+08 2.000000000000000000e+00
-1.000000000000000000e+08 -1.000000000000000000e+08 -1.000000000000000000e+08 -1.000000000000000000e+08 -1.000000000000000000e+08 -1.000000000000000000e+08 -1.000000000000000000e+08 -1.000000000000000000e+08 -4.000000000000000000e+08 -8.000000000000000000e+08 2.000000000000000000e+00
-1.000000000000000000e+08 -1.000000000000000000e+08 -1.000000000000000000e+08 -1.000000000000000000e+08 -1.000000000000000000e+08 -1.000000000000000000e+08 -1.000000000000000000e+08 -1.000000000000000000e+08 -4.000000000000000000e+08 -8.000000000000000000e+08 2.000000000000000000e+00
-1.000000000000000000e+08 -1.000000000000000000e+08 -1.000000000000000000e+08 -1.000000000000000000e+08 -1.000000000000000000e+08 -1.000000000000000000e+08 -1.000000000000000000e+08 -1.000000000000000000e+08 -4.000000000000000000e+08 -8.000000000000000000e+08 2.000000000000000000e+00
2.008571428571428612e+02 -1.000000000000000000e+08 -1.000000000000000000e+08 -1.000000000000000000e+08 -1.000000000000000000e+08 -1.000000000000000000e+08 -1.000000000000000000e+08 -1.000000000000000000e+08 -2.999997991428571343e+08 -6.999997991428570747e+08 2.333334226032343750e+00
2.184615384615384528e+02 2.008571428571428612e+02 -1.000000000000000000e+08 -1.000000000000000000e+08 -1.000000000000000000e+08 -1.000000000000000000e+08 -1.000000000000000000e+08 -1.000000000000000000e+08 -1.999995806813187003e+08 -5.999995806813187599e+08 3.000004193195604518e+00
2.423076923076923208e+02 2.184615384615384528e+02 2.008571428571428612e+02 -1.000000000000000000e+08 -1.000000000000000000e+08 -1.000000000000000000e+08 -1.000000000000000000e+08 -1.000000000000000000e+08 -9.999933837362636626e+07 -4.999993383736263514e+08 5.000026465230046568e+00
2.561538461538461320e+02 2.423076923076923208e+02 2.184615384615384528e+02 2.008571428571428612e+02 -1.000000000000000000e+08 -1.000000000000000000e+08 -1.000000000000000000e+08 -1.000000000000000000e+08 9.177802197802197952e+02 -3.999990822197802067e+08 -4.358331914317871560e+05
2.468461538461538396e+02 2.561538461538461320e+02 2.423076923076923208e+02 2.184615384615384528e+02 2.008571428571428612e+02 -1.000000000000000000e+08 -1.000000000000000000e+08 -1.000000000000000000e+08 9.637692307692308304e+02 -2.999988353736263514e+08 -3.112766270138991531e+05
2.493076923076923208e+02 2.468461538461538396e+02 2.561538461538461320e+02 2.423076923076923208e+02 2.184615384615384528e+02 2.008571428571428612e+02 -1.000000000000000000e+08 -1.000000000000000000e+08 9.946153846153847553e+02 -1.999985860659340918e+08 -2.010813316981548851e+05
2.513076923076923208e+02 2.493076923076923208e+02 2.468461538461538396e+02 2.561538461538461320e+02 2.423076923076923208e+02 2.184615384615384528e+02 2.008571428571428612e+02 -1.000000000000000000e+08 1.003615384615384528e+03 -9.999833475824175775e+07 -9.963810468744867831e+04
2.407692307692307736e+02 2.513076923076923208e+02 2.493076923076923208e+02 2.468461538461538396e+02 2.561538461538461320e+02 2.423076923076923208e+02 2.184615384615384528e+02 2.008571428571428612e+02 9.882307692307692832e+02 1.906010989010989078e+03 1.928710427114723736e+00
2.249230769230769340e+02 2.407692307692307736e+02 2.513076923076923208e+02 2.493076923076923208e+02 2.468461538461538396e+02 2.561538461538461320e+02 2.423076923076923208e+02 2.184615384615384528e+02 9.663076923076923777e+02 1.930076923076923322e+03 1.997373029772329334e+00
2.273076923076923208e+02 2.249230769230769340e+02 2.407692307692307736e+02 2.513076923076923208e+02 2.493076923076923208e+02 2.468461538461538396e+02 2.561538461538461320e+02 2.423076923076923208e+02 9.443076923076923777e+02 1.938923076923077133e+03 2.053274682306940324e+00
2.342307692307692264e+02 2.273076923076923208e+02 2.249230769230769340e+02 2.407692307692307736e+02 2.513076923076923208e+02 2.493076923076923208e+02 2.468461538461538396e+02 2.561538461538461320e+02 9.272307692307692832e+02 1.930846153846153811e+03 2.082379293180686819e+00
2.414615384615384528e+02 2.342307692307692264e+02 2.273076923076923208e+02 2.249230769230769340e+02 2.407692307692307736e+02 2.513076923076923208e+02 2.493076923076923208e+02 2.468461538461538396e+02 9.279230769230769056e+02 1.916153846153846189e+03 2.064992124678769692e+00
2.121538461538461604e+02 2.414615384615384528e+02 2.342307692307692264e+02 2.273076923076923208e+02 2.249230769230769340e+02 2.407692307692307736e+02 2.513076923076923208e+02 2.493076923076923208e+02 9.151538461538461888e+02 1.881461538461538566e+03 2.055896444481802199e+00
1.948461538461538396e+02 2.121538461538461604e+02 2.414615384615384528e+02 2.342307692307692264e+02 2.273076923076923208e+02 2.249230769230769340e+02 2.407692307692307736e+02 2.513076923076923208e+02 8.826923076923076223e+02 1.827000000000000000e+03 2.069803921568627469e+00
2.139230769230769340e+02 1.948461538461538396e+02 2.121538461538461604e+02 2.414615384615384528e+02 2.342307692307692264e+02 2.273076923076923208e+02 2.249230769230769340e+02 2.407692307692307736e+02 8.623846153846153584e+02 1.789615384615384755e+03 2.075194005887075477e+00
2.313846153846153868e+02 2.139230769230769340e+02 1.948461538461538396e+02 2.121538461538461604e+02 2.414615384615384528e+02 2.342307692307692264e+02 2.273076923076923208e+02 2.249230769230769340e+02 8.523076923076923777e+02 1.780230769230769283e+03 2.088718411552346499e+00
2.540769230769230660e+02 2.313846153846153868e+02 2.139230769230769340e+02 1.948461538461538396e+02 2.121538461538461604e+02 2.414615384615384528e+02 2.342307692307692264e+02 2.273076923076923208e+02 8.942307692307691696e+02 1.809384615384615245e+03 2.023397849462365450e+00
3.076153846153846416e+02 2.540769230769230660e+02 2.313846153846153868e+02 2.139230769230769340e+02 1.948461538461538396e+02 2.121538461538461604e+02 2.414615384615384528e+02 2.342307692307692264e+02 1.007000000000000000e+03 1.889692307692307622e+03 1.876556412802688811e+00
3.010769230769230944e+02 3.076153846153846416e+02 2.540769230769230660e+02 2.313846153846153868e+02 2.139230769230769340e+02 1.948461538461538396e+02 2.121538461538461604e+02 2.414615384615384528e+02 1.094153846153846189e+03 1.956538461538461434e+03 1.788174915635545315e+00
2.962307692307692264e+02 3.010769230769230944e+02 3.076153846153846416e+02 2.540769230769230660e+02 2.313846153846153868e+02 2.139230769230769340e+02 1.948461538461538396e+02 2.121538461538461604e+02 1.159000000000000000e+03 2.011307692307692378e+03 1.735381960576093618e+00
2.983846153846153584e+02 2.962307692307692264e+02 3.010769230769230944e+02 3.076153846153846416e+02 2.540769230769230660e+02 2.313846153846153868e+02 2.139230769230769340e+02 1.948461538461538396e+02 1.203307692307692378e+03 2.097538461538461434e+03 1.743143898229239763e+00
3.536428571428571672e+02 2.983846153846153584e+02 2.962307692307692264e+02 3.010769230769230944e+02 3.076153846153846416e+02 2.540769230769230660e+02 2.313846153846153868e+02 2.139230769230769340e+02 1.249335164835164960e+03 2.256335164835164960e+03 1.806028700979422030e+00
3.751666666666666856e+02 3.536428571428571672e+02 2.983846153846153584e+02 2.962307692307692264e+02 3.010769230769230944e+02 3.076153846153846416e+02 2.540769230769230660e+02 2.313846153846153868e+02 1.323424908424908381e+03 2.417578754578754342e+03 1.826759296419822931e+00
3.674615384615384528e+02 3.751666666666666856e+02 3.536428571428571672e+02 2.983846153846153584e+02 2.962307692307692264e+02 3.010769230769230944e+02 3.076153846153846416e+02 2.540769230769230660e+02 1.394655677655677664e+03 2.553655677655677664e+03 1.831029492489645083e+00
3.645714285714285552e+02 3.674615384615384528e+02 3.751666666666666856e+02 3.536428571428571672e+02 2.983846153846153584e+02 2.962307692307692264e+02 3.010769230769230944e+02 3.076153846153846416e+02 1.460842490842490861e+03 2.664150183150183238e+03 1.823708031393395324e+00
3.696923076923076792e+02 3.645714285714285552e+02 3.674615384615384528e+02 3.751666666666666856e+02 3.536428571428571672e+02 2.983846153846153584e+02 2.962307692307692264e+02 3.010769230769230944e+02 1.476891941391941373e+03 2.726227106227106560e+03 1.845921851031085970e+00
3.730769230769230944e+02 3.696923076923076792e+02 3.645714285714285552e+02 3.674615384615384528e+02 3.751666666666666856e+02 3.536428571428571672e+02 2.983846153846153584e+02 2.962307692307692264e+02 1.474802197802197952e+03 2.798227106227106560e+03 1.897357564558232124e+00
3.888461538461538680e+02 3.730769230769230944e+02 3.696923076923076792e+02 3.645714285714285552e+02 3.674615384615384528e+02 3.751666666666666856e+02 3.536428571428571672e+02 2.983846153846153584e+02 1.496186813186813197e+03 2.890842490842490861e+03 1.932140067913793002e+00
3.835384615384615472e+02 3.888461538461538680e+02 3.730769230769230944e+02 3.696923076923076792e+02 3.645714285714285552e+02 3.674615384615384528e+02 3.751666666666666856e+02 3.536428571428571672e+02 1.515153846153846189e+03 2.975996336996337050e+03 1.964154560641335312e+00
3.866923076923076792e+02 3.835384615384615472e+02 3.888461538461538680e+02 3.730769230769230944e+02 3.696923076923076792e+02 3.645714285714285552e+02 3.674615384615384528e+02 3.751666666666666856e+02 1.532153846153846189e+03 3.009045787545787789e+03 1.963931882623518366e+00
3.667692307692307736e+02 3.866923076923076792e+02 3.835384615384615472e+02 3.888461538461538680e+02 3.730769230769230944e+02 3.696923076923076792e+02 3.645714285714285552e+02 3.674615384615384528e+02 1.525846153846153811e+03 3.000648351648351763e+03 1.966547114913721250e+00
3.784615384615384528e+02 3.667692307692307736e+02 3.866923076923076792e+02 3.835384615384615472e+02 3.888461538461538680e+02 3.730769230769230944e+02 3.696923076923076792e+02 3.645714285714285552e+02 1.515461538461538566e+03 3.011648351648351763e+03 1.987281283763695727e+00
3.747692307692307736e+02 3.784615384615384528e+02 3.667692307692307736e+02 3.866923076923076792e+02 3.835384615384615472e+02 3.888461538461538680e+02 3.730769230769230944e+02 3.696923076923076792e+02 1.506692307692307622e+03 3.021846153846153811e+03 2.005615969775871754e+00
