-1.000000000000000000e+08 -1.000000000000000000e+08 -1.000000000000000000e+08 -1.000000000000000000e+08 -1.000000000000000000e+08 -1.000000000000000000e+08 -1.000000000000000000e+08 -1.000000000000000000e+08 -4.000000000000000000e+08 -8.000000000000000000e+08 2.000000000000000000e+00
-1.000000000000000000e+08 -1.000000000000000000e+08 -1.000000000000000000e+08 -1.000000000000000000e+08 -1.000000000000000000e+08 -1.000000000000000000e+08 -1.000000000000000000e+08 -1.000000000000000000e+08 -4.000000000000000000e+08 -8.000000000000000000e+08 2.000000000000000000e+00
-1.000000000000000000e+08 -1.000000000000000000e+08 -1.000000000000000000e+08 -1.000000000000000000e+08 -1.000000000000000000e+08 -1.000000000000000000e+08 -1.000000000000000000e+08 -1.000000000000000000e+08 -4.000000000000000000e+08 -8.000000000000000000e+08 2.000000000000000000e+00
-1.000000000000000000e+08 -1.000000000000000000e+08 -1.000000000000000000e+08 -1.000000000000000000e+08 -1.000000000000000000e+08 -1.000000000000000000e+08 -1.000000000000000000e+08 -1.000000000000000000e+08 -4.000000000000000000e+08 -8.000000000000000000e+08 2.000000000000000000e+00
-1.000000000000000000e+08 -1.000000000000000000e+08 -1.000000000000000000e+08 -1.000000000000000000e+08 -1.000000000000000000e+08 -1.000000000000000000e+08 -1.000000000000000000e+08 -1.000000000000000000e+08 -4.000000000000000000e+08 -8.000000000000000000e+08 2.000000000000000000e+00
-1.000000000000000000e+08 -1.000000000000000000e+08 -1.000000000000000000e+08 -1.000000000000000000e+08 -1.000000000000000000e+08 -1.000000000000000000e+08 -1.000000000000000000e+08 -1.000000000000000000e+08 -4.000000000000000000e+08 -8.000000000000000000e+08 2.000000000000000000e+00
-1.000000000000000000e+08 -1.000000000000000000e+08 -1.000000000000000000e+08 -1.000000000000000000e+08 -1.000000000000000000e+08 -1.000000000000000000e+08 -1.000000000000000000e+08 -1.000000000000000000e+08 -4.000000000000000000e+08 -8.000000000000000000e+08 2.000000000000000000e+00
-1.000000000000000000e+08 -1.000000000000000000e+08 -1.000000000000000000e+08 -1.000000000000000000e+08 -1.000000000000000000e+08 -1.000000000000000000e+08 -1.000000000000000000e+08 -1.000000000000000000e+08 -4.000000000000000000e+08 -8.000000000000000000e+08 2.000000000000000000e+00
-1.000000000000000000e+08 -1.000000000000000000e+08 -1.000000000000000000e+08 -1.000000000000000000e+08 -1.000000000000000000e+08 -1.000000000000000000e+08 -1.000000000000000000e+08 -1.000000000000000000e+08 -4.000000000000000000e+08 -8.000000000000000000e+08 2.000000000000000000e+00
-1.000000000000000000e+08 -1.000000000000000000e+08 -1.000000000000000000e+08 -1.000000000000000000e+08 -1.000000000000000000e+08 -1.000000000000000000e+08 -1.000000000000000000e+08 -1.000000000000000000e+08 -4.000000000000000000e+08 -8.000000000000000000e+08 2.000000000000000000e+00
-1.000000000000000000e+08 -1.000000000000000000e+08 -1.000000000000000000e+08 -1.000000000000000000e+08 -1.000000000000000000e+08 -1.000000000000000000e+08 -1.000000000000000000e+08 -1.000000000000000000e+08 -4.000000000000000000e+08 -8.000000000000000000e+08 2.000000000000000000e+00
-1.000000000000000000e+08 -1.000000000000000000e+08 -1.000000000000000000e+08 -1.000000000000000000e+08 -1.000000000000000000e+08 -1.000000000000000000e+08 -1.000000000000000000e+08 -1.000000000000000000e+08 -4.000000000000000000e+08 -8.000000000000000000e+08 2.000000000000000000e+00
-1.000000000000000000e+08 -1.000000000000000000e+08 -1.000000000000000000e+08 -1.000000000000000000e+08 -1.000000000000000000e+08 -1.000000000000000000e+08 -1.000000000000000000e+08 -1.000000000000000000e+08 -4.000000000000000000e+08 -8.000000000000000000e+08 2.000000000000000000e+00
-1.000000000000000000e+08 -1.000000000000000000e+08 -1.000000000000000000e+08 -1.000000000000000000e+08 -1.000000000000000000e+08 -1.000000000000000000e+08 -1.000000000000000000e+08 -1.000000000000000000e+08 -4.000000000000000000e+08 -8.000000000000000000e+08 2.000000000000000000e+00
-1.000000000000000000e+08 -1.000000000000000000e+08 -1.000000000000000000e+08 -1.000000000000000000e+08 -1.000000000000000000e+08 -1.000000000000000000e+08 -1.000000000000000000e+08 -1.000000000000000000e+08 -4.000000000000000000e+08 -8.000000000000000000e+08 2.000000000000000000e+00
-1.000000000000000000e+08 -1.000000000000000000e+08 -1.000000000000000000e+08 -1.000000000000000000e+08 -1.000000000000000000e+08 -1.000000000000000000e+08 -1.000000000000000000e+08 -1.000000000000000000e+08 -4.000000000000000000e+08 -8.000000000000000000e+08 2.000000000000000000e+00
-1.000000000000000000e+08 -1.000000000000000000e+08 -1.000000000000000000e+08 -1.000000000000000000e+08 -1.000000000000000000e+08 -1.000000000000000000e+08 -1.000000000000000000e+08 -1.000000000000000000e+08 -4.000000000000000000e+08 -8.000000000000000000e+08 2.000000000000000000e+00
-1.000000000000000000e+08 -1.000000000000000000e+08 -1.000000000000000000e+08 -1.000000000000000000e+08 -1.000000000000000000e+08 -1.000000000000000000e+08 -1.000000000000000000e+08 -1.000000000000000000e+08 -4.000000000000000000e+08 -8.000000000000000000e+08 2.000000000000000000e+00
-1.000000000000000000e+08 -1.000000000000000000e+08 -1.000000000000000000e+08 -1.000000000000000000e+08 -1.000000000000000000e+08 -1.000000000000000000e+08 -1.000000000000000000e+08 -1.000000000000000000e+08 -4.000000000000000000e+08 -8.000000000000000000e+08 2.000000000000000000e+00
-1.000000000000000000e+08 -1.000000000000000000e+08 -1.000000000000000000e+08 -1.000000000000000000e+08 -1.000000000000000000e+08 -1.000000000000000000e+08 -1.000000000000000000e+08 -1.000000000000000000e+08 -4.000000000000000000e+08 -8.000000000000000000e+08 2.000000000000000000e+00
-1.000000000000000000e+08 -1.000000000000000000e+08 -1.000000000000000000e+08 -1.000000000000000000e+08 -1.000000000000000000e+08 -1.000000000000000000e+08 -1.000000000000000000e+08 -1.000000000000000000e+08 -4.000000000000000000e+08 -8.000000000000000000e+08 2.000000000000000000e+00
-1.000000000000000000e+08 -1.000000000000000000e+08 -1.000000000000000000e+08 -1.000000000000000000e+08 -1.000000000000000000e+08 -1.000000000000000000e+08 -1.000000000000000000e+08 -1.000000000000000000e+08 -4.000000000000000000e+08 -8.000000000000000000e+08 2.000000000000000000e+00
-1.000000000000000000e+08 -1.000000000000000000e+08 -1.000000000000000000e+08 -1.000000000000000000e+08 -1.000000000000000000e+08 -1.000000000000000000e+08 -1.000000000000000000e+08 -1.000000000000000000e+08 -4.000000000000000000e+08 -8.000000000000000000e+08 2.000000000000000000e+00
-1.000000000000000000e+08 -1.000000000000000000e+08 -1.000000000000000000e+08 -1.000000000000000000e+08 -1.000000000000000000e+08 -1.000000000000000000e+08 -1.000000000000000000e+08 -1.000000000000000000e+08 -4.000000000000000000e+08 -8.000000000000000000e+08 2.000000000000000000e+00
-1.000000000000000000e+08 -1.000000000000000000e+08 -1.000000000000000000e+08 -1.000000000000000000e+08 -1.000000000000000000e+08 -1.000000000000000000e+08 -1.000000000000000000e+08 -1.000000000000000000e+08 -4.000000000000000000e+08 -8.000000000000000000e+08 2.000000000000000000e+00
-1.000000000000000000e+08 -1.000000000000000000e+08 -1.000000000000000000e+08 -1.000000000000000000e+08 -1.000000000000000000e+08 -1.000000000000000000e+08 -1.000000000000000000e+08 -1.000000000000000000e+08 -4.000000000000000000e+08 -8.000000000000000000e+08 2.000000000000000000e+00
-1.000000000000000000e+08 -1.000000000000000000e+08 -1.000000000000000000e+08 -1.000000000000000000e+08 -1.000000000000000000e+08 -1.000000000000000000e+08 -1.000000000000000000e+08 -1.000000000000000000e+08 -4.000000000000000000e+08 -8.000000000000000000e+08 2.000000000000000000e+00
-1.000000000000000000e+08 -1.000000000000000000e+08 -1.000000000000000000e+08 -1.000000000000000000e+08 -1.000000000000000000e+08 -1.000000000000000000e+08 -1.000000000000000000e+08 -1.000000000000000000e+08 -4.000000000000000000e+08 -8.000000000000000000e+08 2.000000000000000000e+00
-1.000000000000000000e+08 -1.000000000000000000e+08 -1.000000000000000000e+08 -1.000000000000000000e+08 -1.000000000000000000e+08 -1.000000000000000000e+08 -1.000000000000000000e+08 -1.000000000000000000e+08 -4.000000000000000000e+08 -8.000000000000000000e+08 2.000000000000000000e+00
-1.000000000000000000e+08 -1.000000000000000000e+08 -1.000000000000000000e+08 -1.000000000000000000e+08 -1.000000000000000000e+08 -1.000000000000000000e+08 -1.000000000000000000e+08 -1.000000000000000000e+08 -4.000000000000000000e+08 -8.000000000000000000e+08 2.000000000000000000e+00
-1.000000000000000000e+08 -1.000000000000000000e+08 -1.000000000000000000e+08 -1.000000000000000000e+08 -1.000000000000000000e+08 -1.000000000000000000e+08 -1.000000000000000000e+08 -1.000000000000000000e+08 -4.000000000000000000e+08 -8.000000000000000000e+08 2.000000000000000000e+00
-1.000000000000000000e+08 -1.000000000000000000e+08 -1.000000000000000000e+08 -1.000000000000000000e+08 -1.000000000000000000e+08 -1.000000000000000000e+08 -1.000000000000000000e+08 -1.000000000000000000e+08 -4.000000000000000000e+08 -8.000000000000000000e+08 2.000000000000000000e+00
-1.000000000000000000e+08 -1.000000000000000000e+08 -1.000000000000000000e+08 -1.000000000000000000e+08 -1.000000000000000000e+08 -1.000000000000000000e+08 -1.000000000000000000e+08 -1.000000000000000000e+08 -4.000000000000000000e+08 -8.000000000000000000e+08 2.000000000000000000e+00
-1.000000000000000000e+08 -1.000000000000000000e+08 -1.000000000000000000e+08 -1.000000000000000000e+08 -1.000000000000000000e+08 -1.000000000000000000e+08 -1.000000000000000000e+08 -1.000000000000000000e+08 -4.000000000000000000e+08 -8.000000000000000000e+08 2.000000000000000000e+00
-1.000000000000000000e+08 -1.000000000000000000e+08 -1.000000000000000000e+08 -1.000000000000000000e+08 -1.000000000000000000e+08 -1.000000000000000000e+08 -1.000000000000000000e+08 -1.000000000000000000e+08 -4.000000000000000000e+08 -8.000000000000000000e+08 2.000000000000000000e+00
-1.000000000000000000e+08 -1.000000000000000000e+08 -1.000000000000000000e+08 -1.000000000000000000e+08 -1.000000000000000000e+08 -1.000000000000000000e+08 -1.000000000000000000e+08 -1.000000000000000000e+08 -4.000000000000000000e+08 -8.000000000000000000e+08 2.000000000000000000e+00
-1.000000000000000000e+08 -1.000000000000000000e+08 -1.000000000000000000e+08 -1.000000000000000000e+08 -1.000000000000000000e+08 -1.000000000000000000e+08 -1.000000000000000000e+08 -1.000000000000000000e+08 -4.000000000000000000e+08 -8.000000000000000000e+08 2.000000000000000000e+00
-1.000000000000000000e+08 -1.000000000000000000e+08 -1.000000000000000000e+08 -1.000000000000000000e+08 -1.000000000000000000e+08 -1.000000000000000000e+08 -1.000000000000000000e+08 -1.000000000000000000e+08 -4.000000000000000000e+08 -8.000000000000000000e+08 2.000000000000000000e+00
-1.000000000000000000e+08 -1.000000000000000000e+08 -1.000000000000000000e+08 -1.000000000000000000e+08 -1.000000000000000000e+08 -1.000000000000000000e+08 -1.000000000000000000e+08 -1.000000000000000000e+08 -4.000000000000000000e+08 -8.000000000000000000e+08 2.000000000000000000e+00
-1.000000000000000000e+08 -1.000000000000000000e+08 -1.000000000000000000e+08 -1.000000000000000000e+08 -1.000000000000000000e+08 -1.000000000000000000e+08 -1.000000000000000000e+08 -1.000000000000000000e+08 -4.000000000000000000e+08 -8.000000000000000000e+08 2.000000000000000000e+00
-1.000000000000000000e+08 -1.000000000000000000e+08 -1.000000000000000000e+08 -1.000000000000000000e+08 -1.000000000000000000e+08 -1.000000000000000000e+08 -1.000000000000000000e+08 -1.000000000000000000e+08 -4.000000000000000000e+08 -8.000000000000000000e+08 2.000000000000000000e+00
-1.000000000000000000e+08 -1.000000000000000000e+08 -1.000000000000000000e+08 -1.000000000000000000e+08 -1.000000000000000000e+08 -1.000000000000000000e+08 -1.000000000000000000e+08 -1.000000000000000000e+08 -4.000000000000000000e+08 -8.000000000000000000e+08 2.000000000000000000e+00
-1.000000000000000000e+08 -1.000000000000000000e+08 -1.000000000000000000e+08 -1.000000000000000000e+08 -1.000000000000000000e+08 -1.000000000000000000e+08 -1.000000000000000000e+08 -1.000000000000000000e+08 -4.000000000000000000e+08 -8.000000000000000000e+08 2.000000000000000000e+00
-1.000000000000000000e+08 -1.000000000000000000e+08 -1.000000000000000000e+08 -1.000000000000000000e+08 -1.000000000000000000e+08 -1.000000000000000000e+08 -1.000000000000000000e+08 -1.000000000000000000e+08 -4.000000000000000000e+08 -8.000000000000000000e+08 2.000000000000000000e+00
-1.000000000000000000e+08 -1.000000000000000000e+08 -1.000000000000000000e+08 -1.000000000000000000e+08 -1.000000000000000000e+08 -1.000000000000000000e+08 -1.000000000000000000e+08 -1.000000000000000000e+08 -4.000000000000000000e+08 -8.000000000000000000e+08 2.000000000000000000e+00
-1.000000000000000000e+08 -1.000000000000000000e+08 -1.000000000000000000e+08 -1.000000000000000000e+08 -1.000000000000000000e+08 -1.000000000000000000e+08 -1.000000000000000000e+08 -1.000000000000000000e+08 -4.000000000000000000e+08 -8.000000000000000000e+08 2.000000000000000000e+00
-1.000000000000000000e+08 -1.000000000000000000e+08 -1.000000000000000000e+08 -1.000000000000000000e+08 -1.000000000000000000e+08 -1.000000000000000000e+08 -1.000000000000000000e+08 -1.000000000000000000e+08 -4.000000000000000000e+08 -8.000000000000000000e+08 2.000000000000000000e+00
-1.000000000000000000e+08 -1.000000000000000000e+08 -1.000000000000000000e+08 -1.000000000000000000e+08 -1.000000000000000000e+08 -1.000000000000000000e+08 -1.000000000000000000e+08 -1.000000000000000000e+08 -4.000000000000000000e+08 -8.000000000000000000e+08 2.000000000000000000e+00
-1.000000000000000000e+08 -1.000000000000000000e+08 -1.000000000000000000e+08 -1.000000000000000000e+08 -1.000000000000000000e+08 -1.000000000000000000e+08 -1.000000000000000000e+08 -1.000000000000000000e+08 -4.000000000000000000e+08 -8.000000000000000000e+08 2.000000000000000000e+00
-1.000000000000000000e+08 -1.000000000000000000e+08 -1.000000000000000000e+08 -1.000000000000000000e+08 -1.000000000000000000e+08 -1.000000000000000000e+08 -1.000000000000000000e+08 -1.000000000000000000e+08 -4.000000000000000000e+08 -8.000000000000000000e+08 2.000000000000000000e+00
-1.000000000000000000e+08 -1.000000000000000000e+08 -1.000000000000000000e+08 -1.000000000000000000e+08 -1.000000000000000000e+08 -1.000000000000000000e+08 -1.000000000000000000e+08 -1.000000000000000000e+08 -4.000000000000000000e+08 -8.000000000000000000e+08 2.000000000000000000e+00
-1.000000000000000000e+08 -1.000000000000000000e+08 -1.000000000000000000e+08 -1.000000000000000000e+08 -1.000000000000000000e+08 -1.000000000000000000e+08 -1.000000000000000000e+08 -1.000000000000000000e+08 -4.000000000000000000e+08 -8.000000000000000000e+08 2.000000000000000000e+00
-1.000000000000000000e+08 -1.000000000000000000e+08 -1.000000000000000000e+08 -1.000000000000000000e+08 -1.000000000000000000e+08 -1.000000000000000000e+08 -1.000000000000000000e+08 -1.000000000000000000e+08 -4.000000000000000000e+08 -8.000000000000000000e+08 2.000000000000000000e+00
-1.000000000000000000e+08 -1.000000000000000000e+08 -1.000000000000000000e+08 -1.000000000000000000e+08 -1.000000000000000000e+08 -1.000000000000000000e+08 -1.000000000000000000e+08 -1.000000000000000000e+08 -4.000000000000000000e+08 -8.000000000000000000e+08 2.000000000000000000e+00
-1.000000000000000000e+08 -1.000000000000000000e+08 -1.000000000000000000e+08 -1.000000000000000000e+08 -1.000000000000000000e+08 -1.000000000000000000e+08 -1.000000000000000000e+08 -1.000000000000000000e+08 -4.000000000000000000e+08 -8.000000000000000000e+08 2.000000000000000000e+00
-1.000000000000000000e+08 -1.000000000000000000e+08 -1.000000000000000000e+08 -1.000000000000000000e+08 -1.000000000000000000e+08 -1.000000000000000000e+08 -1.000000000000000000e+08 -1.000000000000000000e+08 -4.000000000000000000e+08 -8.000000000000000000e+08 2.000000000000000000e+00
-1.000000000000000000e+08 -1.000000000000000000e+08 -1.000000000000000000e+08 -1.000000000000000000e+08 -1.000000000000000000e+08 -1.000000000000000000e+08 -1.000000000000000000e+08 -1.000000000000000000e+08 -4.000000000000000000e+08 -8.000000000000000000e+08 2.000000000000000000e+00
-1.000000000000000000e+08 -1.000000000000000000e+08 -1.000000000000000000e+08 -1.000000000000000000e+08 -1.000000000000000000e+08 -1.000000000000000000e+08 -1.000000000000000000e+08 -1.000000000000000000e+08 -4.000000000000000000e+08 -8.000000000000000000e+08 2.000000000000000000e+00
-1.000000000000000000e+08 -1.000000000000000000e+08 -1.000000000000000000e+08 -1.000000000000000000e+08 -1.000000000000000000e+08 -1.000000000000000000e+08 -1.000000000000000000e+08 -1.000000000000000000e+08 -4.000000000000000000e+08 -8.000000000000000000e+08 2.000000000000000000e+00
-1.000000000000000000e+08 -1.000000000000000000e+08 -1.000000000000000000e+08 -1.000000000000000000e+08 -1.000000000000000000e+08 -1.000000000000000000e+08 -1.000000000000000000e+08 -1.000000000000000000e+08 -4.000000000000000000e+08 -8.000000000000000000e+08 2.000000000000000000e+00
-1.000000000000000000e+08 -1.000000000000000000e+08 -1.000000000000000000e+08 -1.000000000000000000e+08 -1.000000000000000000e+08 -1.000000000000000000e+08 -1.000000000000000000e+08 -1.000000000000000000e+08 -4.000000000000000000e+08 -8.000000000000000000e+08 2.000000000000000000e+00
-1.000000000000000000e+08 -1.000000000000000000e+08 -1.000000000000000000e+08 -1.000000000000000000e+08 -1.000000000000000000e+08 -1.000000000000000000e+08 -1.000000000000000000e+08 -1.000000000000000000e+08 -4.000000000000000000e+08 -8.000000000000000000e+08 2.000000000000000000e+00
-1.000000000000000000e+08 -1.000000000000000000e+08 -1.000000000000000000e+08 -1.000000000000000000e+08 -1.000000000000000000e+08 -1.000000000000000000e+08 -1.000000000000000000e+08 -1.000000000000000000e+08 -4.000000000000000000e+08 -8.000000000000000000e+08 2.000000000000000000e+00
-1.000000000000000000e+08 -1.000000000000000000e+08 -1.000000000000000000e+08 -1.000000000000000000e+08 -1.000000000000000000e+08 -1.000000000000000000e+08 -1.000000000000000000e+08 -1.000000000000000000e+08 -4.000000000000000000e+08 -8.000000000000000000e+08 2.000000000000000000e+00
-1.000000000000000000e+08 -1.000000000000000000e+08 -1.000000000000000000e+08 -1.000000000000000000e+08 -1.000000000000000000e+08 -1.000000000000000000e+08 -1.000000000000000000e+08 -1.000000000000000000e+08 -4.000000000000000000e+08 -8.000000000000000000e+08 2.000000000000000000e+00
-1.000000000000000000e+08 -1.000000000000000000e+08 -1.000000000000000000e+08 -1.000000000000000000e+08 -1.000000000000000000e+08 -1.000000000000000000e+08 -1.000000000000000000e+08 -1.000000000000000000e+08 -4.000000000000000000e+08 -8.000000000000000000e+08 2.000000000000000000e+00
-1.000000000000000000e+08 -1.000000000000000000e+08 -1.000000000000000000e+08 -1.000000000000000000e+08 -1.000000000000000000e+08 -1.000000000000000000e+08 -1.000000000000000000e+08 -1.000000000000000000e+08 -4.000000000000000000e+08 -8.000000000000000000e+08 2.000000000000000000e+00
-1.000000000000000000e+08 -1.000000000000000000e+08 -1.000000000000000000e+08 -1.000000000000000000e+08 -1.000000000000000000e+08 -1.000000000000000000e+08 -1.000000000000000000e+08 -1.000000000000000000e+08 -4.000000000000000000e+08 -8.000000000000000000e+08 2.000000000000000000e+00
-1.000000000000000000e+08 -1.000000000000000000e+08 -1.000000000000000000e+08 -1.000000000000000000e+08 -1.000000000000000000e+08 -1.000000000000000000e+08 -1.000000000000000000e+08 -1.000000000000000000e+08 -4.000000000000000000e+08 -8.000000000000000000e+08 2.000000000000000000e+00
-1.000000000000000000e+08 -1.000000000000000000e+08 -1.000000000000000000e+08 -1.000000000000000000e+08 -1.000000000000000000e+08 -1.000000000000000000e+08 -1.000000000000000000e+08 -1.000000000000000000e+08 -4.000000000000000000e+08 -8.000000000000000000e+08 2.000000000000000000e+00
-1.000000000000000000e+08 -1.000000000000000000e+08 -1.000000000000000000e+08 -1.000000000000000000e+08 -1.000000000000000000e+08 -1.000000000000000000e+08 -1.000000000000000000e+08 -1.000000000000000000e+08 -4.000000000000000000e+08 -8.000000000000000000e+08 2.000000000000000000e+00
2.029000000000000057e+02 -1.000000000000000000e+08 -1.000000000000000000e+08 -1.000000000000000000e+08 -1.000000000000000000e+08 -1.000000000000000000e+08 -1.000000000000000000e+08 -1.000000000000000000e+08 -2.999997971000000238e+08 -6.999997971000000238e+08 2.333334235111721000e+00
2.017333333333333485e+02 2.029000000000000057e+02 -1.000000000000000000e+08 -1.000000000000000000e+08 -1.000000000000000000e+08 -1.000000000000000000e+08 -1.000000000000000000e+08 -1.000000000000000000e+08 -1.999995953666666746e+08 -5.999995953666666746e+08 3.000004046341519626e+00
2.649000000000000341e+02 2.017333333333333485e+02 2.029000000000000057e+02 -1.000000000000000000e+08 -1.000000000000000000e+08 -1.000000000000000000e+08 -1.000000000000000000e+08 -1.000000000000000000e+08 -9.999933046666666865e+07 -4.999993304666666985e+08 5.000026781512644902e+00
2.405666666666666913e+02 2.649000000000000341e+02 2.017333333333333485e+02 2.029000000000000057e+02 -1.000000000000000000e+08 -1.000000000000000000e+08 -1.000000000000000000e+08 -1.000000000000000000e+08 9.101000000000000227e+02 -3.999990898999999762e+08 -4.395111415229095146e+05
2.566999999999999886e+02 2.405666666666666913e+02 2.649000000000000341e+02 2.017333333333333485e+02 2.029000000000000057e+02 -1.000000000000000000e+08 -1.000000000000000000e+08 -1.000000000000000000e+08 9.639000000000000909e+02 -2.999988332000000477e+08 -3.112343948542380240e+05
2.432333333333333485e+02 2.566999999999999886e+02 2.405666666666666913e+02 2.649000000000000341e+02 2.017333333333333485e+02 2.029000000000000057e+02 -1.000000000000000000e+08 -1.000000000000000000e+08 1.005400000000000091e+03 -1.999985899666666687e+08 -1.989243982162986358e+05
2.582666666666666515e+02 2.432333333333333485e+02 2.566999999999999886e+02 2.405666666666666913e+02 2.649000000000000341e+02 2.017333333333333485e+02 2.029000000000000057e+02 -1.000000000000000000e+08 9.987666666666667652e+02 -9.999833170000000298e+07 -1.001218152721689985e+05
2.313333333333333428e+02 2.582666666666666515e+02 2.432333333333333485e+02 2.566999999999999886e+02 2.405666666666666913e+02 2.649000000000000341e+02 2.017333333333333485e+02 2.029000000000000057e+02 9.895333333333333030e+02 1.899633333333333212e+03 1.919726470390082707e+00
2.354666666666666686e+02 2.313333333333333428e+02 2.582666666666666515e+02 2.432333333333333485e+02 2.566999999999999886e+02 2.405666666666666913e+02 2.649000000000000341e+02 2.017333333333333485e+02 9.682999999999999545e+02 1.932200000000000045e+03 1.995455953733347165e+00
2.208666666666666742e+02 2.354666666666666686e+02 2.313333333333333428e+02 2.582666666666666515e+02 2.432333333333333485e+02 2.566999999999999886e+02 2.405666666666666913e+02 2.649000000000000341e+02 9.459333333333333940e+02 1.951333333333333485e+03 2.062865600112763431e+00
2.353000000000000398e+02 2.208666666666666742e+02 2.354666666666666686e+02 2.313333333333333428e+02 2.582666666666666515e+02 2.432333333333333485e+02 2.566999999999999886e+02 2.405666666666666913e+02 9.229666666666668107e+02 1.921733333333333576e+03 2.082126476217992739e+00
2.450666666666666913e+02 2.353000000000000398e+02 2.208666666666666742e+02 2.354666666666666686e+02 2.313333333333333428e+02 2.582666666666666515e+02 2.432333333333333485e+02 2.566999999999999886e+02 9.367000000000000455e+02 1.926233333333333348e+03 2.056403686701540945e+00
2.154000000000000057e+02 2.450666666666666913e+02 2.353000000000000398e+02 2.208666666666666742e+02 2.354666666666666686e+02 2.313333333333333428e+02 2.582666666666666515e+02 2.432333333333333485e+02 9.166333333333334394e+02 1.884933333333333394e+03 2.056365686024946182e+00
1.819666666666666686e+02 2.154000000000000057e+02 2.450666666666666913e+02 2.353000000000000398e+02 2.208666666666666742e+02 2.354666666666666686e+02 2.313333333333333428e+02 2.582666666666666515e+02 8.777333333333334622e+02 1.823666666666666970e+03 2.077700136715783241e+00
2.185000000000000000e+02 1.819666666666666686e+02 2.154000000000000057e+02 2.450666666666666913e+02 2.353000000000000398e+02 2.208666666666666742e+02 2.354666666666666686e+02 2.313333333333333428e+02 8.609333333333333940e+02 1.783900000000000091e+03 2.072053585256310893e+00
2.447000000000000171e+02 2.185000000000000000e+02 1.819666666666666686e+02 2.154000000000000057e+02 2.450666666666666913e+02 2.353000000000000398e+02 2.208666666666666742e+02 2.354666666666666686e+02 8.605666666666667197e+02 1.797266666666666879e+03 2.088468838362319335e+00
2.540999999999999943e+02 2.447000000000000171e+02 2.185000000000000000e+02 1.819666666666666686e+02 2.154000000000000057e+02 2.450666666666666913e+02 2.353000000000000398e+02 2.208666666666666742e+02 8.992666666666666515e+02 1.815900000000000091e+03 2.019312032026095327e+00
2.904666666666666401e+02 2.540999999999999943e+02 2.447000000000000171e+02 2.185000000000000000e+02 1.819666666666666686e+02 2.154000000000000057e+02 2.450666666666666913e+02 2.353000000000000398e+02 1.007766666666666652e+03 1.885500000000000000e+03 1.870968808917408133e+00
3.115666666666666629e+02 2.904666666666666401e+02 2.540999999999999943e+02 2.447000000000000171e+02 2.185000000000000000e+02 1.819666666666666686e+02 2.154000000000000057e+02 2.450666666666666913e+02 1.100833333333333258e+03 1.961766666666666652e+03 1.782074186222558865e+00
3.148666666666666174e+02 3.115666666666666629e+02 2.904666666666666401e+02 2.540999999999999943e+02 2.447000000000000171e+02 2.185000000000000000e+02 1.819666666666666686e+02 2.154000000000000057e+02 1.170999999999999773e+03 2.031566666666666606e+03 1.734898946769143357e+00
2.763666666666666174e+02 3.148666666666666174e+02 3.115666666666666629e+02 2.904666666666666401e+02 2.540999999999999943e+02 2.447000000000000171e+02 2.185000000000000000e+02 1.819666666666666686e+02 1.193266666666666652e+03 2.092533333333333303e+03 1.753617520531873364e+00
3.460333333333333030e+02 2.763666666666666174e+02 3.148666666666666174e+02 3.115666666666666629e+02 2.904666666666666401e+02 2.540999999999999943e+02 2.447000000000000171e+02 2.185000000000000000e+02 1.248833333333333030e+03 2.256599999999999454e+03 1.806966502068597435e+00
3.968666666666666174e+02 3.460333333333333030e+02 2.763666666666666174e+02 3.148666666666666174e+02 3.115666666666666629e+02 2.904666666666666401e+02 2.540999999999999943e+02 2.447000000000000171e+02 1.334133333333332985e+03 2.434966666666666242e+03 1.825129922046772046e+00
3.881666666666666856e+02 3.968666666666666174e+02 3.460333333333333030e+02 2.763666666666666174e+02 3.148666666666666174e+02 3.115666666666666629e+02 2.904666666666666401e+02 2.540999999999999943e+02 1.407433333333333167e+03 2.578433333333332939e+03 1.832010989271250168e+00
3.173333333333333144e+02 3.881666666666666856e+02 3.968666666666666174e+02 3.460333333333333030e+02 2.763666666666666174e+02 3.148666666666666174e+02 3.115666666666666629e+02 2.904666666666666401e+02 1.448399999999999864e+03 2.641666666666666515e+03 1.823851606370247680e+00
3.714666666666666970e+02 3.173333333333333144e+02 3.881666666666666856e+02 3.968666666666666174e+02 3.460333333333333030e+02 2.763666666666666174e+02 3.148666666666666174e+02 3.115666666666666629e+02 1.473833333333333258e+03 2.722666666666666060e+03 1.847336876625579327e+00
3.618333333333333144e+02 3.714666666666666970e+02 3.173333333333333144e+02 3.881666666666666856e+02 3.968666666666666174e+02 3.460333333333333030e+02 2.763666666666666174e+02 3.148666666666666174e+02 1.438799999999999955e+03 2.772933333333332939e+03 1.927254193309238861e+00
3.852666666666666515e+02 3.618333333333333144e+02 3.714666666666666970e+02 3.173333333333333144e+02 3.881666666666666856e+02 3.968666666666666174e+02 3.460333333333333030e+02 2.763666666666666174e+02 1.435899999999999864e+03 2.843333333333333030e+03 1.980175035401722461e+00
4.498666666666666174e+02 3.852666666666666515e+02 3.618333333333333144e+02 3.714666666666666970e+02 3.173333333333333144e+02 3.881666666666666856e+02 3.968666666666666174e+02 3.460333333333333030e+02 1.568433333333333167e+03 3.016833333333333030e+03 1.923469279323316350e+00
3.835000000000000000e+02 4.498666666666666174e+02 3.852666666666666515e+02 3.618333333333333144e+02 3.714666666666666970e+02 3.173333333333333144e+02 3.881666666666666856e+02 3.968666666666666174e+02 1.580466666666666470e+03 3.054299999999999727e+03 1.932530476230649219e+00
3.339666666666666401e+02 3.835000000000000000e+02 4.498666666666666174e+02 3.852666666666666515e+02 3.618333333333333144e+02 3.714666666666666970e+02 3.173333333333333144e+02 3.881666666666666856e+02 1.552599999999999909e+03 2.991399999999999636e+03 1.926703593971402784e+00
4.179666666666666970e+02 3.339666666666666401e+02 3.835000000000000000e+02 4.498666666666666174e+02 3.852666666666666515e+02 3.618333333333333144e+02 3.714666666666666970e+02 3.173333333333333144e+02 1.585299999999999955e+03 3.021199999999999818e+03 1.905759162303664933e+00
4.155999999999999659e+02 4.179666666666666970e+02 3.339666666666666401e+02 3.835000000000000000e+02 4.498666666666666174e+02 3.852666666666666515e+02 3.618333333333333144e+02 3.714666666666666970e+02 1.551033333333333303e+03 3.119466666666666242e+03 2.011218327566568487e+00
