1.421660000000000000e+05 1.489510000000000000e+05 1.499970000000000000e+05 1.504030000000000000e+05 1.432960000000000000e+05 1.510610000000000000e+05 1.559270000000000000e+05 1.511850000000000000e+05 5.915170000000000000e+05 1.192986000000000000e+06 2.016824537587254440e+00
1.459750000000000000e+05 1.421660000000000000e+05 1.489510000000000000e+05 1.499970000000000000e+05 1.504030000000000000e+05 1.432960000000000000e+05 1.510610000000000000e+05 1.559270000000000000e+05 5.870890000000000000e+05 1.187776000000000000e+06 2.023161735273527384e+00
1.453010000000000000e+05 1.459750000000000000e+05 1.421660000000000000e+05 1.489510000000000000e+05 1.499970000000000000e+05 1.504030000000000000e+05 1.432960000000000000e+05 1.510610000000000000e+05 5.823930000000000000e+05 1.177150000000000000e+06 2.021229650768467501e+00
1.428860000000000000e+05 1.453010000000000000e+05 1.459750000000000000e+05 1.421660000000000000e+05 1.489510000000000000e+05 1.499970000000000000e+05 1.504030000000000000e+05 1.432960000000000000e+05 5.763280000000000000e+05 1.168975000000000000e+06 2.028315473133354807e+00
1.469590000000000000e+05 1.428860000000000000e+05 1.453010000000000000e+05 1.459750000000000000e+05 1.421660000000000000e+05 1.489510000000000000e+05 1.499970000000000000e+05 1.504030000000000000e+05 5.811210000000000000e+05 1.172638000000000000e+06 2.017889561726387448e+00
1.399110000000000000e+05 1.469590000000000000e+05 1.428860000000000000e+05 1.453010000000000000e+05 1.459750000000000000e+05 1.421660000000000000e+05 1.489510000000000000e+05 1.499970000000000000e+05 5.750570000000000000e+05 1.162146000000000000e+06 2.020923143271014855e+00
1.501640000000000000e+05 1.399110000000000000e+05 1.469590000000000000e+05 1.428860000000000000e+05 1.453010000000000000e+05 1.459750000000000000e+05 1.421660000000000000e+05 1.489510000000000000e+05 5.799200000000000000e+05 1.162313000000000000e+06 2.004264381293971553e+00
1.498330000000000000e+05 1.501640000000000000e+05 1.399110000000000000e+05 1.469590000000000000e+05 1.428860000000000000e+05 1.453010000000000000e+05 1.459750000000000000e+05 1.421660000000000000e+05 5.868670000000000000e+05 1.163195000000000000e+06 1.982041927728088293e+00
1.622820000000000000e+05 1.498330000000000000e+05 1.501640000000000000e+05 1.399110000000000000e+05 1.469590000000000000e+05 1.428860000000000000e+05 1.453010000000000000e+05 1.459750000000000000e+05 6.021900000000000000e+05 1.183311000000000000e+06 1.965012703631744184e+00
1.717790000000000000e+05 1.622820000000000000e+05 1.498330000000000000e+05 1.501640000000000000e+05 1.399110000000000000e+05 1.469590000000000000e+05 1.428860000000000000e+05 1.453010000000000000e+05 6.340580000000000000e+05 1.209115000000000000e+06 1.906946998539565730e+00
1.779750000000000000e+05 1.717790000000000000e+05 1.622820000000000000e+05 1.498330000000000000e+05 1.501640000000000000e+05 1.399110000000000000e+05 1.469590000000000000e+05 1.428860000000000000e+05 6.618690000000000000e+05 1.241789000000000000e+06 1.876185468725684480e+00
1.856190000000000000e+05 1.779750000000000000e+05 1.717790000000000000e+05 1.622820000000000000e+05 1.498330000000000000e+05 1.501640000000000000e+05 1.399110000000000000e+05 1.469590000000000000e+05 6.976550000000000000e+05 1.284522000000000000e+06 1.841199446717933563e+00
1.922960000000000000e+05 1.856190000000000000e+05 1.779750000000000000e+05 1.717790000000000000e+05 1.622820000000000000e+05 1.498330000000000000e+05 1.501640000000000000e+05 1.399110000000000000e+05 7.276690000000000000e+05 1.329859000000000000e+06 1.827560333063521947e+00
1.908460000000000000e+05 1.922960000000000000e+05 1.856190000000000000e+05 1.779750000000000000e+05 1.717790000000000000e+05 1.622820000000000000e+05 1.498330000000000000e+05 1.501640000000000000e+05 7.467360000000000000e+05 1.380794000000000000e+06 1.849105975873668983e+00
1.920500000000000000e+05 1.908460000000000000e+05 1.922960000000000000e+05 1.856190000000000000e+05 1.779750000000000000e+05 1.717790000000000000e+05 1.622820000000000000e+05 1.498330000000000000e+05 7.608110000000000000e+05 1.422680000000000000e+06 1.869951932871632971e+00
2.012000000000000000e+05 1.920500000000000000e+05 1.908460000000000000e+05 1.922960000000000000e+05 1.856190000000000000e+05 1.779750000000000000e+05 1.717790000000000000e+05 1.622820000000000000e+05 7.763920000000000000e+05 1.474047000000000000e+06 1.898586023555111302e+00
2.005450000000000000e+05 2.012000000000000000e+05 1.920500000000000000e+05 1.908460000000000000e+05 1.922960000000000000e+05 1.856190000000000000e+05 1.779750000000000000e+05 1.717790000000000000e+05 7.846410000000000000e+05 1.512310000000000000e+06 1.927390997921342386e+00
2.138010000000000000e+05 2.005450000000000000e+05 2.012000000000000000e+05 1.920500000000000000e+05 1.908460000000000000e+05 1.922960000000000000e+05 1.856190000000000000e+05 1.779750000000000000e+05 8.075960000000000000e+05 1.554332000000000000e+06 1.924640538090827580e+00
2.181790000000000000e+05 2.138010000000000000e+05 2.005450000000000000e+05 2.012000000000000000e+05 1.920500000000000000e+05 1.908460000000000000e+05 1.922960000000000000e+05 1.856190000000000000e+05 8.337250000000000000e+05 1.594536000000000000e+06 1.912544304177036691e+00
2.190590000000000000e+05 2.181790000000000000e+05 2.138010000000000000e+05 2.005450000000000000e+05 2.012000000000000000e+05 1.920500000000000000e+05 1.908460000000000000e+05 1.922960000000000000e+05 8.515840000000000000e+05 1.627976000000000000e+06 1.911703366902149481e+00
2.209670000000000000e+05 2.190590000000000000e+05 2.181790000000000000e+05 2.138010000000000000e+05 2.005450000000000000e+05 2.012000000000000000e+05 1.920500000000000000e+05 1.908460000000000000e+05 8.720060000000000000e+05 1.656647000000000000e+06 1.899811469187138613e+00
2.321360000000000000e+05 2.209670000000000000e+05 2.190590000000000000e+05 2.181790000000000000e+05 2.138010000000000000e+05 2.005450000000000000e+05 2.012000000000000000e+05 1.920500000000000000e+05 8.903410000000000000e+05 1.697937000000000000e+06 1.907063698066246538e+00
2.341510000000000000e+05 2.321360000000000000e+05 2.209670000000000000e+05 2.190590000000000000e+05 2.181790000000000000e+05 2.138010000000000000e+05 2.005450000000000000e+05 2.012000000000000000e+05 9.063130000000000000e+05 1.740038000000000000e+06 1.919908464294344252e+00
2.450720000000000000e+05 2.341510000000000000e+05 2.321360000000000000e+05 2.209670000000000000e+05 2.190590000000000000e+05 2.181790000000000000e+05 2.138010000000000000e+05 2.005450000000000000e+05 9.323260000000000000e+05 1.783910000000000000e+06 1.913397245169607963e+00
2.424900000000000000e+05 2.450720000000000000e+05 2.341510000000000000e+05 2.321360000000000000e+05 2.209670000000000000e+05 2.190590000000000000e+05 2.181790000000000000e+05 2.138010000000000000e+05 9.538490000000000000e+05 1.825855000000000000e+06 1.914197110863459450e+00
2.252690000000000000e+05 2.424900000000000000e+05 2.450720000000000000e+05 2.341510000000000000e+05 2.321360000000000000e+05 2.209670000000000000e+05 2.190590000000000000e+05 2.181790000000000000e+05 9.469820000000000000e+05 1.837323000000000000e+06 1.940187881079048937e+00
2.282030000000000000e+05 2.252690000000000000e+05 2.424900000000000000e+05 2.450720000000000000e+05 2.341510000000000000e+05 2.321360000000000000e+05 2.209670000000000000e+05 2.190590000000000000e+05 9.410340000000000000e+05 1.847347000000000000e+06 1.963103352269949919e+00
2.382940000000000000e+05 2.282030000000000000e+05 2.252690000000000000e+05 2.424900000000000000e+05 2.450720000000000000e+05 2.341510000000000000e+05 2.321360000000000000e+05 2.209670000000000000e+05 9.342560000000000000e+05 1.866582000000000000e+06 1.997934185062766543e+00
2.313670000000000000e+05 2.382940000000000000e+05 2.282030000000000000e+05 2.252690000000000000e+05 2.424900000000000000e+05 2.450720000000000000e+05 2.341510000000000000e+05 2.321360000000000000e+05 9.231330000000000000e+05 1.876982000000000000e+06 2.033273645292715148e+00
2.345900000000000000e+05 2.313670000000000000e+05 2.382940000000000000e+05 2.282030000000000000e+05 2.252690000000000000e+05 2.424900000000000000e+05 2.450720000000000000e+05 2.341510000000000000e+05 9.324540000000000000e+05 1.879436000000000000e+06 2.015580393241918511e+00
2.347910000000000000e+05 2.345900000000000000e+05 2.313670000000000000e+05 2.382940000000000000e+05 2.282030000000000000e+05 2.252690000000000000e+05 2.424900000000000000e+05 2.450720000000000000e+05 9.390420000000000000e+05 1.880076000000000000e+06 2.002121310867884585e+00
2.347500000000000000e+05 2.347910000000000000e+05 2.345900000000000000e+05 2.313670000000000000e+05 2.382940000000000000e+05 2.282030000000000000e+05 2.252690000000000000e+05 2.424900000000000000e+05 9.354980000000000000e+05 1.869754000000000000e+06 1.998672364879454655e+00
2.284340000000000000e+05 2.347500000000000000e+05 2.347910000000000000e+05 2.345900000000000000e+05 2.313670000000000000e+05 2.382940000000000000e+05 2.282030000000000000e+05 2.252690000000000000e+05 9.325650000000000000e+05 1.855698000000000000e+06 1.989885959691817696e+00
2.341580000000000000e+05 2.284340000000000000e+05 2.347500000000000000e+05 2.347910000000000000e+05 2.345900000000000000e+05 2.313670000000000000e+05 2.382940000000000000e+05 2.282030000000000000e+05 9.321330000000000000e+05 1.864587000000000000e+06 2.000344371457721149e+00
2.347030000000000000e+05 2.341580000000000000e+05 2.284340000000000000e+05 2.347500000000000000e+05 2.347910000000000000e+05 2.345900000000000000e+05 2.313670000000000000e+05 2.382940000000000000e+05 9.320450000000000000e+05 1.871087000000000000e+06 2.007507148260009089e+00
2.295960000000000000e+05 2.347030000000000000e+05 2.341580000000000000e+05 2.284340000000000000e+05 2.347500000000000000e+05 2.347910000000000000e+05 2.345900000000000000e+05 2.313670000000000000e+05 9.268910000000000000e+05 1.862389000000000000e+06 2.009285881511418292e+00
2.213000000000000000e+05 2.295960000000000000e+05 2.347030000000000000e+05 2.341580000000000000e+05 2.284340000000000000e+05 2.347500000000000000e+05 2.347910000000000000e+05 2.345900000000000000e+05 9.197570000000000000e+05 1.852322000000000000e+06 2.013925417256949402e+00
1.888280000000000000e+05 2.213000000000000000e+05 2.295960000000000000e+05 2.347030000000000000e+05 2.341580000000000000e+05 2.284340000000000000e+05 2.347500000000000000e+05 2.347910000000000000e+05 8.744270000000000000e+05 1.806560000000000000e+06 2.065992930227452007e+00
2.165450000000000000e+05 1.888280000000000000e+05 2.213000000000000000e+05 2.295960000000000000e+05 2.347030000000000000e+05 2.341580000000000000e+05 2.284340000000000000e+05 2.347500000000000000e+05 8.562690000000000000e+05 1.788314000000000000e+06 2.088495554551198286e+00
2.246160000000000000e+05 2.165450000000000000e+05 1.888280000000000000e+05 2.213000000000000000e+05 2.295960000000000000e+05 2.347030000000000000e+05 2.341580000000000000e+05 2.284340000000000000e+05 8.512890000000000000e+05 1.778180000000000000e+06 2.088808853397612353e+00
1.988010000000000000e+05 2.246160000000000000e+05 2.165450000000000000e+05 1.888280000000000000e+05 2.213000000000000000e+05 2.295960000000000000e+05 2.347030000000000000e+05 2.341580000000000000e+05 8.287900000000000000e+05 1.748547000000000000e+06 2.109758805004886550e+00
2.195670000000000000e+05 1.988010000000000000e+05 2.246160000000000000e+05 2.165450000000000000e+05 1.888280000000000000e+05 2.213000000000000000e+05 2.295960000000000000e+05 2.347030000000000000e+05 8.595290000000000000e+05 1.733956000000000000e+06 2.017332748516920127e+00
2.194370000000000000e+05 2.195670000000000000e+05 1.988010000000000000e+05 2.246160000000000000e+05 2.165450000000000000e+05 1.888280000000000000e+05 2.213000000000000000e+05 2.295960000000000000e+05 8.624210000000000000e+05 1.718690000000000000e+06 1.992866592998083330e+00
2.200080000000000000e+05 2.194370000000000000e+05 2.195670000000000000e+05 1.988010000000000000e+05 2.246160000000000000e+05 2.165450000000000000e+05 1.888280000000000000e+05 2.213000000000000000e+05 8.578130000000000000e+05 1.709102000000000000e+06 1.992394612811883237e+00
2.225550000000000000e+05 2.200080000000000000e+05 2.194370000000000000e+05 2.195670000000000000e+05 1.988010000000000000e+05 2.246160000000000000e+05 2.165450000000000000e+05 1.888280000000000000e+05 8.815670000000000000e+05 1.710357000000000000e+06 1.940132740903414144e+00
2.391350000000000000e+05 2.225550000000000000e+05 2.200080000000000000e+05 2.194370000000000000e+05 2.195670000000000000e+05 1.988010000000000000e+05 2.246160000000000000e+05 2.165450000000000000e+05 9.011350000000000000e+05 1.760664000000000000e+06 1.953829337446664427e+00
2.267920000000000000e+05 2.391350000000000000e+05 2.225550000000000000e+05 2.200080000000000000e+05 2.194370000000000000e+05 2.195670000000000000e+05 1.988010000000000000e+05 2.246160000000000000e+05 9.084900000000000000e+05 1.770911000000000000e+06 1.949290581074089923e+00
2.422100000000000000e+05 2.267920000000000000e+05 2.391350000000000000e+05 2.225550000000000000e+05 2.200080000000000000e+05 2.194370000000000000e+05 2.195670000000000000e+05 1.988010000000000000e+05 9.306920000000000000e+05 1.788505000000000000e+06 1.921693750456649363e+00
2.419880000000000000e+05 2.422100000000000000e+05 2.267920000000000000e+05 2.391350000000000000e+05 2.225550000000000000e+05 2.200080000000000000e+05 2.194370000000000000e+05 2.195670000000000000e+05 9.501250000000000000e+05 1.831692000000000000e+06 1.927843178529140999e+00
2.604190000000000000e+05 2.419880000000000000e+05 2.422100000000000000e+05 2.267920000000000000e+05 2.391350000000000000e+05 2.225550000000000000e+05 2.200080000000000000e+05 2.194370000000000000e+05 9.714090000000000000e+05 1.872544000000000000e+06 1.927657660161682607e+00
2.804070000000000000e+05 2.604190000000000000e+05 2.419880000000000000e+05 2.422100000000000000e+05 2.267920000000000000e+05 2.391350000000000000e+05 2.225550000000000000e+05 2.200080000000000000e+05 1.025024000000000000e+06 1.933514000000000000e+06 1.886310954670329609e+00
2.872660000000000000e+05 2.804070000000000000e+05 2.604190000000000000e+05 2.419880000000000000e+05 2.422100000000000000e+05 2.267920000000000000e+05 2.391350000000000000e+05 2.225550000000000000e+05 1.070080000000000000e+06 2.000772000000000000e+06 1.869740580143540720e+00
2.829800000000000000e+05 2.872660000000000000e+05 2.804070000000000000e+05 2.604190000000000000e+05 2.419880000000000000e+05 2.422100000000000000e+05 2.267920000000000000e+05 2.391350000000000000e+05 1.111072000000000000e+06 2.061197000000000000e+06 1.855142601019555970e+00
3.149960000000000000e+05 2.829800000000000000e+05 2.872660000000000000e+05 2.804070000000000000e+05 2.604190000000000000e+05 2.419880000000000000e+05 2.422100000000000000e+05 2.267920000000000000e+05 1.165649000000000000e+06 2.137058000000000000e+06 1.833363216542887253e+00
3.450750000000000000e+05 3.149960000000000000e+05 2.829800000000000000e+05 2.872660000000000000e+05 2.804070000000000000e+05 2.604190000000000000e+05 2.419880000000000000e+05 2.422100000000000000e+05 1.230317000000000000e+06 2.255341000000000000e+06 1.833138126190241968e+00
3.659430000000000000e+05 3.450750000000000000e+05 3.149960000000000000e+05 2.829800000000000000e+05 2.872660000000000000e+05 2.804070000000000000e+05 2.604190000000000000e+05 2.419880000000000000e+05 1.308994000000000000e+06 2.379074000000000000e+06 1.817482738652736352e+00
4.256190000000000000e+05 3.659430000000000000e+05 3.450750000000000000e+05 3.149960000000000000e+05 2.829800000000000000e+05 2.872660000000000000e+05 2.804070000000000000e+05 2.604190000000000000e+05 1.451633000000000000e+06 2.562705000000000000e+06 1.765394559093104165e+00
3.713220000000000000e+05 4.256190000000000000e+05 3.659430000000000000e+05 3.450750000000000000e+05 3.149960000000000000e+05 2.829800000000000000e+05 2.872660000000000000e+05 2.804070000000000000e+05 1.507959000000000000e+06 2.673608000000000000e+06 1.772997806969552892e+00
3.757320000000000000e+05 3.713220000000000000e+05 4.256190000000000000e+05 3.659430000000000000e+05 3.450750000000000000e+05 3.149960000000000000e+05 2.829800000000000000e+05 2.872660000000000000e+05 1.538616000000000000e+06 2.768933000000000000e+06 1.799625767572935686e+00
3.912720000000000000e+05 3.757320000000000000e+05 3.713220000000000000e+05 4.256190000000000000e+05 3.659430000000000000e+05 3.450750000000000000e+05 3.149960000000000000e+05 2.829800000000000000e+05 1.563945000000000000e+06 2.872939000000000000e+06 1.836982118936407504e+00
3.585410000000000000e+05 3.912720000000000000e+05 3.757320000000000000e+05 3.713220000000000000e+05 4.256190000000000000e+05 3.659430000000000000e+05 3.450750000000000000e+05 3.149960000000000000e+05 1.496867000000000000e+06 2.948500000000000000e+06 1.969780882336239713e+00
3.694370000000000000e+05 3.585410000000000000e+05 3.912720000000000000e+05 3.757320000000000000e+05 3.713220000000000000e+05 4.256190000000000000e+05 3.659430000000000000e+05 3.450750000000000000e+05 1.494982000000000000e+06 3.002941000000000000e+06 2.008680372071369291e+00
3.835260000000000000e+05 3.694370000000000000e+05 3.585410000000000000e+05 3.912720000000000000e+05 3.757320000000000000e+05 3.713220000000000000e+05 4.256190000000000000e+05 3.659430000000000000e+05 1.502776000000000000e+06 3.041392000000000000e+06 2.023849196420491214e+00
3.490170000000000000e+05 3.835260000000000000e+05 3.694370000000000000e+05 3.585410000000000000e+05 3.912720000000000000e+05 3.757320000000000000e+05 3.713220000000000000e+05 4.256190000000000000e+05 1.460521000000000000e+06 3.024466000000000000e+06 2.070813086562945493e+00
3.489600000000000000e+05 3.490170000000000000e+05 3.835260000000000000e+05 3.694370000000000000e+05 3.585410000000000000e+05 3.912720000000000000e+05 3.757320000000000000e+05 3.713220000000000000e+05 1.450940000000000000e+06 2.947807000000000000e+06 2.031653273050574082e+00
3.260350000000000000e+05 3.489600000000000000e+05 3.490170000000000000e+05 3.835260000000000000e+05 3.694370000000000000e+05 3.585410000000000000e+05 3.912720000000000000e+05 3.757320000000000000e+05 1.407538000000000000e+06 2.902520000000000000e+06 2.062125498565580362e+00
3.231980000000000000e+05 3.260350000000000000e+05 3.489600000000000000e+05 3.490170000000000000e+05 3.835260000000000000e+05 3.694370000000000000e+05 3.585410000000000000e+05 3.912720000000000000e+05 1.347210000000000000e+06 2.849986000000000000e+06 2.115472717690634941e+00
3.461360000000000000e+05 3.231980000000000000e+05 3.260350000000000000e+05 3.489600000000000000e+05 3.490170000000000000e+05 3.835260000000000000e+05 3.694370000000000000e+05 3.585410000000000000e+05 1.344329000000000000e+06 2.804850000000000000e+06 2.086431223309174854e+00
3.214380000000000000e+05 3.461360000000000000e+05 3.231980000000000000e+05 3.260350000000000000e+05 3.489600000000000000e+05 3.490170000000000000e+05 3.835260000000000000e+05 3.694370000000000000e+05 1.316807000000000000e+06 2.767747000000000000e+06 2.101862307840101085e+00
2.736910000000000000e+05 3.214380000000000000e+05 3.461360000000000000e+05 3.231980000000000000e+05 3.260350000000000000e+05 3.489600000000000000e+05 3.490170000000000000e+05 3.835260000000000000e+05 1.264463000000000000e+06 2.672001000000000000e+06 2.113150799983866790e+00
2.654420000000000000e+05 2.736910000000000000e+05 3.214380000000000000e+05 3.461360000000000000e+05 3.231980000000000000e+05 3.260350000000000000e+05 3.489600000000000000e+05 3.490170000000000000e+05 1.206707000000000000e+06 2.553917000000000000e+06 2.116435058386169743e+00
2.727950000000000000e+05 2.654420000000000000e+05 2.736910000000000000e+05 3.214380000000000000e+05 3.461360000000000000e+05 3.231980000000000000e+05 3.260350000000000000e+05 3.489600000000000000e+05 1.133366000000000000e+06 2.477695000000000000e+06 2.186138458362082648e+00
3.023200000000000000e+05 2.727950000000000000e+05 2.654420000000000000e+05 2.736910000000000000e+05 3.214380000000000000e+05 3.461360000000000000e+05 3.231980000000000000e+05 3.260350000000000000e+05 1.114248000000000000e+06 2.431055000000000000e+06 2.181789870836654099e+00
3.099910000000000000e+05 3.023200000000000000e+05 2.727950000000000000e+05 2.654420000000000000e+05 2.736910000000000000e+05 3.214380000000000000e+05 3.461360000000000000e+05 3.231980000000000000e+05 1.150548000000000000e+06 2.415011000000000000e+06 2.099009341635464043e+00
3.270250000000000000e+05 3.099910000000000000e+05 3.023200000000000000e+05 2.727950000000000000e+05 2.654420000000000000e+05 2.736910000000000000e+05 3.214380000000000000e+05 3.461360000000000000e+05 1.212131000000000000e+06 2.418838000000000000e+06 1.995525236133718128e+00
3.515730000000000000e+05 3.270250000000000000e+05 3.099910000000000000e+05 3.023200000000000000e+05 2.727950000000000000e+05 2.654420000000000000e+05 2.736910000000000000e+05 3.214380000000000000e+05 1.290909000000000000e+06 2.424275000000000000e+06 1.877959639292932303e+00
3.440920000000000000e+05 3.515730000000000000e+05 3.270250000000000000e+05 3.099910000000000000e+05 3.023200000000000000e+05 2.727950000000000000e+05 2.654420000000000000e+05 2.736910000000000000e+05 1.332681000000000000e+06 2.446929000000000000e+06 1.836095059507864224e+00
3.207570000000000000e+05 3.440920000000000000e+05 3.515730000000000000e+05 3.270250000000000000e+05 3.099910000000000000e+05 3.023200000000000000e+05 2.727950000000000000e+05 2.654420000000000000e+05 1.343447000000000000e+06 2.493995000000000000e+06 1.856414879038771115e+00
3.516300000000000000e+05 3.207570000000000000e+05 3.440920000000000000e+05 3.515730000000000000e+05 3.270250000000000000e+05 3.099910000000000000e+05 3.023200000000000000e+05 2.727950000000000000e+05 1.368052000000000000e+06 2.580183000000000000e+06 1.886026993125992313e+00
3.590880000000000000e+05 3.516300000000000000e+05 3.207570000000000000e+05 3.440920000000000000e+05 3.515730000000000000e+05 3.270250000000000000e+05 3.099910000000000000e+05 3.023200000000000000e+05 1.375567000000000000e+06 2.666476000000000000e+06 1.938455923993524177e+00
3.705890000000000000e+05 3.590880000000000000e+05 3.516300000000000000e+05 3.207570000000000000e+05 3.440920000000000000e+05 3.515730000000000000e+05 3.270250000000000000e+05 3.099910000000000000e+05 1.402064000000000000e+06 2.734745000000000000e+06 1.950513671273208738e+00
3.770290000000000000e+05 3.705890000000000000e+05 3.590880000000000000e+05 3.516300000000000000e+05 3.207570000000000000e+05 3.440920000000000000e+05 3.515730000000000000e+05 3.270250000000000000e+05 1.458336000000000000e+06 2.801783000000000000e+06 1.921219115485045981e+00
3.923250000000000000e+05 3.770290000000000000e+05 3.705890000000000000e+05 3.590880000000000000e+05 3.516300000000000000e+05 3.207570000000000000e+05 3.440920000000000000e+05 3.515730000000000000e+05 1.499031000000000000e+06 2.867083000000000000e+06 1.912624221914023037e+00
3.793200000000000000e+05 3.923250000000000000e+05 3.770290000000000000e+05 3.705890000000000000e+05 3.590880000000000000e+05 3.516300000000000000e+05 3.207570000000000000e+05 3.440920000000000000e+05 1.519263000000000000e+06 2.894830000000000000e+06 1.905417297729227855e+00
3.864330000000000000e+05 3.793200000000000000e+05 3.923250000000000000e+05 3.770290000000000000e+05 3.705890000000000000e+05 3.590880000000000000e+05 3.516300000000000000e+05 3.207570000000000000e+05 1.535107000000000000e+06 2.937171000000000000e+06 1.913333077107980174e+00
3.940380000000000000e+05 3.864330000000000000e+05 3.793200000000000000e+05 3.923250000000000000e+05 3.770290000000000000e+05 3.705890000000000000e+05 3.590880000000000000e+05 3.516300000000000000e+05 1.552116000000000000e+06 3.010452000000000000e+06 1.939579258251316274e+00
3.952620000000000000e+05 3.940380000000000000e+05 3.864330000000000000e+05 3.793200000000000000e+05 3.923250000000000000e+05 3.770290000000000000e+05 3.705890000000000000e+05 3.590880000000000000e+05 1.555053000000000000e+06 3.054084000000000000e+06 1.963974218242079184e+00
3.715160000000000000e+05 3.952620000000000000e+05 3.940380000000000000e+05 3.864330000000000000e+05 3.793200000000000000e+05 3.923250000000000000e+05 3.770290000000000000e+05 3.705890000000000000e+05 1.547249000000000000e+06 3.066512000000000000e+06 1.981912413580490195e+00
3.903080000000000000e+05 3.715160000000000000e+05 3.952620000000000000e+05 3.940380000000000000e+05 3.864330000000000000e+05 3.793200000000000000e+05 3.923250000000000000e+05 3.770290000000000000e+05 1.551124000000000000e+06 3.086231000000000000e+06 1.989673939672134573e+00
3.733870000000000000e+05 3.903080000000000000e+05 3.715160000000000000e+05 3.952620000000000000e+05 3.940380000000000000e+05 3.864330000000000000e+05 3.793200000000000000e+05 3.923250000000000000e+05 1.530473000000000000e+06 3.082589000000000000e+06 2.014141379821793532e+00
4.039500000000000000e+05 3.733870000000000000e+05 3.903080000000000000e+05 3.715160000000000000e+05 3.952620000000000000e+05 3.940380000000000000e+05 3.864330000000000000e+05 3.793200000000000000e+05 1.539161000000000000e+06 3.094214000000000000e+06 2.010325105690697889e+00
4.241180000000000000e+05 4.039500000000000000e+05 3.733870000000000000e+05 3.903080000000000000e+05 3.715160000000000000e+05 3.952620000000000000e+05 3.940380000000000000e+05 3.864330000000000000e+05 1.591763000000000000e+06 3.139012000000000000e+06 1.972034781559817596e+00
4.262340000000000000e+05 4.241180000000000000e+05 4.039500000000000000e+05 3.733870000000000000e+05 3.903080000000000000e+05 3.715160000000000000e+05 3.952620000000000000e+05 3.940380000000000000e+05 1.627689000000000000e+06 3.178813000000000000e+06 1.952960915752333548e+00
4.130760000000000000e+05 4.262340000000000000e+05 4.241180000000000000e+05 4.039500000000000000e+05 3.733870000000000000e+05 3.903080000000000000e+05 3.715160000000000000e+05 3.952620000000000000e+05 1.667378000000000000e+06 3.197851000000000000e+06 1.917892043675759162e+00
4.192380000000000000e+05 4.130760000000000000e+05 4.262340000000000000e+05 4.241180000000000000e+05 4.039500000000000000e+05 3.733870000000000000e+05 3.903080000000000000e+05 3.715160000000000000e+05 1.682666000000000000e+06 3.221827000000000000e+06 1.914715695212240609e+00
4.267950000000000000e+05 4.192380000000000000e+05 4.130760000000000000e+05 4.262340000000000000e+05 4.241180000000000000e+05 4.039500000000000000e+05 3.733870000000000000e+05 3.903080000000000000e+05 1.685343000000000000e+06 3.277106000000000000e+06 1.944474210887635390e+00
3.969110000000000000e+05 4.267950000000000000e+05 4.192380000000000000e+05 4.130760000000000000e+05 4.262340000000000000e+05 4.241180000000000000e+05 4.039500000000000000e+05 3.733870000000000000e+05 1.656020000000000000e+06 3.283709000000000000e+06 1.982892114829531094e+00
4.170220000000000000e+05 3.969110000000000000e+05 4.267950000000000000e+05 4.192380000000000000e+05 4.130760000000000000e+05 4.262340000000000000e+05 4.241180000000000000e+05 4.039500000000000000e+05 1.659966000000000000e+06 3.327344000000000000e+06 2.004465151695878244e+00
3.872160000000000000e+05 4.170220000000000000e+05 3.969110000000000000e+05 4.267950000000000000e+05 4.192380000000000000e+05 4.130760000000000000e+05 4.262340000000000000e+05 4.241180000000000000e+05 1.627944000000000000e+06 3.310610000000000000e+06 2.033614178374686166e+00
3.994590000000000000e+05 3.872160000000000000e+05 4.170220000000000000e+05 3.969110000000000000e+05 4.267950000000000000e+05 4.192380000000000000e+05 4.130760000000000000e+05 4.262340000000000000e+05 1.600608000000000000e+06 3.285951000000000000e+06 2.052939258081929008e+00
3.846580000000000000e+05 3.994590000000000000e+05 3.872160000000000000e+05 4.170220000000000000e+05 3.969110000000000000e+05 4.267950000000000000e+05 4.192380000000000000e+05 4.130760000000000000e+05 1.588355000000000000e+06 3.244375000000000000e+06 2.042600678060005670e+00
3.914170000000000000e+05 3.846580000000000000e+05 3.994590000000000000e+05 3.872160000000000000e+05 4.170220000000000000e+05 3.969110000000000000e+05 4.267950000000000000e+05 4.192380000000000000e+05 1.562750000000000000e+06 3.222716000000000000e+06 2.062208286674132030e+00
4.074270000000000000e+05 3.914170000000000000e+05 3.846580000000000000e+05 3.994590000000000000e+05 3.872160000000000000e+05 4.170220000000000000e+05 3.969110000000000000e+05 4.267950000000000000e+05 1.582961000000000000e+06 3.210905000000000000e+06 2.028416998270961891e+00
-1.000000000000000000e+08 4.074270000000000000e+05 3.914170000000000000e+05 3.846580000000000000e+05 3.994590000000000000e+05 3.872160000000000000e+05 4.170220000000000000e+05 3.969110000000000000e+05 -9.881649800000000000e+07 -9.721589000000000000e+07 9.838022189371656845e-01
