7.109348461538461561e+04 6.894082307692307222e+04 6.731239230769230926e+04 6.504160769230769074e+04 6.242377692307691905e+04 5.886762307692308241e+04 5.574208461538461415e+04 5.310383846153845661e+04 2.723883076923076878e+05 5.025256307692307746e+05 1.844886937426434281e+00
7.229461538461539021e+04 7.109348461538461561e+04 6.894082307692307222e+04 6.731239230769230926e+04 6.504160769230769074e+04 6.242377692307691905e+04 5.886762307692308241e+04 5.574208461538461415e+04 2.796413153846153873e+05 5.217164076923077228e+05 1.865662829452597427e+00
7.318426153846153466e+04 7.229461538461539021e+04 7.109348461538461561e+04 6.894082307692307222e+04 6.731239230769230926e+04 6.504160769230769074e+04 6.242377692307691905e+04 5.886762307692308241e+04 2.855131846153846127e+05 5.391585846153845778e+05 1.888384192630845337e+00
7.407988571428571595e+04 7.318426153846153466e+04 7.229461538461539021e+04 7.109348461538461561e+04 6.894082307692307222e+04 6.731239230769230926e+04 6.504160769230769074e+04 6.242377692307691905e+04 2.906522472527472419e+05 5.543708472527472768e+05 1.907333772550101614e+00
7.486482307692308677e+04 7.407988571428571595e+04 7.318426153846153466e+04 7.229461538461539021e+04 7.109348461538461561e+04 6.894082307692307222e+04 6.731239230769230926e+04 6.504160769230769074e+04 2.944235857142857276e+05 5.668118934065934736e+05 1.925157904831165778e+00
7.553942307692309259e+04 7.486482307692308677e+04 7.407988571428571595e+04 7.318426153846153466e+04 7.229461538461539021e+04 7.109348461538461561e+04 6.894082307692307222e+04 6.731239230769230926e+04 2.976683934065934154e+05 5.773097087912088027e+05 1.939439058961982765e+00
7.634504615384615317e+04 7.553942307692309259e+04 7.486482307692308677e+04 7.407988571428571595e+04 7.318426153846153466e+04 7.229461538461539021e+04 7.109348461538461561e+04 6.894082307692307222e+04 3.008291780219780630e+05 5.863423626373626757e+05 1.949087407320992948e+00
7.542359230769230635e+04 7.634504615384615317e+04 7.553942307692309259e+04 7.486482307692308677e+04 7.407988571428571595e+04 7.318426153846153466e+04 7.229461538461539021e+04 7.109348461538461561e+04 3.021728846153846243e+05 5.928251318681319244e+05 1.961874019976010963e+00
7.440752307692308386e+04 7.542359230769230635e+04 7.634504615384615317e+04 7.553942307692309259e+04 7.486482307692308677e+04 7.407988571428571595e+04 7.318426153846153466e+04 7.229461538461539021e+04 3.017155846153845778e+05 5.961391703296703054e+05 1.975831547083010564e+00
7.386960769230769074e+04 7.440752307692308386e+04 7.542359230769230635e+04 7.634504615384615317e+04 7.553942307692309259e+04 7.486482307692308677e+04 7.407988571428571595e+04 7.318426153846153466e+04 3.000457692307692487e+05 5.977141626373627223e+05 1.992076622742354752e+00
7.413716923076924286e+04 7.386960769230769074e+04 7.440752307692308386e+04 7.542359230769230635e+04 7.634504615384615317e+04 7.553942307692309259e+04 7.486482307692308677e+04 7.407988571428571595e+04 2.978378923076923238e+05 5.986670703296703286e+05 2.010043334953483640e+00
7.482423846153845079e+04 7.413716923076924286e+04 7.386960769230769074e+04 7.440752307692308386e+04 7.542359230769230635e+04 7.634504615384615317e+04 7.553942307692309259e+04 7.486482307692308677e+04 2.972385384615384974e+05 5.994114230769231217e+05 2.016600627157519643e+00
7.568518461538461270e+04 7.482423846153845079e+04 7.413716923076924286e+04 7.386960769230769074e+04 7.440752307692308386e+04 7.542359230769230635e+04 7.634504615384615317e+04 7.553942307692309259e+04 2.985162000000000116e+05 6.002317846153846476e+05 2.010717624756662048e+00
7.648084615384615608e+04 7.568518461538461270e+04 7.482423846153845079e+04 7.413716923076924286e+04 7.386960769230769074e+04 7.440752307692308386e+04 7.542359230769230635e+04 7.634504615384615317e+04 3.011274384615384624e+05 6.011732076923076529e+05 1.996407935336960593e+00
7.745202307692306931e+04 7.648084615384615608e+04 7.568518461538461270e+04 7.482423846153845079e+04 7.413716923076924286e+04 7.386960769230769074e+04 7.440752307692308386e+04 7.542359230769230635e+04 3.044422923076922889e+05 6.022801846153845545e+05 1.978306561976201694e+00
7.887776923076923413e+04 7.745202307692306931e+04 7.648084615384615608e+04 7.568518461538461270e+04 7.482423846153845079e+04 7.413716923076924286e+04 7.386960769230769074e+04 7.440752307692308386e+04 3.084958230769230286e+05 6.057343615384615259e+05 1.963509118201002268e+00
7.949989230769230926e+04 7.887776923076923413e+04 7.745202307692306931e+04 7.648084615384615608e+04 7.568518461538461270e+04 7.482423846153845079e+04 7.413716923076924286e+04 7.386960769230769074e+04 3.123105307692307979e+05 6.108267307692307513e+05 1.955831362025305387e+00
8.059319999999999709e+04 7.949989230769230926e+04 7.887776923076923413e+04 7.745202307692306931e+04 7.648084615384615608e+04 7.568518461538461270e+04 7.482423846153845079e+04 7.413716923076924286e+04 3.164228846153846243e+05 6.175503230769231450e+05 1.951661378182435014e+00
8.088125384615386429e+04 8.059319999999999709e+04 7.949989230769230926e+04 7.887776923076923413e+04 7.745202307692306931e+04 7.648084615384615608e+04 7.568518461538461270e+04 7.482423846153845079e+04 3.198521153846154339e+05 6.242944076923077228e+05 1.951822037949027866e+00
8.152102307692308386e+04 8.088125384615386429e+04 8.059319999999999709e+04 7.949989230769230926e+04 7.887776923076923413e+04 7.745202307692306931e+04 7.648084615384615608e+04 7.568518461538461270e+04 3.224953692307692836e+05 6.309911923076922540e+05 1.956589931237652680e+00
8.437201538461538439e+04 8.152102307692308386e+04 8.088125384615386429e+04 8.059319999999999709e+04 7.949989230769230926e+04 7.887776923076923413e+04 7.745202307692306931e+04 7.648084615384615608e+04 3.273674923076923587e+05 6.396780230769230984e+05 1.954005935554805840e+00
8.731100000000000000e+04 8.437201538461538439e+04 8.152102307692308386e+04 8.088125384615386429e+04 8.059319999999999709e+04 7.949989230769230926e+04 7.887776923076923413e+04 7.745202307692306931e+04 3.340852923076923471e+05 6.505081769230769714e+05 1.947132040532808972e+00
9.135540769230767910e+04 8.731100000000000000e+04 8.437201538461538439e+04 8.152102307692308386e+04 8.088125384615386429e+04 8.059319999999999709e+04 7.949989230769230926e+04 7.887776923076923413e+04 3.445594461538461619e+05 6.644115615384615958e+05 1.928292980949943614e+00
9.536594615384616191e+04 9.135540769230767910e+04 8.731100000000000000e+04 8.437201538461538439e+04 8.152102307692308386e+04 8.088125384615386429e+04 8.059319999999999709e+04 7.949989230769230926e+04 3.584043692307692254e+05 6.808997384615384508e+05 1.899808699104114540e+00
9.799222142857142899e+04 9.536594615384616191e+04 9.135540769230767910e+04 8.731100000000000000e+04 8.437201538461538439e+04 8.152102307692308386e+04 8.088125384615386429e+04 8.059319999999999709e+04 3.720245752747252700e+05 6.993920675824176287e+05 1.879962008063431167e+00
9.934525833333331684e+04 9.799222142857142899e+04 9.536594615384616191e+04 9.135540769230767910e+04 8.731100000000000000e+04 8.437201538461538439e+04 8.152102307692308386e+04 8.088125384615386429e+04 3.840588336080585723e+05 7.181441259157508612e+05 1.869880505466082976e+00
9.884695384615383227e+04 9.934525833333331684e+04 9.799222142857142899e+04 9.536594615384616191e+04 9.135540769230767910e+04 8.731100000000000000e+04 8.437201538461538439e+04 8.152102307692308386e+04 3.915503797619047691e+05 7.361098259157509310e+05 1.879987516200002151e+00
9.860464285714285506e+04 9.884695384615383227e+04 9.934525833333331684e+04 9.799222142857142899e+04 9.536594615384616191e+04 9.135540769230767910e+04 8.731100000000000000e+04 8.437201538461538439e+04 3.947890764652014477e+05 7.531934456959706731e+05 1.907837603916988423e+00
9.758166923076922831e+04 9.860464285714285506e+04 9.884695384615383227e+04 9.934525833333331684e+04 9.799222142857142899e+04 9.536594615384616191e+04 9.135540769230767910e+04 8.731100000000000000e+04 3.943785242673992179e+05 7.664030995421244297e+05 1.943318543944047461e+00
9.702701538461539894e+04 9.758166923076922831e+04 9.860464285714285506e+04 9.884695384615383227e+04 9.934525833333331684e+04 9.799222142857142899e+04 9.536594615384616191e+04 9.135540769230767910e+04 3.920602813186813146e+05 7.761191149267398287e+05 1.979591282025023879e+00
9.791528461538463307e+04 9.702701538461539894e+04 9.758166923076922831e+04 9.860464285714285506e+04 9.884695384615383227e+04 9.934525833333331684e+04 9.799222142857142899e+04 9.536594615384616191e+04 3.911286120879121008e+05 7.826789918498168699e+05 2.001078335005309849e+00
9.737901538461538439e+04 9.791528461538463307e+04 9.702701538461539894e+04 9.758166923076922831e+04 9.860464285714285506e+04 9.884695384615383227e+04 9.934525833333331684e+04 9.799222142857142899e+04 3.899029846153846593e+05 7.846920610805861652e+05 2.012531557958287198e+00
9.995320769230768201e+04 9.737901538461538439e+04 9.791528461538463307e+04 9.702701538461539894e+04 9.758166923076922831e+04 9.860464285714285506e+04 9.884695384615383227e+04 9.934525833333331684e+04 3.922745230769230984e+05 7.866530473443223163e+05 2.005363593776044340e+00
1.066424923076923005e+05 9.995320769230768201e+04 9.737901538461538439e+04 9.791528461538463307e+04 9.702701538461539894e+04 9.758166923076922831e+04 9.860464285714285506e+04 9.884695384615383227e+04 4.018900000000000000e+05 7.939502813186813146e+05 1.975541270792210202e+00
1.129988769230769103e+05 1.066424923076923005e+05 9.995320769230768201e+04 9.737901538461538439e+04 9.791528461538463307e+04 9.702701538461539894e+04 9.758166923076922831e+04 9.860464285714285506e+04 4.169735923076922772e+05 8.081022043956043199e+05 1.938017704966052746e+00
1.200258846153846098e+05 1.129988769230769103e+05 1.066424923076923005e+05 9.995320769230768201e+04 9.737901538461538439e+04 9.791528461538463307e+04 9.702701538461539894e+04 9.758166923076922831e+04 4.396204615384615026e+05 8.295234461538461037e+05 1.886908182687654145e+00
1.256809846153846156e+05 1.200258846153846098e+05 1.129988769230769103e+05 1.066424923076923005e+05 9.995320769230768201e+04 9.737901538461538439e+04 9.791528461538463307e+04 9.702701538461539894e+04 4.653482384615384508e+05 8.576227615384615492e+05 1.842969824864492345e+00
1.302517153846153815e+05 1.256809846153846156e+05 1.200258846153846098e+05 1.129988769230769103e+05 1.066424923076923005e+05 9.995320769230768201e+04 9.737901538461538439e+04 9.791528461538463307e+04 4.889574615384615608e+05 8.908474615384615026e+05 1.821932441189236584e+00
1.345987615384615492e+05 1.302517153846153815e+05 1.256809846153846156e+05 1.200258846153846098e+05 1.129988769230769103e+05 1.066424923076923005e+05 9.995320769230768201e+04 9.737901538461538439e+04 5.105573461538461270e+05 9.275309384615384042e+05 1.816702757190463924e+00
1.404133076923076878e+05 1.345987615384615492e+05 1.302517153846153815e+05 1.256809846153846156e+05 1.200258846153846098e+05 1.129988769230769103e+05 1.066424923076923005e+05 9.995320769230768201e+04 5.309447692307692487e+05 9.705652307692307513e+05 1.827996595908425448e+00
1.502348923076922947e+05 1.404133076923076878e+05 1.345987615384615492e+05 1.302517153846153815e+05 1.256809846153846156e+05 1.200258846153846098e+05 1.129988769230769103e+05 1.066424923076923005e+05 5.554986769230768550e+05 1.020846915384615306e+06 1.837712595535088811e+00
1.608481307692307746e+05 1.502348923076922947e+05 1.404133076923076878e+05 1.345987615384615492e+05 1.302517153846153815e+05 1.256809846153846156e+05 1.200258846153846098e+05 1.129988769230769103e+05 5.860950923076923937e+05 1.075052553846153896e+06 1.834263019697433439e+00
1.768479307692307630e+05 1.608481307692307746e+05 1.502348923076922947e+05 1.404133076923076878e+05 1.345987615384615492e+05 1.302517153846153815e+05 1.256809846153846156e+05 1.200258846153846098e+05 6.283442615384615492e+05 1.138901607692307793e+06 1.812543978525050115e+00
1.937422307692307804e+05 1.768479307692307630e+05 1.608481307692307746e+05 1.502348923076922947e+05 1.404133076923076878e+05 1.345987615384615492e+05 1.302517153846153815e+05 1.256809846153846156e+05 6.816731846153846709e+05 1.212617953846153803e+06 1.778884634475302207e+00
2.075865923076922772e+05 1.937422307692307804e+05 1.768479307692307630e+05 1.608481307692307746e+05 1.502348923076922947e+05 1.404133076923076878e+05 1.345987615384615492e+05 1.302517153846153815e+05 7.390248846153846243e+05 1.294523561538461596e+06 1.751664373537541453e+00
2.221374153846153349e+05 2.075865923076922772e+05 1.937422307692307804e+05 1.768479307692307630e+05 1.608481307692307746e+05 1.502348923076922947e+05 1.404133076923076878e+05 1.345987615384615492e+05 8.003141692307691555e+05 1.386409261538461549e+06 1.732331270444735782e+00
2.371484000000000233e+05 2.221374153846153349e+05 2.075865923076922772e+05 1.937422307692307804e+05 1.768479307692307630e+05 1.608481307692307746e+05 1.502348923076922947e+05 1.404133076923076878e+05 8.606146384615383577e+05 1.488958899999999907e+06 1.730111054887132127e+00
2.520508153846153873e+05 2.371484000000000233e+05 2.221374153846153349e+05 2.075865923076922772e+05 1.937422307692307804e+05 1.768479307692307630e+05 1.608481307692307746e+05 1.502348923076922947e+05 9.189232230769230518e+05 1.600596407692307606e+06 1.741817343926590045e+00
2.709529785714285099e+05 2.520508153846153873e+05 2.371484000000000233e+05 2.221374153846153349e+05 2.075865923076922772e+05 1.937422307692307804e+05 1.768479307692307630e+05 1.608481307692307746e+05 9.822896093406592263e+05 1.721314493956043851e+06 1.752349284353561742e+00
2.977471538461538730e+05 2.709529785714285099e+05 2.520508153846153873e+05 2.371484000000000233e+05 2.221374153846153349e+05 2.075865923076922772e+05 1.937422307692307804e+05 1.768479307692307630e+05 1.057899347802198026e+06 1.858213517032967182e+06 1.756512584012301259e+00
3.268464153846154222e+05 2.977471538461538730e+05 2.709529785714285099e+05 2.520508153846153873e+05 2.371484000000000233e+05 2.221374153846153349e+05 2.075865923076922772e+05 1.937422307692307804e+05 1.147597363186813192e+06 2.008212001648351550e+06 1.749927340432065881e+00
3.567990384615385556e+05 3.268464153846154222e+05 2.977471538461538730e+05 2.709529785714285099e+05 2.520508153846153873e+05 2.371484000000000233e+05 2.221374153846153349e+05 2.075865923076922772e+05 1.252345586263736477e+06 2.171268809340659529e+06 1.733761697374963440e+00
3.883733769230768667e+05 3.567990384615385556e+05 3.268464153846154222e+05 2.977471538461538730e+05 2.709529785714285099e+05 2.520508153846153873e+05 2.371484000000000233e+05 2.221374153846153349e+05 1.369765984615384601e+06 2.352055593956043944e+06 1.717122209467389915e+00
4.084843538461538847e+05 3.883733769230768667e+05 3.567990384615385556e+05 3.268464153846154222e+05 2.977471538461538730e+05 2.709529785714285099e+05 2.520508153846153873e+05 2.371484000000000233e+05 1.480503184615384787e+06 2.538402532417582814e+06 1.714553915719557509e+00
4.264916923076923122e+05 4.084843538461538847e+05 3.883733769230768667e+05 3.567990384615385556e+05 3.268464153846154222e+05 2.977471538461538730e+05 2.709529785714285099e+05 2.520508153846153873e+05 1.580148461538461503e+06 2.727745824725274928e+06 1.726259203562108047e+00
4.401116230769230751e+05 4.264916923076923122e+05 4.084843538461538847e+05 3.883733769230768667e+05 3.567990384615385556e+05 3.268464153846154222e+05 2.977471538461538730e+05 2.709529785714285099e+05 1.663461046153846197e+06 2.915806632417582907e+06 1.752855372934241096e+00
4.426965076923077577e+05 4.401116230769230751e+05 4.264916923076923122e+05 4.084843538461538847e+05 3.883733769230768667e+05 3.567990384615385556e+05 3.268464153846154222e+05 2.977471538461538730e+05 1.717784176923077088e+06 3.087550161538461689e+06 1.797402841996677214e+00
4.457885153846153989e+05 4.426965076923077577e+05 4.401116230769230751e+05 4.264916923076923122e+05 4.084843538461538847e+05 3.883733769230768667e+05 3.567990384615385556e+05 3.268464153846154222e+05 1.755088338461538544e+06 3.235591523076923564e+06 1.843549097883672827e+00
4.489568230769230868e+05 4.457885153846153989e+05 4.426965076923077577e+05 4.401116230769230751e+05 4.264916923076923122e+05 4.084843538461538847e+05 3.883733769230768667e+05 3.567990384615385556e+05 1.777553469230769202e+06 3.357701930769230705e+06 1.888945671053296582e+00
4.497039384615385206e+05 4.489568230769230868e+05 4.457885153846153989e+05 4.426965076923077577e+05 4.401116230769230751e+05 4.264916923076923122e+05 4.084843538461538847e+05 3.883733769230768667e+05 1.787145784615384648e+06 3.450606830769230612e+06 1.930792026298986386e+00
4.665924692307692603e+05 4.497039384615385206e+05 4.489568230769230868e+05 4.457885153846153989e+05 4.426965076923077577e+05 4.401116230769230751e+05 4.264916923076923122e+05 4.084843538461538847e+05 1.811041746153846383e+06 3.528825923076923471e+06 1.948506118410123555e+00
4.676774230769230635e+05 4.665924692307692603e+05 4.497039384615385206e+05 4.489568230769230868e+05 4.457885153846153989e+05 4.426965076923077577e+05 4.401116230769230751e+05 4.264916923076923122e+05 1.832930653846153989e+06 3.588018992307692766e+06 1.957531227260958406e+00
4.605413461538460688e+05 4.676774230769230635e+05 4.665924692307692603e+05 4.497039384615385206e+05 4.489568230769230868e+05 4.457885153846153989e+05 4.426965076923077577e+05 4.401116230769230751e+05 1.844515176923077088e+06 3.622068646153846290e+06 1.963696851871931992e+00
4.674684615384615608e+05 4.605413461538460688e+05 4.676774230769230635e+05 4.665924692307692603e+05 4.497039384615385206e+05 4.489568230769230868e+05 4.457885153846153989e+05 4.426965076923077577e+05 1.862279699999999953e+06 3.649425484615384601e+06 1.959654870648799285e+00
4.804353769230768667e+05 4.674684615384615608e+05 4.605413461538460688e+05 4.676774230769230635e+05 4.665924692307692603e+05 4.497039384615385206e+05 4.489568230769230868e+05 4.457885153846153989e+05 1.876122607692307560e+06 3.687164353846154176e+06 1.965310976334050608e+00
4.918879769230769598e+05 4.804353769230768667e+05 4.674684615384615608e+05 4.605413461538460688e+05 4.676774230769230635e+05 4.665924692307692603e+05 4.497039384615385206e+05 4.489568230769230868e+05 1.900333161538461456e+06 3.733263815384615213e+06 1.964531215338188197e+00
5.071631692307692720e+05 4.918879769230769598e+05 4.804353769230768667e+05 4.674684615384615608e+05 4.605413461538460688e+05 4.676774230769230635e+05 4.665924692307692603e+05 4.497039384615385206e+05 1.946954984615384601e+06 3.791470161538461689e+06 1.947384603906215039e+00
5.249266923076922540e+05 5.071631692307692720e+05 4.918879769230769598e+05 4.804353769230768667e+05 4.674684615384615608e+05 4.605413461538460688e+05 4.676774230769230635e+05 4.665924692307692603e+05 2.004413215384615352e+06 3.866692915384615306e+06 1.929089713491366043e+00
5.825493714285714086e+05 5.249266923076922540e+05 5.071631692307692720e+05 4.918879769230769598e+05 4.804353769230768667e+05 4.674684615384615608e+05 4.605413461538460688e+05 4.676774230769230635e+05 2.106527209890109953e+06 3.982649817582417279e+06 1.890623486316219015e+00
5.955309249999999302e+05 5.825493714285714086e+05 5.249266923076922540e+05 5.071631692307692720e+05 4.918879769230769598e+05 4.804353769230768667e+05 4.674684615384615608e+05 4.605413461538460688e+05 2.210170157967032865e+06 4.110503319505494088e+06 1.859813057690740346e+00
6.075781076923076762e+05 5.955309249999999302e+05 5.825493714285714086e+05 5.249266923076922540e+05 5.071631692307692720e+05 4.918879769230769598e+05 4.804353769230768667e+05 4.674684615384615608e+05 2.310585096428571269e+06 4.257540081043955870e+06 1.842624228653061413e+00
6.058267714285713155e+05 6.075781076923076762e+05 5.955309249999999302e+05 5.825493714285714086e+05 5.249266923076922540e+05 5.071631692307692720e+05 4.918879769230769598e+05 4.804353769230768667e+05 2.391485175549450330e+06 4.395898390934065916e+06 1.838145783163425362e+00
6.037397999999999302e+05 6.058267714285713155e+05 6.075781076923076762e+05 5.955309249999999302e+05 5.825493714285714086e+05 5.249266923076922540e+05 5.071631692307692720e+05 4.918879769230769598e+05 2.412675604120878968e+06 4.519202814010988921e+06 1.873108347550800579e+00
5.993930076923078159e+05 6.037397999999999302e+05 6.058267714285713155e+05 6.075781076923076762e+05 5.955309249999999302e+05 5.825493714285714086e+05 5.249266923076922540e+05 5.071631692307692720e+05 2.416537686813186854e+06 4.626707844780219719e+06 1.914601982012413162e+00
5.996255384615386138e+05 5.993930076923078159e+05 6.037397999999999302e+05 6.058267714285713155e+05 6.075781076923076762e+05 5.955309249999999302e+05 5.825493714285714086e+05 5.249266923076922540e+05 2.408585117582418025e+06 4.719170214010989293e+06 1.959312203484752546e+00
5.942870846153845778e+05 5.996255384615386138e+05 5.993930076923078159e+05 6.037397999999999302e+05 6.058267714285713155e+05 6.075781076923076762e+05 5.955309249999999302e+05 5.825493714285714086e+05 2.397045430769230705e+06 4.788530606318680570e+06 1.997680371365345264e+00
5.858622615384615492e+05 5.942870846153845778e+05 5.996255384615386138e+05 5.993930076923078159e+05 6.037397999999999302e+05 6.058267714285713155e+05 6.075781076923076762e+05 5.955309249999999302e+05 2.379167892307692207e+06 4.791843496428571641e+06 2.014083794557552931e+00
5.747113923076923238e+05 5.858622615384615492e+05 5.942870846153845778e+05 5.996255384615386138e+05 5.993930076923078159e+05 6.037397999999999302e+05 6.058267714285713155e+05 6.075781076923076762e+05 2.354486276923077181e+06 4.771023963736264035e+06 2.026354543026345656e+00
5.664262846153846476e+05 5.747113923076923238e+05 5.858622615384615492e+05 5.942870846153845778e+05 5.996255384615386138e+05 5.993930076923078159e+05 6.037397999999999302e+05 6.058267714285713155e+05 2.321287023076923098e+06 4.729872140659341589e+06 2.037607626130515825e+00
5.583321307692307746e+05 5.664262846153846476e+05 5.747113923076923238e+05 5.858622615384615492e+05 5.942870846153845778e+05 5.996255384615386138e+05 5.993930076923078159e+05 6.037397999999999302e+05 2.285332069230768830e+06 4.682377500000000000e+06 2.048882769835748352e+00
5.516325538461538963e+05 5.583321307692307746e+05 5.664262846153846476e+05 5.747113923076923238e+05 5.858622615384615492e+05 5.942870846153845778e+05 5.996255384615386138e+05 5.993930076923078159e+05 2.251102361538461875e+06 4.630270253846153617e+06 2.056890141007051476e+00
5.493231615384615725e+05 5.516325538461538963e+05 5.583321307692307746e+05 5.664262846153846476e+05 5.747113923076923238e+05 5.858622615384615492e+05 5.942870846153845778e+05 5.996255384615386138e+05 2.225714130769231357e+06 4.580200407692308538e+06 2.057856552363865887e+00
5.424794769230769016e+05 5.493231615384615725e+05 5.516325538461538963e+05 5.583321307692307746e+05 5.664262846153846476e+05 5.747113923076923238e+05 5.858622615384615492e+05 5.942870846153845778e+05 2.201767323076923378e+06 4.523054346153846011e+06 2.054283528848531049e+00
5.315485538461537799e+05 5.424794769230769016e+05 5.493231615384615725e+05 5.516325538461538963e+05 5.583321307692307746e+05 5.664262846153846476e+05 5.747113923076923238e+05 5.858622615384615492e+05 2.174983746153846383e+06 4.460315815384615213e+06 2.050735240330902709e+00
5.195181307692307746e+05 5.315485538461537799e+05 5.424794769230769016e+05 5.493231615384615725e+05 5.516325538461538963e+05 5.583321307692307746e+05 5.664262846153846476e+05 5.747113923076923238e+05 2.142869323076922912e+06 4.393971684615384787e+06 2.050508464186760804e+00
5.086395076923076413e+05 5.195181307692307746e+05 5.315485538461537799e+05 5.424794769230769016e+05 5.493231615384615725e+05 5.516325538461538963e+05 5.583321307692307746e+05 5.664262846153846476e+05 2.102185669230768923e+06 4.327899800000000745e+06 2.058761917820353116e+00
4.952326692307692720e+05 5.086395076923076413e+05 5.195181307692307746e+05 5.315485538461537799e+05 5.424794769230769016e+05 5.493231615384615725e+05 5.516325538461538963e+05 5.583321307692307746e+05 2.054938861538461410e+06 4.256706184615384787e+06 2.071451498770399802e+00
4.857556076923077344e+05 4.952326692307692720e+05 5.086395076923076413e+05 5.195181307692307746e+05 5.315485538461537799e+05 5.424794769230769016e+05 5.493231615384615725e+05 5.516325538461538963e+05 2.009145915384615306e+06 4.184129661538461689e+06 2.082541456794831269e+00
4.765102692307691323e+05 4.857556076923077344e+05 4.952326692307692720e+05 5.086395076923076413e+05 5.195181307692307746e+05 5.315485538461537799e+05 5.424794769230769016e+05 5.493231615384615725e+05 1.966138053846153896e+06 4.109007376923076808e+06 2.089887517758505009e+00
4.689348692307692836e+05 4.765102692307691323e+05 4.857556076923077344e+05 4.952326692307692720e+05 5.086395076923076413e+05 5.195181307692307746e+05 5.315485538461537799e+05 5.424794769230769016e+05 1.926433415384615306e+06 4.028619084615384229e+06 2.091231937965042142e+00
4.660635307692307979e+05 4.689348692307692836e+05 4.765102692307691323e+05 4.857556076923077344e+05 4.952326692307692720e+05 5.086395076923076413e+05 5.195181307692307746e+05 5.315485538461537799e+05 1.897264276923077181e+06 3.952203138461538590e+06 2.083106284418687171e+00
4.619850538461539545e+05 4.660635307692307979e+05 4.689348692307692836e+05 4.765102692307691323e+05 4.857556076923077344e+05 4.952326692307692720e+05 5.086395076923076413e+05 5.195181307692307746e+05 1.873493723076923285e+06 3.882639638461538590e+06 2.072406003092929883e+00
4.581240357142857392e+05 4.619850538461539545e+05 4.660635307692307979e+05 4.689348692307692836e+05 4.765102692307691323e+05 4.857556076923077344e+05 4.952326692307692720e+05 5.086395076923076413e+05 1.855107489560439950e+06 3.821245543406593613e+06 2.059851283502726726e+00
4.535972000000000116e+05 4.581240357142857392e+05 4.619850538461539545e+05 4.660635307692307979e+05 4.689348692307692836e+05 4.765102692307691323e+05 4.857556076923077344e+05 4.952326692307692720e+05 1.839769820329670561e+06 3.766203235714285634e+06 2.047105672729980341e+00
4.486739461538461619e+05 4.535972000000000116e+05 4.581240357142857392e+05 4.619850538461539545e+05 4.660635307692307979e+05 4.689348692307692836e+05 4.765102692307691323e+05 4.857556076923077344e+05 1.822380235714285867e+06 3.719644512637362815e+06 2.041091337439489006e+00
4.417208857142857159e+05 4.486739461538461619e+05 4.535972000000000116e+05 4.581240357142857392e+05 4.619850538461539545e+05 4.660635307692307979e+05 4.689348692307692836e+05 4.765102692307691323e+05 1.802116067582417512e+06 3.675609790659341030e+06 2.039607690524762429e+00
4.360829461538461619e+05 4.417208857142857159e+05 4.486739461538461619e+05 4.535972000000000116e+05 4.581240357142857392e+05 4.619850538461539545e+05 4.660635307692307979e+05 4.689348692307692836e+05 1.780074978021977935e+06 3.635182467582417652e+06 2.042151320851573360e+00
4.305655999999999767e+05 4.360829461538461619e+05 4.417208857142857159e+05 4.486739461538461619e+05 4.535972000000000116e+05 4.581240357142857392e+05 4.619850538461539545e+05 4.660635307692307979e+05 1.757043378021978075e+06 3.596813198351648636e+06 2.047082754667572946e+00
4.244882615384615492e+05 4.305655999999999767e+05 4.360829461538461619e+05 4.417208857142857159e+05 4.486739461538461619e+05 4.535972000000000116e+05 4.581240357142857392e+05 4.619850538461539545e+05 1.732857693406593520e+06 3.555237929120879620e+06 2.051661796954429740e+00
4.183969692307692021e+05 4.244882615384615492e+05 4.305655999999999767e+05 4.360829461538461619e+05 4.417208857142857159e+05 4.486739461538461619e+05 4.535972000000000116e+05 4.581240357142857392e+05 1.709533776923076715e+06 3.511649844505494460e+06 2.054156455935007397e+00
4.097677615384615492e+05 4.183969692307692021e+05 4.244882615384615492e+05 4.305655999999999767e+05 4.360829461538461619e+05 4.417208857142857159e+05 4.486739461538461619e+05 4.535972000000000116e+05 1.683218592307692394e+06 3.463293570329670329e+06 2.057542369218662071e+00
4.005845999999999767e+05 4.097677615384615492e+05 4.183969692307692021e+05 4.244882615384615492e+05 4.305655999999999767e+05 4.360829461538461619e+05 4.417208857142857159e+05 4.486739461538461619e+05 1.653237592307692161e+06 3.410280970329670236e+06 2.062789393489043110e+00
3.937565307692307979e+05 4.005845999999999767e+05 4.097677615384615492e+05 4.183969692307692021e+05 4.244882615384615492e+05 4.305655999999999767e+05 4.360829461538461619e+05 4.417208857142857159e+05 1.622505861538461410e+06 3.355363554945054930e+06 2.068013209988342815e+00
3.870421230769230751e+05 3.937565307692307979e+05 4.005845999999999767e+05 4.097677615384615492e+05 4.183969692307692021e+05 4.244882615384615492e+05 4.305655999999999767e+05 4.360829461538461619e+05 1.591151015384615399e+06 3.300684792307692114e+06 2.074400707659948662e+00
