5.462100000000000000e+04 4.355800000000000000e+04 5.177300000000000000e+04 5.862400000000000000e+04 6.482100000000000000e+04 4.414400000000000000e+04 4.641900000000000000e+04 4.906800000000000000e+04 2.085760000000000000e+05 4.130280000000000000e+05 1.980227830622890428e+00
4.701700000000000000e+04 5.462100000000000000e+04 4.355800000000000000e+04 5.177300000000000000e+04 5.862400000000000000e+04 6.482100000000000000e+04 4.414400000000000000e+04 4.641900000000000000e+04 1.969690000000000000e+05 4.109770000000000000e+05 2.086505998405840501e+00
4.632700000000000000e+04 4.701700000000000000e+04 5.462100000000000000e+04 4.355800000000000000e+04 5.177300000000000000e+04 5.862400000000000000e+04 6.482100000000000000e+04 4.414400000000000000e+04 1.915230000000000000e+05 4.108850000000000000e+05 2.145355910256209420e+00
4.113300000000000000e+04 4.632700000000000000e+04 4.701700000000000000e+04 5.462100000000000000e+04 4.355800000000000000e+04 5.177300000000000000e+04 5.862400000000000000e+04 6.482100000000000000e+04 1.890980000000000000e+05 4.078740000000000000e+05 2.156945076098107705e+00
4.574800000000000000e+04 4.113300000000000000e+04 4.632700000000000000e+04 4.701700000000000000e+04 5.462100000000000000e+04 4.355800000000000000e+04 5.177300000000000000e+04 5.862400000000000000e+04 1.802250000000000000e+05 3.888010000000000000e+05 2.157308919406297765e+00
6.571300000000000000e+04 4.574800000000000000e+04 4.113300000000000000e+04 4.632700000000000000e+04 4.701700000000000000e+04 5.462100000000000000e+04 4.355800000000000000e+04 5.177300000000000000e+04 1.989210000000000000e+05 3.958900000000000000e+05 1.990187059184299390e+00
5.215900000000000000e+04 6.571300000000000000e+04 4.574800000000000000e+04 4.113300000000000000e+04 4.632700000000000000e+04 4.701700000000000000e+04 5.462100000000000000e+04 4.355800000000000000e+04 2.047530000000000000e+05 3.962760000000000000e+05 1.935385562116306080e+00
5.667700000000000000e+04 5.215900000000000000e+04 6.571300000000000000e+04 4.574800000000000000e+04 4.113300000000000000e+04 4.632700000000000000e+04 4.701700000000000000e+04 5.462100000000000000e+04 2.202970000000000000e+05 4.093950000000000000e+05 1.858377553938546534e+00
5.084700000000000000e+04 5.667700000000000000e+04 5.215900000000000000e+04 6.571300000000000000e+04 4.574800000000000000e+04 4.113300000000000000e+04 4.632700000000000000e+04 4.701700000000000000e+04 2.253960000000000000e+05 4.056210000000000000e+05 1.799592716818399607e+00
3.963300000000000000e+04 5.084700000000000000e+04 5.667700000000000000e+04 5.215900000000000000e+04 6.571300000000000000e+04 4.574800000000000000e+04 4.113300000000000000e+04 4.632700000000000000e+04 1.993160000000000000e+05 3.982370000000000000e+05 1.998018222320335546e+00
4.351900000000000000e+04 3.963300000000000000e+04 5.084700000000000000e+04 5.667700000000000000e+04 5.215900000000000000e+04 6.571300000000000000e+04 4.574800000000000000e+04 4.113300000000000000e+04 1.906760000000000000e+05 3.954290000000000000e+05 2.073826805680840657e+00
3.494400000000000000e+04 4.351900000000000000e+04 3.963300000000000000e+04 5.084700000000000000e+04 5.667700000000000000e+04 5.215900000000000000e+04 6.571300000000000000e+04 4.574800000000000000e+04 1.689430000000000000e+05 3.892400000000000000e+05 2.303972345702396840e+00
4.110600000000000000e+04 3.494400000000000000e+04 4.351900000000000000e+04 3.963300000000000000e+04 5.084700000000000000e+04 5.667700000000000000e+04 5.215900000000000000e+04 6.571300000000000000e+04 1.592020000000000000e+05 3.845980000000000000e+05 2.415786233841283437e+00
5.346300000000000000e+04 4.110600000000000000e+04 3.494400000000000000e+04 4.351900000000000000e+04 3.963300000000000000e+04 5.084700000000000000e+04 5.667700000000000000e+04 5.215900000000000000e+04 1.730320000000000000e+05 3.723480000000000000e+05 2.151902538258819053e+00
5.910100000000000000e+04 5.346300000000000000e+04 4.110600000000000000e+04 3.494400000000000000e+04 4.351900000000000000e+04 3.963300000000000000e+04 5.084700000000000000e+04 5.667700000000000000e+04 1.886140000000000000e+05 3.792900000000000000e+05 2.010932380417148391e+00
6.042100000000000000e+04 5.910100000000000000e+04 5.346300000000000000e+04 4.110600000000000000e+04 3.494400000000000000e+04 4.351900000000000000e+04 3.963300000000000000e+04 5.084700000000000000e+04 2.140910000000000000e+05 3.830340000000000000e+05 1.789117711627298712e+00
6.771400000000000000e+04 6.042100000000000000e+04 5.910100000000000000e+04 5.346300000000000000e+04 4.110600000000000000e+04 3.494400000000000000e+04 4.351900000000000000e+04 3.963300000000000000e+04 2.406990000000000000e+05 3.999010000000000000e+05 1.661415294621082728e+00
6.341600000000000000e+04 6.771400000000000000e+04 6.042100000000000000e+04 5.910100000000000000e+04 5.346300000000000000e+04 4.110600000000000000e+04 3.494400000000000000e+04 4.351900000000000000e+04 2.506520000000000000e+05 4.236840000000000000e+05 1.690327625552558999e+00
5.406100000000000000e+04 6.341600000000000000e+04 6.771400000000000000e+04 6.042100000000000000e+04 5.910100000000000000e+04 5.346300000000000000e+04 4.110600000000000000e+04 3.494400000000000000e+04 2.456120000000000000e+05 4.342260000000000000e+05 1.767934791459700561e+00
5.797500000000000000e+04 5.406100000000000000e+04 6.341600000000000000e+04 6.771400000000000000e+04 6.042100000000000000e+04 5.910100000000000000e+04 5.346300000000000000e+04 4.110600000000000000e+04 2.431660000000000000e+05 4.572570000000000000e+05 1.880431474794995950e+00
7.086200000000000000e+04 5.797500000000000000e+04 5.406100000000000000e+04 6.341600000000000000e+04 6.771400000000000000e+04 6.042100000000000000e+04 5.910100000000000000e+04 5.346300000000000000e+04 2.463140000000000000e+05 4.870130000000000000e+05 1.977203894216325475e+00
5.710800000000000000e+04 7.086200000000000000e+04 5.797500000000000000e+04 5.406100000000000000e+04 6.341600000000000000e+04 6.771400000000000000e+04 6.042100000000000000e+04 5.910100000000000000e+04 2.400060000000000000e+05 4.906580000000000000e+05 2.044357224402723272e+00
6.168800000000000000e+04 5.710800000000000000e+04 7.086200000000000000e+04 5.797500000000000000e+04 5.406100000000000000e+04 6.341600000000000000e+04 6.771400000000000000e+04 6.042100000000000000e+04 2.476330000000000000e+05 4.932450000000000000e+05 1.991838729086995663e+00
5.962100000000000000e+04 6.168800000000000000e+04 5.710800000000000000e+04 7.086200000000000000e+04 5.797500000000000000e+04 5.406100000000000000e+04 6.341600000000000000e+04 6.771400000000000000e+04 2.492790000000000000e+05 4.924450000000000000e+05 1.975477276465325893e+00
6.296100000000000000e+04 5.962100000000000000e+04 6.168800000000000000e+04 5.710800000000000000e+04 7.086200000000000000e+04 5.797500000000000000e+04 5.406100000000000000e+04 6.341600000000000000e+04 2.413780000000000000e+05 4.876920000000000000e+05 2.020449253867377948e+00
6.197100000000000000e+04 6.296100000000000000e+04 5.962100000000000000e+04 6.168800000000000000e+04 5.710800000000000000e+04 7.086200000000000000e+04 5.797500000000000000e+04 5.406100000000000000e+04 2.462410000000000000e+05 4.862470000000000000e+05 1.974679277618268225e+00
6.407800000000000000e+04 6.197100000000000000e+04 6.296100000000000000e+04 5.962100000000000000e+04 6.168800000000000000e+04 5.710800000000000000e+04 7.086200000000000000e+04 5.797500000000000000e+04 2.486310000000000000e+05 4.962640000000000000e+05 1.995986019442467008e+00
5.011900000000000000e+04 6.407800000000000000e+04 6.197100000000000000e+04 6.296100000000000000e+04 5.962100000000000000e+04 6.168800000000000000e+04 5.710800000000000000e+04 7.086200000000000000e+04 2.391290000000000000e+05 4.884080000000000000e+05 2.042445709219709915e+00
6.579700000000000000e+04 5.011900000000000000e+04 6.407800000000000000e+04 6.197100000000000000e+04 6.296100000000000000e+04 5.962100000000000000e+04 6.168800000000000000e+04 5.710800000000000000e+04 2.419650000000000000e+05 4.833430000000000000e+05 1.997574029301758536e+00
7.659600000000000000e+04 6.579700000000000000e+04 5.011900000000000000e+04 6.407800000000000000e+04 6.197100000000000000e+04 6.296100000000000000e+04 5.962100000000000000e+04 6.168800000000000000e+04 2.565900000000000000e+05 5.028310000000000000e+05 1.959667173311508526e+00
8.416000000000000000e+04 7.659600000000000000e+04 6.579700000000000000e+04 5.011900000000000000e+04 6.407800000000000000e+04 6.197100000000000000e+04 6.296100000000000000e+04 5.962100000000000000e+04 2.766720000000000000e+05 5.253030000000000000e+05 1.898648941707147708e+00
6.302000000000000000e+04 8.416000000000000000e+04 7.659600000000000000e+04 6.579700000000000000e+04 5.011900000000000000e+04 6.407800000000000000e+04 6.197100000000000000e+04 6.296100000000000000e+04 2.895730000000000000e+05 5.287020000000000000e+05 1.825798675981531449e+00
9.813200000000000000e+04 6.302000000000000000e+04 8.416000000000000000e+04 7.659600000000000000e+04 6.579700000000000000e+04 5.011900000000000000e+04 6.407800000000000000e+04 6.197100000000000000e+04 3.219080000000000000e+05 5.638730000000000000e+05 1.751658859052897199e+00
9.992100000000000000e+04 9.813200000000000000e+04 6.302000000000000000e+04 8.416000000000000000e+04 7.659600000000000000e+04 6.579700000000000000e+04 5.011900000000000000e+04 6.407800000000000000e+04 3.452330000000000000e+05 6.018230000000000000e+05 1.743237176052115478e+00
1.150280000000000000e+05 9.992100000000000000e+04 9.813200000000000000e+04 6.302000000000000000e+04 8.416000000000000000e+04 7.659600000000000000e+04 6.579700000000000000e+04 5.011900000000000000e+04 3.761010000000000000e+05 6.527730000000000000e+05 1.735632183908045967e+00
1.276210000000000000e+05 1.150280000000000000e+05 9.992100000000000000e+04 9.813200000000000000e+04 6.302000000000000000e+04 8.416000000000000000e+04 7.659600000000000000e+04 6.579700000000000000e+04 4.407020000000000000e+05 7.302750000000000000e+05 1.657072125835598708e+00
1.251850000000000000e+05 1.276210000000000000e+05 1.150280000000000000e+05 9.992100000000000000e+04 9.813200000000000000e+04 6.302000000000000000e+04 8.416000000000000000e+04 7.659600000000000000e+04 4.677550000000000000e+05 7.896630000000000000e+05 1.688197881369520426e+00
1.153960000000000000e+05 1.251850000000000000e+05 1.276210000000000000e+05 1.150280000000000000e+05 9.992100000000000000e+04 9.813200000000000000e+04 6.302000000000000000e+04 8.416000000000000000e+04 4.832300000000000000e+05 8.284630000000000000e+05 1.714427912174326885e+00
1.149230000000000000e+05 1.153960000000000000e+05 1.251850000000000000e+05 1.276210000000000000e+05 1.150280000000000000e+05 9.992100000000000000e+04 9.813200000000000000e+04 6.302000000000000000e+04 4.831250000000000000e+05 8.592260000000000000e+05 1.778475549805950795e+00
1.205530000000000000e+05 1.149230000000000000e+05 1.153960000000000000e+05 1.251850000000000000e+05 1.276210000000000000e+05 1.150280000000000000e+05 9.992100000000000000e+04 9.813200000000000000e+04 4.760570000000000000e+05 9.167590000000000000e+05 1.925733683151387376e+00
1.680580000000000000e+05 1.205530000000000000e+05 1.149230000000000000e+05 1.153960000000000000e+05 1.251850000000000000e+05 1.276210000000000000e+05 1.150280000000000000e+05 9.992100000000000000e+04 5.189300000000000000e+05 9.866850000000000000e+05 1.901383616287360523e+00
1.164810000000000000e+05 1.680580000000000000e+05 1.205530000000000000e+05 1.149230000000000000e+05 1.153960000000000000e+05 1.251850000000000000e+05 1.276210000000000000e+05 1.150280000000000000e+05 5.200150000000000000e+05 1.003245000000000000e+06 1.929261655913771634e+00
1.045070000000000000e+05 1.164810000000000000e+05 1.680580000000000000e+05 1.205530000000000000e+05 1.149230000000000000e+05 1.153960000000000000e+05 1.251850000000000000e+05 1.276210000000000000e+05 5.095990000000000000e+05 9.927240000000000000e+05 1.948049348605472186e+00
9.176500000000000000e+04 1.045070000000000000e+05 1.164810000000000000e+05 1.680580000000000000e+05 1.205530000000000000e+05 1.149230000000000000e+05 1.153960000000000000e+05 1.251850000000000000e+05 4.808110000000000000e+05 9.568680000000000000e+05 1.990112539022609761e+00
1.306720000000000000e+05 9.176500000000000000e+04 1.045070000000000000e+05 1.164810000000000000e+05 1.680580000000000000e+05 1.205530000000000000e+05 1.149230000000000000e+05 1.153960000000000000e+05 4.434250000000000000e+05 9.623550000000000000e+05 2.170276822461520982e+00
8.093800000000000000e+04 1.306720000000000000e+05 9.176500000000000000e+04 1.045070000000000000e+05 1.164810000000000000e+05 1.680580000000000000e+05 1.205530000000000000e+05 1.149230000000000000e+05 4.078820000000000000e+05 9.278970000000000000e+05 2.274915294129184584e+00
1.738450000000000000e+05 8.093800000000000000e+04 1.306720000000000000e+05 9.176500000000000000e+04 1.045070000000000000e+05 1.164810000000000000e+05 1.680580000000000000e+05 1.205530000000000000e+05 4.772200000000000000e+05 9.868190000000000000e+05 2.067849210007962846e+00
1.304020000000000000e+05 1.738450000000000000e+05 8.093800000000000000e+04 1.306720000000000000e+05 9.176500000000000000e+04 1.045070000000000000e+05 1.164810000000000000e+05 1.680580000000000000e+05 5.158570000000000000e+05 9.966680000000000000e+05 1.932062567727102609e+00
1.529480000000000000e+05 1.304020000000000000e+05 1.738450000000000000e+05 8.093800000000000000e+04 1.306720000000000000e+05 9.176500000000000000e+04 1.045070000000000000e+05 1.164810000000000000e+05 5.381330000000000000e+05 9.815580000000000000e+05 1.824006333006896075e+00
1.683290000000000000e+05 1.529480000000000000e+05 1.304020000000000000e+05 1.738450000000000000e+05 8.093800000000000000e+04 1.306720000000000000e+05 9.176500000000000000e+04 1.045070000000000000e+05 6.255240000000000000e+05 1.033406000000000000e+06 1.652064509115557467e+00
1.202570000000000000e+05 1.683290000000000000e+05 1.529480000000000000e+05 1.304020000000000000e+05 1.738450000000000000e+05 8.093800000000000000e+04 1.306720000000000000e+05 9.176500000000000000e+04 5.719360000000000000e+05 1.049156000000000000e+06 1.834394058076428191e+00
1.318850000000000000e+05 1.202570000000000000e+05 1.683290000000000000e+05 1.529480000000000000e+05 1.304020000000000000e+05 1.738450000000000000e+05 8.093800000000000000e+04 1.306720000000000000e+05 5.734190000000000000e+05 1.089276000000000000e+06 1.899616162003700648e+00
1.503870000000000000e+05 1.318850000000000000e+05 1.202570000000000000e+05 1.683290000000000000e+05 1.529480000000000000e+05 1.304020000000000000e+05 1.738450000000000000e+05 8.093800000000000000e+04 5.708580000000000000e+05 1.108991000000000000e+06 1.942674009998983875e+00
1.345490000000000000e+05 1.503870000000000000e+05 1.318850000000000000e+05 1.202570000000000000e+05 1.683290000000000000e+05 1.529480000000000000e+05 1.304020000000000000e+05 1.738450000000000000e+05 5.370780000000000000e+05 1.162602000000000000e+06 2.164679990615888006e+00
6.788000000000000000e+04 1.345490000000000000e+05 1.503870000000000000e+05 1.318850000000000000e+05 1.202570000000000000e+05 1.683290000000000000e+05 1.529480000000000000e+05 1.304020000000000000e+05 4.847010000000000000e+05 1.056637000000000000e+06 2.179976934233682329e+00
-7.442000000000000000e+04 6.788000000000000000e+04 1.345490000000000000e+05 1.503870000000000000e+05 1.318850000000000000e+05 1.202570000000000000e+05 1.683290000000000000e+05 1.529480000000000000e+05 2.783960000000000000e+05 8.518150000000000000e+05 3.059724277647667190e+00
-2.151440000000000000e+05 -7.442000000000000000e+04 6.788000000000000000e+04 1.345490000000000000e+05 1.503870000000000000e+05 1.318850000000000000e+05 1.202570000000000000e+05 1.683290000000000000e+05 -8.713500000000000000e+04 4.837230000000000000e+05 -5.551420210018935819e+00
1.422500000000000000e+05 -2.151440000000000000e+05 -7.442000000000000000e+04 6.788000000000000000e+04 1.345490000000000000e+05 1.503870000000000000e+05 1.318850000000000000e+05 1.202570000000000000e+05 -7.943400000000000000e+04 4.576440000000000000e+05 -5.761311277286804255e+00
1.293240000000000000e+05 1.422500000000000000e+05 -2.151440000000000000e+05 -7.442000000000000000e+04 6.788000000000000000e+04 1.345490000000000000e+05 1.503870000000000000e+05 1.318850000000000000e+05 -1.799000000000000000e+04 4.667110000000000000e+05 -2.594280155642023189e+01
1.718560000000000000e+05 1.293240000000000000e+05 1.422500000000000000e+05 -2.151440000000000000e+05 -7.442000000000000000e+04 6.788000000000000000e+04 1.345490000000000000e+05 1.503870000000000000e+05 2.282860000000000000e+05 5.066820000000000000e+05 2.219505357314947247e+00
2.696170000000000000e+05 1.718560000000000000e+05 1.293240000000000000e+05 1.422500000000000000e+05 -2.151440000000000000e+05 -7.442000000000000000e+04 6.788000000000000000e+04 1.345490000000000000e+05 7.130470000000000000e+05 6.259120000000000000e+05 8.777990791630846390e-01
1.670790000000000000e+05 2.696170000000000000e+05 1.718560000000000000e+05 1.293240000000000000e+05 1.422500000000000000e+05 -2.151440000000000000e+05 -7.442000000000000000e+04 6.788000000000000000e+04 7.378760000000000000e+05 6.584420000000000000e+05 8.923477657492586701e-01
1.669100000000000000e+05 1.670790000000000000e+05 2.696170000000000000e+05 1.718560000000000000e+05 1.293240000000000000e+05 1.422500000000000000e+05 -2.151440000000000000e+05 -7.442000000000000000e+04 7.754620000000000000e+05 7.574720000000000000e+05 9.768009264154787763e-01
2.381900000000000000e+05 1.669100000000000000e+05 1.670790000000000000e+05 2.696170000000000000e+05 1.718560000000000000e+05 1.293240000000000000e+05 1.422500000000000000e+05 -2.151440000000000000e+05 8.417960000000000000e+05 1.070082000000000000e+06 1.271189219240766111e+00
2.796350000000000000e+05 2.381900000000000000e+05 1.669100000000000000e+05 1.670790000000000000e+05 2.696170000000000000e+05 1.718560000000000000e+05 1.293240000000000000e+05 1.422500000000000000e+05 8.518140000000000000e+05 1.564861000000000000e+06 1.837092369930524827e+00
1.914920000000000000e+05 2.796350000000000000e+05 2.381900000000000000e+05 1.669100000000000000e+05 1.670790000000000000e+05 2.696170000000000000e+05 1.718560000000000000e+05 1.293240000000000000e+05 8.762270000000000000e+05 1.614103000000000000e+06 1.842105983951647152e+00
2.348440000000000000e+05 1.914920000000000000e+05 2.796350000000000000e+05 2.381900000000000000e+05 1.669100000000000000e+05 1.670790000000000000e+05 2.696170000000000000e+05 1.718560000000000000e+05 9.441610000000000000e+05 1.719623000000000000e+06 1.821323905562716616e+00
2.682000000000000000e+05 2.348440000000000000e+05 1.914920000000000000e+05 2.796350000000000000e+05 2.381900000000000000e+05 1.669100000000000000e+05 1.670790000000000000e+05 2.696170000000000000e+05 9.741710000000000000e+05 1.815967000000000000e+06 1.864115232336006622e+00
2.102010000000000000e+05 2.682000000000000000e+05 2.348440000000000000e+05 1.914920000000000000e+05 2.796350000000000000e+05 2.381900000000000000e+05 1.669100000000000000e+05 1.670790000000000000e+05 9.047370000000000000e+05 1.756551000000000000e+06 1.941504547730445340e+00
2.442450000000000000e+05 2.102010000000000000e+05 2.682000000000000000e+05 2.348440000000000000e+05 1.914920000000000000e+05 2.796350000000000000e+05 2.381900000000000000e+05 1.669100000000000000e+05 9.574900000000000000e+05 1.833717000000000000e+06 1.915129139729918828e+00
2.318920000000000000e+05 2.442450000000000000e+05 2.102010000000000000e+05 2.682000000000000000e+05 2.348440000000000000e+05 1.914920000000000000e+05 2.796350000000000000e+05 2.381900000000000000e+05 9.545380000000000000e+05 1.898699000000000000e+06 1.989128772243745180e+00
2.283540000000000000e+05 2.318920000000000000e+05 2.442450000000000000e+05 2.102010000000000000e+05 2.682000000000000000e+05 2.348440000000000000e+05 1.914920000000000000e+05 2.796350000000000000e+05 9.146920000000000000e+05 1.888863000000000000e+06 2.065026260205621078e+00
2.517200000000000000e+05 2.283540000000000000e+05 2.318920000000000000e+05 2.442450000000000000e+05 2.102010000000000000e+05 2.682000000000000000e+05 2.348440000000000000e+05 1.914920000000000000e+05 9.562110000000000000e+05 1.860948000000000000e+06 1.946168784922992945e+00
2.947500000000000000e+05 2.517200000000000000e+05 2.283540000000000000e+05 2.318920000000000000e+05 2.442450000000000000e+05 2.102010000000000000e+05 2.682000000000000000e+05 2.348440000000000000e+05 1.006716000000000000e+06 1.964206000000000000e+06 1.951102396306406250e+00
2.626950000000000000e+05 2.947500000000000000e+05 2.517200000000000000e+05 2.283540000000000000e+05 2.318920000000000000e+05 2.442450000000000000e+05 2.102010000000000000e+05 2.682000000000000000e+05 1.037519000000000000e+06 1.992057000000000000e+06 1.920019777951054385e+00
2.713640000000000000e+05 2.626950000000000000e+05 2.947500000000000000e+05 2.517200000000000000e+05 2.283540000000000000e+05 2.318920000000000000e+05 2.442450000000000000e+05 2.102010000000000000e+05 1.080529000000000000e+06 1.995221000000000000e+06 1.846522397825509643e+00
2.662470000000000000e+05 2.713640000000000000e+05 2.626950000000000000e+05 2.947500000000000000e+05 2.517200000000000000e+05 2.283540000000000000e+05 2.318920000000000000e+05 2.442450000000000000e+05 1.095056000000000000e+06 2.051267000000000000e+06 1.873207397612542291e+00
2.640040000000000000e+05 2.662470000000000000e+05 2.713640000000000000e+05 2.626950000000000000e+05 2.947500000000000000e+05 2.517200000000000000e+05 2.283540000000000000e+05 2.318920000000000000e+05 1.064310000000000000e+06 2.071026000000000000e+06 1.945886067029342970e+00
2.634870000000000000e+05 2.640040000000000000e+05 2.662470000000000000e+05 2.713640000000000000e+05 2.626950000000000000e+05 2.947500000000000000e+05 2.517200000000000000e+05 2.283540000000000000e+05 1.065102000000000000e+06 2.102621000000000000e+06 1.974102949764435788e+00
2.731790000000000000e+05 2.634870000000000000e+05 2.640040000000000000e+05 2.662470000000000000e+05 2.713640000000000000e+05 2.626950000000000000e+05 2.947500000000000000e+05 2.517200000000000000e+05 1.066917000000000000e+06 2.147446000000000000e+06 2.012758255796842644e+00
2.673110000000000000e+05 2.731790000000000000e+05 2.634870000000000000e+05 2.640040000000000000e+05 2.662470000000000000e+05 2.713640000000000000e+05 2.626950000000000000e+05 2.947500000000000000e+05 1.067981000000000000e+06 2.163037000000000000e+06 2.025351574606664151e+00
2.502730000000000000e+05 2.673110000000000000e+05 2.731790000000000000e+05 2.634870000000000000e+05 2.640040000000000000e+05 2.662470000000000000e+05 2.713640000000000000e+05 2.626950000000000000e+05 1.054250000000000000e+06 2.118560000000000000e+06 2.009542328669670308e+00
2.084310000000000000e+05 2.502730000000000000e+05 2.673110000000000000e+05 2.731790000000000000e+05 2.634870000000000000e+05 2.640040000000000000e+05 2.662470000000000000e+05 2.713640000000000000e+05 9.991940000000000000e+05 2.064296000000000000e+06 2.065961164698747243e+00
2.283760000000000000e+05 2.084310000000000000e+05 2.502730000000000000e+05 2.673110000000000000e+05 2.731790000000000000e+05 2.634870000000000000e+05 2.640040000000000000e+05 2.662470000000000000e+05 9.543910000000000000e+05 2.021308000000000000e+06 2.117903458854913712e+00
2.370710000000000000e+05 2.283760000000000000e+05 2.084310000000000000e+05 2.502730000000000000e+05 2.673110000000000000e+05 2.731790000000000000e+05 2.634870000000000000e+05 2.640040000000000000e+05 9.241510000000000000e+05 1.992132000000000000e+06 2.155634739344544304e+00
2.566960000000000000e+05 2.370710000000000000e+05 2.283760000000000000e+05 2.084310000000000000e+05 2.502730000000000000e+05 2.673110000000000000e+05 2.731790000000000000e+05 2.634870000000000000e+05 9.305740000000000000e+05 1.984824000000000000e+06 2.132902917983953817e+00
2.380670000000000000e+05 2.566960000000000000e+05 2.370710000000000000e+05 2.283760000000000000e+05 2.084310000000000000e+05 2.502730000000000000e+05 2.673110000000000000e+05 2.731790000000000000e+05 9.602100000000000000e+05 1.959404000000000000e+06 2.040599452203164077e+00
3.372540000000000000e+05 2.380670000000000000e+05 2.566960000000000000e+05 2.370710000000000000e+05 2.283760000000000000e+05 2.084310000000000000e+05 2.502730000000000000e+05 2.673110000000000000e+05 1.069088000000000000e+06 2.023479000000000000e+06 1.892715099224759889e+00
2.616130000000000000e+05 3.372540000000000000e+05 2.380670000000000000e+05 2.566960000000000000e+05 2.370710000000000000e+05 2.283760000000000000e+05 2.084310000000000000e+05 2.502730000000000000e+05 1.093630000000000000e+06 2.017781000000000000e+06 1.845030769090094447e+00
2.707120000000000000e+05 2.616130000000000000e+05 3.372540000000000000e+05 2.380670000000000000e+05 2.566960000000000000e+05 2.370710000000000000e+05 2.283760000000000000e+05 2.084310000000000000e+05 1.107646000000000000e+06 2.038220000000000000e+06 1.840136650157180087e+00
2.732910000000000000e+05 2.707120000000000000e+05 2.616130000000000000e+05 3.372540000000000000e+05 2.380670000000000000e+05 2.566960000000000000e+05 2.370710000000000000e+05 2.283760000000000000e+05 1.142870000000000000e+06 2.103080000000000000e+06 1.840174298039147116e+00
2.724020000000000000e+05 2.732910000000000000e+05 2.707120000000000000e+05 2.616130000000000000e+05 3.372540000000000000e+05 2.380670000000000000e+05 2.566960000000000000e+05 2.370710000000000000e+05 1.078018000000000000e+06 2.147106000000000000e+06 1.991716279320011385e+00
2.652720000000000000e+05 2.724020000000000000e+05 2.732910000000000000e+05 2.707120000000000000e+05 2.616130000000000000e+05 3.372540000000000000e+05 2.380670000000000000e+05 2.566960000000000000e+05 1.081677000000000000e+06 2.175307000000000000e+06 2.011050433724669961e+00
2.579280000000000000e+05 2.652720000000000000e+05 2.724020000000000000e+05 2.732910000000000000e+05 2.707120000000000000e+05 2.616130000000000000e+05 3.372540000000000000e+05 2.380670000000000000e+05 1.068893000000000000e+06 2.176539000000000000e+06 2.036255265962074734e+00
2.280230000000000000e+05 2.579280000000000000e+05 2.652720000000000000e+05 2.724020000000000000e+05 2.732910000000000000e+05 2.707120000000000000e+05 2.616130000000000000e+05 3.372540000000000000e+05 1.023625000000000000e+06 2.166495000000000000e+06 2.116492856270606904e+00
2.258160000000000000e+05 2.280230000000000000e+05 2.579280000000000000e+05 2.652720000000000000e+05 2.724020000000000000e+05 2.732910000000000000e+05 2.707120000000000000e+05 2.616130000000000000e+05 9.770390000000000000e+05 2.055057000000000000e+06 2.103352066805931120e+00
2.629110000000000000e+05 2.258160000000000000e+05 2.280230000000000000e+05 2.579280000000000000e+05 2.652720000000000000e+05 2.724020000000000000e+05 2.732910000000000000e+05 2.707120000000000000e+05 9.746780000000000000e+05 2.056355000000000000e+06 2.109778819261335592e+00
2.181310000000000000e+05 2.629110000000000000e+05 2.258160000000000000e+05 2.280230000000000000e+05 2.579280000000000000e+05 2.652720000000000000e+05 2.724020000000000000e+05 2.732910000000000000e+05 9.348810000000000000e+05 2.003774000000000000e+06 2.143346586356980055e+00
2.261620000000000000e+05 2.181310000000000000e+05 2.629110000000000000e+05 2.258160000000000000e+05 2.280230000000000000e+05 2.579280000000000000e+05 2.652720000000000000e+05 2.724020000000000000e+05 9.330200000000000000e+05 1.956645000000000000e+06 2.097109386722685542e+00
2.154110000000000000e+05 2.261620000000000000e+05 2.181310000000000000e+05 2.629110000000000000e+05 2.258160000000000000e+05 2.280230000000000000e+05 2.579280000000000000e+05 2.652720000000000000e+05 9.226150000000000000e+05 1.899654000000000000e+06 2.058988852338190956e+00
2.807850000000000000e+05 2.154110000000000000e+05 2.261620000000000000e+05 2.181310000000000000e+05 2.629110000000000000e+05 2.258160000000000000e+05 2.280230000000000000e+05 2.579280000000000000e+05 9.404890000000000000e+05 1.915167000000000000e+06 2.036352365631070693e+00
2.566960000000000000e+05 2.807850000000000000e+05 2.154110000000000000e+05 2.261620000000000000e+05 2.181310000000000000e+05 2.629110000000000000e+05 2.258160000000000000e+05 2.280230000000000000e+05 9.790540000000000000e+05 1.913935000000000000e+06 1.954881957481405585e+00
2.707380000000000000e+05 2.566960000000000000e+05 2.807850000000000000e+05 2.154110000000000000e+05 2.261620000000000000e+05 2.181310000000000000e+05 2.629110000000000000e+05 2.258160000000000000e+05 1.023630000000000000e+06 1.956650000000000000e+06 1.911481687719195355e+00
-1.000000000000000000e+08 2.707380000000000000e+05 2.566960000000000000e+05 2.807850000000000000e+05 2.154110000000000000e+05 2.261620000000000000e+05 2.181310000000000000e+05 2.629110000000000000e+05 -9.919178100000000000e+07 -9.826916600000000000e+07 9.906986749234798495e-01
