2.172282666666666557e+02 2.341818666666666502e+02 2.337886333333333369e+02 2.140020666666666784e+02 2.364015000000000271e+02 2.530453333333333319e+02 2.476419999999999675e+02 2.475597666666666612e+02 8.992008333333333212e+02 1.883849433333333309e+03 2.095026342835907052e+00
2.303519666666666978e+02 2.172282666666666557e+02 2.341818666666666502e+02 2.337886333333333369e+02 2.140020666666666784e+02 2.364015000000000271e+02 2.530453333333333319e+02 2.476419999999999675e+02 9.155507333333333690e+02 1.866641633333333402e+03 2.038818347659743679e+00
2.372461666666666531e+02 2.303519666666666978e+02 2.172282666666666557e+02 2.341818666666666502e+02 2.337886333333333369e+02 2.140020666666666784e+02 2.364015000000000271e+02 2.530453333333333319e+02 9.190082666666667137e+02 1.856245800000000145e+03 2.019835802710225892e+00
2.601591999999999985e+02 2.372461666666666531e+02 2.303519666666666978e+02 2.172282666666666557e+02 2.341818666666666502e+02 2.337886333333333369e+02 2.140020666666666784e+02 2.364015000000000271e+02 9.449855999999999767e+02 1.863359666666666726e+03 1.971839218149638251e+00
2.901771666666666647e+02 2.601591999999999985e+02 2.372461666666666531e+02 2.303519666666666978e+02 2.172282666666666557e+02 2.341818666666666502e+02 2.337886333333333369e+02 2.140020666666666784e+02 1.017934500000000071e+03 1.917135333333333392e+03 1.883358244890347422e+00
3.023404666666666003e+02 2.901771666666666647e+02 2.601591999999999985e+02 2.372461666666666531e+02 2.303519666666666978e+02 2.172282666666666557e+02 2.341818666666666502e+02 2.337886333333333369e+02 1.089922999999999774e+03 2.005473733333333257e+03 1.840014141671782122e+00
3.017728333333333808e+02 3.023404666666666003e+02 2.901771666666666647e+02 2.601591999999999985e+02 2.372461666666666531e+02 2.303519666666666978e+02 2.172282666666666557e+02 2.341818666666666502e+02 1.154449666666666644e+03 2.073457933333333131e+03 1.796057457680412695e+00
3.195166666666666515e+02 3.017728333333333808e+02 3.023404666666666003e+02 2.901771666666666647e+02 2.601591999999999985e+02 2.372461666666666531e+02 2.303519666666666978e+02 2.172282666666666557e+02 1.213807133333333240e+03 2.158792733333333217e+03 1.778530273919958882e+00
3.331198666666666668e+02 3.195166666666666515e+02 3.017728333333333808e+02 3.023404666666666003e+02 2.901771666666666647e+02 2.601591999999999985e+02 2.372461666666666531e+02 2.303519666666666978e+02 1.256749833333333299e+03 2.274684333333333598e+03 1.809973849210775310e+00
3.488188333333333162e+02 3.331198666666666668e+02 3.195166666666666515e+02 3.017728333333333808e+02 3.023404666666666003e+02 2.901771666666666647e+02 2.601591999999999985e+02 2.372461666666666531e+02 1.303228200000000015e+03 2.393151199999999790e+03 1.836325518431844772e+00
3.414023666666666941e+02 3.488188333333333162e+02 3.331198666666666668e+02 3.195166666666666515e+02 3.017728333333333808e+02 3.023404666666666003e+02 2.901771666666666647e+02 2.601591999999999985e+02 1.342857733333333272e+03 2.497307399999999689e+03 1.859696182261252995e+00
3.412669333333333270e+02 3.414023666666666941e+02 3.488188333333333162e+02 3.331198666666666668e+02 3.195166666666666515e+02 3.017728333333333808e+02 3.023404666666666003e+02 2.901771666666666647e+02 1.364607999999999947e+03 2.578415133333332960e+03 1.889491438811243373e+00
3.633531666666665956e+02 3.412669333333333270e+02 3.414023666666666941e+02 3.488188333333333162e+02 3.331198666666666668e+02 3.195166666666666515e+02 3.017728333333333808e+02 3.023404666666666003e+02 1.394841299999999819e+03 2.651591133333333346e+03 1.900998438555937309e+00
3.765346666666666806e+02 3.633531666666665956e+02 3.412669333333333270e+02 3.414023666666666941e+02 3.488188333333333162e+02 3.331198666666666668e+02 3.195166666666666515e+02 3.017728333333333808e+02 1.422557133333333240e+03 2.725785333333333256e+03 1.916116596980733000e+00
3.730185333333333233e+02 3.765346666666666806e+02 3.633531666666665956e+02 3.412669333333333270e+02 3.414023666666666941e+02 3.488188333333333162e+02 3.331198666666666668e+02 3.195166666666666515e+02 1.454173299999999927e+03 2.797031033333333198e+03 1.923450962366956674e+00
3.873669333333332929e+02 3.730185333333333233e+02 3.765346666666666806e+02 3.633531666666665956e+02 3.412669333333333270e+02 3.414023666666666941e+02 3.488188333333333162e+02 3.331198666666666668e+02 1.500273299999999836e+03 2.864881300000000010e+03 1.909572942476547741e+00
4.047035666666667453e+02 3.873669333333332929e+02 3.730185333333333233e+02 3.765346666666666806e+02 3.633531666666665956e+02 3.412669333333333270e+02 3.414023666666666941e+02 3.488188333333333162e+02 1.541623700000000099e+03 2.936465000000000146e+03 1.904787140986480720e+00
3.994943333333333157e+02 4.047035666666667453e+02 3.873669333333332929e+02 3.730185333333333233e+02 3.765346666666666806e+02 3.633531666666665956e+02 3.412669333333333270e+02 3.414023666666666941e+02 1.564583366666666734e+03 2.987140499999999975e+03 1.909224246940628422e+00
4.146900333333333037e+02 3.994943333333333157e+02 4.047035666666667453e+02 3.873669333333332929e+02 3.730185333333333233e+02 3.765346666666666806e+02 3.633531666666665956e+02 3.412669333333333270e+02 1.606254866666666658e+03 3.060428166666666584e+03 1.905319155868290260e+00
4.226013666666665927e+02 4.146900333333333037e+02 3.994943333333333157e+02 4.047035666666667453e+02 3.873669333333332929e+02 3.730185333333333233e+02 3.765346666666666806e+02 3.633531666666665956e+02 1.641489299999999957e+03 3.141762600000000020e+03 1.913970806876414077e+00
4.225392666666666628e+02 4.226013666666665927e+02 4.146900333333333037e+02 3.994943333333333157e+02 4.047035666666667453e+02 3.873669333333332929e+02 3.730185333333333233e+02 3.765346666666666806e+02 1.659324999999999818e+03 3.200948699999999917e+03 1.929066759073719828e+00
4.361686333333333891e+02 4.225392666666666628e+02 4.226013666666665927e+02 4.146900333333333037e+02 3.994943333333333157e+02 4.047035666666667453e+02 3.873669333333332929e+02 3.730185333333333233e+02 1.695999299999999948e+03 3.260582666666666682e+03 1.922514158270387741e+00
4.559902000000000157e+02 4.361686333333333891e+02 4.225392666666666628e+02 4.226013666666665927e+02 4.146900333333333037e+02 3.994943333333333157e+02 4.047035666666667453e+02 3.873669333333332929e+02 1.737299466666666603e+03 3.343554333333333489e+03 1.924569941731788303e+00
4.672125666666666461e+02 4.559902000000000157e+02 4.361686333333333891e+02 4.225392666666666628e+02 4.226013666666665927e+02 4.146900333333333037e+02 3.994943333333333157e+02 4.047035666666667453e+02 1.781910666666666657e+03 3.423399966666666842e+03 1.921196180429546541e+00
4.689802333333333877e+02 4.672125666666666461e+02 4.559902000000000157e+02 4.361686333333333891e+02 4.225392666666666628e+02 4.226013666666665927e+02 4.146900333333333037e+02 3.994943333333333157e+02 1.828351633333333439e+03 3.487676633333333484e+03 1.907552447651891248e+00
4.868208333333333826e+02 4.689802333333333877e+02 4.672125666666666461e+02 4.559902000000000157e+02 4.361686333333333891e+02 4.225392666666666628e+02 4.226013666666665927e+02 4.146900333333333037e+02 1.879003833333333432e+03 3.575003133333333608e+03 1.902605556153291522e+00
4.856111333333333278e+02 4.868208333333333826e+02 4.689802333333333877e+02 4.672125666666666461e+02 4.559902000000000157e+02 4.361686333333333891e+02 4.225392666666666628e+02 4.226013666666665927e+02 1.908624766666666801e+03 3.645924233333333177e+03 1.910236258591984537e+00
4.939309333333333143e+02 4.856111333333333278e+02 4.868208333333333826e+02 4.689802333333333877e+02 4.672125666666666461e+02 4.559902000000000157e+02 4.361686333333333891e+02 4.225392666666666628e+02 1.935343133333333526e+03 3.717253800000000410e+03 1.920720794145479138e+00
5.135223999999999478e+02 4.939309333333333143e+02 4.856111333333333278e+02 4.868208333333333826e+02 4.689802333333333877e+02 4.672125666666666461e+02 4.559902000000000157e+02 4.361686333333333891e+02 1.979885300000000143e+03 3.808236933333333582e+03 1.923463411407384749e+00
5.176099000000000387e+02 5.135223999999999478e+02 4.939309333333333143e+02 4.856111333333333278e+02 4.868208333333333826e+02 4.689802333333333877e+02 4.672125666666666461e+02 4.559902000000000157e+02 2.010674366666666629e+03 3.889678200000000288e+03 1.934514242825098096e+00
4.909026333333333127e+02 5.176099000000000387e+02 5.135223999999999478e+02 4.939309333333333143e+02 4.856111333333333278e+02 4.868208333333333826e+02 4.689802333333333877e+02 4.672125666666666461e+02 2.015965866666666670e+03 3.924590633333333244e+03 1.946754505235009258e+00
4.531902666666666732e+02 4.909026333333333127e+02 5.176099000000000387e+02 5.135223999999999478e+02 4.939309333333333143e+02 4.856111333333333278e+02 4.868208333333333826e+02 4.689802333333333877e+02 1.975225199999999859e+03 3.910568333333333612e+03 1.979808850825381272e+00
4.378213333333333139e+02 4.531902666666666732e+02 4.909026333333333127e+02 5.176099000000000387e+02 5.135223999999999478e+02 4.939309333333333143e+02 4.856111333333333278e+02 4.868208333333333826e+02 1.899524133333333339e+03 3.879409433333333254e+03 2.042305946661307825e+00
4.213580333333333670e+02 4.378213333333333139e+02 4.531902666666666732e+02 4.909026333333333127e+02 5.176099000000000387e+02 5.135223999999999478e+02 4.939309333333333143e+02 4.856111333333333278e+02 1.803272266666666837e+03 3.813946633333333466e+03 2.115014301408506103e+00
3.839975333333333651e+02 4.213580333333333670e+02 4.378213333333333139e+02 4.531902666666666732e+02 4.909026333333333127e+02 5.176099000000000387e+02 5.135223999999999478e+02 4.939309333333333143e+02 1.696367166666666662e+03 3.712333033333333333e+03 2.188401842643539208e+00
3.445520666666666330e+02 3.839975333333333651e+02 4.213580333333333670e+02 4.378213333333333139e+02 4.531902666666666732e+02 4.909026333333333127e+02 5.176099000000000387e+02 5.135223999999999478e+02 1.587728966666666793e+03 3.562954166666666424e+03 2.244056914919714263e+00
2.882413999999999987e+02 3.445520666666666330e+02 3.839975333333333651e+02 4.213580333333333670e+02 4.378213333333333139e+02 4.531902666666666732e+02 4.909026333333333127e+02 5.176099000000000387e+02 1.438149033333333364e+03 3.337673166666666475e+03 2.320811744336834792e+00
2.708674000000000319e+02 2.882413999999999987e+02 3.445520666666666330e+02 3.839975333333333651e+02 4.213580333333333670e+02 4.378213333333333139e+02 4.531902666666666732e+02 4.909026333333333127e+02 1.287658400000000029e+03 3.090930666666667094e+03 2.400427525395452122e+00
2.975613666666666859e+02 2.708674000000000319e+02 2.882413999999999987e+02 3.445520666666666330e+02 3.839975333333333651e+02 4.213580333333333670e+02 4.378213333333333139e+02 4.531902666666666732e+02 1.201222233333333406e+03 2.897589399999999841e+03 2.412200939670696709e+00
3.099995999999999867e+02 2.975613666666666859e+02 2.708674000000000319e+02 2.882413999999999987e+02 3.445520666666666330e+02 3.839975333333333651e+02 4.213580333333333670e+02 4.378213333333333139e+02 1.166669766666666874e+03 2.754398733333333439e+03 2.360906926733022715e+00
3.158182666666666591e+02 3.099995999999999867e+02 2.975613666666666859e+02 2.708674000000000319e+02 2.882413999999999987e+02 3.445520666666666330e+02 3.839975333333333651e+02 4.213580333333333670e+02 1.194246633333333421e+03 2.632395666666666784e+03 2.204231180722887373e+00
2.967703333333333262e+02 3.158182666666666591e+02 3.099995999999999867e+02 2.975613666666666859e+02 2.708674000000000319e+02 2.882413999999999987e+02 3.445520666666666330e+02 3.839975333333333651e+02 1.220149566666666715e+03 2.507807966666666744e+03 2.055328326278688333e+00
2.837151333333333127e+02 2.967703333333333262e+02 3.158182666666666591e+02 3.099995999999999867e+02 2.975613666666666859e+02 2.708674000000000319e+02 2.882413999999999987e+02 3.445520666666666330e+02 1.206303333333333285e+03 2.407525566666666691e+03 1.995787875354734009e+00
2.744278666666666595e+02 2.837151333333333127e+02 2.967703333333333262e+02 3.158182666666666591e+02 3.099995999999999867e+02 2.975613666666666859e+02 2.708674000000000319e+02 2.882413999999999987e+02 1.170731600000000071e+03 2.337401366666666945e+03 1.996530517043075381e+00
2.522819000000000358e+02 2.744278666666666595e+02 2.837151333333333127e+02 2.967703333333333262e+02 3.158182666666666591e+02 3.099995999999999867e+02 2.975613666666666859e+02 2.708674000000000319e+02 1.107195233333333363e+03 2.301441866666667011e+03 2.078623351491427851e+00
2.382186000000000092e+02 2.522819000000000358e+02 2.744278666666666595e+02 2.837151333333333127e+02 2.967703333333333262e+02 3.158182666666666591e+02 3.099995999999999867e+02 2.975613666666666859e+02 1.048643500000000131e+03 2.268793066666667073e+03 2.163550402655112670e+00
2.406274999999999693e+02 2.382186000000000092e+02 2.522819000000000358e+02 2.744278666666666595e+02 2.837151333333333127e+02 2.967703333333333262e+02 3.158182666666666591e+02 3.099995999999999867e+02 1.005555866666666702e+03 2.211859199999999873e+03 2.199638302874336926e+00
2.479993666666666456e+02 2.406274999999999693e+02 2.382186000000000092e+02 2.522819000000000358e+02 2.744278666666666595e+02 2.837151333333333127e+02 2.967703333333333262e+02 3.158182666666666591e+02 9.791273666666667168e+02 2.149858966666666674e+03 2.195688773346851974e+00
2.311716333333333466e+02 2.479993666666666456e+02 2.406274999999999693e+02 2.382186000000000092e+02 2.522819000000000358e+02 2.744278666666666595e+02 2.837151333333333127e+02 2.967703333333333262e+02 9.580171000000000276e+02 2.065212333333333390e+03 2.155715522544778384e+00
2.391788333333333014e+02 2.311716333333333466e+02 2.479993666666666456e+02 2.406274999999999693e+02 2.382186000000000092e+02 2.522819000000000358e+02 2.744278666666666595e+02 2.837151333333333127e+02 9.589773333333332630e+02 2.007620833333333394e+03 2.093501862400640956e+00
2.469092333333333329e+02 2.391788333333333014e+02 2.311716333333333466e+02 2.479993666666666456e+02 2.406274999999999693e+02 2.382186000000000092e+02 2.522819000000000358e+02 2.744278666666666595e+02 9.652590666666666266e+02 1.970814933333333329e+03 2.041747134413517628e+00
2.423351999999999862e+02 2.469092333333333329e+02 2.391788333333333014e+02 2.311716333333333466e+02 2.479993666666666456e+02 2.406274999999999693e+02 2.382186000000000092e+02 2.522819000000000358e+02 9.595948999999999387e+02 1.938722266666666656e+03 2.020354908791893944e+00
2.374411000000000058e+02 2.423351999999999862e+02 2.469092333333333329e+02 2.391788333333333014e+02 2.311716333333333466e+02 2.479993666666666456e+02 2.406274999999999693e+02 2.382186000000000092e+02 9.658643666666665695e+02 1.923881466666666711e+03 1.991875394788868325e+00
2.416786333333333516e+02 2.374411000000000058e+02 2.423351999999999862e+02 2.469092333333333329e+02 2.391788333333333014e+02 2.311716333333333466e+02 2.479993666666666456e+02 2.406274999999999693e+02 9.683641666666666197e+02 1.927341499999999996e+03 1.990306504870327009e+00
2.227182333333333588e+02 2.416786333333333516e+02 2.374411000000000058e+02 2.423351999999999862e+02 2.469092333333333329e+02 2.391788333333333014e+02 2.311716333333333466e+02 2.479993666666666456e+02 9.441731666666667024e+02 1.909432233333333443e+03 2.022332661787500374e+00
2.230288666666666586e+02 2.227182333333333588e+02 2.416786333333333516e+02 2.374411000000000058e+02 2.423351999999999862e+02 2.469092333333333329e+02 2.391788333333333014e+02 2.311716333333333466e+02 9.248668333333333749e+02 1.884461733333333314e+03 2.037549261596399042e+00
3.335645666666666216e+02 2.230288666666666586e+02 2.227182333333333588e+02 2.416786333333333516e+02 2.374411000000000058e+02 2.423351999999999862e+02 2.469092333333333329e+02 2.391788333333333014e+02 1.020990299999999934e+03 1.986854666666666617e+03 1.946007387794640886e+00
2.721800666666666757e+02 3.335645666666666216e+02 2.230288666666666586e+02 2.227182333333333588e+02 2.416786333333333516e+02 2.374411000000000058e+02 2.423351999999999862e+02 2.469092333333333329e+02 1.051491733333333286e+03 2.019855900000000020e+03 1.920943204752410205e+00
2.356196666666666886e+02 2.721800666666666757e+02 3.335645666666666216e+02 2.230288666666666586e+02 2.227182333333333588e+02 2.416786333333333516e+02 2.374411000000000058e+02 2.423351999999999862e+02 1.064393166666666730e+03 2.008566333333333432e+03 1.887053014088309055e+00
2.127845666666667057e+02 2.356196666666666886e+02 2.721800666666666757e+02 3.335645666666666216e+02 2.230288666666666586e+02 2.227182333333333588e+02 2.416786333333333516e+02 2.374411000000000058e+02 1.054148866666666663e+03 1.979015699999999924e+03 1.877358846154113747e+00
1.969938666666666620e+02 2.127845666666667057e+02 2.356196666666666886e+02 2.721800666666666757e+02 3.335645666666666216e+02 2.230288666666666586e+02 2.227182333333333588e+02 2.416786333333333516e+02 9.175781666666667888e+02 1.938568466666666609e+03 2.112701170417996543e+00
2.039164000000000385e+02 1.969938666666666620e+02 2.127845666666667057e+02 2.356196666666666886e+02 2.721800666666666757e+02 3.335645666666666216e+02 2.230288666666666586e+02 2.227182333333333588e+02 8.493145000000001801e+02 1.900806233333333466e+03 2.238047546972685709e+00
2.118049666666666724e+02 2.039164000000000385e+02 1.969938666666666620e+02 2.127845666666667057e+02 2.356196666666666886e+02 2.721800666666666757e+02 3.335645666666666216e+02 2.230288666666666586e+02 8.254998000000000502e+02 1.889892966666666780e+03 2.289392397995331674e+00
2.008694333333333191e+02 2.118049666666666724e+02 2.039164000000000385e+02 1.969938666666666620e+02 2.127845666666667057e+02 2.356196666666666886e+02 2.721800666666666757e+02 3.335645666666666216e+02 8.135846666666667488e+02 1.867733533333333526e+03 2.295684284446527723e+00
1.882187666666666530e+02 2.008694333333333191e+02 2.118049666666666724e+02 2.039164000000000385e+02 1.969938666666666620e+02 2.127845666666667057e+02 2.356196666666666886e+02 2.721800666666666757e+02 8.048095666666666830e+02 1.722387733333333472e+03 2.140118364232499459e+00
1.886912666666666780e+02 1.882187666666666530e+02 2.008694333333333191e+02 2.118049666666666724e+02 2.039164000000000385e+02 1.969938666666666620e+02 2.127845666666667057e+02 2.356196666666666886e+02 7.895844333333333225e+02 1.638898933333333389e+03 2.075647472448904018e+00
1.672785333333333426e+02 1.886912666666666780e+02 1.882187666666666530e+02 2.008694333333333191e+02 2.118049666666666724e+02 2.039164000000000385e+02 1.969938666666666620e+02 2.127845666666667057e+02 7.450579999999999927e+02 1.570557800000000043e+03 2.107967164972391672e+00
1.516689333333333423e+02 1.672785333333333426e+02 1.886912666666666780e+02 1.882187666666666530e+02 2.008694333333333191e+02 2.118049666666666724e+02 2.039164000000000385e+02 1.969938666666666620e+02 6.958574999999999591e+02 1.509442166666666708e+03 2.169182866702833223e+00
1.293504000000000076e+02 1.516689333333333423e+02 1.672785333333333426e+02 1.886912666666666780e+02 1.882187666666666530e+02 2.008694333333333191e+02 2.118049666666666724e+02 2.039164000000000385e+02 6.369891333333333705e+02 1.441798700000000053e+03 2.263458863819445721e+00
1.057942666666666582e+02 1.293504000000000076e+02 1.516689333333333423e+02 1.672785333333333426e+02 1.886912666666666780e+02 1.882187666666666530e+02 2.008694333333333191e+02 2.118049666666666724e+02 5.540921333333333223e+02 1.343676566666666531e+03 2.425005672943440604e+00
9.681376666666666608e+01 1.057942666666666582e+02 1.293504000000000076e+02 1.516689333333333423e+02 1.672785333333333426e+02 1.886912666666666780e+02 1.882187666666666530e+02 2.008694333333333191e+02 4.836273666666667168e+02 1.228685366666666596e+03 2.540562117349162374e+00
1.006371333333333382e+02 9.681376666666666608e+01 1.057942666666666582e+02 1.293504000000000076e+02 1.516689333333333423e+02 1.672785333333333426e+02 1.886912666666666780e+02 1.882187666666666530e+02 4.325955666666666275e+02 1.128453066666666473e+03 2.608563641467430472e+00
1.005101000000000084e+02 1.006371333333333382e+02 9.681376666666666608e+01 1.057942666666666582e+02 1.293504000000000076e+02 1.516689333333333423e+02 1.672785333333333426e+02 1.886912666666666780e+02 4.037552666666666710e+02 1.040744400000000041e+03 2.577661484374445422e+00
1.029546333333333337e+02 1.005101000000000084e+02 1.006371333333333382e+02 9.681376666666666608e+01 1.057942666666666582e+02 1.293504000000000076e+02 1.516689333333333423e+02 1.672785333333333426e+02 4.009156333333333464e+02 9.550077666666666119e+02 2.382066667559068041e+00
1.065056000000000012e+02 1.029546333333333337e+02 1.005101000000000084e+02 1.006371333333333382e+02 9.681376666666666608e+01 1.057942666666666582e+02 1.293504000000000076e+02 1.516689333333333423e+02 4.106074666666667099e+02 8.942348333333334267e+02 2.177833833838384692e+00
9.517606666666665660e+01 1.065056000000000012e+02 1.029546333333333337e+02 1.005101000000000084e+02 1.006371333333333382e+02 9.681376666666666608e+01 1.057942666666666582e+02 1.293504000000000076e+02 4.051464000000000283e+02 8.377419666666667126e+02 2.067751229349851450e+00
7.805863333333333287e+01 9.517606666666665660e+01 1.065056000000000012e+02 1.029546333333333337e+02 1.005101000000000084e+02 1.006371333333333382e+02 9.681376666666666608e+01 1.057942666666666582e+02 3.826949333333333243e+02 7.864501999999999953e+02 2.055031649230091961e+00
8.154076666666666995e+01 7.805863333333333287e+01 9.517606666666665660e+01 1.065056000000000012e+02 1.029546333333333337e+02 1.005101000000000084e+02 1.006371333333333382e+02 9.681376666666666608e+01 3.612810666666666748e+02 7.621966999999999643e+02 2.109705629006114247e+00
8.782093333333334328e+01 8.154076666666666995e+01 7.805863333333333287e+01 9.517606666666665660e+01 1.065056000000000012e+02 1.029546333333333337e+02 1.005101000000000084e+02 1.006371333333333382e+02 3.425964000000000169e+02 7.532038666666667268e+02 2.198516582972461553e+00
9.332086666666667440e+01 8.782093333333334328e+01 8.154076666666666995e+01 7.805863333333333287e+01 9.517606666666665660e+01 1.065056000000000012e+02 1.029546333333333337e+02 1.005101000000000084e+02 3.407411999999999921e+02 7.458876000000000204e+02 2.189015006110209161e+00
1.109887666666666632e+02 9.332086666666667440e+01 8.782093333333334328e+01 8.154076666666666995e+01 7.805863333333333287e+01 9.517606666666665660e+01 1.065056000000000012e+02 1.029546333333333337e+02 3.736713333333333935e+02 7.563662666666666610e+02 2.024148494131206011e+00
1.039146333333333558e+02 1.109887666666666632e+02 9.332086666666667440e+01 8.782093333333334328e+01 8.154076666666666995e+01 7.805863333333333287e+01 9.517606666666665660e+01 1.065056000000000012e+02 3.960452000000000794e+02 7.573262666666666973e+02 1.912221803639247542e+00
9.871933333333333849e+01 1.039146333333333558e+02 1.109887666666666632e+02 9.332086666666667440e+01 8.782093333333334328e+01 8.154076666666666995e+01 7.805863333333333287e+01 9.517606666666665660e+01 4.069436000000000604e+02 7.495400000000000773e+02 1.841876859594302474e+00
9.826673333333333460e+01 9.871933333333333849e+01 1.039146333333333558e+02 1.109887666666666632e+02 9.332086666666667440e+01 8.782093333333334328e+01 8.154076666666666995e+01 7.805863333333333287e+01 4.118894666666666922e+02 7.526306666666666843e+02 1.827263689837823835e+00
1.004611666666666565e+02 9.826673333333333460e+01 9.871933333333333849e+01 1.039146333333333558e+02 1.109887666666666632e+02 9.332086666666667440e+01 8.782093333333334328e+01 8.154076666666666995e+01 4.013618666666666854e+02 7.750332000000000789e+02 1.931008559524339585e+00
1.092724000000000046e+02 1.004611666666666565e+02 9.826673333333333460e+01 9.871933333333333849e+01 1.039146333333333558e+02 1.109887666666666632e+02 9.332086666666667440e+01 8.782093333333334328e+01 4.067196333333333200e+02 8.027648333333333994e+02 1.973754811770827677e+00
1.092703666666666749e+02 1.092724000000000046e+02 1.004611666666666565e+02 9.826673333333333460e+01 9.871933333333333849e+01 1.039146333333333558e+02 1.109887666666666632e+02 9.332086666666667440e+01 4.172706666666666706e+02 8.242142666666667310e+02 1.975250916271772628e+00
1.088028666666666595e+02 1.092703666666666749e+02 1.092724000000000046e+02 1.004611666666666565e+02 9.826673333333333460e+01 9.871933333333333849e+01 1.039146333333333558e+02 1.109887666666666632e+02 4.278068000000000097e+02 8.396962666666667019e+02 1.962793173616377063e+00
1.072239333333333349e+02 1.088028666666666595e+02 1.092703666666666749e+02 1.092724000000000046e+02 1.004611666666666565e+02 9.826673333333333460e+01 9.871933333333333849e+01 1.039146333333333558e+02 4.345695666666666739e+02 8.359314333333334162e+02 1.923584846829663908e+00
1.020273000000000110e+02 1.072239333333333349e+02 1.088028666666666595e+02 1.092703666666666749e+02 1.092724000000000046e+02 1.004611666666666565e+02 9.826673333333333460e+01 9.871933333333333849e+01 4.273244666666666944e+02 8.340441000000000713e+02 1.951781760838407376e+00
9.969733333333333292e+01 1.020273000000000110e+02 1.072239333333333349e+02 1.088028666666666595e+02 1.092703666666666749e+02 1.092724000000000046e+02 1.004611666666666565e+02 9.826673333333333460e+01 4.177514333333333525e+02 8.350221000000000231e+02 1.998849156152905149e+00
1.024463333333333281e+02 9.969733333333333292e+01 1.020273000000000110e+02 1.072239333333333349e+02 1.088028666666666595e+02 1.092703666666666749e+02 1.092724000000000046e+02 1.004611666666666565e+02 4.113949000000000069e+02 8.392017000000000735e+02 2.039893299600943344e+00
1.042338666666666569e+02 1.024463333333333281e+02 9.969733333333333292e+01 1.020273000000000110e+02 1.072239333333333349e+02 1.088028666666666595e+02 1.092703666666666749e+02 1.092724000000000046e+02 4.084048333333333289e+02 8.429744000000000597e+02 2.064065679927882258e+00
1.080374000000000052e+02 1.042338666666666569e+02 1.024463333333333281e+02 9.969733333333333292e+01 1.020273000000000110e+02 1.072239333333333349e+02 1.088028666666666595e+02 1.092703666666666749e+02 4.144149333333333516e+02 8.417394000000000460e+02 2.031151226210638594e+00
1.048717333333333244e+02 1.080374000000000052e+02 1.042338666666666569e+02 1.024463333333333281e+02 9.969733333333333292e+01 1.020273000000000110e+02 1.072239333333333349e+02 1.088028666666666595e+02 4.195893333333332862e+02 8.373407666666666955e+02 1.995619764722331935e+00
1.112227666666666863e+02 1.048717333333333244e+02 1.080374000000000052e+02 1.042338666666666569e+02 1.024463333333333281e+02 9.969733333333333292e+01 1.020273000000000110e+02 1.072239333333333349e+02 4.283657666666666728e+02 8.397606666666666797e+02 1.960382299457013922e+00
1.226713000000000164e+02 1.112227666666666863e+02 1.048717333333333244e+02 1.080374000000000052e+02 1.042338666666666569e+02 1.024463333333333281e+02 9.969733333333333292e+01 1.020273000000000110e+02 4.468032000000000039e+02 8.552080333333333328e+02 1.914059776951761549e+00
1.341444333333333248e+02 1.226713000000000164e+02 1.112227666666666863e+02 1.048717333333333244e+02 1.080374000000000052e+02 1.042338666666666569e+02 1.024463333333333281e+02 9.969733333333333292e+01 4.729102333333333945e+02 8.873251666666667461e+02 1.876307815147723268e+00
1.176823666666666668e+02 1.341444333333333248e+02 1.226713000000000164e+02 1.112227666666666863e+02 1.048717333333333244e+02 1.080374000000000052e+02 1.042338666666666569e+02 1.024463333333333281e+02 4.857208666666667227e+02 9.053102000000000089e+02 1.863848687854052555e+00
1.152184333333333370e+02 1.176823666666666668e+02 1.341444333333333248e+02 1.226713000000000164e+02 1.112227666666666863e+02 1.048717333333333244e+02 1.080374000000000052e+02 1.042338666666666569e+02 4.897165333333333592e+02 9.180823000000000320e+02 1.874721879922915946e+00
1.369038666666666870e+02 1.152184333333333370e+02 1.176823666666666668e+02 1.341444333333333248e+02 1.226713000000000164e+02 1.112227666666666863e+02 1.048717333333333244e+02 1.080374000000000052e+02 5.039490999999999872e+02 9.507522999999999911e+02 1.886603825664139533e+00
1.495429333333333091e+02 1.369038666666666870e+02 1.152184333333333370e+02 1.176823666666666668e+02 1.341444333333333248e+02 1.226713000000000164e+02 1.112227666666666863e+02 1.048717333333333244e+02 5.193476000000000568e+02 9.922578333333334513e+02 1.910585190599385363e+00
1.320339666666666574e+02 1.495429333333333091e+02 1.369038666666666870e+02 1.152184333333333370e+02 1.176823666666666668e+02 1.341444333333333248e+02 1.226713000000000164e+02 1.112227666666666863e+02 5.336992000000000189e+02 1.019420066666666798e+03 1.910102294825749780e+00
1.270858999999999952e+02 1.320339666666666574e+02 1.495429333333333091e+02 1.369038666666666870e+02 1.152184333333333370e+02 1.176823666666666668e+02 1.341444333333333248e+02 1.226713000000000164e+02 5.455666666666666060e+02 1.035283199999999852e+03 1.897629131789576595e+00
