7.166359999999999127e+04 6.916513333333334594e+04 6.706113333333333139e+04 6.496986666666666861e+04 6.295693333333332703e+04 5.915056666666667297e+04 5.552633333333333576e+04 5.304990000000000146e+04 2.728597333333333372e+05 5.035434666666666744e+05 1.845429739724635088e+00
7.205443333333333430e+04 7.166359999999999127e+04 6.916513333333334594e+04 6.706113333333333139e+04 6.496986666666666861e+04 6.295693333333332703e+04 5.915056666666667297e+04 5.552633333333333576e+04 2.799443000000000466e+05 5.225480000000000582e+05 1.866614180035099713e+00
7.296796666666665988e+04 7.205443333333333430e+04 7.166359999999999127e+04 6.916513333333334594e+04 6.706113333333333139e+04 6.496986666666666861e+04 6.295693333333332703e+04 5.915056666666667297e+04 2.858511333333333605e+05 5.399896333333333023e+05 1.889058920412419518e+00
7.421193333333333430e+04 7.296796666666665988e+04 7.205443333333333430e+04 7.166359999999999127e+04 6.916513333333334594e+04 6.706113333333333139e+04 6.496986666666666861e+04 6.295693333333332703e+04 2.908979333333332906e+05 5.550510000000000000e+05 1.908060994589396930e+00
7.534419999999999709e+04 7.421193333333333430e+04 7.296796666666665988e+04 7.205443333333333430e+04 7.166359999999999127e+04 6.916513333333334594e+04 6.706113333333333139e+04 6.496986666666666861e+04 2.945785333333333256e+05 5.674382666666666046e+05 1.926271613364902269e+00
7.518636666666666861e+04 7.534419999999999709e+04 7.421193333333333430e+04 7.296796666666665988e+04 7.205443333333333430e+04 7.166359999999999127e+04 6.916513333333334594e+04 6.706113333333333139e+04 2.977104666666666744e+05 5.776547666666667210e+05 1.940324010554326239e+00
7.611003333333334012e+04 7.518636666666666861e+04 7.534419999999999709e+04 7.421193333333333430e+04 7.296796666666665988e+04 7.205443333333333430e+04 7.166359999999999127e+04 6.916513333333334594e+04 3.008525333333333838e+05 5.867036666666667443e+05 1.950137032805440818e+00
7.555050000000000000e+04 7.611003333333334012e+04 7.518636666666666861e+04 7.534419999999999709e+04 7.421193333333333430e+04 7.296796666666665988e+04 7.205443333333333430e+04 7.166359999999999127e+04 3.021910999999999767e+05 5.930890333333332092e+05 1.962629056028894370e+00
7.483766666666667152e+04 7.555050000000000000e+04 7.611003333333334012e+04 7.518636666666666861e+04 7.534419999999999709e+04 7.421193333333333430e+04 7.296796666666665988e+04 7.205443333333333430e+04 3.016845666666666511e+05 5.962630999999999767e+05 1.976445486052374578e+00
7.353933333333332848e+04 7.483766666666667152e+04 7.555050000000000000e+04 7.611003333333334012e+04 7.518636666666666861e+04 7.534419999999999709e+04 7.421193333333333430e+04 7.296796666666665988e+04 3.000375333333333256e+05 5.977480000000000000e+05 1.992244081462697158e+00
7.389456666666666570e+04 7.353933333333332848e+04 7.483766666666667152e+04 7.555050000000000000e+04 7.611003333333334012e+04 7.518636666666666861e+04 7.534419999999999709e+04 7.421193333333333430e+04 2.978220666666666511e+05 5.986746000000000931e+05 2.010175426893597628e+00
7.497613333333334594e+04 7.389456666666666570e+04 7.353933333333332848e+04 7.483766666666667152e+04 7.555050000000000000e+04 7.611003333333334012e+04 7.518636666666666861e+04 7.534419999999999709e+04 2.972477000000000116e+05 5.994388000000000466e+05 2.016630574433376566e+00
7.617113333333333139e+04 7.497613333333334594e+04 7.389456666666666570e+04 7.353933333333332848e+04 7.483766666666667152e+04 7.555050000000000000e+04 7.611003333333334012e+04 7.518636666666666861e+04 2.985811666666666279e+05 6.002657333333332790e+05 2.010393823678318537e+00
7.618090000000000873e+04 7.617113333333333139e+04 7.497613333333334594e+04 7.389456666666666570e+04 7.353933333333332848e+04 7.483766666666667152e+04 7.555050000000000000e+04 7.611003333333334012e+04 3.012227333333333372e+05 6.012602666666666046e+05 1.996065370010806861e+00
7.716743333333333430e+04 7.618090000000000873e+04 7.617113333333333139e+04 7.497613333333334594e+04 7.389456666666666570e+04 7.353933333333332848e+04 7.483766666666667152e+04 7.555050000000000000e+04 3.044956000000000349e+05 6.023176666666667443e+05 1.978083317679029340e+00
7.908359999999999127e+04 7.716743333333333430e+04 7.618090000000000873e+04 7.617113333333333139e+04 7.497613333333334594e+04 7.389456666666666570e+04 7.353933333333332848e+04 7.483766666666667152e+04 3.086030666666666511e+05 6.058507666666666046e+05 1.963203973345695852e+00
8.002896666666667443e+04 7.908359999999999127e+04 7.716743333333333430e+04 7.618090000000000873e+04 7.617113333333333139e+04 7.497613333333334594e+04 7.389456666666666570e+04 7.353933333333332848e+04 3.124609000000000233e+05 6.110420666666666511e+05 1.955579295414775487e+00
8.027536666666665406e+04 8.002896666666667443e+04 7.908359999999999127e+04 7.716743333333333430e+04 7.618090000000000873e+04 7.617113333333333139e+04 7.497613333333334594e+04 7.389456666666666570e+04 3.165553666666666395e+05 6.177780999999999767e+05 1.951564133962452763e+00
8.052266666666667152e+04 8.027536666666665406e+04 8.002896666666667443e+04 7.908359999999999127e+04 7.716743333333333430e+04 7.618090000000000873e+04 7.617113333333333139e+04 7.497613333333334594e+04 3.199105999999999767e+05 6.244061999999999534e+05 1.951814663221537405e+00
8.186450000000000000e+04 8.052266666666667152e+04 8.027536666666665406e+04 8.002896666666667443e+04 7.908359999999999127e+04 7.716743333333333430e+04 7.618090000000000873e+04 7.617113333333333139e+04 3.226915000000000000e+05 6.312945666666666511e+05 1.956340860130082904e+00
8.508340000000000873e+04 8.186450000000000000e+04 8.052266666666667152e+04 8.027536666666665406e+04 8.002896666666667443e+04 7.908359999999999127e+04 7.716743333333333430e+04 7.618090000000000873e+04 3.277459333333333489e+05 6.402068333333333721e+05 1.953363164028071308e+00
8.706833333333332848e+04 8.508340000000000873e+04 8.186450000000000000e+04 8.052266666666667152e+04 8.027536666666665406e+04 8.002896666666667443e+04 7.908359999999999127e+04 7.716743333333333430e+04 3.345389000000000233e+05 6.510942666666666046e+05 1.946243819976291478e+00
9.122750000000000000e+04 8.706833333333332848e+04 8.508340000000000873e+04 8.186450000000000000e+04 8.052266666666667152e+04 8.027536666666665406e+04 8.002896666666667443e+04 7.908359999999999127e+04 3.452437333333333372e+05 6.651543333333332557e+05 1.926622467296533747e+00
9.590053333333332557e+04 9.122750000000000000e+04 8.706833333333332848e+04 8.508340000000000873e+04 8.186450000000000000e+04 8.052266666666667152e+04 8.027536666666665406e+04 8.002896666666667443e+04 3.592797666666666628e+05 6.819712666666666046e+05 1.898162184288511023e+00
9.861116666666667152e+04 9.590053333333332557e+04 9.122750000000000000e+04 8.706833333333332848e+04 8.508340000000000873e+04 8.186450000000000000e+04 8.052266666666667152e+04 8.027536666666665406e+04 3.728075333333333256e+05 7.005534666666666744e+05 1.879129051934394168e+00
9.879843333333334886e+04 9.861116666666667152e+04 9.590053333333332557e+04 9.122750000000000000e+04 8.706833333333332848e+04 8.508340000000000873e+04 8.186450000000000000e+04 8.052266666666667152e+04 3.845376333333333605e+05 7.190765333333334420e+05 1.869977008752242709e+00
9.848819999999999709e+04 9.879843333333334886e+04 9.861116666666667152e+04 9.590053333333332557e+04 9.122750000000000000e+04 8.706833333333332848e+04 8.508340000000000873e+04 8.186450000000000000e+04 3.917983333333333721e+05 7.370420666666666511e+05 1.881177136196767741e+00
9.895900000000000000e+04 9.848819999999999709e+04 9.879843333333334886e+04 9.861116666666667152e+04 9.590053333333332557e+04 9.122750000000000000e+04 8.706833333333332848e+04 8.508340000000000873e+04 3.948568000000000466e+05 7.541365666666666511e+05 1.909898896680180203e+00
9.808986666666665406e+04 9.895900000000000000e+04 9.848819999999999709e+04 9.879843333333334886e+04 9.861116666666667152e+04 9.590053333333332557e+04 9.122750000000000000e+04 8.706833333333332848e+04 3.943355000000000000e+05 7.671430333333333256e+05 1.945406977899106993e+00
9.638683333333332848e+04 9.808986666666665406e+04 9.895900000000000000e+04 9.848819999999999709e+04 9.879843333333334886e+04 9.861116666666667152e+04 9.590053333333332557e+04 9.122750000000000000e+04 3.919238999999999651e+05 7.764615333333333256e+05 1.981153824335115443e+00
9.766719999999999709e+04 9.638683333333332848e+04 9.808986666666665406e+04 9.895900000000000000e+04 9.848819999999999709e+04 9.879843333333334886e+04 9.861116666666667152e+04 9.590053333333332557e+04 3.911028999999999651e+05 7.829012333333333954e+05 2.001778133921618963e+00
9.782093333333333430e+04 9.766719999999999709e+04 9.638683333333332848e+04 9.808986666666665406e+04 9.895900000000000000e+04 9.848819999999999709e+04 9.879843333333334886e+04 9.861116666666667152e+04 3.899648333333333139e+05 7.848216333333333023e+05 2.012544635435075779e+00
1.005458000000000029e+05 9.782093333333333430e+04 9.766719999999999709e+04 9.638683333333332848e+04 9.808986666666665406e+04 9.895900000000000000e+04 9.848819999999999709e+04 9.879843333333334886e+04 3.924207666666666628e+05 7.867562666666666046e+05 2.004879286459780197e+00
1.060335000000000000e+05 1.005458000000000029e+05 9.782093333333333430e+04 9.766719999999999709e+04 9.638683333333332848e+04 9.808986666666665406e+04 9.895900000000000000e+04 9.848819999999999709e+04 4.020674333333333489e+05 7.939913333333332557e+05 1.974771561951091936e+00
1.129770999999999913e+05 1.060335000000000000e+05 1.005458000000000029e+05 9.782093333333333430e+04 9.766719999999999709e+04 9.638683333333332848e+04 9.808986666666665406e+04 9.895900000000000000e+04 4.173773333333333139e+05 8.084802333333332790e+05 1.937048729686646320e+00
1.206088666666666541e+05 1.129770999999999913e+05 1.060335000000000000e+05 1.005458000000000029e+05 9.782093333333333430e+04 9.766719999999999709e+04 9.638683333333332848e+04 9.808986666666665406e+04 4.401652666666666628e+05 8.301300999999999767e+05 1.885950943577404670e+00
1.264957666666666773e+05 1.206088666666666541e+05 1.129770999999999913e+05 1.060335000000000000e+05 1.005458000000000029e+05 9.782093333333333430e+04 9.766719999999999709e+04 9.638683333333332848e+04 4.661152333333333372e+05 8.585360000000000000e+05 1.841896463800045902e+00
1.295463666666666541e+05 1.264957666666666773e+05 1.206088666666666541e+05 1.129770999999999913e+05 1.060335000000000000e+05 1.005458000000000029e+05 9.782093333333333430e+04 9.766719999999999709e+04 4.896280999999999767e+05 8.916955333333333256e+05 1.821169032850306957e+00
1.345924333333333489e+05 1.295463666666666541e+05 1.264957666666666773e+05 1.206088666666666541e+05 1.129770999999999913e+05 1.060335000000000000e+05 1.005458000000000029e+05 9.782093333333333430e+04 5.112434333333332906e+05 9.286207666666666046e+05 1.816396468140454745e+00
1.411959333333333489e+05 1.345924333333333489e+05 1.295463666666666541e+05 1.264957666666666773e+05 1.206088666666666541e+05 1.129770999999999913e+05 1.060335000000000000e+05 1.005458000000000029e+05 5.318305000000000000e+05 9.719957666666666046e+05 1.827642015015435550e+00
1.514045666666666511e+05 1.411959333333333489e+05 1.345924333333333489e+05 1.295463666666666541e+05 1.264957666666666773e+05 1.206088666666666541e+05 1.129770999999999913e+05 1.060335000000000000e+05 5.567393000000000466e+05 1.022854533333333442e+06 1.837223514368993449e+00
1.605446999999999825e+05 1.514045666666666511e+05 1.411959333333333489e+05 1.345924333333333489e+05 1.295463666666666541e+05 1.264957666666666773e+05 1.206088666666666541e+05 1.129770999999999913e+05 5.877376333333333023e+05 1.077365733333333395e+06 1.833072568831591642e+00
1.774642666666666919e+05 1.605446999999999825e+05 1.514045666666666511e+05 1.411959333333333489e+05 1.345924333333333489e+05 1.295463666666666541e+05 1.264957666666666773e+05 1.206088666666666541e+05 6.306094666666666744e+05 1.141852899999999907e+06 1.810713223250057791e+00
1.950203333333333430e+05 1.774642666666666919e+05 1.605446999999999825e+05 1.514045666666666511e+05 1.411959333333333489e+05 1.345924333333333489e+05 1.295463666666666541e+05 1.264957666666666773e+05 6.844338666666666977e+05 1.216264366666666698e+06 1.777037089923857227e+00
2.091209333333333489e+05 1.950203333333333430e+05 1.774642666666666919e+05 1.605446999999999825e+05 1.514045666666666511e+05 1.411959333333333489e+05 1.345924333333333489e+05 1.295463666666666541e+05 7.421502333333333954e+05 1.298889533333333442e+06 1.750170619093429636e+00
2.220615000000000000e+05 2.091209333333333489e+05 1.950203333333333430e+05 1.774642666666666919e+05 1.605446999999999825e+05 1.514045666666666511e+05 1.411959333333333489e+05 1.345924333333333489e+05 8.036670333333334420e+05 1.391404666666666744e+06 1.731319823951967374e+00
2.376759666666666744e+05 2.220615000000000000e+05 2.091209333333333489e+05 1.950203333333333430e+05 1.774642666666666919e+05 1.605446999999999825e+05 1.514045666666666511e+05 1.411959333333333489e+05 8.638787333333333954e+05 1.494488200000000186e+06 1.729974523430410471e+00
2.534799333333333489e+05 2.376759666666666744e+05 2.220615000000000000e+05 2.091209333333333489e+05 1.950203333333333430e+05 1.774642666666666919e+05 1.605446999999999825e+05 1.514045666666666511e+05 9.223383333333333721e+05 1.606772200000000186e+06 1.742063776307681833e+00
2.725358999999999651e+05 2.534799333333333489e+05 2.376759666666666744e+05 2.220615000000000000e+05 2.091209333333333489e+05 1.950203333333333430e+05 1.774642666666666919e+05 1.605446999999999825e+05 9.857532999999999302e+05 1.727903533333333209e+06 1.752876235193261190e+00
2.967143333333333139e+05 2.725358999999999651e+05 2.534799333333333489e+05 2.376759666666666744e+05 2.220615000000000000e+05 2.091209333333333489e+05 1.950203333333333430e+05 1.774642666666666919e+05 1.060406133333333302e+06 1.864073166666666744e+06 1.757886066546075599e+00
3.263087999999999884e+05 2.967143333333333139e+05 2.725358999999999651e+05 2.534799333333333489e+05 2.376759666666666744e+05 2.220615000000000000e+05 2.091209333333333489e+05 1.950203333333333430e+05 1.149038966666666558e+06 2.012917699999999953e+06 1.751827186365510380e+00
3.576471333333333023e+05 3.263087999999999884e+05 2.967143333333333139e+05 2.725358999999999651e+05 2.534799333333333489e+05 2.376759666666666744e+05 2.220615000000000000e+05 2.091209333333333489e+05 1.253206166666666511e+06 2.175544500000000000e+06 1.735982919543565650e+00
3.900295999999999185e+05 3.576471333333333023e+05 3.263087999999999884e+05 2.967143333333333139e+05 2.725358999999999651e+05 2.534799333333333489e+05 2.376759666666666744e+05 2.220615000000000000e+05 1.370699866666666465e+06 2.356453166666666511e+06 1.719160571888871614e+00
4.078106333333333023e+05 3.900295999999999185e+05 3.576471333333333023e+05 3.263087999999999884e+05 2.967143333333333139e+05 2.725358999999999651e+05 2.534799333333333489e+05 2.376759666666666744e+05 1.481796166666666511e+06 2.542202299999999814e+06 1.715622132913692477e+00
4.256370666666666511e+05 4.078106333333333023e+05 3.900295999999999185e+05 3.576471333333333023e+05 3.263087999999999884e+05 2.967143333333333139e+05 2.725358999999999651e+05 2.534799333333333489e+05 1.581124433333333116e+06 2.730163399999999441e+06 1.726722668021932749e+00
4.408405999999999185e+05 4.256370666666666511e+05 4.078106333333333023e+05 3.900295999999999185e+05 3.576471333333333023e+05 3.263087999999999884e+05 2.967143333333333139e+05 2.725358999999999651e+05 1.664317899999999674e+06 2.917524066666666418e+06 1.752984851431728774e+00
4.439872666666666628e+05 4.408405999999999185e+05 4.256370666666666511e+05 4.078106333333333023e+05 3.900295999999999185e+05 3.576471333333333023e+05 3.263087999999999884e+05 2.967143333333333139e+05 1.718275566666666418e+06 3.088975433333332650e+06 1.797718301567732491e+00
4.453765666666666511e+05 4.439872666666666628e+05 4.408405999999999185e+05 4.256370666666666511e+05 4.078106333333333023e+05 3.900295999999999185e+05 3.576471333333333023e+05 3.263087999999999884e+05 1.755841499999999767e+06 3.237637666666666046e+06 1.843923649524553676e+00
4.477615666666666511e+05 4.453765666666666511e+05 4.439872666666666628e+05 4.408405999999999185e+05 4.256370666666666511e+05 4.078106333333333023e+05 3.900295999999999185e+05 3.576471333333333023e+05 1.777965999999999767e+06 3.359090433333332650e+06 1.889288340346965578e+00
4.506482000000000116e+05 4.477615666666666511e+05 4.453765666666666511e+05 4.439872666666666628e+05 4.408405999999999185e+05 4.256370666666666511e+05 4.078106333333333023e+05 3.900295999999999185e+05 1.787773599999999860e+06 3.452091499999999534e+06 1.930944443972100188e+00
4.679685666666666511e+05 4.506482000000000116e+05 4.477615666666666511e+05 4.453765666666666511e+05 4.439872666666666628e+05 4.408405999999999185e+05 4.256370666666666511e+05 4.078106333333333023e+05 1.811754899999999907e+06 3.530030466666666325e+06 1.948403984814207845e+00
4.671566000000000349e+05 4.679685666666666511e+05 4.506482000000000116e+05 4.477615666666666511e+05 4.453765666666666511e+05 4.439872666666666628e+05 4.408405999999999185e+05 4.256370666666666511e+05 1.833534933333333349e+06 3.589376433333333116e+06 1.957626423188955300e+00
4.594464666666666162e+05 4.671566000000000349e+05 4.679685666666666511e+05 4.506482000000000116e+05 4.477615666666666511e+05 4.453765666666666511e+05 4.439872666666666628e+05 4.408405999999999185e+05 1.845219833333333256e+06 3.623185833333333023e+06 1.963552400576661139e+00
4.681564666666666162e+05 4.594464666666666162e+05 4.671566000000000349e+05 4.679685666666666511e+05 4.506482000000000116e+05 4.477615666666666511e+05 4.453765666666666511e+05 4.439872666666666628e+05 1.862728099999999860e+06 3.650501699999999721e+06 1.959760901228687180e+00
4.821063666666666977e+05 4.681564666666666162e+05 4.594464666666666162e+05 4.671566000000000349e+05 4.679685666666666511e+05 4.506482000000000116e+05 4.477615666666666511e+05 4.453765666666666511e+05 1.876865899999999907e+06 3.688620799999999814e+06 1.965308656308370150e+00
4.925782333333333372e+05 4.821063666666666977e+05 4.681564666666666162e+05 4.594464666666666162e+05 4.671566000000000349e+05 4.679685666666666511e+05 4.506482000000000116e+05 4.477615666666666511e+05 1.902287533333333209e+06 3.735822466666666791e+06 1.963857934830952612e+00
5.071806333333333023e+05 4.925782333333333372e+05 4.821063666666666977e+05 4.681564666666666162e+05 4.594464666666666162e+05 4.671566000000000349e+05 4.679685666666666511e+05 4.506482000000000116e+05 1.950021699999999953e+06 3.795241533333333209e+06 1.946256051065141213e+00
5.285212666666667210e+05 5.071806333333333023e+05 4.925782333333333372e+05 4.821063666666666977e+05 4.681564666666666162e+05 4.594464666666666162e+05 4.671566000000000349e+05 4.679685666666666511e+05 2.010386500000000000e+06 3.873114599999999627e+06 1.926552232617956717e+00
5.841454666666666744e+05 5.285212666666667210e+05 5.071806333333333023e+05 4.925782333333333372e+05 4.821063666666666977e+05 4.681564666666666162e+05 4.594464666666666162e+05 4.671566000000000349e+05 2.112425600000000093e+06 3.989291500000000000e+06 1.888488522388670043e+00
5.960198333333333721e+05 5.841454666666666744e+05 5.285212666666667210e+05 5.071806333333333023e+05 4.925782333333333372e+05 4.821063666666666977e+05 4.681564666666666162e+05 4.594464666666666162e+05 2.215867200000000186e+06 4.118154733333333395e+06 1.858484449489271384e+00
6.071400999999999767e+05 5.960198333333333721e+05 5.841454666666666744e+05 5.285212666666667210e+05 5.071806333333333023e+05 4.925782333333333372e+05 4.821063666666666977e+05 4.681564666666666162e+05 2.315826666666666511e+06 4.265848366666666232e+06 1.842041301306373002e+00
6.054680666666666511e+05 6.071400999999999767e+05 5.960198333333333721e+05 5.841454666666666744e+05 5.285212666666667210e+05 5.071806333333333023e+05 4.925782333333333372e+05 4.821063666666666977e+05 2.392773466666666791e+06 4.403159966666666791e+06 1.840190903153333668e+00
6.045254666666666744e+05 6.054680666666666511e+05 6.071400999999999767e+05 5.960198333333333721e+05 5.841454666666666744e+05 5.285212666666667210e+05 5.071806333333333023e+05 4.925782333333333372e+05 2.413153466666666791e+06 4.525579066666666418e+06 1.875379717527013268e+00
5.995638333333333721e+05 6.045254666666666744e+05 6.054680666666666511e+05 6.071400999999999767e+05 5.960198333333333721e+05 5.841454666666666744e+05 5.285212666666667210e+05 5.071806333333333023e+05 2.416697466666666791e+06 4.632564666666666977e+06 1.916898879799104449e+00
5.988396666666666279e+05 5.995638333333333721e+05 6.045254666666666744e+05 6.054680666666666511e+05 6.071400999999999767e+05 5.960198333333333721e+05 5.841454666666666744e+05 5.285212666666667210e+05 2.408397033333333209e+06 4.724223699999999255e+06 1.961563494147580133e+00
5.942256666666667443e+05 5.988396666666666279e+05 5.995638333333333721e+05 6.045254666666666744e+05 6.054680666666666511e+05 6.071400999999999767e+05 5.960198333333333721e+05 5.841454666666666744e+05 2.397154633333333768e+06 4.789928100000000559e+06 1.998172347079431033e+00
5.862053333333333721e+05 5.942256666666667443e+05 5.988396666666666279e+05 5.995638333333333721e+05 6.045254666666666744e+05 6.054680666666666511e+05 6.071400999999999767e+05 5.960198333333333721e+05 2.378834500000000000e+06 4.791987966666666791e+06 2.014426798781784544e+00
5.747410999999999767e+05 5.862053333333333721e+05 5.942256666666667443e+05 5.988396666666666279e+05 5.995638333333333721e+05 6.045254666666666744e+05 6.054680666666666511e+05 6.071400999999999767e+05 2.354011766666666605e+06 4.770709233333333395e+06 2.026629306143513887e+00
5.656686333333333023e+05 5.747410999999999767e+05 5.862053333333333721e+05 5.942256666666667443e+05 5.988396666666666279e+05 5.995638333333333721e+05 6.045254666666666744e+05 6.054680666666666511e+05 2.320840733333333395e+06 4.729237766666666605e+06 2.037726113103093706e+00
5.582664000000000233e+05 5.656686333333333023e+05 5.747410999999999767e+05 5.862053333333333721e+05 5.942256666666667443e+05 5.988396666666666279e+05 5.995638333333333721e+05 6.045254666666666744e+05 2.284881466666666791e+06 4.682036100000000559e+06 2.049137414042951910e+00
5.519587666666667210e+05 5.582664000000000233e+05 5.656686333333333023e+05 5.747410999999999767e+05 5.862053333333333721e+05 5.942256666666667443e+05 5.988396666666666279e+05 5.995638333333333721e+05 2.250634899999999907e+06 4.629469400000000373e+06 2.056961526722970834e+00
5.493355333333333256e+05 5.519587666666667210e+05 5.582664000000000233e+05 5.656686333333333023e+05 5.747410999999999767e+05 5.862053333333333721e+05 5.942256666666667443e+05 5.988396666666666279e+05 2.225229333333333489e+06 4.579241099999999627e+06 2.057873780200632385e+00
5.415761666666666279e+05 5.493355333333333256e+05 5.519587666666667210e+05 5.582664000000000233e+05 5.656686333333333023e+05 5.747410999999999767e+05 5.862053333333333721e+05 5.942256666666667443e+05 2.201136866666666698e+06 4.521977599999999627e+06 2.054382745788971398e+00
5.310487999999999302e+05 5.415761666666666279e+05 5.493355333333333256e+05 5.519587666666667210e+05 5.582664000000000233e+05 5.656686333333333023e+05 5.747410999999999767e+05 5.862053333333333721e+05 2.173919266666666605e+06 4.458800733333333395e+06 2.051042465882434218e+00
5.194198999999999651e+05 5.310487999999999302e+05 5.415761666666666279e+05 5.493355333333333256e+05 5.519587666666667210e+05 5.582664000000000233e+05 5.656686333333333023e+05 5.747410999999999767e+05 2.141380399999999907e+06 4.392015299999999814e+06 2.051020594005623643e+00
5.082027000000000116e+05 5.194198999999999651e+05 5.310487999999999302e+05 5.415761666666666279e+05 5.493355333333333256e+05 5.519587666666667210e+05 5.582664000000000233e+05 5.656686333333333023e+05 2.100247566666666418e+06 4.325476900000000373e+06 2.059508111638966632e+00
4.942028333333333139e+05 5.082027000000000116e+05 5.194198999999999651e+05 5.310487999999999302e+05 5.415761666666666279e+05 5.493355333333333256e+05 5.519587666666667210e+05 5.582664000000000233e+05 2.052874233333333395e+06 4.254011099999999627e+06 2.072221975864830590e+00
4.851375333333333838e+05 4.942028333333333139e+05 5.082027000000000116e+05 5.194198999999999651e+05 5.310487999999999302e+05 5.415761666666666279e+05 5.493355333333333256e+05 5.519587666666667210e+05 2.006962966666666558e+06 4.180882233333333395e+06 2.083188530517479098e+00
4.764670000000000000e+05 4.851375333333333838e+05 4.942028333333333139e+05 5.082027000000000116e+05 5.194198999999999651e+05 5.310487999999999302e+05 5.415761666666666279e+05 5.493355333333333256e+05 1.964010066666666651e+06 4.105390466666666791e+06 2.090310297459100131e+00
4.687369333333333489e+05 4.764670000000000000e+05 4.851375333333333838e+05 4.942028333333333139e+05 5.082027000000000116e+05 5.194198999999999651e+05 5.310487999999999302e+05 5.415761666666666279e+05 1.924544300000000047e+06 4.024791866666666232e+06 2.091296036504156408e+00
4.655343666666666977e+05 4.687369333333333489e+05 4.764670000000000000e+05 4.851375333333333838e+05 4.942028333333333139e+05 5.082027000000000116e+05 5.194198999999999651e+05 5.310487999999999302e+05 1.895875833333333489e+06 3.948750066666666884e+06 2.082810486446237785e+00
4.613182666666666046e+05 4.655343666666666977e+05 4.687369333333333489e+05 4.764670000000000000e+05 4.851375333333333838e+05 4.942028333333333139e+05 5.082027000000000116e+05 5.194198999999999651e+05 1.872056566666666651e+06 3.879019533333333209e+06 2.072063207064416268e+00
4.586628666666666977e+05 4.613182666666666046e+05 4.655343666666666977e+05 4.687369333333333489e+05 4.764670000000000000e+05 4.851375333333333838e+05 4.942028333333333139e+05 5.082027000000000116e+05 1.854252433333333349e+06 3.818262500000000000e+06 2.059192390076050927e+00
4.535887333333333372e+05 4.586628666666666977e+05 4.613182666666666046e+05 4.655343666666666977e+05 4.687369333333333489e+05 4.764670000000000000e+05 4.851375333333333838e+05 4.942028333333333139e+05 1.839104233333333395e+06 3.763648533333333209e+06 2.046457435700535843e+00
4.479100666666666511e+05 4.535887333333333372e+05 4.586628666666666977e+05 4.613182666666666046e+05 4.655343666666666977e+05 4.687369333333333489e+05 4.764670000000000000e+05 4.851375333333333838e+05 1.821479933333333349e+06 3.717355766666666605e+06 2.040843656105425286e+00
4.409362333333333372e+05 4.479100666666666511e+05 4.535887333333333372e+05 4.586628666666666977e+05 4.613182666666666046e+05 4.655343666666666977e+05 4.687369333333333489e+05 4.764670000000000000e+05 1.801097900000000140e+06 3.673154466666666791e+06 2.039397451224981506e+00
4.367702999999999884e+05 4.409362333333333372e+05 4.479100666666666511e+05 4.535887333333333372e+05 4.586628666666666977e+05 4.613182666666666046e+05 4.655343666666666977e+05 4.687369333333333489e+05 1.779205333333333489e+06 3.633457766666666605e+06 2.042180123111141388e+00
4.309768333333333139e+05 4.367702999999999884e+05 4.409362333333333372e+05 4.479100666666666511e+05 4.535887333333333372e+05 4.586628666666666977e+05 4.613182666666666046e+05 4.655343666666666977e+05 1.756593433333333349e+06 3.595697666666666977e+06 2.046972053085401200e+00
4.243631666666666861e+05 4.309768333333333139e+05 4.367702999999999884e+05 4.409362333333333372e+05 4.479100666666666511e+05 4.535887333333333372e+05 4.586628666666666977e+05 4.613182666666666046e+05 1.733046533333333442e+06 3.554526466666666791e+06 2.051027712354559718e+00
4.178236000000000349e+05 4.243631666666666861e+05 4.309768333333333139e+05 4.367702999999999884e+05 4.409362333333333372e+05 4.479100666666666511e+05 4.535887333333333372e+05 4.586628666666666977e+05 1.709933900000000140e+06 3.511031800000000279e+06 2.053314341566068624e+00
4.096895666666666511e+05 4.178236000000000349e+05 4.243631666666666861e+05 4.309768333333333139e+05 4.367702999999999884e+05 4.409362333333333372e+05 4.479100666666666511e+05 4.535887333333333372e+05 1.682853166666666744e+06 3.462058500000000000e+06 2.057255242807378703e+00
4.002593333333333139e+05 4.096895666666666511e+05 4.178236000000000349e+05 4.243631666666666861e+05 4.309768333333333139e+05 4.367702999999999884e+05 4.409362333333333372e+05 4.479100666666666511e+05 1.652135666666666744e+06 3.408729100000000093e+06 2.063225901343452851e+00
3.931995666666666511e+05 4.002593333333333139e+05 4.096895666666666511e+05 4.178236000000000349e+05 4.243631666666666861e+05 4.309768333333333139e+05 4.367702999999999884e+05 4.409362333333333372e+05 1.620972066666666651e+06 3.354018600000000093e+06 2.069140282532526687e+00
3.867819333333333489e+05 3.931995666666666511e+05 4.002593333333333139e+05 4.096895666666666511e+05 4.178236000000000349e+05 4.243631666666666861e+05 4.309768333333333139e+05 4.367702999999999884e+05 1.589930399999999907e+06 3.299864299999999814e+06 2.075477203278835336e+00
