5.890000000000000000e+03 1.375100000000000000e+04 1.418800000000000000e+04 1.411000000000000000e+04 2.420000000000000000e+03 9.769000000000000000e+03 1.571700000000000000e+04 1.122700000000000000e+04 4.793900000000000000e+04 8.707200000000000000e+04 1.816308225035983215e+00
1.961700000000000000e+04 5.890000000000000000e+03 1.375100000000000000e+04 1.418800000000000000e+04 1.411000000000000000e+04 2.420000000000000000e+03 9.769000000000000000e+03 1.571700000000000000e+04 5.344600000000000000e+04 9.546200000000000000e+04 1.786139280769374782e+00
1.627900000000000000e+04 1.961700000000000000e+04 5.890000000000000000e+03 1.375100000000000000e+04 1.418800000000000000e+04 1.411000000000000000e+04 2.420000000000000000e+03 9.769000000000000000e+03 5.553700000000000000e+04 9.602400000000000000e+04 1.729009489169382574e+00
1.358200000000000000e+04 1.627900000000000000e+04 1.961700000000000000e+04 5.890000000000000000e+03 1.375100000000000000e+04 1.418800000000000000e+04 1.411000000000000000e+04 2.420000000000000000e+03 5.536800000000000000e+04 9.983700000000000000e+04 1.803153446033810114e+00
1.395800000000000000e+04 1.358200000000000000e+04 1.627900000000000000e+04 1.961700000000000000e+04 5.890000000000000000e+03 1.375100000000000000e+04 1.418800000000000000e+04 1.411000000000000000e+04 6.343600000000000000e+04 1.113750000000000000e+05 1.755706538873825551e+00
1.290800000000000000e+04 1.395800000000000000e+04 1.358200000000000000e+04 1.627900000000000000e+04 1.961700000000000000e+04 5.890000000000000000e+03 1.375100000000000000e+04 1.418800000000000000e+04 5.672700000000000000e+04 1.101730000000000000e+05 1.942161580905036322e+00
1.960500000000000000e+04 1.290800000000000000e+04 1.395800000000000000e+04 1.358200000000000000e+04 1.627900000000000000e+04 1.961700000000000000e+04 5.890000000000000000e+03 1.375100000000000000e+04 6.005300000000000000e+04 1.155900000000000000e+05 1.924799760211812982e+00
2.098800000000000000e+04 1.960500000000000000e+04 1.290800000000000000e+04 1.395800000000000000e+04 1.358200000000000000e+04 1.627900000000000000e+04 1.961700000000000000e+04 5.890000000000000000e+03 6.745900000000000000e+04 1.228270000000000000e+05 1.820765205532249187e+00
2.578700000000000000e+04 2.098800000000000000e+04 1.960500000000000000e+04 1.290800000000000000e+04 1.395800000000000000e+04 1.358200000000000000e+04 1.627900000000000000e+04 1.961700000000000000e+04 7.928800000000000000e+04 1.427240000000000000e+05 1.800070628594490962e+00
3.466700000000000000e+04 2.578700000000000000e+04 2.098800000000000000e+04 1.960500000000000000e+04 1.290800000000000000e+04 1.395800000000000000e+04 1.358200000000000000e+04 1.627900000000000000e+04 1.010470000000000000e+05 1.577740000000000000e+05 1.561392223420784431e+00
3.700100000000000000e+04 3.466700000000000000e+04 2.578700000000000000e+04 2.098800000000000000e+04 1.960500000000000000e+04 1.290800000000000000e+04 1.395800000000000000e+04 1.358200000000000000e+04 1.184430000000000000e+05 1.784960000000000000e+05 1.507020254468394160e+00
4.218400000000000000e+04 3.700100000000000000e+04 3.466700000000000000e+04 2.578700000000000000e+04 2.098800000000000000e+04 1.960500000000000000e+04 1.290800000000000000e+04 1.395800000000000000e+04 1.396390000000000000e+05 2.070980000000000000e+05 1.483095696760933446e+00
4.398900000000000000e+04 4.218400000000000000e+04 3.700100000000000000e+04 3.466700000000000000e+04 2.578700000000000000e+04 2.098800000000000000e+04 1.960500000000000000e+04 1.290800000000000000e+04 1.578410000000000000e+05 2.371290000000000000e+05 1.502328292395511911e+00
3.543400000000000000e+04 4.398900000000000000e+04 4.218400000000000000e+04 3.700100000000000000e+04 3.466700000000000000e+04 2.578700000000000000e+04 2.098800000000000000e+04 1.960500000000000000e+04 1.586080000000000000e+05 2.596550000000000000e+05 1.637086401694744175e+00
3.719600000000000000e+04 3.543400000000000000e+04 4.398900000000000000e+04 4.218400000000000000e+04 3.700100000000000000e+04 3.466700000000000000e+04 2.578700000000000000e+04 2.098800000000000000e+04 1.588030000000000000e+05 2.772460000000000000e+05 1.745848630063663753e+00
4.088700000000000000e+04 3.719600000000000000e+04 3.543400000000000000e+04 4.398900000000000000e+04 4.218400000000000000e+04 3.700100000000000000e+04 3.466700000000000000e+04 2.578700000000000000e+04 1.575060000000000000e+05 2.971450000000000000e+05 1.886563051566289451e+00
3.943200000000000000e+04 4.088700000000000000e+04 3.719600000000000000e+04 3.543400000000000000e+04 4.398900000000000000e+04 4.218400000000000000e+04 3.700100000000000000e+04 3.466700000000000000e+04 1.529490000000000000e+05 3.107900000000000000e+05 2.031984517715055283e+00
4.851700000000000000e+04 3.943200000000000000e+04 4.088700000000000000e+04 3.719600000000000000e+04 3.543400000000000000e+04 4.398900000000000000e+04 4.218400000000000000e+04 3.700100000000000000e+04 1.660320000000000000e+05 3.246400000000000000e+05 1.955285728052423622e+00
4.971300000000000000e+04 4.851700000000000000e+04 3.943200000000000000e+04 4.088700000000000000e+04 3.719600000000000000e+04 3.543400000000000000e+04 4.398900000000000000e+04 4.218400000000000000e+04 1.785490000000000000e+05 3.373520000000000000e+05 1.889408509708819350e+00
4.796500000000000000e+04 4.971300000000000000e+04 4.851700000000000000e+04 3.943200000000000000e+04 4.088700000000000000e+04 3.719600000000000000e+04 3.543400000000000000e+04 4.398900000000000000e+04 1.856270000000000000e+05 3.431330000000000000e+05 1.848508029543115994e+00
4.700600000000000000e+04 4.796500000000000000e+04 4.971300000000000000e+04 4.851700000000000000e+04 3.943200000000000000e+04 4.088700000000000000e+04 3.719600000000000000e+04 3.543400000000000000e+04 1.932010000000000000e+05 3.461500000000000000e+05 1.791657393077675575e+00
5.280500000000000000e+04 4.700600000000000000e+04 4.796500000000000000e+04 4.971300000000000000e+04 4.851700000000000000e+04 3.943200000000000000e+04 4.088700000000000000e+04 3.719600000000000000e+04 1.974890000000000000e+05 3.635210000000000000e+05 1.840715179073264762e+00
5.329300000000000000e+04 5.280500000000000000e+04 4.700600000000000000e+04 4.796500000000000000e+04 4.971300000000000000e+04 4.851700000000000000e+04 3.943200000000000000e+04 4.088700000000000000e+04 2.010690000000000000e+05 3.796180000000000000e+05 1.887998647230552773e+00
5.939600000000000000e+04 5.329300000000000000e+04 5.280500000000000000e+04 4.700600000000000000e+04 4.796500000000000000e+04 4.971300000000000000e+04 4.851700000000000000e+04 3.943200000000000000e+04 2.125000000000000000e+05 3.981270000000000000e+05 1.873538823529411701e+00
5.556500000000000000e+04 5.939600000000000000e+04 5.329300000000000000e+04 5.280500000000000000e+04 4.700600000000000000e+04 4.796500000000000000e+04 4.971300000000000000e+04 4.851700000000000000e+04 2.210590000000000000e+05 4.142600000000000000e+05 1.873979344880778442e+00
3.391400000000000000e+04 5.556500000000000000e+04 5.939600000000000000e+04 5.329300000000000000e+04 5.280500000000000000e+04 4.700600000000000000e+04 4.796500000000000000e+04 4.971300000000000000e+04 2.021680000000000000e+05 3.996570000000000000e+05 1.976855882236555839e+00
3.610000000000000000e+04 3.391400000000000000e+04 5.556500000000000000e+04 5.939600000000000000e+04 5.329300000000000000e+04 5.280500000000000000e+04 4.700600000000000000e+04 4.796500000000000000e+04 1.849750000000000000e+05 3.860440000000000000e+05 2.087006352209757942e+00
4.642900000000000000e+04 3.610000000000000000e+04 3.391400000000000000e+04 5.556500000000000000e+04 5.939600000000000000e+04 5.329300000000000000e+04 5.280500000000000000e+04 4.700600000000000000e+04 1.720080000000000000e+05 3.845080000000000000e+05 2.235407655457885667e+00
4.063300000000000000e+04 4.642900000000000000e+04 3.610000000000000000e+04 3.391400000000000000e+04 5.556500000000000000e+04 5.939600000000000000e+04 5.329300000000000000e+04 5.280500000000000000e+04 1.570760000000000000e+05 3.781350000000000000e+05 2.407337849194020940e+00
3.755800000000000000e+04 4.063300000000000000e+04 4.642900000000000000e+04 3.610000000000000000e+04 3.391400000000000000e+04 5.556500000000000000e+04 5.939600000000000000e+04 5.329300000000000000e+04 1.607200000000000000e+05 3.628880000000000000e+05 2.257889497262319356e+00
3.747900000000000000e+04 3.755800000000000000e+04 4.063300000000000000e+04 4.642900000000000000e+04 3.610000000000000000e+04 3.391400000000000000e+04 5.556500000000000000e+04 5.939600000000000000e+04 1.620990000000000000e+05 3.470740000000000000e+05 2.141123634322235070e+00
4.073800000000000000e+04 3.747900000000000000e+04 3.755800000000000000e+04 4.063300000000000000e+04 4.642900000000000000e+04 3.610000000000000000e+04 3.391400000000000000e+04 5.556500000000000000e+04 1.564080000000000000e+05 3.284160000000000000e+05 2.099739143777811901e+00
2.763400000000000000e+04 4.073800000000000000e+04 3.747900000000000000e+04 3.755800000000000000e+04 4.063300000000000000e+04 4.642900000000000000e+04 3.610000000000000000e+04 3.391400000000000000e+04 1.434090000000000000e+05 3.004850000000000000e+05 2.095300852805611846e+00
9.927000000000000000e+03 2.763400000000000000e+04 4.073800000000000000e+04 3.747900000000000000e+04 3.755800000000000000e+04 4.063300000000000000e+04 4.642900000000000000e+04 3.610000000000000000e+04 1.157780000000000000e+05 2.764980000000000000e+05 2.388173919051978622e+00
7.269000000000000000e+03 9.927000000000000000e+03 2.763400000000000000e+04 4.073800000000000000e+04 3.747900000000000000e+04 3.755800000000000000e+04 4.063300000000000000e+04 4.642900000000000000e+04 8.556800000000000000e+04 2.476670000000000000e+05 2.894388089005235809e+00
5.917000000000000000e+03 7.269000000000000000e+03 9.927000000000000000e+03 2.763400000000000000e+04 4.073800000000000000e+04 3.747900000000000000e+04 3.755800000000000000e+04 4.063300000000000000e+04 5.074700000000000000e+04 2.071550000000000000e+05 4.082113228368179136e+00
2.801000000000000000e+03 5.917000000000000000e+03 7.269000000000000000e+03 9.927000000000000000e+03 2.763400000000000000e+04 4.073800000000000000e+04 3.747900000000000000e+04 3.755800000000000000e+04 2.591400000000000000e+04 1.693230000000000000e+05 6.534035656401944614e+00
-2.098700000000000000e+04 2.801000000000000000e+03 5.917000000000000000e+03 7.269000000000000000e+03 9.927000000000000000e+03 2.763400000000000000e+04 4.073800000000000000e+04 3.747900000000000000e+04 -5.000000000000000000e+03 1.107780000000000000e+05 -2.215559999999999974e+01
1.163700000000000000e+04 -2.098700000000000000e+04 2.801000000000000000e+03 5.917000000000000000e+03 7.269000000000000000e+03 9.927000000000000000e+03 2.763400000000000000e+04 4.073800000000000000e+04 -6.320000000000000000e+02 8.493600000000000000e+04 -1.343924050632911360e+02
1.337000000000000000e+04 1.163700000000000000e+04 -2.098700000000000000e+04 2.801000000000000000e+03 5.917000000000000000e+03 7.269000000000000000e+03 9.927000000000000000e+03 2.763400000000000000e+04 6.821000000000000000e+03 5.756800000000000000e+04 8.439818208473830907e+00
-6.535000000000000000e+03 1.337000000000000000e+04 1.163700000000000000e+04 -2.098700000000000000e+04 2.801000000000000000e+03 5.917000000000000000e+03 7.269000000000000000e+03 9.927000000000000000e+03 -2.515000000000000000e+03 2.339900000000000000e+04 -9.303777335984095842e+00
2.707100000000000000e+04 -6.535000000000000000e+03 1.337000000000000000e+04 1.163700000000000000e+04 -2.098700000000000000e+04 2.801000000000000000e+03 5.917000000000000000e+03 7.269000000000000000e+03 4.554300000000000000e+04 4.054300000000000000e+04 8.902136442482928569e-01
2.302300000000000000e+04 2.707100000000000000e+04 -6.535000000000000000e+03 1.337000000000000000e+04 1.163700000000000000e+04 -2.098700000000000000e+04 2.801000000000000000e+03 5.917000000000000000e+03 5.692900000000000000e+04 5.629700000000000000e+04 9.888984524583253055e-01
2.717000000000000000e+04 2.302300000000000000e+04 2.707100000000000000e+04 -6.535000000000000000e+03 1.337000000000000000e+04 1.163700000000000000e+04 -2.098700000000000000e+04 2.801000000000000000e+03 7.072900000000000000e+04 7.755000000000000000e+04 1.096438518853652733e+00
2.076000000000000000e+04 2.717000000000000000e+04 2.302300000000000000e+04 2.707100000000000000e+04 -6.535000000000000000e+03 1.337000000000000000e+04 1.163700000000000000e+04 -2.098700000000000000e+04 9.802400000000000000e+04 9.550900000000000000e+04 9.743430180363992221e-01
4.952400000000000000e+04 2.076000000000000000e+04 2.717000000000000000e+04 2.302300000000000000e+04 2.707100000000000000e+04 -6.535000000000000000e+03 1.337000000000000000e+04 1.163700000000000000e+04 1.204770000000000000e+05 1.660200000000000000e+05 1.378022361114569661e+00
1.726900000000000000e+04 4.952400000000000000e+04 2.076000000000000000e+04 2.717000000000000000e+04 2.302300000000000000e+04 2.707100000000000000e+04 -6.535000000000000000e+03 1.337000000000000000e+04 1.147230000000000000e+05 1.716520000000000000e+05 1.496230049772059756e+00
3.764600000000000000e+04 1.726900000000000000e+04 4.952400000000000000e+04 2.076000000000000000e+04 2.717000000000000000e+04 2.302300000000000000e+04 2.707100000000000000e+04 -6.535000000000000000e+03 1.251990000000000000e+05 1.959280000000000000e+05 1.564932627257406228e+00
2.786000000000000000e+04 3.764600000000000000e+04 1.726900000000000000e+04 4.952400000000000000e+04 2.076000000000000000e+04 2.717000000000000000e+04 2.302300000000000000e+04 2.707100000000000000e+04 1.322990000000000000e+05 2.303230000000000000e+05 1.740927746997331882e+00
3.723000000000000000e+04 2.786000000000000000e+04 3.764600000000000000e+04 1.726900000000000000e+04 4.952400000000000000e+04 2.076000000000000000e+04 2.717000000000000000e+04 2.302300000000000000e+04 1.200050000000000000e+05 2.404820000000000000e+05 2.003933169451272978e+00
5.464000000000000000e+04 3.723000000000000000e+04 2.786000000000000000e+04 3.764600000000000000e+04 1.726900000000000000e+04 4.952400000000000000e+04 2.076000000000000000e+04 2.717000000000000000e+04 1.573760000000000000e+05 2.720990000000000000e+05 1.728973922326148882e+00
5.682500000000000000e+04 5.464000000000000000e+04 3.723000000000000000e+04 2.786000000000000000e+04 3.764600000000000000e+04 1.726900000000000000e+04 4.952400000000000000e+04 2.076000000000000000e+04 1.765550000000000000e+05 3.017540000000000000e+05 1.709121803404038298e+00
1.629800000000000000e+04 5.682500000000000000e+04 5.464000000000000000e+04 3.723000000000000000e+04 2.786000000000000000e+04 3.764600000000000000e+04 1.726900000000000000e+04 4.952400000000000000e+04 1.649930000000000000e+05 2.972920000000000000e+05 1.801846138927106100e+00
5.767600000000000000e+04 1.629800000000000000e+04 5.682500000000000000e+04 5.464000000000000000e+04 3.723000000000000000e+04 2.786000000000000000e+04 3.764600000000000000e+04 1.726900000000000000e+04 1.854390000000000000e+05 3.054440000000000000e+05 1.647140029875053147e+00
1.029590000000000000e+05 5.767600000000000000e+04 1.629800000000000000e+04 5.682500000000000000e+04 5.464000000000000000e+04 3.723000000000000000e+04 2.786000000000000000e+04 3.764600000000000000e+04 2.337580000000000000e+05 3.911340000000000000e+05 1.673243268679574625e+00
1.621340000000000000e+05 1.029590000000000000e+05 5.767600000000000000e+04 1.629800000000000000e+04 5.682500000000000000e+04 5.464000000000000000e+04 3.723000000000000000e+04 2.786000000000000000e+04 3.390670000000000000e+05 5.156220000000000000e+05 1.520708296590349340e+00
2.351500000000000000e+05 1.621340000000000000e+05 1.029590000000000000e+05 5.767600000000000000e+04 1.629800000000000000e+04 5.682500000000000000e+04 5.464000000000000000e+04 3.723000000000000000e+04 5.579190000000000000e+05 7.229120000000000000e+05 1.295729308376305511e+00
6.765400000000000000e+04 2.351500000000000000e+05 1.621340000000000000e+05 1.029590000000000000e+05 5.767600000000000000e+04 1.629800000000000000e+04 5.682500000000000000e+04 5.464000000000000000e+04 5.678970000000000000e+05 7.533360000000000000e+05 1.326536326129562182e+00
6.500200000000000000e+04 6.765400000000000000e+04 2.351500000000000000e+05 1.621340000000000000e+05 1.029590000000000000e+05 5.767600000000000000e+04 1.629800000000000000e+04 5.682500000000000000e+04 5.299400000000000000e+05 7.636980000000000000e+05 1.441102766350907727e+00
5.667400000000000000e+04 6.500200000000000000e+04 6.765400000000000000e+04 2.351500000000000000e+05 1.621340000000000000e+05 1.029590000000000000e+05 5.767600000000000000e+04 1.629800000000000000e+04 4.244800000000000000e+05 7.635470000000000000e+05 1.798782039200904626e+00
7.636000000000000000e+03 5.667400000000000000e+04 6.500200000000000000e+04 6.765400000000000000e+04 2.351500000000000000e+05 1.621340000000000000e+05 1.029590000000000000e+05 5.767600000000000000e+04 1.969660000000000000e+05 7.548850000000000000e+05 3.832565011220210760e+00
2.069000000000000000e+04 7.636000000000000000e+03 5.667400000000000000e+04 6.500200000000000000e+04 6.765400000000000000e+04 2.351500000000000000e+05 1.621340000000000000e+05 1.029590000000000000e+05 1.500020000000000000e+05 7.178990000000000000e+05 4.785929520939721016e+00
3.623200000000000000e+04 2.069000000000000000e+04 7.636000000000000000e+03 5.667400000000000000e+04 6.500200000000000000e+04 6.765400000000000000e+04 2.351500000000000000e+05 1.621340000000000000e+05 1.212320000000000000e+05 6.511720000000000000e+05 5.371288108750165158e+00
2.359000000000000000e+03 3.623200000000000000e+04 2.069000000000000000e+04 7.636000000000000000e+03 5.667400000000000000e+04 6.500200000000000000e+04 6.765400000000000000e+04 2.351500000000000000e+05 6.691700000000000000e+04 4.913970000000000000e+05 7.343380605825126750e+00
7.587000000000000000e+03 2.359000000000000000e+03 3.623200000000000000e+04 2.069000000000000000e+04 7.636000000000000000e+03 5.667400000000000000e+04 6.500200000000000000e+04 6.765400000000000000e+04 6.686800000000000000e+04 2.638340000000000000e+05 3.945594305198301122e+00
6.940000000000000000e+02 7.587000000000000000e+03 2.359000000000000000e+03 3.623200000000000000e+04 2.069000000000000000e+04 7.636000000000000000e+03 5.667400000000000000e+04 6.500200000000000000e+04 4.687200000000000000e+04 1.968740000000000000e+05 4.200247482505546692e+00
-7.257000000000000000e+03 6.940000000000000000e+02 7.587000000000000000e+03 2.359000000000000000e+03 3.623200000000000000e+04 2.069000000000000000e+04 7.636000000000000000e+03 5.667400000000000000e+04 3.383000000000000000e+03 1.246150000000000000e+05 3.683564883239728260e+01
1.665300000000000000e+04 -7.257000000000000000e+03 6.940000000000000000e+02 7.587000000000000000e+03 2.359000000000000000e+03 3.623200000000000000e+04 2.069000000000000000e+04 7.636000000000000000e+03 1.767700000000000000e+04 8.459400000000000000e+04 4.785540532895853794e+00
2.065500000000000000e+04 1.665300000000000000e+04 -7.257000000000000000e+03 6.940000000000000000e+02 7.587000000000000000e+03 2.359000000000000000e+03 3.623200000000000000e+04 2.069000000000000000e+04 3.074500000000000000e+04 9.761300000000000000e+04 3.174922751666937604e+00
-4.680000000000000000e+02 2.065500000000000000e+04 1.665300000000000000e+04 -7.257000000000000000e+03 6.940000000000000000e+02 7.587000000000000000e+03 2.359000000000000000e+03 3.623200000000000000e+04 2.958300000000000000e+04 7.645500000000000000e+04 2.584423486461819408e+00
1.140700000000000000e+04 -4.680000000000000000e+02 2.065500000000000000e+04 1.665300000000000000e+04 -7.257000000000000000e+03 6.940000000000000000e+02 7.587000000000000000e+03 2.359000000000000000e+03 4.824700000000000000e+04 5.163000000000000000e+04 1.070118349327419338e+00
4.137700000000000000e+04 1.140700000000000000e+04 -4.680000000000000000e+02 2.065500000000000000e+04 1.665300000000000000e+04 -7.257000000000000000e+03 6.940000000000000000e+02 7.587000000000000000e+03 7.297100000000000000e+04 9.064800000000000000e+04 1.242246920009318689e+00
5.267400000000000000e+04 4.137700000000000000e+04 1.140700000000000000e+04 -4.680000000000000000e+02 2.065500000000000000e+04 1.665300000000000000e+04 -7.257000000000000000e+03 6.940000000000000000e+02 1.049900000000000000e+05 1.357350000000000000e+05 1.292837413086960652e+00
5.744900000000000000e+04 5.267400000000000000e+04 4.137700000000000000e+04 1.140700000000000000e+04 -4.680000000000000000e+02 2.065500000000000000e+04 1.665300000000000000e+04 -7.257000000000000000e+03 1.629070000000000000e+05 1.924900000000000000e+05 1.181594406624638660e+00
7.426300000000000000e+04 5.744900000000000000e+04 5.267400000000000000e+04 4.137700000000000000e+04 1.140700000000000000e+04 -4.680000000000000000e+02 2.065500000000000000e+04 1.665300000000000000e+04 2.257630000000000000e+05 2.740100000000000000e+05 1.213706408933261871e+00
8.455000000000000000e+04 7.426300000000000000e+04 5.744900000000000000e+04 5.267400000000000000e+04 4.137700000000000000e+04 1.140700000000000000e+04 -4.680000000000000000e+02 2.065500000000000000e+04 2.689360000000000000e+05 3.419070000000000000e+05 1.271332212868489187e+00
7.587500000000000000e+04 8.455000000000000000e+04 7.426300000000000000e+04 5.744900000000000000e+04 5.267400000000000000e+04 4.137700000000000000e+04 1.140700000000000000e+04 -4.680000000000000000e+02 2.921370000000000000e+05 3.971270000000000000e+05 1.359386178402598677e+00
5.113100000000000000e+04 7.587500000000000000e+04 8.455000000000000000e+04 7.426300000000000000e+04 5.744900000000000000e+04 5.267400000000000000e+04 4.137700000000000000e+04 1.140700000000000000e+04 2.858190000000000000e+05 4.487260000000000000e+05 1.569965607604812741e+00
7.606000000000000000e+04 5.113100000000000000e+04 7.587500000000000000e+04 8.455000000000000000e+04 7.426300000000000000e+04 5.744900000000000000e+04 5.267400000000000000e+04 4.137700000000000000e+04 2.876160000000000000e+05 5.133790000000000000e+05 1.784945900089007553e+00
7.714600000000000000e+04 7.606000000000000000e+04 5.113100000000000000e+04 7.587500000000000000e+04 8.455000000000000000e+04 7.426300000000000000e+04 5.744900000000000000e+04 5.267400000000000000e+04 2.802120000000000000e+05 5.491480000000000000e+05 1.959759039584314744e+00
8.358800000000000000e+04 7.714600000000000000e+04 7.606000000000000000e+04 5.113100000000000000e+04 7.587500000000000000e+04 8.455000000000000000e+04 7.426300000000000000e+04 5.744900000000000000e+04 2.879250000000000000e+05 5.800620000000000000e+05 2.014628809585829572e+00
8.529900000000000000e+04 8.358800000000000000e+04 7.714600000000000000e+04 7.606000000000000000e+04 5.113100000000000000e+04 7.587500000000000000e+04 8.455000000000000000e+04 7.426300000000000000e+04 3.220930000000000000e+05 6.079120000000000000e+05 1.887380352879447942e+00
1.010280000000000000e+05 8.529900000000000000e+04 8.358800000000000000e+04 7.714600000000000000e+04 7.606000000000000000e+04 5.113100000000000000e+04 7.587500000000000000e+04 8.455000000000000000e+04 3.470610000000000000e+05 6.346770000000000000e+05 1.828718870746064873e+00
8.153100000000000000e+04 1.010280000000000000e+05 8.529900000000000000e+04 8.358800000000000000e+04 7.714600000000000000e+04 7.606000000000000000e+04 5.113100000000000000e+04 7.587500000000000000e+04 3.514460000000000000e+05 6.316580000000000000e+05 1.797311678038731486e+00
4.446000000000000000e+04 8.153100000000000000e+04 1.010280000000000000e+05 8.529900000000000000e+04 8.358800000000000000e+04 7.714600000000000000e+04 7.606000000000000000e+04 5.113100000000000000e+04 3.123180000000000000e+05 6.002430000000000000e+05 1.921896912761992482e+00
9.079400000000000000e+04 4.446000000000000000e+04 8.153100000000000000e+04 1.010280000000000000e+05 8.529900000000000000e+04 8.358800000000000000e+04 7.714600000000000000e+04 7.606000000000000000e+04 3.178130000000000000e+05 6.399060000000000000e+05 2.013467038793252506e+00
9.546600000000000000e+04 9.079400000000000000e+04 4.446000000000000000e+04 8.153100000000000000e+04 1.010280000000000000e+05 8.529900000000000000e+04 8.358800000000000000e+04 7.714600000000000000e+04 3.122510000000000000e+05 6.593120000000000000e+05 2.111480827923689407e+00
4.596700000000000000e+04 9.546600000000000000e+04 9.079400000000000000e+04 4.446000000000000000e+04 8.153100000000000000e+04 1.010280000000000000e+05 8.529900000000000000e+04 8.358800000000000000e+04 2.766870000000000000e+05 6.281330000000000000e+05 2.270193395425155636e+00
9.312200000000000000e+04 4.596700000000000000e+04 9.546600000000000000e+04 9.079400000000000000e+04 4.446000000000000000e+04 8.153100000000000000e+04 1.010280000000000000e+05 8.529900000000000000e+04 3.253490000000000000e+05 6.376670000000000000e+05 1.959947625472953758e+00
4.765000000000000000e+04 9.312200000000000000e+04 4.596700000000000000e+04 9.546600000000000000e+04 9.079400000000000000e+04 4.446000000000000000e+04 8.153100000000000000e+04 1.010280000000000000e+05 2.822050000000000000e+05 6.000180000000000000e+05 2.126177778565227605e+00
6.999900000000000000e+04 4.765000000000000000e+04 9.312200000000000000e+04 4.596700000000000000e+04 9.546600000000000000e+04 9.079400000000000000e+04 4.446000000000000000e+04 8.153100000000000000e+04 2.567380000000000000e+05 5.689890000000000000e+05 2.216224322071528086e+00
1.001130000000000000e+05 6.999900000000000000e+04 4.765000000000000000e+04 9.312200000000000000e+04 4.596700000000000000e+04 9.546600000000000000e+04 9.079400000000000000e+04 4.446000000000000000e+04 3.108840000000000000e+05 5.875710000000000000e+05 1.890000771992125683e+00
9.513500000000000000e+04 1.001130000000000000e+05 6.999900000000000000e+04 4.765000000000000000e+04 9.312200000000000000e+04 4.596700000000000000e+04 9.546600000000000000e+04 9.079400000000000000e+04 3.128970000000000000e+05 6.382460000000000000e+05 2.039795843360594496e+00
6.907800000000000000e+04 9.513500000000000000e+04 1.001130000000000000e+05 6.999900000000000000e+04 4.765000000000000000e+04 9.312200000000000000e+04 4.596700000000000000e+04 9.546600000000000000e+04 3.343250000000000000e+05 6.165300000000000000e+05 1.844103791221117117e+00
7.146400000000000000e+04 6.907800000000000000e+04 9.513500000000000000e+04 1.001130000000000000e+05 6.999900000000000000e+04 4.765000000000000000e+04 9.312200000000000000e+04 4.596700000000000000e+04 3.357900000000000000e+05 5.925280000000000000e+05 1.764579052383930424e+00
8.016800000000000000e+04 7.146400000000000000e+04 6.907800000000000000e+04 9.513500000000000000e+04 1.001130000000000000e+05 6.999900000000000000e+04 4.765000000000000000e+04 9.312200000000000000e+04 3.158450000000000000e+05 6.267290000000000000e+05 1.984292928493406549e+00
6.023800000000000000e+04 8.016800000000000000e+04 7.146400000000000000e+04 6.907800000000000000e+04 9.513500000000000000e+04 1.001130000000000000e+05 6.999900000000000000e+04 4.765000000000000000e+04 2.809480000000000000e+05 5.938450000000000000e+05 2.113718552899468861e+00
7.109900000000000000e+04 6.023800000000000000e+04 8.016800000000000000e+04 7.146400000000000000e+04 6.907800000000000000e+04 9.513500000000000000e+04 1.001130000000000000e+05 6.999900000000000000e+04 2.829690000000000000e+05 6.172940000000000000e+05 2.181489845177386755e+00
3.811800000000000000e+04 7.109900000000000000e+04 6.023800000000000000e+04 8.016800000000000000e+04 7.146400000000000000e+04 6.907800000000000000e+04 9.513500000000000000e+04 1.001130000000000000e+05 2.496230000000000000e+05 5.854130000000000000e+05 2.345188544324841917e+00
4.865600000000000000e+04 3.811800000000000000e+04 7.109900000000000000e+04 6.023800000000000000e+04 8.016800000000000000e+04 7.146400000000000000e+04 6.907800000000000000e+04 9.513500000000000000e+04 2.181110000000000000e+05 5.339560000000000000e+05 2.448092943501244623e+00
2.605200000000000000e+04 4.865600000000000000e+04 3.811800000000000000e+04 7.109900000000000000e+04 6.023800000000000000e+04 8.016800000000000000e+04 7.146400000000000000e+04 6.907800000000000000e+04 1.839250000000000000e+05 4.648730000000000000e+05 2.527513932309365163e+00
3.672800000000000000e+04 2.605200000000000000e+04 4.865600000000000000e+04 3.811800000000000000e+04 7.109900000000000000e+04 6.023800000000000000e+04 8.016800000000000000e+04 7.146400000000000000e+04 1.495540000000000000e+05 4.325230000000000000e+05 2.892085801783971011e+00
4.210700000000000000e+04 3.672800000000000000e+04 2.605200000000000000e+04 4.865600000000000000e+04 3.811800000000000000e+04 7.109900000000000000e+04 6.023800000000000000e+04 8.016800000000000000e+04 1.535430000000000000e+05 4.031660000000000000e+05 2.625753046377887756e+00
-1.000000000000000000e+08 4.210700000000000000e+04 3.672800000000000000e+04 2.605200000000000000e+04 4.865600000000000000e+04 3.811800000000000000e+04 7.109900000000000000e+04 6.023800000000000000e+04 -9.989511300000000000e+07 -9.967700200000000000e+07 9.978165998971341155e-01
