3.620000000000000000e+02 3.640000000000000000e+02 3.830000000000000000e+02 3.590000000000000000e+02 4.150000000000000000e+02 4.110000000000000000e+02 4.120000000000000000e+02 4.140000000000000000e+02 1.468000000000000000e+03 3.120000000000000000e+03 2.125340599455040724e+00
3.410000000000000000e+02 3.620000000000000000e+02 3.640000000000000000e+02 3.830000000000000000e+02 3.590000000000000000e+02 4.150000000000000000e+02 4.110000000000000000e+02 4.120000000000000000e+02 1.450000000000000000e+03 3.047000000000000000e+03 2.101379310344827722e+00
5.230000000000000000e+02 3.410000000000000000e+02 3.620000000000000000e+02 3.640000000000000000e+02 3.830000000000000000e+02 3.590000000000000000e+02 4.150000000000000000e+02 4.110000000000000000e+02 1.590000000000000000e+03 3.158000000000000000e+03 1.986163522012578619e+00
8.130000000000000000e+02 5.230000000000000000e+02 3.410000000000000000e+02 3.620000000000000000e+02 3.640000000000000000e+02 3.830000000000000000e+02 3.590000000000000000e+02 4.150000000000000000e+02 2.039000000000000000e+03 3.560000000000000000e+03 1.745953898970083351e+00
1.128000000000000000e+03 8.130000000000000000e+02 5.230000000000000000e+02 3.410000000000000000e+02 3.620000000000000000e+02 3.640000000000000000e+02 3.830000000000000000e+02 3.590000000000000000e+02 2.805000000000000000e+03 4.273000000000000000e+03 1.523351158645276371e+00
1.378000000000000000e+03 1.128000000000000000e+03 8.130000000000000000e+02 5.230000000000000000e+02 3.410000000000000000e+02 3.620000000000000000e+02 3.640000000000000000e+02 3.830000000000000000e+02 3.842000000000000000e+03 5.292000000000000000e+03 1.377407600208224947e+00
1.744000000000000000e+03 1.378000000000000000e+03 1.128000000000000000e+03 8.130000000000000000e+02 5.230000000000000000e+02 3.410000000000000000e+02 3.620000000000000000e+02 3.640000000000000000e+02 5.063000000000000000e+03 6.653000000000000000e+03 1.314043057475804854e+00
2.052000000000000000e+03 1.744000000000000000e+03 1.378000000000000000e+03 1.128000000000000000e+03 8.130000000000000000e+02 5.230000000000000000e+02 3.410000000000000000e+02 3.620000000000000000e+02 6.302000000000000000e+03 8.341000000000000000e+03 1.323548079974611325e+00
2.239000000000000000e+03 2.052000000000000000e+03 1.744000000000000000e+03 1.378000000000000000e+03 1.128000000000000000e+03 8.130000000000000000e+02 5.230000000000000000e+02 3.410000000000000000e+02 7.413000000000000000e+03 1.021800000000000000e+04 1.378389316066369830e+00
2.872000000000000000e+03 2.239000000000000000e+03 2.052000000000000000e+03 1.744000000000000000e+03 1.378000000000000000e+03 1.128000000000000000e+03 8.130000000000000000e+02 5.230000000000000000e+02 8.907000000000000000e+03 1.274900000000000000e+04 1.431346132255529424e+00
3.810000000000000000e+03 2.872000000000000000e+03 2.239000000000000000e+03 2.052000000000000000e+03 1.744000000000000000e+03 1.378000000000000000e+03 1.128000000000000000e+03 8.130000000000000000e+02 1.097300000000000000e+04 1.603600000000000000e+04 1.461405267474710667e+00
4.778000000000000000e+03 3.810000000000000000e+03 2.872000000000000000e+03 2.239000000000000000e+03 2.052000000000000000e+03 1.744000000000000000e+03 1.378000000000000000e+03 1.128000000000000000e+03 1.369900000000000000e+04 2.000100000000000000e+04 1.460033579093364509e+00
5.062000000000000000e+03 4.778000000000000000e+03 3.810000000000000000e+03 2.872000000000000000e+03 2.239000000000000000e+03 2.052000000000000000e+03 1.744000000000000000e+03 1.378000000000000000e+03 1.652200000000000000e+04 2.393500000000000000e+04 1.448674494613243047e+00
5.782000000000000000e+03 5.062000000000000000e+03 4.778000000000000000e+03 3.810000000000000000e+03 2.872000000000000000e+03 2.239000000000000000e+03 2.052000000000000000e+03 1.744000000000000000e+03 1.943200000000000000e+04 2.833900000000000000e+04 1.458367641004528537e+00
6.254000000000000000e+03 5.782000000000000000e+03 5.062000000000000000e+03 4.778000000000000000e+03 3.810000000000000000e+03 2.872000000000000000e+03 2.239000000000000000e+03 2.052000000000000000e+03 2.187600000000000000e+04 3.284900000000000000e+04 1.501599926860486267e+00
6.890000000000000000e+03 6.254000000000000000e+03 5.782000000000000000e+03 5.062000000000000000e+03 4.778000000000000000e+03 3.810000000000000000e+03 2.872000000000000000e+03 2.239000000000000000e+03 2.398800000000000000e+04 3.768700000000000000e+04 1.571077205269301391e+00
6.915000000000000000e+03 6.890000000000000000e+03 6.254000000000000000e+03 5.782000000000000000e+03 5.062000000000000000e+03 4.778000000000000000e+03 3.810000000000000000e+03 2.872000000000000000e+03 2.584100000000000000e+04 4.236300000000000000e+04 1.639371541349019079e+00
7.188000000000000000e+03 6.915000000000000000e+03 6.890000000000000000e+03 6.254000000000000000e+03 5.782000000000000000e+03 5.062000000000000000e+03 4.778000000000000000e+03 3.810000000000000000e+03 2.724700000000000000e+04 4.667900000000000000e+04 1.713179432598084251e+00
7.158000000000000000e+03 7.188000000000000000e+03 6.915000000000000000e+03 6.890000000000000000e+03 6.254000000000000000e+03 5.782000000000000000e+03 5.062000000000000000e+03 4.778000000000000000e+03 2.815100000000000000e+04 5.002700000000000000e+04 1.777094952221945912e+00
7.157000000000000000e+03 7.158000000000000000e+03 7.188000000000000000e+03 6.915000000000000000e+03 6.890000000000000000e+03 6.254000000000000000e+03 5.782000000000000000e+03 5.062000000000000000e+03 2.841800000000000000e+04 5.240600000000000000e+04 1.844112886198888024e+00
8.004000000000000000e+03 7.157000000000000000e+03 7.158000000000000000e+03 7.188000000000000000e+03 6.915000000000000000e+03 6.890000000000000000e+03 6.254000000000000000e+03 5.782000000000000000e+03 2.950700000000000000e+04 5.534800000000000000e+04 1.875758294641949320e+00
8.730000000000000000e+03 8.004000000000000000e+03 7.157000000000000000e+03 7.158000000000000000e+03 7.188000000000000000e+03 6.915000000000000000e+03 6.890000000000000000e+03 6.254000000000000000e+03 3.104900000000000000e+04 5.829600000000000000e+04 1.877548391252536364e+00
1.022600000000000000e+04 8.730000000000000000e+03 8.004000000000000000e+03 7.157000000000000000e+03 7.158000000000000000e+03 7.188000000000000000e+03 6.915000000000000000e+03 6.890000000000000000e+03 3.411700000000000000e+04 6.226800000000000000e+04 1.825131166280739903e+00
1.134100000000000000e+04 1.022600000000000000e+04 8.730000000000000000e+03 8.004000000000000000e+03 7.157000000000000000e+03 7.158000000000000000e+03 7.188000000000000000e+03 6.915000000000000000e+03 3.830100000000000000e+04 6.671900000000000000e+04 1.741964961750345875e+00
1.397000000000000000e+04 1.134100000000000000e+04 1.022600000000000000e+04 8.730000000000000000e+03 8.004000000000000000e+03 7.157000000000000000e+03 7.158000000000000000e+03 7.188000000000000000e+03 4.426700000000000000e+04 7.377400000000000000e+04 1.666568775837531380e+00
1.560400000000000000e+04 1.397000000000000000e+04 1.134100000000000000e+04 1.022600000000000000e+04 8.730000000000000000e+03 8.004000000000000000e+03 7.157000000000000000e+03 7.158000000000000000e+03 5.114100000000000000e+04 8.219000000000000000e+04 1.607125398408322026e+00
1.828000000000000000e+04 1.560400000000000000e+04 1.397000000000000000e+04 1.134100000000000000e+04 1.022600000000000000e+04 8.730000000000000000e+03 8.004000000000000000e+03 7.157000000000000000e+03 5.919500000000000000e+04 9.331200000000000000e+04 1.576349353830559963e+00
1.800200000000000000e+04 1.828000000000000000e+04 1.560400000000000000e+04 1.397000000000000000e+04 1.134100000000000000e+04 1.022600000000000000e+04 8.730000000000000000e+03 8.004000000000000000e+03 6.585600000000000000e+04 1.041570000000000000e+05 1.581587099125364437e+00
1.477000000000000000e+04 1.800200000000000000e+04 1.828000000000000000e+04 1.560400000000000000e+04 1.397000000000000000e+04 1.134100000000000000e+04 1.022600000000000000e+04 8.730000000000000000e+03 6.665600000000000000e+04 1.109230000000000000e+05 1.664111257801248245e+00
1.330200000000000000e+04 1.477000000000000000e+04 1.800200000000000000e+04 1.828000000000000000e+04 1.560400000000000000e+04 1.397000000000000000e+04 1.134100000000000000e+04 1.022600000000000000e+04 6.435400000000000000e+04 1.154950000000000000e+05 1.794682537216023777e+00
1.298700000000000000e+04 1.330200000000000000e+04 1.477000000000000000e+04 1.800200000000000000e+04 1.828000000000000000e+04 1.560400000000000000e+04 1.397000000000000000e+04 1.134100000000000000e+04 5.906100000000000000e+04 1.182560000000000000e+05 2.002268840690133889e+00
1.310500000000000000e+04 1.298700000000000000e+04 1.330200000000000000e+04 1.477000000000000000e+04 1.800200000000000000e+04 1.828000000000000000e+04 1.560400000000000000e+04 1.397000000000000000e+04 5.416400000000000000e+04 1.200200000000000000e+05 2.215862934790636007e+00
1.126100000000000000e+04 1.310500000000000000e+04 1.298700000000000000e+04 1.330200000000000000e+04 1.477000000000000000e+04 1.800200000000000000e+04 1.828000000000000000e+04 1.560400000000000000e+04 5.065500000000000000e+04 1.173110000000000000e+05 2.315881946500839117e+00
7.833000000000000000e+03 1.126100000000000000e+04 1.310500000000000000e+04 1.298700000000000000e+04 1.330200000000000000e+04 1.477000000000000000e+04 1.800200000000000000e+04 1.828000000000000000e+04 4.518600000000000000e+04 1.095400000000000000e+05 2.424202186517947943e+00
7.457000000000000000e+03 7.833000000000000000e+03 1.126100000000000000e+04 1.310500000000000000e+04 1.298700000000000000e+04 1.330200000000000000e+04 1.477000000000000000e+04 1.800200000000000000e+04 3.965600000000000000e+04 9.871700000000000000e+04 2.489333266088360030e+00
7.275000000000000000e+03 7.457000000000000000e+03 7.833000000000000000e+03 1.126100000000000000e+04 1.310500000000000000e+04 1.298700000000000000e+04 1.330200000000000000e+04 1.477000000000000000e+04 3.382600000000000000e+04 8.799000000000000000e+04 2.601253473659315141e+00
7.801000000000000000e+03 7.275000000000000000e+03 7.457000000000000000e+03 7.833000000000000000e+03 1.126100000000000000e+04 1.310500000000000000e+04 1.298700000000000000e+04 1.330200000000000000e+04 3.036600000000000000e+04 8.102100000000000000e+04 2.668148587235724012e+00
8.038000000000000000e+03 7.801000000000000000e+03 7.275000000000000000e+03 7.457000000000000000e+03 7.833000000000000000e+03 1.126100000000000000e+04 1.310500000000000000e+04 1.298700000000000000e+04 3.057100000000000000e+04 7.575700000000000000e+04 2.478067449543685186e+00
7.768000000000000000e+03 8.038000000000000000e+03 7.801000000000000000e+03 7.275000000000000000e+03 7.457000000000000000e+03 7.833000000000000000e+03 1.126100000000000000e+04 1.310500000000000000e+04 3.088200000000000000e+04 7.053800000000000000e+04 2.284113723204455493e+00
8.428000000000000000e+03 7.768000000000000000e+03 8.038000000000000000e+03 7.801000000000000000e+03 7.275000000000000000e+03 7.457000000000000000e+03 7.833000000000000000e+03 1.126100000000000000e+04 3.203500000000000000e+04 6.586100000000000000e+04 2.055907601061339296e+00
8.587000000000000000e+03 8.428000000000000000e+03 7.768000000000000000e+03 8.038000000000000000e+03 7.801000000000000000e+03 7.275000000000000000e+03 7.457000000000000000e+03 7.833000000000000000e+03 3.282100000000000000e+04 6.318700000000000000e+04 1.925200329057615622e+00
8.910000000000000000e+03 8.587000000000000000e+03 8.428000000000000000e+03 7.768000000000000000e+03 8.038000000000000000e+03 7.801000000000000000e+03 7.275000000000000000e+03 7.457000000000000000e+03 3.369300000000000000e+04 6.426400000000000000e+04 1.907339803520019084e+00
1.087400000000000000e+04 8.910000000000000000e+03 8.587000000000000000e+03 8.428000000000000000e+03 7.768000000000000000e+03 8.038000000000000000e+03 7.801000000000000000e+03 7.275000000000000000e+03 3.679900000000000000e+04 6.768100000000000000e+04 1.839207587162694724e+00
1.417200000000000000e+04 1.087400000000000000e+04 8.910000000000000000e+03 8.587000000000000000e+03 8.428000000000000000e+03 7.768000000000000000e+03 8.038000000000000000e+03 7.801000000000000000e+03 4.254300000000000000e+04 7.457800000000000000e+04 1.753002844181181352e+00
1.871600000000000000e+04 1.417200000000000000e+04 1.087400000000000000e+04 8.910000000000000000e+03 8.587000000000000000e+03 8.428000000000000000e+03 7.768000000000000000e+03 8.038000000000000000e+03 5.267200000000000000e+04 8.549300000000000000e+04 1.623120443499392440e+00
1.727500000000000000e+04 1.871600000000000000e+04 1.417200000000000000e+04 1.087400000000000000e+04 8.910000000000000000e+03 8.587000000000000000e+03 8.428000000000000000e+03 7.768000000000000000e+03 6.103700000000000000e+04 9.473000000000000000e+04 1.552009436898930117e+00
2.403600000000000000e+04 1.727500000000000000e+04 1.871600000000000000e+04 1.417200000000000000e+04 1.087400000000000000e+04 8.910000000000000000e+03 8.587000000000000000e+03 8.428000000000000000e+03 7.419900000000000000e+04 1.109980000000000000e+05 1.495950080189760056e+00
3.032400000000000000e+04 2.403600000000000000e+04 1.727500000000000000e+04 1.871600000000000000e+04 1.417200000000000000e+04 1.087400000000000000e+04 8.910000000000000000e+03 8.587000000000000000e+03 9.035100000000000000e+04 1.328940000000000000e+05 1.470863631835840124e+00
3.718500000000000000e+04 3.032400000000000000e+04 2.403600000000000000e+04 1.727500000000000000e+04 1.871600000000000000e+04 1.417200000000000000e+04 1.087400000000000000e+04 8.910000000000000000e+03 1.088200000000000000e+05 1.614920000000000000e+05 1.484028671200147143e+00
4.250900000000000000e+04 3.718500000000000000e+04 3.032400000000000000e+04 2.403600000000000000e+04 1.727500000000000000e+04 1.871600000000000000e+04 1.417200000000000000e+04 1.087400000000000000e+04 1.340540000000000000e+05 1.950910000000000000e+05 1.455316514240529990e+00
5.254800000000000000e+04 4.250900000000000000e+04 3.718500000000000000e+04 3.032400000000000000e+04 2.403600000000000000e+04 1.727500000000000000e+04 1.871600000000000000e+04 1.417200000000000000e+04 1.625660000000000000e+05 2.367650000000000000e+05 1.456423852466075308e+00
6.620800000000000000e+04 5.254800000000000000e+04 4.250900000000000000e+04 3.718500000000000000e+04 3.032400000000000000e+04 2.403600000000000000e+04 1.727500000000000000e+04 1.871600000000000000e+04 1.984500000000000000e+05 2.888010000000000000e+05 1.455283446712018147e+00
1.031440000000000000e+05 6.620800000000000000e+04 5.254800000000000000e+04 4.250900000000000000e+04 3.718500000000000000e+04 3.032400000000000000e+04 2.403600000000000000e+04 1.727500000000000000e+04 2.644090000000000000e+05 3.732290000000000000e+05 1.411559364469439304e+00
1.101510000000000000e+05 1.031440000000000000e+05 6.620800000000000000e+04 5.254800000000000000e+04 4.250900000000000000e+04 3.718500000000000000e+04 3.032400000000000000e+04 2.403600000000000000e+04 3.320510000000000000e+05 4.661050000000000000e+05 1.403715091958765315e+00
1.210440000000000000e+05 1.101510000000000000e+05 1.031440000000000000e+05 6.620800000000000000e+04 5.254800000000000000e+04 4.250900000000000000e+04 3.718500000000000000e+04 3.032400000000000000e+04 4.005470000000000000e+05 5.631130000000000000e+05 1.405859986468504408e+00
1.305680000000000000e+05 1.210440000000000000e+05 1.101510000000000000e+05 1.031440000000000000e+05 6.620800000000000000e+04 5.254800000000000000e+04 4.250900000000000000e+04 3.718500000000000000e+04 4.649070000000000000e+05 6.633570000000000000e+05 1.426859565461479296e+00
1.279420000000000000e+05 1.305680000000000000e+05 1.210440000000000000e+05 1.101510000000000000e+05 1.031440000000000000e+05 6.620800000000000000e+04 5.254800000000000000e+04 4.250900000000000000e+04 4.897050000000000000e+05 7.541140000000000000e+05 1.539935267150631448e+00
1.355890000000000000e+05 1.279420000000000000e+05 1.305680000000000000e+05 1.210440000000000000e+05 1.101510000000000000e+05 1.031440000000000000e+05 6.620800000000000000e+04 5.254800000000000000e+04 5.151430000000000000e+05 8.471940000000000000e+05 1.644580242767542222e+00
1.376830000000000000e+05 1.355890000000000000e+05 1.279420000000000000e+05 1.305680000000000000e+05 1.210440000000000000e+05 1.101510000000000000e+05 1.031440000000000000e+05 6.620800000000000000e+04 5.317820000000000000e+05 9.323290000000000000e+05 1.753216543621258339e+00
1.341630000000000000e+05 1.376830000000000000e+05 1.355890000000000000e+05 1.279420000000000000e+05 1.305680000000000000e+05 1.210440000000000000e+05 1.101510000000000000e+05 1.031440000000000000e+05 5.353770000000000000e+05 1.000284000000000000e+06 1.868373127721213223e+00
1.041650000000000000e+05 1.341630000000000000e+05 1.376830000000000000e+05 1.355890000000000000e+05 1.279420000000000000e+05 1.305680000000000000e+05 1.210440000000000000e+05 1.101510000000000000e+05 5.116000000000000000e+05 1.001305000000000000e+06 1.957202892885066436e+00
1.105020000000000000e+05 1.041650000000000000e+05 1.341630000000000000e+05 1.376830000000000000e+05 1.355890000000000000e+05 1.279420000000000000e+05 1.305680000000000000e+05 1.210440000000000000e+05 4.865130000000000000e+05 1.001656000000000000e+06 2.058847348375069330e+00
9.956100000000000000e+04 1.105020000000000000e+05 1.041650000000000000e+05 1.341630000000000000e+05 1.376830000000000000e+05 1.355890000000000000e+05 1.279420000000000000e+05 1.305680000000000000e+05 4.483910000000000000e+05 9.801730000000000000e+05 2.185978309109683160e+00
9.040300000000000000e+04 9.956100000000000000e+04 1.105020000000000000e+05 1.041650000000000000e+05 1.341630000000000000e+05 1.376830000000000000e+05 1.355890000000000000e+05 1.279420000000000000e+05 4.046310000000000000e+05 9.400080000000000000e+05 2.323124031525019006e+00
8.066800000000000000e+04 9.040300000000000000e+04 9.956100000000000000e+04 1.105020000000000000e+05 1.041650000000000000e+05 1.341630000000000000e+05 1.376830000000000000e+05 1.355890000000000000e+05 3.811340000000000000e+05 8.927340000000000000e+05 2.342310053681907256e+00
6.616300000000000000e+04 8.066800000000000000e+04 9.040300000000000000e+04 9.956100000000000000e+04 1.105020000000000000e+05 1.041650000000000000e+05 1.341630000000000000e+05 1.376830000000000000e+05 3.367950000000000000e+05 8.233080000000000000e+05 2.444537478287979404e+00
6.057600000000000000e+04 6.616300000000000000e+04 8.066800000000000000e+04 9.040300000000000000e+04 9.956100000000000000e+04 1.105020000000000000e+05 1.041650000000000000e+05 1.341630000000000000e+05 2.978100000000000000e+05 7.462010000000000000e+05 2.505627749236090107e+00
5.544600000000000000e+04 6.057600000000000000e+04 6.616300000000000000e+04 8.066800000000000000e+04 9.040300000000000000e+04 9.956100000000000000e+04 1.105020000000000000e+05 1.041650000000000000e+05 2.628530000000000000e+05 6.674840000000000000e+05 2.539381327205700423e+00
3.426900000000000000e+04 5.544600000000000000e+04 6.057600000000000000e+04 6.616300000000000000e+04 8.066800000000000000e+04 9.040300000000000000e+04 9.956100000000000000e+04 1.105020000000000000e+05 2.164540000000000000e+05 5.975880000000000000e+05 2.760808301070897475e+00
8.473000000000000000e+03 3.426900000000000000e+04 5.544600000000000000e+04 6.057600000000000000e+04 6.616300000000000000e+04 8.066800000000000000e+04 9.040300000000000000e+04 9.956100000000000000e+04 1.587640000000000000e+05 4.955590000000000000e+05 3.121356226852435078e+00
9.407000000000000000e+03 8.473000000000000000e+03 3.426900000000000000e+04 5.544600000000000000e+04 6.057600000000000000e+04 6.616300000000000000e+04 8.066800000000000000e+04 9.040300000000000000e+04 1.075950000000000000e+05 4.054050000000000000e+05 3.767879548306148241e+00
9.120000000000000000e+03 9.407000000000000000e+03 8.473000000000000000e+03 3.426900000000000000e+04 5.544600000000000000e+04 6.057600000000000000e+04 6.616300000000000000e+04 8.066800000000000000e+04 6.126900000000000000e+04 3.241220000000000000e+05 5.290146729993961294e+00
8.909000000000000000e+03 9.120000000000000000e+03 9.407000000000000000e+03 8.473000000000000000e+03 3.426900000000000000e+04 5.544600000000000000e+04 6.057600000000000000e+04 6.616300000000000000e+04 3.590900000000000000e+04 2.523630000000000000e+05 7.027848171767523411e+00
1.104800000000000000e+04 8.909000000000000000e+03 9.120000000000000000e+03 9.407000000000000000e+03 8.473000000000000000e+03 3.426900000000000000e+04 5.544600000000000000e+04 6.057600000000000000e+04 3.848400000000000000e+04 1.972480000000000000e+05 5.125454734435090032e+00
8.942000000000000000e+03 1.104800000000000000e+04 8.909000000000000000e+03 9.120000000000000000e+03 9.407000000000000000e+03 8.473000000000000000e+03 3.426900000000000000e+04 5.544600000000000000e+04 3.801900000000000000e+04 1.456140000000000000e+05 3.830032352244930216e+00
8.807000000000000000e+03 8.942000000000000000e+03 1.104800000000000000e+04 8.909000000000000000e+03 9.120000000000000000e+03 9.407000000000000000e+03 8.473000000000000000e+03 3.426900000000000000e+04 3.770600000000000000e+04 9.897500000000000000e+04 2.624913806821195461e+00
8.957000000000000000e+03 8.807000000000000000e+03 8.942000000000000000e+03 1.104800000000000000e+04 8.909000000000000000e+03 9.120000000000000000e+03 9.407000000000000000e+03 8.473000000000000000e+03 3.775400000000000000e+04 7.366300000000000000e+04 1.951131005986120659e+00
2.035700000000000000e+04 8.957000000000000000e+03 8.807000000000000000e+03 8.942000000000000000e+03 1.104800000000000000e+04 8.909000000000000000e+03 9.120000000000000000e+03 9.407000000000000000e+03 4.706300000000000000e+04 8.554700000000000000e+04 1.817712428022012938e+00
1.967500000000000000e+04 2.035700000000000000e+04 8.957000000000000000e+03 8.807000000000000000e+03 8.942000000000000000e+03 1.104800000000000000e+04 8.909000000000000000e+03 9.120000000000000000e+03 5.779600000000000000e+04 9.581500000000000000e+04 1.657813689528687018e+00
1.973100000000000000e+04 1.967500000000000000e+04 2.035700000000000000e+04 8.957000000000000000e+03 8.807000000000000000e+03 8.942000000000000000e+03 1.104800000000000000e+04 8.909000000000000000e+03 6.872000000000000000e+04 1.064260000000000000e+05 1.548690337601862588e+00
1.975600000000000000e+04 1.973100000000000000e+04 1.967500000000000000e+04 2.035700000000000000e+04 8.957000000000000000e+03 8.807000000000000000e+03 8.942000000000000000e+03 1.104800000000000000e+04 7.951900000000000000e+04 1.172730000000000000e+05 1.474779612419673258e+00
2.125800000000000000e+04 1.975600000000000000e+04 1.973100000000000000e+04 1.967500000000000000e+04 2.035700000000000000e+04 8.957000000000000000e+03 8.807000000000000000e+03 8.942000000000000000e+03 8.042000000000000000e+04 1.274830000000000000e+05 1.585215120616761952e+00
2.428400000000000000e+04 2.125800000000000000e+04 1.975600000000000000e+04 1.973100000000000000e+04 1.967500000000000000e+04 2.035700000000000000e+04 8.957000000000000000e+03 8.807000000000000000e+03 8.502900000000000000e+04 1.428250000000000000e+05 1.679721036352303409e+00
2.439900000000000000e+04 2.428400000000000000e+04 2.125800000000000000e+04 1.975600000000000000e+04 1.973100000000000000e+04 1.967500000000000000e+04 2.035700000000000000e+04 8.957000000000000000e+03 8.969700000000000000e+04 1.584170000000000000e+05 1.766134876305785140e+00
2.645300000000000000e+04 2.439900000000000000e+04 2.428400000000000000e+04 2.125800000000000000e+04 1.975600000000000000e+04 1.973100000000000000e+04 1.967500000000000000e+04 2.035700000000000000e+04 9.639400000000000000e+04 1.759130000000000000e+05 1.824937236757474546e+00
2.661700000000000000e+04 2.645300000000000000e+04 2.439900000000000000e+04 2.428400000000000000e+04 2.125800000000000000e+04 1.975600000000000000e+04 1.973100000000000000e+04 1.967500000000000000e+04 1.017530000000000000e+05 1.821730000000000000e+05 1.790345247805961604e+00
2.921300000000000000e+04 2.661700000000000000e+04 2.645300000000000000e+04 2.439900000000000000e+04 2.428400000000000000e+04 2.125800000000000000e+04 1.975600000000000000e+04 1.973100000000000000e+04 1.066820000000000000e+05 1.917110000000000000e+05 1.797032301606644067e+00
2.946800000000000000e+04 2.921300000000000000e+04 2.661700000000000000e+04 2.645300000000000000e+04 2.439900000000000000e+04 2.428400000000000000e+04 2.125800000000000000e+04 1.975600000000000000e+04 1.117510000000000000e+05 2.014480000000000000e+05 1.802650535565677226e+00
3.130300000000000000e+04 2.946800000000000000e+04 2.921300000000000000e+04 2.661700000000000000e+04 2.645300000000000000e+04 2.439900000000000000e+04 2.428400000000000000e+04 2.125800000000000000e+04 1.166010000000000000e+05 2.129950000000000000e+05 1.826699599488855075e+00
3.286500000000000000e+04 3.130300000000000000e+04 2.946800000000000000e+04 2.921300000000000000e+04 2.661700000000000000e+04 2.645300000000000000e+04 2.439900000000000000e+04 2.428400000000000000e+04 1.228490000000000000e+05 2.246020000000000000e+05 1.828276990451692674e+00
3.516200000000000000e+04 3.286500000000000000e+04 3.130300000000000000e+04 2.946800000000000000e+04 2.921300000000000000e+04 2.661700000000000000e+04 2.645300000000000000e+04 2.439900000000000000e+04 1.287980000000000000e+05 2.354800000000000000e+05 1.828289259149986856e+00
4.143000000000000000e+04 3.516200000000000000e+04 3.286500000000000000e+04 3.130300000000000000e+04 2.946800000000000000e+04 2.921300000000000000e+04 2.661700000000000000e+04 2.645300000000000000e+04 1.407600000000000000e+05 2.525110000000000000e+05 1.793911622620062429e+00
4.398000000000000000e+04 4.143000000000000000e+04 3.516200000000000000e+04 3.286500000000000000e+04 3.130300000000000000e+04 2.946800000000000000e+04 2.921300000000000000e+04 2.661700000000000000e+04 1.534370000000000000e+05 2.700380000000000000e+05 1.759927527258744684e+00
4.298100000000000000e+04 4.398000000000000000e+04 4.143000000000000000e+04 3.516200000000000000e+04 3.286500000000000000e+04 3.130300000000000000e+04 2.946800000000000000e+04 2.921300000000000000e+04 1.635530000000000000e+05 2.864020000000000000e+05 1.751126546134892159e+00
4.924900000000000000e+04 4.298100000000000000e+04 4.398000000000000000e+04 4.143000000000000000e+04 3.516200000000000000e+04 3.286500000000000000e+04 3.130300000000000000e+04 2.946800000000000000e+04 1.776400000000000000e+05 3.064380000000000000e+05 1.725050664264805134e+00
4.805800000000000000e+04 4.924900000000000000e+04 4.298100000000000000e+04 4.398000000000000000e+04 4.143000000000000000e+04 3.516200000000000000e+04 3.286500000000000000e+04 3.130300000000000000e+04 1.842680000000000000e+05 3.250280000000000000e+05 1.763887381422710510e+00
4.610600000000000000e+04 4.805800000000000000e+04 4.924900000000000000e+04 4.298100000000000000e+04 4.398000000000000000e+04 4.143000000000000000e+04 3.516200000000000000e+04 3.286500000000000000e+04 1.863940000000000000e+05 3.398310000000000000e+05 1.823186368659935441e+00
4.903400000000000000e+04 4.610600000000000000e+04 4.805800000000000000e+04 4.924900000000000000e+04 4.298100000000000000e+04 4.398000000000000000e+04 4.143000000000000000e+04 3.516200000000000000e+04 1.924470000000000000e+05 3.560000000000000000e+05 1.849859961443929945e+00
5.116700000000000000e+04 4.903400000000000000e+04 4.610600000000000000e+04 4.805800000000000000e+04 4.924900000000000000e+04 4.298100000000000000e+04 4.398000000000000000e+04 4.143000000000000000e+04 1.943650000000000000e+05 3.720050000000000000e+05 1.913950556941836245e+00
6.187100000000000000e+04 5.116700000000000000e+04 4.903400000000000000e+04 4.610600000000000000e+04 4.805800000000000000e+04 4.924900000000000000e+04 4.298100000000000000e+04 4.398000000000000000e+04 2.081780000000000000e+05 3.924460000000000000e+05 1.885146365129840795e+00
5.838900000000000000e+04 6.187100000000000000e+04 5.116700000000000000e+04 4.903400000000000000e+04 4.610600000000000000e+04 4.805800000000000000e+04 4.924900000000000000e+04 4.298100000000000000e+04 2.204610000000000000e+05 4.068550000000000000e+05 1.845473802622686010e+00
6.003300000000000000e+04 5.838900000000000000e+04 6.187100000000000000e+04 5.116700000000000000e+04 4.903400000000000000e+04 4.610600000000000000e+04 4.805800000000000000e+04 4.924900000000000000e+04 2.314600000000000000e+05 4.239070000000000000e+05 1.831448198392810811e+00
6.319700000000000000e+04 6.003300000000000000e+04 5.838900000000000000e+04 6.187100000000000000e+04 5.116700000000000000e+04 4.903400000000000000e+04 4.610600000000000000e+04 4.805800000000000000e+04 2.434900000000000000e+05 4.378550000000000000e+05 1.798246334551726999e+00
-1.000000000000000000e+08 6.319700000000000000e+04 6.003300000000000000e+04 5.838900000000000000e+04 6.187100000000000000e+04 5.116700000000000000e+04 4.903400000000000000e+04 4.610600000000000000e+04 -9.981838100000000000e+07 -9.961020300000000000e+07 9.979144322126403122e-01
