-1.861000000000000000e+03 -5.939000000000000000e+03 -3.595000000000000000e+03 -2.943000000000000000e+03 -1.517000000000000000e+03 -4.160000000000000000e+02 -9.010000000000000000e+02 -7.580000000000000000e+02 -1.433800000000000000e+04 -1.793000000000000000e+04 1.250523085507044163e+00
-1.727000000000000000e+03 -1.861000000000000000e+03 -5.939000000000000000e+03 -3.595000000000000000e+03 -2.943000000000000000e+03 -1.517000000000000000e+03 -4.160000000000000000e+02 -9.010000000000000000e+02 -1.312200000000000000e+04 -1.889900000000000000e+04 1.440253010211858031e+00
-9.410000000000000000e+02 -1.727000000000000000e+03 -1.861000000000000000e+03 -5.939000000000000000e+03 -3.595000000000000000e+03 -2.943000000000000000e+03 -1.517000000000000000e+03 -4.160000000000000000e+02 -1.046800000000000000e+04 -1.893900000000000000e+04 1.809228123805884492e+00
-7.330000000000000000e+02 -9.410000000000000000e+02 -1.727000000000000000e+03 -1.861000000000000000e+03 -5.939000000000000000e+03 -3.595000000000000000e+03 -2.943000000000000000e+03 -1.517000000000000000e+03 -5.262000000000000000e+03 -1.925600000000000000e+04 3.659445077917141909e+00
-1.736000000000000000e+03 -7.330000000000000000e+02 -9.410000000000000000e+02 -1.727000000000000000e+03 -1.861000000000000000e+03 -5.939000000000000000e+03 -3.595000000000000000e+03 -2.943000000000000000e+03 -5.137000000000000000e+03 -1.947500000000000000e+04 3.791123223671403419e+00
-1.890000000000000000e+03 -1.736000000000000000e+03 -7.330000000000000000e+02 -9.410000000000000000e+02 -1.727000000000000000e+03 -1.861000000000000000e+03 -5.939000000000000000e+03 -3.595000000000000000e+03 -5.300000000000000000e+03 -1.842200000000000000e+04 3.475849056603773413e+00
-1.446000000000000000e+03 -1.890000000000000000e+03 -1.736000000000000000e+03 -7.330000000000000000e+02 -9.410000000000000000e+02 -1.727000000000000000e+03 -1.861000000000000000e+03 -5.939000000000000000e+03 -5.805000000000000000e+03 -1.627300000000000000e+04 2.803273040482342715e+00
1.449000000000000000e+03 -1.446000000000000000e+03 -1.890000000000000000e+03 -1.736000000000000000e+03 -7.330000000000000000e+02 -9.410000000000000000e+02 -1.727000000000000000e+03 -1.861000000000000000e+03 -3.623000000000000000e+03 -8.885000000000000000e+03 2.452387524151256049e+00
3.726000000000000000e+03 1.449000000000000000e+03 -1.446000000000000000e+03 -1.890000000000000000e+03 -1.736000000000000000e+03 -7.330000000000000000e+02 -9.410000000000000000e+02 -1.727000000000000000e+03 1.839000000000000000e+03 -3.298000000000000000e+03 -1.793365959760739425e+00
2.096000000000000000e+03 3.726000000000000000e+03 1.449000000000000000e+03 -1.446000000000000000e+03 -1.890000000000000000e+03 -1.736000000000000000e+03 -7.330000000000000000e+02 -9.410000000000000000e+02 5.825000000000000000e+03 5.250000000000000000e+02 9.012875536480687011e-02
-3.384000000000000000e+03 2.096000000000000000e+03 3.726000000000000000e+03 1.449000000000000000e+03 -1.446000000000000000e+03 -1.890000000000000000e+03 -1.736000000000000000e+03 -7.330000000000000000e+02 3.887000000000000000e+03 -1.918000000000000000e+03 -4.934396706971957980e-01
1.384000000000000000e+03 -3.384000000000000000e+03 2.096000000000000000e+03 3.726000000000000000e+03 1.449000000000000000e+03 -1.446000000000000000e+03 -1.890000000000000000e+03 -1.736000000000000000e+03 3.822000000000000000e+03 1.990000000000000000e+02 5.206698063840921320e-02
-1.150000000000000000e+03 1.384000000000000000e+03 -3.384000000000000000e+03 2.096000000000000000e+03 3.726000000000000000e+03 1.449000000000000000e+03 -1.446000000000000000e+03 -1.890000000000000000e+03 -1.054000000000000000e+03 7.850000000000000000e+02 -7.447817836812143932e-01
-6.041000000000000000e+03 -1.150000000000000000e+03 1.384000000000000000e+03 -3.384000000000000000e+03 2.096000000000000000e+03 3.726000000000000000e+03 1.449000000000000000e+03 -1.446000000000000000e+03 -9.191000000000000000e+03 -3.366000000000000000e+03 3.662278315743662249e-01
-4.095000000000000000e+03 -6.041000000000000000e+03 -1.150000000000000000e+03 1.384000000000000000e+03 -3.384000000000000000e+03 2.096000000000000000e+03 3.726000000000000000e+03 1.449000000000000000e+03 -9.902000000000000000e+03 -6.015000000000000000e+03 6.074530397899414735e-01
-2.378000000000000000e+03 -4.095000000000000000e+03 -6.041000000000000000e+03 -1.150000000000000000e+03 1.384000000000000000e+03 -3.384000000000000000e+03 2.096000000000000000e+03 3.726000000000000000e+03 -1.366400000000000000e+04 -9.842000000000000000e+03 7.202868852459016757e-01
-6.880000000000000000e+02 -2.378000000000000000e+03 -4.095000000000000000e+03 -6.041000000000000000e+03 -1.150000000000000000e+03 1.384000000000000000e+03 -3.384000000000000000e+03 2.096000000000000000e+03 -1.320200000000000000e+04 -1.425600000000000000e+04 1.079836388425996052e+00
-1.499000000000000000e+03 -6.880000000000000000e+02 -2.378000000000000000e+03 -4.095000000000000000e+03 -6.041000000000000000e+03 -1.150000000000000000e+03 1.384000000000000000e+03 -3.384000000000000000e+03 -8.660000000000000000e+03 -1.785100000000000000e+04 2.061316397228637243e+00
6.500000000000000000e+01 -1.499000000000000000e+03 -6.880000000000000000e+02 -2.378000000000000000e+03 -4.095000000000000000e+03 -6.041000000000000000e+03 -1.150000000000000000e+03 1.384000000000000000e+03 -4.500000000000000000e+03 -1.440200000000000000e+04 3.200444444444444425e+00
1.700000000000000000e+02 6.500000000000000000e+01 -1.499000000000000000e+03 -6.880000000000000000e+02 -2.378000000000000000e+03 -4.095000000000000000e+03 -6.041000000000000000e+03 -1.150000000000000000e+03 -1.952000000000000000e+03 -1.561600000000000000e+04 8.000000000000000000e+00
1.302000000000000000e+03 1.700000000000000000e+02 6.500000000000000000e+01 -1.499000000000000000e+03 -6.880000000000000000e+02 -2.378000000000000000e+03 -4.095000000000000000e+03 -6.041000000000000000e+03 3.800000000000000000e+01 -1.316400000000000000e+04 -3.464210526315789593e+02
3.076000000000000000e+03 1.302000000000000000e+03 1.700000000000000000e+02 6.500000000000000000e+01 -1.499000000000000000e+03 -6.880000000000000000e+02 -2.378000000000000000e+03 -4.095000000000000000e+03 4.613000000000000000e+03 -4.047000000000000000e+03 -8.773032733579015918e-01
4.589000000000000000e+03 3.076000000000000000e+03 1.302000000000000000e+03 1.700000000000000000e+02 6.500000000000000000e+01 -1.499000000000000000e+03 -6.880000000000000000e+02 -2.378000000000000000e+03 9.137000000000000000e+03 4.637000000000000000e+03 5.074969902593848836e-01
5.842000000000000000e+03 4.589000000000000000e+03 3.076000000000000000e+03 1.302000000000000000e+03 1.700000000000000000e+02 6.500000000000000000e+01 -1.499000000000000000e+03 -6.880000000000000000e+02 1.480900000000000000e+04 1.285700000000000000e+04 8.681882638935782825e-01
5.090000000000000000e+02 5.842000000000000000e+03 4.589000000000000000e+03 3.076000000000000000e+03 1.302000000000000000e+03 1.700000000000000000e+02 6.500000000000000000e+01 -1.499000000000000000e+03 1.401600000000000000e+04 1.405400000000000000e+04 1.002711187214611943e+00
-1.628600000000000000e+04 5.090000000000000000e+02 5.842000000000000000e+03 4.589000000000000000e+03 3.076000000000000000e+03 1.302000000000000000e+03 1.700000000000000000e+02 6.500000000000000000e+01 -5.346000000000000000e+03 -7.330000000000000000e+02 1.371118593340815428e-01
-1.657600000000000000e+04 -1.628600000000000000e+04 5.090000000000000000e+02 5.842000000000000000e+03 4.589000000000000000e+03 3.076000000000000000e+03 1.302000000000000000e+03 1.700000000000000000e+02 -2.651100000000000000e+04 -1.737400000000000000e+04 6.553506091810946677e-01
-2.185600000000000000e+04 -1.657600000000000000e+04 -1.628600000000000000e+04 5.090000000000000000e+02 5.842000000000000000e+03 4.589000000000000000e+03 3.076000000000000000e+03 1.302000000000000000e+03 -5.420900000000000000e+04 -3.940000000000000000e+04 7.268165802726485047e-01
-2.111900000000000000e+04 -2.185600000000000000e+04 -1.657600000000000000e+04 -1.628600000000000000e+04 5.090000000000000000e+02 5.842000000000000000e+03 4.589000000000000000e+03 3.076000000000000000e+03 -7.583700000000000000e+04 -6.182100000000000000e+04 8.151825626013686765e-01
-1.347700000000000000e+04 -2.111900000000000000e+04 -2.185600000000000000e+04 -1.657600000000000000e+04 -1.628600000000000000e+04 5.090000000000000000e+02 5.842000000000000000e+03 4.589000000000000000e+03 -7.302800000000000000e+04 -7.837400000000000000e+04 1.073204798159610007e+00
-2.165700000000000000e+04 -1.347700000000000000e+04 -2.111900000000000000e+04 -2.185600000000000000e+04 -1.657600000000000000e+04 -1.628600000000000000e+04 5.090000000000000000e+02 5.842000000000000000e+03 -7.810900000000000000e+04 -1.046200000000000000e+05 1.339410311231740369e+00
-1.883200000000000000e+04 -2.165700000000000000e+04 -1.347700000000000000e+04 -2.111900000000000000e+04 -2.185600000000000000e+04 -1.657600000000000000e+04 -1.628600000000000000e+04 5.090000000000000000e+02 -7.508500000000000000e+04 -1.292940000000000000e+05 1.721968435772790906e+00
-1.784300000000000000e+04 -1.883200000000000000e+04 -2.165700000000000000e+04 -1.347700000000000000e+04 -2.111900000000000000e+04 -2.185600000000000000e+04 -1.657600000000000000e+04 -1.628600000000000000e+04 -7.180900000000000000e+04 -1.476460000000000000e+05 2.056093247364536580e+00
-3.529000000000000000e+04 -1.784300000000000000e+04 -1.883200000000000000e+04 -2.165700000000000000e+04 -1.347700000000000000e+04 -2.111900000000000000e+04 -2.185600000000000000e+04 -1.657600000000000000e+04 -9.362200000000000000e+04 -1.666500000000000000e+05 1.780030334750379195e+00
-3.921900000000000000e+04 -3.529000000000000000e+04 -1.784300000000000000e+04 -1.883200000000000000e+04 -2.165700000000000000e+04 -1.347700000000000000e+04 -2.111900000000000000e+04 -2.185600000000000000e+04 -1.111840000000000000e+05 -1.892930000000000000e+05 1.702520146783709887e+00
-4.075800000000000000e+04 -3.921900000000000000e+04 -3.529000000000000000e+04 -1.784300000000000000e+04 -1.883200000000000000e+04 -2.165700000000000000e+04 -1.347700000000000000e+04 -2.111900000000000000e+04 -1.331100000000000000e+05 -2.081950000000000000e+05 1.564082337916009369e+00
-4.264200000000000000e+04 -4.075800000000000000e+04 -3.921900000000000000e+04 -3.529000000000000000e+04 -1.784300000000000000e+04 -1.883200000000000000e+04 -2.165700000000000000e+04 -1.347700000000000000e+04 -1.579090000000000000e+05 -2.297180000000000000e+05 1.454749254317359908e+00
-3.141000000000000000e+04 -4.264200000000000000e+04 -4.075800000000000000e+04 -3.921900000000000000e+04 -3.529000000000000000e+04 -1.784300000000000000e+04 -1.883200000000000000e+04 -2.165700000000000000e+04 -1.540290000000000000e+05 -2.476510000000000000e+05 1.607820605210707132e+00
-2.281400000000000000e+04 -3.141000000000000000e+04 -4.264200000000000000e+04 -4.075800000000000000e+04 -3.921900000000000000e+04 -3.529000000000000000e+04 -1.784300000000000000e+04 -1.883200000000000000e+04 -1.376240000000000000e+05 -2.488080000000000000e+05 1.807882346102424043e+00
-1.462900000000000000e+04 -2.281400000000000000e+04 -3.141000000000000000e+04 -4.264200000000000000e+04 -4.075800000000000000e+04 -3.921900000000000000e+04 -3.529000000000000000e+04 -1.784300000000000000e+04 -1.114950000000000000e+05 -2.446050000000000000e+05 2.193865195748688102e+00
-5.434000000000000000e+03 -1.462900000000000000e+04 -2.281400000000000000e+04 -3.141000000000000000e+04 -4.264200000000000000e+04 -4.075800000000000000e+04 -3.921900000000000000e+04 -3.529000000000000000e+04 -7.428700000000000000e+04 -2.321960000000000000e+05 3.125661286631577607e+00
-5.000000000000000000e+01 -5.434000000000000000e+03 -1.462900000000000000e+04 -2.281400000000000000e+04 -3.141000000000000000e+04 -4.264200000000000000e+04 -4.075800000000000000e+04 -3.921900000000000000e+04 -4.292700000000000000e+04 -1.969560000000000000e+05 4.588161297085750157e+00
2.730000000000000000e+02 -5.000000000000000000e+01 -5.434000000000000000e+03 -1.462900000000000000e+04 -2.281400000000000000e+04 -3.141000000000000000e+04 -4.264200000000000000e+04 -4.075800000000000000e+04 -1.984000000000000000e+04 -1.574640000000000000e+05 7.936693548387096619e+00
-3.790000000000000000e+02 2.730000000000000000e+02 -5.000000000000000000e+01 -5.434000000000000000e+03 -1.462900000000000000e+04 -2.281400000000000000e+04 -3.141000000000000000e+04 -4.264200000000000000e+04 -5.590000000000000000e+03 -1.170850000000000000e+05 2.094543828264758645e+01
6.750000000000000000e+02 -3.790000000000000000e+02 2.730000000000000000e+02 -5.000000000000000000e+01 -5.434000000000000000e+03 -1.462900000000000000e+04 -2.281400000000000000e+04 -3.141000000000000000e+04 5.190000000000000000e+02 -7.376800000000000000e+04 -1.421348747591522113e+02
-1.386000000000000000e+03 6.750000000000000000e+02 -3.790000000000000000e+02 2.730000000000000000e+02 -5.000000000000000000e+01 -5.434000000000000000e+03 -1.462900000000000000e+04 -2.281400000000000000e+04 -8.170000000000000000e+02 -4.374400000000000000e+04 5.354222766217870344e+01
4.620000000000000000e+03 -1.386000000000000000e+03 6.750000000000000000e+02 -3.790000000000000000e+02 2.730000000000000000e+02 -5.000000000000000000e+01 -5.434000000000000000e+03 -1.462900000000000000e+04 3.530000000000000000e+03 -1.631000000000000000e+04 -4.620396600566571976e+00
3.886000000000000000e+03 4.620000000000000000e+03 -1.386000000000000000e+03 6.750000000000000000e+02 -3.790000000000000000e+02 2.730000000000000000e+02 -5.000000000000000000e+01 -5.434000000000000000e+03 7.795000000000000000e+03 2.205000000000000000e+03 2.828736369467607648e-01
6.070000000000000000e+03 3.886000000000000000e+03 4.620000000000000000e+03 -1.386000000000000000e+03 6.750000000000000000e+02 -3.790000000000000000e+02 2.730000000000000000e+02 -5.000000000000000000e+01 1.319000000000000000e+04 1.370900000000000000e+04 1.039347990902198537e+00
1.513500000000000000e+04 6.070000000000000000e+03 3.886000000000000000e+03 4.620000000000000000e+03 -1.386000000000000000e+03 6.750000000000000000e+02 -3.790000000000000000e+02 2.730000000000000000e+02 2.971100000000000000e+04 2.889400000000000000e+04 9.725017670223149446e-01
2.589000000000000000e+03 1.513500000000000000e+04 6.070000000000000000e+03 3.886000000000000000e+03 4.620000000000000000e+03 -1.386000000000000000e+03 6.750000000000000000e+02 -3.790000000000000000e+02 2.768000000000000000e+04 3.121000000000000000e+04 1.127528901734104139e+00
9.644000000000000000e+03 2.589000000000000000e+03 1.513500000000000000e+04 6.070000000000000000e+03 3.886000000000000000e+03 4.620000000000000000e+03 -1.386000000000000000e+03 6.750000000000000000e+02 3.343800000000000000e+04 4.123300000000000000e+04 1.233118009450326014e+00
1.500700000000000000e+04 9.644000000000000000e+03 2.589000000000000000e+03 1.513500000000000000e+04 6.070000000000000000e+03 3.886000000000000000e+03 4.620000000000000000e+03 -1.386000000000000000e+03 4.237500000000000000e+04 5.556500000000000000e+04 1.311268436578171048e+00
1.487700000000000000e+04 1.500700000000000000e+04 9.644000000000000000e+03 2.589000000000000000e+03 1.513500000000000000e+04 6.070000000000000000e+03 3.886000000000000000e+03 4.620000000000000000e+03 4.211700000000000000e+04 7.182800000000000000e+04 1.705439608709072408e+00
-4.164000000000000000e+03 1.487700000000000000e+04 1.500700000000000000e+04 9.644000000000000000e+03 2.589000000000000000e+03 1.513500000000000000e+04 6.070000000000000000e+03 3.886000000000000000e+03 3.536400000000000000e+04 6.304400000000000000e+04 1.782716887229951253e+00
3.940000000000000000e+02 -4.164000000000000000e+03 1.487700000000000000e+04 1.500700000000000000e+04 9.644000000000000000e+03 2.589000000000000000e+03 1.513500000000000000e+04 6.070000000000000000e+03 2.611400000000000000e+04 5.955200000000000000e+04 2.280462587118020856e+00
-1.017300000000000000e+04 3.940000000000000000e+02 -4.164000000000000000e+03 1.487700000000000000e+04 1.500700000000000000e+04 9.644000000000000000e+03 2.589000000000000000e+03 1.513500000000000000e+04 9.340000000000000000e+02 4.330900000000000000e+04 4.636937901498929193e+01
9.409000000000000000e+03 -1.017300000000000000e+04 3.940000000000000000e+02 -4.164000000000000000e+03 1.487700000000000000e+04 1.500700000000000000e+04 9.644000000000000000e+03 2.589000000000000000e+03 -4.534000000000000000e+03 3.758300000000000000e+04 -8.289148654609615363e+00
8.534000000000000000e+03 9.409000000000000000e+03 -1.017300000000000000e+04 3.940000000000000000e+02 -4.164000000000000000e+03 1.487700000000000000e+04 1.500700000000000000e+04 9.644000000000000000e+03 8.164000000000000000e+03 4.352800000000000000e+04 5.331700146986770861e+00
6.760000000000000000e+03 8.534000000000000000e+03 9.409000000000000000e+03 -1.017300000000000000e+04 3.940000000000000000e+02 -4.164000000000000000e+03 1.487700000000000000e+04 1.500700000000000000e+04 1.453000000000000000e+04 4.064400000000000000e+04 2.797247075017205820e+00
1.079300000000000000e+04 6.760000000000000000e+03 8.534000000000000000e+03 9.409000000000000000e+03 -1.017300000000000000e+04 3.940000000000000000e+02 -4.164000000000000000e+03 1.487700000000000000e+04 3.549600000000000000e+04 3.643000000000000000e+04 1.026312823980166877e+00
-5.189100000000000000e+04 1.079300000000000000e+04 6.760000000000000000e+03 8.534000000000000000e+03 9.409000000000000000e+03 -1.017300000000000000e+04 3.940000000000000000e+02 -4.164000000000000000e+03 -2.580400000000000000e+04 -3.033800000000000000e+04 1.175709192373275425e+00
-4.486300000000000000e+04 -5.189100000000000000e+04 1.079300000000000000e+04 6.760000000000000000e+03 8.534000000000000000e+03 9.409000000000000000e+03 -1.017300000000000000e+04 3.940000000000000000e+02 -7.920100000000000000e+04 -7.103700000000000000e+04 8.969204934281133079e-01
-1.187400000000000000e+04 -4.486300000000000000e+04 -5.189100000000000000e+04 1.079300000000000000e+04 6.760000000000000000e+03 8.534000000000000000e+03 9.409000000000000000e+03 -1.017300000000000000e+04 -9.783500000000000000e+04 -8.330500000000000000e+04 8.514846425103490546e-01
-4.025900000000000000e+04 -1.187400000000000000e+04 -4.486300000000000000e+04 -5.189100000000000000e+04 1.079300000000000000e+04 6.760000000000000000e+03 8.534000000000000000e+03 9.409000000000000000e+03 -1.488870000000000000e+05 -1.133910000000000000e+05 7.615910052590219026e-01
-7.983300000000000000e+04 -4.025900000000000000e+04 -1.187400000000000000e+04 -4.486300000000000000e+04 -5.189100000000000000e+04 1.079300000000000000e+04 6.760000000000000000e+03 8.534000000000000000e+03 -1.768290000000000000e+05 -2.026330000000000000e+05 1.145926290370923306e+00
-9.268300000000000000e+04 -7.983300000000000000e+04 -4.025900000000000000e+04 -1.187400000000000000e+04 -4.486300000000000000e+04 -5.189100000000000000e+04 1.079300000000000000e+04 6.760000000000000000e+03 -2.246490000000000000e+05 -3.038500000000000000e+05 1.352554429354237087e+00
-1.135300000000000000e+05 -9.268300000000000000e+04 -7.983300000000000000e+04 -4.025900000000000000e+04 -1.187400000000000000e+04 -4.486300000000000000e+04 -5.189100000000000000e+04 1.079300000000000000e+04 -3.263050000000000000e+05 -4.241400000000000000e+05 1.299826849113559391e+00
-1.736510000000000000e+05 -1.135300000000000000e+05 -9.268300000000000000e+04 -7.983300000000000000e+04 -4.025900000000000000e+04 -1.187400000000000000e+04 -4.486300000000000000e+04 -5.189100000000000000e+04 -4.596970000000000000e+05 -6.085840000000000000e+05 1.323880730133109473e+00
-3.956300000000000000e+04 -1.736510000000000000e+05 -1.135300000000000000e+05 -9.268300000000000000e+04 -7.983300000000000000e+04 -4.025900000000000000e+04 -1.187400000000000000e+04 -4.486300000000000000e+04 -4.194270000000000000e+05 -5.962560000000000000e+05 1.421596606799276241e+00
2.293700000000000000e+04 -3.956300000000000000e+04 -1.736510000000000000e+05 -1.135300000000000000e+05 -9.268300000000000000e+04 -7.983300000000000000e+04 -4.025900000000000000e+04 -1.187400000000000000e+04 -3.038070000000000000e+05 -5.284560000000000000e+05 1.739446424868419827e+00
5.193300000000000000e+04 2.293700000000000000e+04 -3.956300000000000000e+04 -1.736510000000000000e+05 -1.135300000000000000e+05 -9.268300000000000000e+04 -7.983300000000000000e+04 -4.025900000000000000e+04 -1.383440000000000000e+05 -4.646490000000000000e+05 3.358649453536112883e+00
4.430600000000000000e+04 5.193300000000000000e+04 2.293700000000000000e+04 -3.956300000000000000e+04 -1.736510000000000000e+05 -1.135300000000000000e+05 -9.268300000000000000e+04 -7.983300000000000000e+04 7.961300000000000000e+04 -3.800840000000000000e+05 -4.774144926079911144e+00
1.151600000000000000e+04 4.430600000000000000e+04 5.193300000000000000e+04 2.293700000000000000e+04 -3.956300000000000000e+04 -1.736510000000000000e+05 -1.135300000000000000e+05 -9.268300000000000000e+04 1.306920000000000000e+05 -2.887350000000000000e+05 -2.209278303186116954e+00
-1.814000000000000000e+03 1.151600000000000000e+04 4.430600000000000000e+04 5.193300000000000000e+04 2.293700000000000000e+04 -3.956300000000000000e+04 -1.736510000000000000e+05 -1.135300000000000000e+05 1.059410000000000000e+05 -1.978660000000000000e+05 -1.867699946196467842e+00
4.456000000000000000e+03 -1.814000000000000000e+03 1.151600000000000000e+04 4.430600000000000000e+04 5.193300000000000000e+04 2.293700000000000000e+04 -3.956300000000000000e+04 -1.736510000000000000e+05 5.846400000000000000e+04 -7.988000000000000000e+04 -1.366310892172961200e+00
1.907400000000000000e+04 4.456000000000000000e+03 -1.814000000000000000e+03 1.151600000000000000e+04 4.430600000000000000e+04 5.193300000000000000e+04 2.293700000000000000e+04 -3.956300000000000000e+04 3.323200000000000000e+04 1.128450000000000000e+05 3.395672845450168342e+00
-8.711000000000000000e+03 1.907400000000000000e+04 4.456000000000000000e+03 -1.814000000000000000e+03 1.151600000000000000e+04 4.430600000000000000e+04 5.193300000000000000e+04 2.293700000000000000e+04 1.300500000000000000e+04 1.436970000000000000e+05 1.104936562860438265e+01
-1.018900000000000000e+04 -8.711000000000000000e+03 1.907400000000000000e+04 4.456000000000000000e+03 -1.814000000000000000e+03 1.151600000000000000e+04 4.430600000000000000e+04 5.193300000000000000e+04 4.630000000000000000e+03 1.105710000000000000e+05 2.388142548596112391e+01
-2.121700000000000000e+04 -1.018900000000000000e+04 -8.711000000000000000e+03 1.907400000000000000e+04 4.456000000000000000e+03 -1.814000000000000000e+03 1.151600000000000000e+04 4.430600000000000000e+04 -2.104300000000000000e+04 3.742100000000000000e+04 -1.778311077317872968e+00
-4.034000000000000000e+03 -2.121700000000000000e+04 -1.018900000000000000e+04 -8.711000000000000000e+03 1.907400000000000000e+04 4.456000000000000000e+03 -1.814000000000000000e+03 1.151600000000000000e+04 -4.415100000000000000e+04 -1.091900000000000000e+04 2.473103666961110614e-01
2.432600000000000000e+04 -4.034000000000000000e+03 -2.121700000000000000e+04 -1.018900000000000000e+04 -8.711000000000000000e+03 1.907400000000000000e+04 4.456000000000000000e+03 -1.814000000000000000e+03 -1.111400000000000000e+04 1.891000000000000000e+03 -1.701457621018535316e-01
2.654000000000000000e+03 2.432600000000000000e+04 -4.034000000000000000e+03 -2.121700000000000000e+04 -1.018900000000000000e+04 -8.711000000000000000e+03 1.907400000000000000e+04 4.456000000000000000e+03 1.729000000000000000e+03 6.359000000000000000e+03 3.677848467322151649e+00
4.655000000000000000e+03 2.654000000000000000e+03 2.432600000000000000e+04 -4.034000000000000000e+03 -2.121700000000000000e+04 -1.018900000000000000e+04 -8.711000000000000000e+03 1.907400000000000000e+04 2.760100000000000000e+04 6.558000000000000000e+03 2.376000869533712589e-01
-4.655000000000000000e+03 4.655000000000000000e+03 2.654000000000000000e+03 2.432600000000000000e+04 -4.034000000000000000e+03 -2.121700000000000000e+04 -1.018900000000000000e+04 -8.711000000000000000e+03 2.698000000000000000e+04 -1.717100000000000000e+04 -6.364343958487769237e-01
1.288100000000000000e+04 -4.655000000000000000e+03 4.655000000000000000e+03 2.654000000000000000e+03 2.432600000000000000e+04 -4.034000000000000000e+03 -2.121700000000000000e+04 -1.018900000000000000e+04 1.553500000000000000e+04 4.421000000000000000e+03 2.845831992275507094e-01
-7.948000000000000000e+03 1.288100000000000000e+04 -4.655000000000000000e+03 4.655000000000000000e+03 2.654000000000000000e+03 2.432600000000000000e+04 -4.034000000000000000e+03 -2.121700000000000000e+04 4.933000000000000000e+03 6.662000000000000000e+03 1.350496655179403982e+00
1.446700000000000000e+04 -7.948000000000000000e+03 1.288100000000000000e+04 -4.655000000000000000e+03 4.655000000000000000e+03 2.654000000000000000e+03 2.432600000000000000e+04 -4.034000000000000000e+03 1.474500000000000000e+04 4.234600000000000000e+04 2.871888775856222598e+00
-3.304000000000000000e+03 1.446700000000000000e+04 -7.948000000000000000e+03 1.288100000000000000e+04 -4.655000000000000000e+03 4.655000000000000000e+03 2.654000000000000000e+03 2.432600000000000000e+04 1.609600000000000000e+04 4.307600000000000000e+04 2.676192842942346051e+00
-5.802000000000000000e+03 -3.304000000000000000e+03 1.446700000000000000e+04 -7.948000000000000000e+03 1.288100000000000000e+04 -4.655000000000000000e+03 4.655000000000000000e+03 2.654000000000000000e+03 -2.587000000000000000e+03 1.294800000000000000e+04 -5.005025125628140614e+00
-5.438000000000000000e+03 -5.802000000000000000e+03 -3.304000000000000000e+03 1.446700000000000000e+04 -7.948000000000000000e+03 1.288100000000000000e+04 -4.655000000000000000e+03 4.655000000000000000e+03 -7.700000000000000000e+01 4.856000000000000000e+03 -6.306493506493506374e+01
-1.169900000000000000e+04 -5.438000000000000000e+03 -5.802000000000000000e+03 -3.304000000000000000e+03 1.446700000000000000e+04 -7.948000000000000000e+03 1.288100000000000000e+04 -4.655000000000000000e+03 -2.624300000000000000e+04 -1.149800000000000000e+04 4.381358838547422252e-01
-1.581400000000000000e+04 -1.169900000000000000e+04 -5.438000000000000000e+03 -5.802000000000000000e+03 -3.304000000000000000e+03 1.446700000000000000e+04 -7.948000000000000000e+03 1.288100000000000000e+04 -3.875300000000000000e+04 -2.265700000000000000e+04 5.846515108507728264e-01
8.422000000000000000e+03 -1.581400000000000000e+04 -1.169900000000000000e+04 -5.438000000000000000e+03 -5.802000000000000000e+03 -3.304000000000000000e+03 1.446700000000000000e+04 -7.948000000000000000e+03 -2.452900000000000000e+04 -2.711600000000000000e+04 1.105466998246972921e+00
1.420500000000000000e+04 8.422000000000000000e+03 -1.581400000000000000e+04 -1.169900000000000000e+04 -5.438000000000000000e+03 -5.802000000000000000e+03 -3.304000000000000000e+03 1.446700000000000000e+04 -4.886000000000000000e+03 -4.963000000000000000e+03 1.015759312320916985e+00
2.226000000000000000e+03 1.420500000000000000e+04 8.422000000000000000e+03 -1.581400000000000000e+04 -1.169900000000000000e+04 -5.438000000000000000e+03 -5.802000000000000000e+03 -3.304000000000000000e+03 9.039000000000000000e+03 -1.720400000000000000e+04 -1.903307888040712381e+00
7.732000000000000000e+03 2.226000000000000000e+03 1.420500000000000000e+04 8.422000000000000000e+03 -1.581400000000000000e+04 -1.169900000000000000e+04 -5.438000000000000000e+03 -5.802000000000000000e+03 3.258500000000000000e+04 -6.168000000000000000e+03 -1.892895504066288148e-01
-5.454100000000000000e+04 7.732000000000000000e+03 2.226000000000000000e+03 1.420500000000000000e+04 8.422000000000000000e+03 -1.581400000000000000e+04 -1.169900000000000000e+04 -5.438000000000000000e+03 -3.037800000000000000e+04 -5.490700000000000000e+04 1.807459345579037535e+00
-3.829000000000000000e+03 -5.454100000000000000e+04 7.732000000000000000e+03 2.226000000000000000e+03 1.420500000000000000e+04 8.422000000000000000e+03 -1.581400000000000000e+04 -1.169900000000000000e+04 -4.841200000000000000e+04 -5.329800000000000000e+04 1.100925390399074555e+00
3.355100000000000000e+04 -3.829000000000000000e+03 -5.454100000000000000e+04 7.732000000000000000e+03 2.226000000000000000e+03 1.420500000000000000e+04 8.422000000000000000e+03 -1.581400000000000000e+04 -1.708700000000000000e+04 -8.048000000000000000e+03 4.710013460525545592e-01
3.088700000000000000e+04 3.355100000000000000e+04 -3.829000000000000000e+03 -5.454100000000000000e+04 7.732000000000000000e+03 2.226000000000000000e+03 1.420500000000000000e+04 8.422000000000000000e+03 6.068000000000000000e+03 3.865300000000000000e+04 6.369973632168754563e+00
2.490200000000000000e+04 3.088700000000000000e+04 3.355100000000000000e+04 -3.829000000000000000e+03 -5.454100000000000000e+04 7.732000000000000000e+03 2.226000000000000000e+03 1.420500000000000000e+04 8.551100000000000000e+04 5.513300000000000000e+04 6.447474593911894925e-01
2.213800000000000000e+04 2.490200000000000000e+04 3.088700000000000000e+04 3.355100000000000000e+04 -3.829000000000000000e+03 -5.454100000000000000e+04 7.732000000000000000e+03 2.226000000000000000e+03 1.114780000000000000e+05 6.306600000000000000e+04 5.657259728376899943e-01
-1.000000000000000000e+08 2.213800000000000000e+04 2.490200000000000000e+04 3.088700000000000000e+04 3.355100000000000000e+04 -3.829000000000000000e+03 -5.454100000000000000e+04 7.732000000000000000e+03 -9.992207300000000000e+07 -9.993916000000000000e+07 1.000171003257708691e+00
