2.172282999999999902e+02 2.341819000000000131e+02 2.337886000000000024e+02 2.140021000000000129e+02 2.364014999999999986e+02 2.530454000000000008e+02 2.476419999999999959e+02 2.475597999999999956e+02 8.992009000000000469e+02 1.883849600000000009e+03 2.095026372860614217e+00
2.303520000000000039e+02 2.172282999999999902e+02 2.341819000000000131e+02 2.337886000000000024e+02 2.140021000000000129e+02 2.364014999999999986e+02 2.530454000000000008e+02 2.476419999999999959e+02 9.155507999999999811e+02 1.866641799999999876e+03 2.038818381241106259e+00
2.372461999999999875e+02 2.303520000000000039e+02 2.172282999999999902e+02 2.341819000000000131e+02 2.337886000000000024e+02 2.140021000000000129e+02 2.364014999999999986e+02 2.530454000000000008e+02 9.190084000000000515e+02 1.856246000000000095e+03 2.019835727290414162e+00
2.601591999999999985e+02 2.372461999999999875e+02 2.303520000000000039e+02 2.172282999999999902e+02 2.341819000000000131e+02 2.337886000000000024e+02 2.140021000000000129e+02 2.364014999999999986e+02 9.449856999999999516e+02 1.863359799999999950e+03 1.971839150581855327e+00
2.901770999999999958e+02 2.601591999999999985e+02 2.372461999999999875e+02 2.303520000000000039e+02 2.172282999999999902e+02 2.341819000000000131e+02 2.337886000000000024e+02 2.140021000000000129e+02 1.017934499999999957e+03 1.917135400000000118e+03 1.883358310382446277e+00
3.023405000000000200e+02 2.901770999999999958e+02 2.601591999999999985e+02 2.372461999999999875e+02 2.303520000000000039e+02 2.172282999999999902e+02 2.341819000000000131e+02 2.337886000000000024e+02 1.089923000000000002e+03 2.005473799999999983e+03 1.840014202838182067e+00
3.017728000000000179e+02 3.023405000000000200e+02 2.901770999999999958e+02 2.601591999999999985e+02 2.372461999999999875e+02 2.303520000000000039e+02 2.172282999999999902e+02 2.341819000000000131e+02 1.154449599999999919e+03 2.073458000000000084e+03 1.796057619145955186e+00
3.195167000000000144e+02 3.017728000000000179e+02 3.023405000000000200e+02 2.901770999999999958e+02 2.601591999999999985e+02 2.372461999999999875e+02 2.303520000000000039e+02 2.172282999999999902e+02 1.213807099999999991e+03 2.158792800000000170e+03 1.778530377685218822e+00
3.331198999999999728e+02 3.195167000000000144e+02 3.017728000000000179e+02 3.023405000000000200e+02 2.901770999999999958e+02 2.601591999999999985e+02 2.372461999999999875e+02 2.303520000000000039e+02 1.256749900000000025e+03 2.274684400000000096e+03 1.809973806244185912e+00
3.488188999999999851e+02 3.331198999999999728e+02 3.195167000000000144e+02 3.017728000000000179e+02 3.023405000000000200e+02 2.901770999999999958e+02 2.601591999999999985e+02 2.372461999999999875e+02 1.303228299999999990e+03 2.393151299999999992e+03 1.836325454258474821e+00
3.414024000000000001e+02 3.488188999999999851e+02 3.331198999999999728e+02 3.195167000000000144e+02 3.017728000000000179e+02 3.023405000000000200e+02 2.901770999999999958e+02 2.601591999999999985e+02 1.342857899999999972e+03 2.497307499999999891e+03 1.859696025916070417e+00
3.412669000000000210e+02 3.414024000000000001e+02 3.488188999999999851e+02 3.331198999999999728e+02 3.195167000000000144e+02 3.017728000000000179e+02 3.023405000000000200e+02 2.901770999999999958e+02 1.364608099999999922e+03 2.578415199999999913e+03 1.889491349201283477e+00
3.633532000000000153e+02 3.412669000000000210e+02 3.414024000000000001e+02 3.488188999999999851e+02 3.331198999999999728e+02 3.195167000000000144e+02 3.017728000000000179e+02 3.023405000000000200e+02 1.394841400000000021e+03 2.651591300000000047e+03 1.900998421756050494e+00
3.765346000000000117e+02 3.633532000000000153e+02 3.412669000000000210e+02 3.414024000000000001e+02 3.488188999999999851e+02 3.331198999999999728e+02 3.195167000000000144e+02 3.017728000000000179e+02 1.422557099999999991e+03 2.725785399999999754e+03 1.916116688743108920e+00
3.730185000000000173e+02 3.765346000000000117e+02 3.633532000000000153e+02 3.412669000000000210e+02 3.414024000000000001e+02 3.488188999999999851e+02 3.331198999999999728e+02 3.195167000000000144e+02 1.454173200000000179e+03 2.797031100000000151e+03 1.923451140483128041e+00
3.873668999999999869e+02 3.730185000000000173e+02 3.765346000000000117e+02 3.633532000000000153e+02 3.412669000000000210e+02 3.414024000000000001e+02 3.488188999999999851e+02 3.331198999999999728e+02 1.500273200000000088e+03 2.864881300000000010e+03 1.909573069758227826e+00
4.047035999999999945e+02 3.873668999999999869e+02 3.730185000000000173e+02 3.765346000000000117e+02 3.633532000000000153e+02 3.412669000000000210e+02 3.414024000000000001e+02 3.488188999999999851e+02 1.541623599999999897e+03 2.936465000000000146e+03 1.904787264543692960e+00
3.994943000000000097e+02 4.047035999999999945e+02 3.873668999999999869e+02 3.730185000000000173e+02 3.765346000000000117e+02 3.633532000000000153e+02 3.412669000000000210e+02 3.414024000000000001e+02 1.564583300000000236e+03 2.987140400000000227e+03 1.909224264377614055e+00
4.146899999999999977e+02 3.994943000000000097e+02 4.047035999999999945e+02 3.873668999999999869e+02 3.730185000000000173e+02 3.765346000000000117e+02 3.633532000000000153e+02 3.412669000000000210e+02 1.606254799999999932e+03 3.060427999999999884e+03 1.905319131186409498e+00
4.226014000000000124e+02 4.146899999999999977e+02 3.994943000000000097e+02 4.047035999999999945e+02 3.873668999999999869e+02 3.730185000000000173e+02 3.765346000000000117e+02 3.633532000000000153e+02 1.641489300000000185e+03 3.141762500000000273e+03 1.913970745956126596e+00
4.225393000000000256e+02 4.226014000000000124e+02 4.146899999999999977e+02 3.994943000000000097e+02 4.047035999999999945e+02 3.873668999999999869e+02 3.730185000000000173e+02 3.765346000000000117e+02 1.659325000000000045e+03 3.200948599999999715e+03 1.929066698808250102e+00
4.361686000000000263e+02 4.225393000000000256e+02 4.226014000000000124e+02 4.146899999999999977e+02 3.994943000000000097e+02 4.047035999999999945e+02 3.873668999999999869e+02 3.730185000000000173e+02 1.695999300000000176e+03 3.260582600000000639e+03 1.922514118962195484e+00
4.559902000000000157e+02 4.361686000000000263e+02 4.225393000000000256e+02 4.226014000000000124e+02 4.146899999999999977e+02 3.994943000000000097e+02 4.047035999999999945e+02 3.873668999999999869e+02 1.737299500000000080e+03 3.343554299999999785e+03 1.924569885618455434e+00
4.672126000000000090e+02 4.559902000000000157e+02 4.361686000000000263e+02 4.225393000000000256e+02 4.226014000000000124e+02 4.146899999999999977e+02 3.994943000000000097e+02 4.047035999999999945e+02 1.781910699999999906e+03 3.423400000000000091e+03 1.921196163197179452e+00
4.689802000000000248e+02 4.672126000000000090e+02 4.559902000000000157e+02 4.361686000000000263e+02 4.225393000000000256e+02 4.226014000000000124e+02 4.146899999999999977e+02 3.994943000000000097e+02 1.828351599999999962e+03 3.487676599999999780e+03 1.907552464197805220e+00
4.868208000000000197e+02 4.689802000000000248e+02 4.672126000000000090e+02 4.559902000000000157e+02 4.361686000000000263e+02 4.225393000000000256e+02 4.226014000000000124e+02 4.146899999999999977e+02 1.879003799999999956e+03 3.575003099999999904e+03 1.902605572165420922e+00
4.856111000000000217e+02 4.868208000000000197e+02 4.689802000000000248e+02 4.672126000000000090e+02 4.559902000000000157e+02 4.361686000000000263e+02 4.225393000000000256e+02 4.226014000000000124e+02 1.908624700000000075e+03 3.645924200000000383e+03 1.910236307850359694e+00
4.939309999999999832e+02 4.856111000000000217e+02 4.868208000000000197e+02 4.689802000000000248e+02 4.672126000000000090e+02 4.559902000000000157e+02 4.361686000000000263e+02 4.225393000000000256e+02 1.935343100000000049e+03 3.717253799999999956e+03 1.920720827226965577e+00
5.135223999999999478e+02 4.939309999999999832e+02 4.856111000000000217e+02 4.868208000000000197e+02 4.689802000000000248e+02 4.672126000000000090e+02 4.559902000000000157e+02 4.361686000000000263e+02 1.979885299999999916e+03 3.808236899999999878e+03 1.923463394571392593e+00
5.176099000000000387e+02 5.135223999999999478e+02 4.939309999999999832e+02 4.856111000000000217e+02 4.868208000000000197e+02 4.689802000000000248e+02 4.672126000000000090e+02 4.559902000000000157e+02 2.010674400000000105e+03 3.889678200000000288e+03 1.934514210754361807e+00
4.909026000000000067e+02 5.176099000000000387e+02 5.135223999999999478e+02 4.939309999999999832e+02 4.856111000000000217e+02 4.868208000000000197e+02 4.689802000000000248e+02 4.672126000000000090e+02 2.015965900000000147e+03 3.924590600000000450e+03 1.946754456511392561e+00
4.531902000000000044e+02 4.909026000000000067e+02 5.176099000000000387e+02 5.135223999999999478e+02 4.939309999999999832e+02 4.856111000000000217e+02 4.868208000000000197e+02 4.689802000000000248e+02 1.975225100000000111e+03 3.910568200000000161e+03 1.979808883554588173e+00
4.378213000000000079e+02 4.531902000000000044e+02 4.909026000000000067e+02 5.176099000000000387e+02 5.135223999999999478e+02 4.939309999999999832e+02 4.856111000000000217e+02 4.868208000000000197e+02 1.899523999999999887e+03 3.879409299999999803e+03 2.042306019823913577e+00
4.213580000000000041e+02 4.378213000000000079e+02 4.531902000000000044e+02 4.909026000000000067e+02 5.176099000000000387e+02 5.135223999999999478e+02 4.939309999999999832e+02 4.856111000000000217e+02 1.803272100000000137e+03 3.813946500000000015e+03 2.115014422948150674e+00
3.839975000000000023e+02 4.213580000000000041e+02 4.378213000000000079e+02 4.531902000000000044e+02 4.909026000000000067e+02 5.176099000000000387e+02 5.135223999999999478e+02 4.939309999999999832e+02 1.696366999999999962e+03 3.712332900000000336e+03 2.188401979052882140e+00
3.445520999999999958e+02 3.839975000000000023e+02 4.213580000000000041e+02 4.378213000000000079e+02 4.531902000000000044e+02 4.909026000000000067e+02 5.176099000000000387e+02 5.135223999999999478e+02 1.587728900000000067e+03 3.562954000000000178e+03 2.244056904172998301e+00
2.882413999999999987e+02 3.445520999999999958e+02 3.839975000000000023e+02 4.213580000000000041e+02 4.378213000000000079e+02 4.531902000000000044e+02 4.909026000000000067e+02 5.176099000000000387e+02 1.438148999999999887e+03 3.337672999999999774e+03 2.320811682238766771e+00
2.708673999999999751e+02 2.882413999999999987e+02 3.445520999999999958e+02 3.839975000000000023e+02 4.213580000000000041e+02 4.378213000000000079e+02 4.531902000000000044e+02 4.909026000000000067e+02 1.287658400000000029e+03 3.090930500000000393e+03 2.400427395961537869e+00
2.975613999999999919e+02 2.708673999999999751e+02 2.882413999999999987e+02 3.445520999999999958e+02 3.839975000000000023e+02 4.213580000000000041e+02 4.378213000000000079e+02 4.531902000000000044e+02 1.201222299999999905e+03 2.897589299999999639e+03 2.412200722547358733e+00
3.099995999999999867e+02 2.975613999999999919e+02 2.708673999999999751e+02 2.882413999999999987e+02 3.445520999999999958e+02 3.839975000000000023e+02 4.213580000000000041e+02 4.378213000000000079e+02 1.166669799999999896e+03 2.754398699999999735e+03 2.360906830707369064e+00
3.158183000000000220e+02 3.099995999999999867e+02 2.975613999999999919e+02 2.708673999999999751e+02 2.882413999999999987e+02 3.445520999999999958e+02 3.839975000000000023e+02 4.213580000000000041e+02 1.194246700000000146e+03 2.632395700000000033e+03 2.204231085587257333e+00
2.967703000000000202e+02 3.158183000000000220e+02 3.099995999999999867e+02 2.975613999999999919e+02 2.708673999999999751e+02 2.882413999999999987e+02 3.445520999999999958e+02 3.839975000000000023e+02 1.220149599999999964e+03 2.507807999999999993e+03 2.055328297448116182e+00
2.837151000000000067e+02 2.967703000000000202e+02 3.158183000000000220e+02 3.099995999999999867e+02 2.975613999999999919e+02 2.708673999999999751e+02 2.882413999999999987e+02 3.445520999999999958e+02 1.206303300000000036e+03 2.407525599999999940e+03 1.995787958136233220e+00
2.744277999999999906e+02 2.837151000000000067e+02 2.967703000000000202e+02 3.158183000000000220e+02 3.099995999999999867e+02 2.975613999999999919e+02 2.708673999999999751e+02 2.882413999999999987e+02 1.170731500000000096e+03 2.337401299999999992e+03 1.996530630635632297e+00
2.522819000000000074e+02 2.744277999999999906e+02 2.837151000000000067e+02 2.967703000000000202e+02 3.158183000000000220e+02 3.099995999999999867e+02 2.975613999999999919e+02 2.708673999999999751e+02 1.107195099999999911e+03 2.301441800000000057e+03 2.078623541596237523e+00
2.382186000000000092e+02 2.522819000000000074e+02 2.744277999999999906e+02 2.837151000000000067e+02 2.967703000000000202e+02 3.158183000000000220e+02 3.099995999999999867e+02 2.975613999999999919e+02 1.048643399999999929e+03 2.268792999999999665e+03 2.163550545399894443e+00
2.406274999999999977e+02 2.382186000000000092e+02 2.522819000000000074e+02 2.744277999999999906e+02 2.837151000000000067e+02 2.967703000000000202e+02 3.158183000000000220e+02 3.099995999999999867e+02 1.005555799999999863e+03 2.211859099999999671e+03 2.199638349259185777e+00
2.479994000000000085e+02 2.406274999999999977e+02 2.382186000000000092e+02 2.522819000000000074e+02 2.744277999999999906e+02 2.837151000000000067e+02 2.967703000000000202e+02 3.158183000000000220e+02 9.791274000000000797e+02 2.149858900000000176e+03 2.195688630509165407e+00
2.311716000000000122e+02 2.479994000000000085e+02 2.406274999999999977e+02 2.382186000000000092e+02 2.522819000000000074e+02 2.744277999999999906e+02 2.837151000000000067e+02 2.967703000000000202e+02 9.580171000000001413e+02 2.065212199999999939e+03 2.155715383368417726e+00
2.391787999999999954e+02 2.311716000000000122e+02 2.479994000000000085e+02 2.406274999999999977e+02 2.382186000000000092e+02 2.522819000000000074e+02 2.744277999999999906e+02 2.837151000000000067e+02 9.589773000000000138e+02 2.007620699999999943e+03 2.093501796132192005e+00
2.469091999999999985e+02 2.391787999999999954e+02 2.311716000000000122e+02 2.479994000000000085e+02 2.406274999999999977e+02 2.382186000000000092e+02 2.522819000000000074e+02 2.744277999999999906e+02 9.652590000000000146e+02 1.970814799999999877e+03 2.041747137296828996e+00
2.423351999999999862e+02 2.469091999999999985e+02 2.391787999999999954e+02 2.311716000000000122e+02 2.479994000000000085e+02 2.406274999999999977e+02 2.382186000000000092e+02 2.522819000000000074e+02 9.595947999999999638e+02 1.938722200000000157e+03 2.020355049860628860e+00
2.374411000000000058e+02 2.423351999999999862e+02 2.469091999999999985e+02 2.391787999999999954e+02 2.311716000000000122e+02 2.479994000000000085e+02 2.406274999999999977e+02 2.382186000000000092e+02 9.658643000000000711e+02 1.923881400000000212e+03 1.991875463250893707e+00
2.416785999999999888e+02 2.374411000000000058e+02 2.423351999999999862e+02 2.469091999999999985e+02 2.391787999999999954e+02 2.311716000000000122e+02 2.479994000000000085e+02 2.406274999999999977e+02 9.683641000000000076e+02 1.927341400000000021e+03 1.990306538625296051e+00
2.227181999999999960e+02 2.416785999999999888e+02 2.374411000000000058e+02 2.423351999999999862e+02 2.469091999999999985e+02 2.391787999999999954e+02 2.311716000000000122e+02 2.479994000000000085e+02 9.441730999999999767e+02 1.909432099999999991e+03 2.022332663364376781e+00
2.230287999999999897e+02 2.227181999999999960e+02 2.416785999999999888e+02 2.374411000000000058e+02 2.423351999999999862e+02 2.469091999999999985e+02 2.391787999999999954e+02 2.311716000000000122e+02 9.248666999999999234e+02 1.884461499999999887e+03 2.037549303050915306e+00
3.335645999999999844e+02 2.230287999999999897e+02 2.227181999999999960e+02 2.416785999999999888e+02 2.374411000000000058e+02 2.423351999999999862e+02 2.469091999999999985e+02 2.391787999999999954e+02 1.020990199999999959e+03 1.986854499999999916e+03 1.946007415154425546e+00
2.721800999999999817e+02 3.335645999999999844e+02 2.230287999999999897e+02 2.227181999999999960e+02 2.416785999999999888e+02 2.374411000000000058e+02 2.423351999999999862e+02 2.469091999999999985e+02 1.051491700000000037e+03 2.019855800000000045e+03 1.920943170545235779e+00
2.356196999999999946e+02 2.721800999999999817e+02 3.335645999999999844e+02 2.230287999999999897e+02 2.227181999999999960e+02 2.416785999999999888e+02 2.374411000000000058e+02 2.423351999999999862e+02 1.064393199999999979e+03 2.008566299999999956e+03 1.887052923675198279e+00
2.127846000000000117e+02 2.356196999999999946e+02 2.721800999999999817e+02 3.335645999999999844e+02 2.230287999999999897e+02 2.227181999999999960e+02 2.416785999999999888e+02 2.374411000000000058e+02 1.054148999999999887e+03 1.979015699999999924e+03 1.877358608697632159e+00
1.969938999999999965e+02 2.127846000000000117e+02 2.356196999999999946e+02 2.721800999999999817e+02 3.335645999999999844e+02 2.230287999999999897e+02 2.227181999999999960e+02 2.416785999999999888e+02 9.175782999999998992e+02 1.938568499999999858e+03 2.112700899748828132e+00
2.039164000000000101e+02 1.969938999999999965e+02 2.127846000000000117e+02 2.356196999999999946e+02 2.721800999999999817e+02 3.335645999999999844e+02 2.230287999999999897e+02 2.227181999999999960e+02 8.493145999999999276e+02 1.900806299999999965e+03 2.238047361955157744e+00
2.118050000000000068e+02 2.039164000000000101e+02 1.969938999999999965e+02 2.127846000000000117e+02 2.356196999999999946e+02 2.721800999999999817e+02 3.335645999999999844e+02 2.230287999999999897e+02 8.254999000000000251e+02 1.889893100000000004e+03 2.289392282179561811e+00
2.008694000000000131e+02 2.118050000000000068e+02 2.039164000000000101e+02 1.969938999999999965e+02 2.127846000000000117e+02 2.356196999999999946e+02 2.721800999999999817e+02 3.335645999999999844e+02 8.135846999999998843e+02 1.867733699999999772e+03 2.295684395244895981e+00
1.882187000000000126e+02 2.008694000000000131e+02 2.118050000000000068e+02 2.039164000000000101e+02 1.969938999999999965e+02 2.127846000000000117e+02 2.356196999999999946e+02 2.721800999999999817e+02 8.048095000000000709e+02 1.722387799999999970e+03 2.140118624345264120e+00
1.886913000000000125e+02 1.882187000000000126e+02 2.008694000000000131e+02 2.118050000000000068e+02 2.039164000000000101e+02 1.969938999999999965e+02 2.127846000000000117e+02 2.356196999999999946e+02 7.895843999999999596e+02 1.638898999999999887e+03 2.075647644507667700e+00
1.672785000000000082e+02 1.886913000000000125e+02 1.882187000000000126e+02 2.008694000000000131e+02 2.118050000000000068e+02 2.039164000000000101e+02 1.969938999999999965e+02 2.127846000000000117e+02 7.450579000000000178e+02 1.570557800000000043e+03 2.107967447899015578e+00
1.516689000000000078e+02 1.672785000000000082e+02 1.886913000000000125e+02 1.882187000000000126e+02 2.008694000000000131e+02 2.118050000000000068e+02 2.039164000000000101e+02 1.969938999999999965e+02 6.958574000000000979e+02 1.509442099999999982e+03 2.169183082625836700e+00
1.293504000000000076e+02 1.516689000000000078e+02 1.672785000000000082e+02 1.886913000000000125e+02 1.882187000000000126e+02 2.008694000000000131e+02 2.118050000000000068e+02 2.039164000000000101e+02 6.369891000000000076e+02 1.441798600000000079e+03 2.263458825276602138e+00
1.057943000000000069e+02 1.293504000000000076e+02 1.516689000000000078e+02 1.672785000000000082e+02 1.886913000000000125e+02 1.882187000000000126e+02 2.008694000000000131e+02 2.118050000000000068e+02 5.540921000000000731e+02 1.343676500000000033e+03 2.425005698511131680e+00
9.681369999999999720e+01 1.057943000000000069e+02 1.293504000000000076e+02 1.516689000000000078e+02 1.672785000000000082e+02 1.886913000000000125e+02 1.882187000000000126e+02 2.008694000000000131e+02 4.836272999999999911e+02 1.228685199999999895e+03 2.540562122940536849e+00
1.006371000000000038e+02 9.681369999999999720e+01 1.057943000000000069e+02 1.293504000000000076e+02 1.516689000000000078e+02 1.672785000000000082e+02 1.886913000000000125e+02 1.882187000000000126e+02 4.325955000000000155e+02 1.128452900000000227e+03 2.608563658198016721e+00
1.005100999999999942e+02 1.006371000000000038e+02 9.681369999999999720e+01 1.057943000000000069e+02 1.293504000000000076e+02 1.516689000000000078e+02 1.672785000000000082e+02 1.886913000000000125e+02 4.037552000000000021e+02 1.040744300000000067e+03 2.577661662314194579e+00
1.029545999999999992e+02 1.005100999999999942e+02 1.006371000000000038e+02 9.681369999999999720e+01 1.057943000000000069e+02 1.293504000000000076e+02 1.516689000000000078e+02 1.672785000000000082e+02 4.009155000000000086e+02 9.550076000000001386e+02 2.382067044052924132e+00
1.065056000000000012e+02 1.029545999999999992e+02 1.005100999999999942e+02 1.006371000000000038e+02 9.681369999999999720e+01 1.057943000000000069e+02 1.293504000000000076e+02 1.516689000000000078e+02 4.106073999999999842e+02 8.942346999999999753e+02 2.177833862711680446e+00
9.517600000000000193e+01 1.065056000000000012e+02 1.029545999999999992e+02 1.005100999999999942e+02 1.006371000000000038e+02 9.681369999999999720e+01 1.057943000000000069e+02 1.293504000000000076e+02 4.051462999999999965e+02 8.377418000000000120e+02 2.067751328347315454e+00
7.805859999999999843e+01 9.517600000000000193e+01 1.065056000000000012e+02 1.029545999999999992e+02 1.005100999999999942e+02 1.006371000000000038e+02 9.681369999999999720e+01 1.057943000000000069e+02 3.826947999999999865e+02 7.864500000000000455e+02 2.055031842606693360e+00
8.154080000000000439e+01 7.805859999999999843e+01 9.517600000000000193e+01 1.065056000000000012e+02 1.029545999999999992e+02 1.005100999999999942e+02 1.006371000000000038e+02 9.681369999999999720e+01 3.612810000000000059e+02 7.621965000000000146e+02 2.109705464721366663e+00
8.782089999999999463e+01 8.154080000000000439e+01 7.805859999999999843e+01 9.517600000000000193e+01 1.065056000000000012e+02 1.029545999999999992e+02 1.005100999999999942e+02 1.006371000000000038e+02 3.425962999999999852e+02 7.532037000000000262e+02 2.198516738213460275e+00
9.332089999999999463e+01 8.782089999999999463e+01 8.154080000000000439e+01 7.805859999999999843e+01 9.517600000000000193e+01 1.065056000000000012e+02 1.029545999999999992e+02 1.005100999999999942e+02 3.407411999999999921e+02 7.458875000000000455e+02 2.189014712632344040e+00
1.109887999999999977e+02 9.332089999999999463e+01 8.782089999999999463e+01 8.154080000000000439e+01 7.805859999999999843e+01 9.517600000000000193e+01 1.065056000000000012e+02 1.029545999999999992e+02 3.736713999999999487e+02 7.563661999999999352e+02 2.024147954593260579e+00
1.039145999999999930e+02 1.109887999999999977e+02 9.332089999999999463e+01 8.782089999999999463e+01 8.154080000000000439e+01 7.805859999999999843e+01 9.517600000000000193e+01 1.065056000000000012e+02 3.960451999999999657e+02 7.573261999999999716e+02 1.912221635308293255e+00
9.871930000000000405e+01 1.039145999999999930e+02 1.109887999999999977e+02 9.332089999999999463e+01 8.782089999999999463e+01 8.154080000000000439e+01 7.805859999999999843e+01 9.517600000000000193e+01 4.069436000000000035e+02 7.495398999999999887e+02 1.841876613860004230e+00
9.826680000000000348e+01 9.871930000000000405e+01 1.039145999999999930e+02 1.109887999999999977e+02 9.332089999999999463e+01 8.782089999999999463e+01 8.154080000000000439e+01 7.805859999999999843e+01 4.118894999999999982e+02 7.526306999999999334e+02 1.827263622889148564e+00
1.004612000000000052e+02 9.826680000000000348e+01 9.871930000000000405e+01 1.039145999999999930e+02 1.109887999999999977e+02 9.332089999999999463e+01 8.782089999999999463e+01 8.154080000000000439e+01 4.013619000000000483e+02 7.750333000000000538e+02 1.931008648304684439e+00
1.092724000000000046e+02 1.004612000000000052e+02 9.826680000000000348e+01 9.871930000000000405e+01 1.039145999999999930e+02 1.109887999999999977e+02 9.332089999999999463e+01 8.782089999999999463e+01 4.067196999999999889e+02 8.027648999999998978e+02 1.973754652159705802e+00
1.092703999999999951e+02 1.092724000000000046e+02 1.004612000000000052e+02 9.826680000000000348e+01 9.871930000000000405e+01 1.039145999999999930e+02 1.109887999999999977e+02 9.332089999999999463e+01 4.172708000000000084e+02 8.242144000000000688e+02 1.975250604643315588e+00
1.088028999999999940e+02 1.092703999999999951e+02 1.092724000000000046e+02 1.004612000000000052e+02 9.826680000000000348e+01 9.871930000000000405e+01 1.039145999999999930e+02 1.109887999999999977e+02 4.278068999999999846e+02 8.396964000000000397e+02 1.962793026479937808e+00
1.072239000000000004e+02 1.088028999999999940e+02 1.092703999999999951e+02 1.092724000000000046e+02 1.004612000000000052e+02 9.826680000000000348e+01 9.871930000000000405e+01 1.039145999999999930e+02 4.345695999999999799e+02 8.359315000000000282e+02 1.923584852691030633e+00
1.020272999999999968e+02 1.072239000000000004e+02 1.088028999999999940e+02 1.092703999999999951e+02 1.092724000000000046e+02 1.004612000000000052e+02 9.826680000000000348e+01 9.871930000000000405e+01 4.273244999999999436e+02 8.340441999999999325e+02 1.951781842604390915e+00
9.969729999999999848e+01 1.020272999999999968e+02 1.072239000000000004e+02 1.088028999999999940e+02 1.092703999999999951e+02 1.092724000000000046e+02 1.004612000000000052e+02 9.826680000000000348e+01 4.177513999999999896e+02 8.350221999999999980e+02 1.998849555022436775e+00
1.032899000000000029e+02 9.969729999999999848e+01 1.020272999999999968e+02 1.072239000000000004e+02 1.088028999999999940e+02 1.092703999999999951e+02 1.092724000000000046e+02 1.004612000000000052e+02 4.122384000000000128e+02 8.400452999999999975e+02 2.037765768545579448e+00
1.022305999999999955e+02 1.032899000000000029e+02 9.969729999999999848e+01 1.020272999999999968e+02 1.072239000000000004e+02 1.088028999999999940e+02 1.092703999999999951e+02 1.092724000000000046e+02 4.072450999999999794e+02 8.418146999999999025e+02 2.067095957692308694e+00
1.022801999999999936e+02 1.022305999999999955e+02 1.032899000000000029e+02 9.969729999999999848e+01 1.020272999999999968e+02 1.072239000000000004e+02 1.088028999999999940e+02 1.092703999999999951e+02 4.074979999999999905e+02 8.348224999999999909e+02 2.048654226523811239e+00
1.024759999999999991e+02 1.022801999999999936e+02 1.022305999999999955e+02 1.032899000000000029e+02 9.969729999999999848e+01 1.020272999999999968e+02 1.072239000000000004e+02 1.088028999999999940e+02 4.102766999999999484e+02 8.280280999999999949e+02 2.018218680222396699e+00
1.097222000000000008e+02 1.024759999999999991e+02 1.022801999999999936e+02 1.022305999999999955e+02 1.032899000000000029e+02 9.969729999999999848e+01 1.020272999999999968e+02 1.072239000000000004e+02 4.167089999999999463e+02 8.289474000000000160e+02 1.989271650000360214e+00
1.178097000000000065e+02 1.097222000000000008e+02 1.024759999999999991e+02 1.022801999999999936e+02 1.022305999999999955e+02 1.032899000000000029e+02 9.969729999999999848e+01 1.020272999999999968e+02 4.322880999999999858e+02 8.395331999999999653e+02 1.942068726851375216e+00
1.245348999999999933e+02 1.178097000000000065e+02 1.097222000000000008e+02 1.024759999999999991e+02 1.022801999999999936e+02 1.022305999999999955e+02 1.032899000000000029e+02 9.969729999999999848e+01 4.545427999999999997e+02 8.620407999999999902e+02 1.896500835564879583e+00
1.176824000000000012e+02 1.245348999999999933e+02 1.178097000000000065e+02 1.097222000000000008e+02 1.024759999999999991e+02 1.022801999999999936e+02 1.022305999999999955e+02 1.032899000000000029e+02 4.697491999999999734e+02 8.800258999999998650e+02 1.873395207485185621e+00
1.152184000000000026e+02 1.176824000000000012e+02 1.245348999999999933e+02 1.178097000000000065e+02 1.097222000000000008e+02 1.024759999999999991e+02 1.022801999999999936e+02 1.022305999999999955e+02 4.752454000000000178e+02 8.919543999999999642e+02 1.876829107656801998e+00
1.369038999999999930e+02 1.152184000000000026e+02 1.176824000000000012e+02 1.245348999999999933e+02 1.178097000000000065e+02 1.097222000000000008e+02 1.024759999999999991e+02 1.022801999999999936e+02 4.943396000000000186e+02 9.266277000000000044e+02 1.874475967533250298e+00
1.495429000000000030e+02 1.369038999999999930e+02 1.152184000000000026e+02 1.176824000000000012e+02 1.245348999999999933e+02 1.178097000000000065e+02 1.097222000000000008e+02 1.024759999999999991e+02 5.193476000000000568e+02 9.738903999999999996e+02 1.875218832242605771e+00
1.320339999999999918e+02 1.495429000000000030e+02 1.369038999999999930e+02 1.152184000000000026e+02 1.176824000000000012e+02 1.245348999999999933e+02 1.178097000000000065e+02 1.097222000000000008e+02 5.336992000000000189e+02 1.003448399999999992e+03 1.880175949298780846e+00
1.270858999999999952e+02 1.320339999999999918e+02 1.495429000000000030e+02 1.369038999999999930e+02 1.152184000000000026e+02 1.176824000000000012e+02 1.245348999999999933e+02 1.178097000000000065e+02 5.455666999999999689e+02 1.020812099999999987e+03 1.871104119807898813e+00
