1.365500000000000000e+04 1.089000000000000000e+04 1.294300000000000000e+04 1.465600000000000000e+04 1.620500000000000000e+04 1.103600000000000000e+04 1.160500000000000000e+04 1.226700000000000000e+04 5.214400000000000000e+04 1.032570000000000000e+05 1.980227830622890428e+00
1.175400000000000000e+04 1.365500000000000000e+04 1.089000000000000000e+04 1.294300000000000000e+04 1.465600000000000000e+04 1.620500000000000000e+04 1.103600000000000000e+04 1.160500000000000000e+04 4.924200000000000000e+04 1.027440000000000000e+05 2.086511514560740910e+00
1.158200000000000000e+04 1.175400000000000000e+04 1.365500000000000000e+04 1.089000000000000000e+04 1.294300000000000000e+04 1.465600000000000000e+04 1.620500000000000000e+04 1.103600000000000000e+04 4.788100000000000000e+04 1.027210000000000000e+05 2.145339487479375862e+00
1.028300000000000000e+04 1.158200000000000000e+04 1.175400000000000000e+04 1.365500000000000000e+04 1.089000000000000000e+04 1.294300000000000000e+04 1.465600000000000000e+04 1.620500000000000000e+04 4.727400000000000000e+04 1.019680000000000000e+05 2.156957312687735495e+00
1.143700000000000000e+04 1.028300000000000000e+04 1.158200000000000000e+04 1.175400000000000000e+04 1.365500000000000000e+04 1.089000000000000000e+04 1.294300000000000000e+04 1.465600000000000000e+04 4.505600000000000000e+04 9.720000000000000000e+04 2.157315340909090828e+00
1.642800000000000000e+04 1.143700000000000000e+04 1.028300000000000000e+04 1.158200000000000000e+04 1.175400000000000000e+04 1.365500000000000000e+04 1.089000000000000000e+04 1.294300000000000000e+04 4.973000000000000000e+04 9.897200000000000000e+04 1.990187009853207289e+00
1.304000000000000000e+04 1.642800000000000000e+04 1.143700000000000000e+04 1.028300000000000000e+04 1.158200000000000000e+04 1.175400000000000000e+04 1.365500000000000000e+04 1.089000000000000000e+04 5.118800000000000000e+04 9.906900000000000000e+04 1.935395014456513296e+00
1.416900000000000000e+04 1.304000000000000000e+04 1.642800000000000000e+04 1.143700000000000000e+04 1.028300000000000000e+04 1.158200000000000000e+04 1.175400000000000000e+04 1.365500000000000000e+04 5.507400000000000000e+04 1.023480000000000000e+05 1.858372371718052030e+00
1.271200000000000000e+04 1.416900000000000000e+04 1.304000000000000000e+04 1.642800000000000000e+04 1.143700000000000000e+04 1.028300000000000000e+04 1.158200000000000000e+04 1.175400000000000000e+04 5.634900000000000000e+04 1.014050000000000000e+05 1.799588280182434552e+00
9.908000000000000000e+03 1.271200000000000000e+04 1.416900000000000000e+04 1.304000000000000000e+04 1.642800000000000000e+04 1.143700000000000000e+04 1.028300000000000000e+04 1.158200000000000000e+04 4.982900000000000000e+04 9.955900000000000000e+04 1.998013205161652817e+00
1.088000000000000000e+04 9.908000000000000000e+03 1.271200000000000000e+04 1.416900000000000000e+04 1.304000000000000000e+04 1.642800000000000000e+04 1.143700000000000000e+04 1.028300000000000000e+04 4.766900000000000000e+04 9.885700000000000000e+04 2.073821561182319861e+00
8.736000000000000000e+03 1.088000000000000000e+04 9.908000000000000000e+03 1.271200000000000000e+04 1.416900000000000000e+04 1.304000000000000000e+04 1.642800000000000000e+04 1.143700000000000000e+04 4.223600000000000000e+04 9.731000000000000000e+04 2.303958708211004680e+00
1.027700000000000000e+04 8.736000000000000000e+03 1.088000000000000000e+04 9.908000000000000000e+03 1.271200000000000000e+04 1.416900000000000000e+04 1.304000000000000000e+04 1.642800000000000000e+04 3.980100000000000000e+04 9.615000000000000000e+04 2.415768448028944082e+00
1.336600000000000000e+04 1.027700000000000000e+04 8.736000000000000000e+03 1.088000000000000000e+04 9.908000000000000000e+03 1.271200000000000000e+04 1.416900000000000000e+04 1.304000000000000000e+04 4.325900000000000000e+04 9.308800000000000000e+04 2.151875910215215182e+00
1.477500000000000000e+04 1.336600000000000000e+04 1.027700000000000000e+04 8.736000000000000000e+03 1.088000000000000000e+04 9.908000000000000000e+03 1.271200000000000000e+04 1.416900000000000000e+04 4.715400000000000000e+04 9.482300000000000000e+04 2.010921660940747202e+00
1.510500000000000000e+04 1.477500000000000000e+04 1.336600000000000000e+04 1.027700000000000000e+04 8.736000000000000000e+03 1.088000000000000000e+04 9.908000000000000000e+03 1.271200000000000000e+04 5.352300000000000000e+04 9.575900000000000000e+04 1.789118696635091377e+00
1.692900000000000000e+04 1.510500000000000000e+04 1.477500000000000000e+04 1.336600000000000000e+04 1.027700000000000000e+04 8.736000000000000000e+03 1.088000000000000000e+04 9.908000000000000000e+03 6.017500000000000000e+04 9.997600000000000000e+04 1.661420855837141719e+00
1.585400000000000000e+04 1.692900000000000000e+04 1.510500000000000000e+04 1.477500000000000000e+04 1.336600000000000000e+04 1.027700000000000000e+04 8.736000000000000000e+03 1.088000000000000000e+04 6.266300000000000000e+04 1.059220000000000000e+05 1.690343583933102467e+00
1.351500000000000000e+04 1.585400000000000000e+04 1.692900000000000000e+04 1.510500000000000000e+04 1.477500000000000000e+04 1.336600000000000000e+04 1.027700000000000000e+04 8.736000000000000000e+03 6.140300000000000000e+04 1.085570000000000000e+05 1.767942934384313380e+00
1.449400000000000000e+04 1.351500000000000000e+04 1.585400000000000000e+04 1.692900000000000000e+04 1.510500000000000000e+04 1.477500000000000000e+04 1.336600000000000000e+04 1.027700000000000000e+04 6.079200000000000000e+04 1.143150000000000000e+05 1.880428345834978199e+00
1.771600000000000000e+04 1.449400000000000000e+04 1.351500000000000000e+04 1.585400000000000000e+04 1.692900000000000000e+04 1.510500000000000000e+04 1.477500000000000000e+04 1.336600000000000000e+04 6.157900000000000000e+04 1.217540000000000000e+05 1.977200019487162841e+00
1.427700000000000000e+04 1.771600000000000000e+04 1.449400000000000000e+04 1.351500000000000000e+04 1.585400000000000000e+04 1.692900000000000000e+04 1.510500000000000000e+04 1.477500000000000000e+04 6.000200000000000000e+04 1.226650000000000000e+05 2.044348521715942724e+00
1.542200000000000000e+04 1.427700000000000000e+04 1.771600000000000000e+04 1.449400000000000000e+04 1.351500000000000000e+04 1.585400000000000000e+04 1.692900000000000000e+04 1.510500000000000000e+04 6.190900000000000000e+04 1.233120000000000000e+05 1.991826713401928739e+00
1.490500000000000000e+04 1.542200000000000000e+04 1.427700000000000000e+04 1.771600000000000000e+04 1.449400000000000000e+04 1.351500000000000000e+04 1.585400000000000000e+04 1.692900000000000000e+04 6.232000000000000000e+04 1.231120000000000000e+05 1.975481386392811345e+00
1.574000000000000000e+04 1.490500000000000000e+04 1.542200000000000000e+04 1.427700000000000000e+04 1.771600000000000000e+04 1.449400000000000000e+04 1.351500000000000000e+04 1.585400000000000000e+04 6.034400000000000000e+04 1.219230000000000000e+05 2.020465994962216794e+00
1.549300000000000000e+04 1.574000000000000000e+04 1.490500000000000000e+04 1.542200000000000000e+04 1.427700000000000000e+04 1.771600000000000000e+04 1.449400000000000000e+04 1.351500000000000000e+04 6.156000000000000000e+04 1.215620000000000000e+05 1.974691358024691423e+00
1.602000000000000000e+04 1.549300000000000000e+04 1.574000000000000000e+04 1.490500000000000000e+04 1.542200000000000000e+04 1.427700000000000000e+04 1.771600000000000000e+04 1.449400000000000000e+04 6.215800000000000000e+04 1.240670000000000000e+05 1.995994079603590876e+00
1.253000000000000000e+04 1.602000000000000000e+04 1.549300000000000000e+04 1.574000000000000000e+04 1.490500000000000000e+04 1.542200000000000000e+04 1.427700000000000000e+04 1.771600000000000000e+04 5.978300000000000000e+04 1.221030000000000000e+05 2.042436813140859453e+00
1.644900000000000000e+04 1.253000000000000000e+04 1.602000000000000000e+04 1.549300000000000000e+04 1.574000000000000000e+04 1.490500000000000000e+04 1.542200000000000000e+04 1.427700000000000000e+04 6.049200000000000000e+04 1.208360000000000000e+05 1.997553395490312855e+00
1.914900000000000000e+04 1.644900000000000000e+04 1.253000000000000000e+04 1.602000000000000000e+04 1.549300000000000000e+04 1.574000000000000000e+04 1.490500000000000000e+04 1.542200000000000000e+04 6.414800000000000000e+04 1.257080000000000000e+05 1.959655795971815273e+00
2.104000000000000000e+04 1.914900000000000000e+04 1.644900000000000000e+04 1.253000000000000000e+04 1.602000000000000000e+04 1.549300000000000000e+04 1.574000000000000000e+04 1.490500000000000000e+04 6.916800000000000000e+04 1.313260000000000000e+05 1.898652556095304256e+00
1.575500000000000000e+04 2.104000000000000000e+04 1.914900000000000000e+04 1.644900000000000000e+04 1.253000000000000000e+04 1.602000000000000000e+04 1.549300000000000000e+04 1.574000000000000000e+04 7.239300000000000000e+04 1.321760000000000000e+05 1.825811887889713159e+00
2.453300000000000000e+04 1.575500000000000000e+04 2.104000000000000000e+04 1.914900000000000000e+04 1.644900000000000000e+04 1.253000000000000000e+04 1.602000000000000000e+04 1.549300000000000000e+04 8.047700000000000000e+04 1.409690000000000000e+05 1.751668178485778604e+00
2.498000000000000000e+04 2.453300000000000000e+04 1.575500000000000000e+04 2.104000000000000000e+04 1.914900000000000000e+04 1.644900000000000000e+04 1.253000000000000000e+04 1.602000000000000000e+04 8.630800000000000000e+04 1.504560000000000000e+05 1.743245122120776758e+00
2.875700000000000000e+04 2.498000000000000000e+04 2.453300000000000000e+04 1.575500000000000000e+04 2.104000000000000000e+04 1.914900000000000000e+04 1.644900000000000000e+04 1.253000000000000000e+04 9.402500000000000000e+04 1.631930000000000000e+05 1.735634139856421232e+00
3.190500000000000000e+04 2.875700000000000000e+04 2.498000000000000000e+04 2.453300000000000000e+04 1.575500000000000000e+04 2.104000000000000000e+04 1.914900000000000000e+04 1.644900000000000000e+04 1.101750000000000000e+05 1.825680000000000000e+05 1.657072838665758940e+00
3.129600000000000000e+04 3.190500000000000000e+04 2.875700000000000000e+04 2.498000000000000000e+04 2.453300000000000000e+04 1.575500000000000000e+04 2.104000000000000000e+04 1.914900000000000000e+04 1.169380000000000000e+05 1.974150000000000000e+05 1.688202295233371508e+00
2.884900000000000000e+04 3.129600000000000000e+04 3.190500000000000000e+04 2.875700000000000000e+04 2.498000000000000000e+04 2.453300000000000000e+04 1.575500000000000000e+04 2.104000000000000000e+04 1.208070000000000000e+05 2.071150000000000000e+05 1.714428799655649094e+00
2.873100000000000000e+04 2.884900000000000000e+04 3.129600000000000000e+04 3.190500000000000000e+04 2.875700000000000000e+04 2.498000000000000000e+04 2.453300000000000000e+04 1.575500000000000000e+04 1.207810000000000000e+05 2.148060000000000000e+05 1.778475091280913301e+00
3.013800000000000000e+04 2.873100000000000000e+04 2.884900000000000000e+04 3.129600000000000000e+04 3.190500000000000000e+04 2.875700000000000000e+04 2.498000000000000000e+04 2.453300000000000000e+04 1.190140000000000000e+05 2.291890000000000000e+05 1.925731426554859071e+00
4.201500000000000000e+04 3.013800000000000000e+04 2.873100000000000000e+04 2.884900000000000000e+04 3.129600000000000000e+04 3.190500000000000000e+04 2.875700000000000000e+04 2.498000000000000000e+04 1.297330000000000000e+05 2.466710000000000000e+05 1.901374361187978312e+00
2.912000000000000000e+04 4.201500000000000000e+04 3.013800000000000000e+04 2.873100000000000000e+04 2.884900000000000000e+04 3.129600000000000000e+04 3.190500000000000000e+04 2.875700000000000000e+04 1.300040000000000000e+05 2.508110000000000000e+05 1.929256022891603362e+00
2.612700000000000000e+04 2.912000000000000000e+04 4.201500000000000000e+04 3.013800000000000000e+04 2.873100000000000000e+04 2.884900000000000000e+04 3.129600000000000000e+04 3.190500000000000000e+04 1.274000000000000000e+05 2.481810000000000000e+05 1.948045525902668773e+00
2.294100000000000000e+04 2.612700000000000000e+04 2.912000000000000000e+04 4.201500000000000000e+04 3.013800000000000000e+04 2.873100000000000000e+04 2.884900000000000000e+04 3.129600000000000000e+04 1.202030000000000000e+05 2.392170000000000000e+05 1.990108399956739937e+00
3.266800000000000000e+04 2.294100000000000000e+04 2.612700000000000000e+04 2.912000000000000000e+04 4.201500000000000000e+04 3.013800000000000000e+04 2.873100000000000000e+04 2.884900000000000000e+04 1.108560000000000000e+05 2.405890000000000000e+05 2.170283971999711348e+00
2.023500000000000000e+04 3.266800000000000000e+04 2.294100000000000000e+04 2.612700000000000000e+04 2.912000000000000000e+04 4.201500000000000000e+04 3.013800000000000000e+04 2.873100000000000000e+04 1.019710000000000000e+05 2.319750000000000000e+05 2.274911494444499027e+00
4.346100000000000000e+04 2.023500000000000000e+04 3.266800000000000000e+04 2.294100000000000000e+04 2.612700000000000000e+04 2.912000000000000000e+04 4.201500000000000000e+04 3.013800000000000000e+04 1.193050000000000000e+05 2.467050000000000000e+05 2.067851305477557577e+00
3.260100000000000000e+04 4.346100000000000000e+04 2.023500000000000000e+04 3.266800000000000000e+04 2.294100000000000000e+04 2.612700000000000000e+04 2.912000000000000000e+04 4.201500000000000000e+04 1.289650000000000000e+05 2.491680000000000000e+05 1.932059085798472520e+00
3.823700000000000000e+04 3.260100000000000000e+04 4.346100000000000000e+04 2.023500000000000000e+04 3.266800000000000000e+04 2.294100000000000000e+04 2.612700000000000000e+04 2.912000000000000000e+04 1.345340000000000000e+05 2.453900000000000000e+05 1.823999881070956119e+00
4.208200000000000000e+04 3.823700000000000000e+04 3.260100000000000000e+04 4.346100000000000000e+04 2.023500000000000000e+04 3.266800000000000000e+04 2.294100000000000000e+04 2.612700000000000000e+04 1.563810000000000000e+05 2.583520000000000000e+05 1.652067706434924954e+00
3.006400000000000000e+04 4.208200000000000000e+04 3.823700000000000000e+04 3.260100000000000000e+04 4.346100000000000000e+04 2.023500000000000000e+04 3.266800000000000000e+04 2.294100000000000000e+04 1.429840000000000000e+05 2.622890000000000000e+05 1.834394058076428191e+00
3.297100000000000000e+04 3.006400000000000000e+04 4.208200000000000000e+04 3.823700000000000000e+04 3.260100000000000000e+04 4.346100000000000000e+04 2.023500000000000000e+04 3.266800000000000000e+04 1.433540000000000000e+05 2.723190000000000000e+05 1.899626100422729724e+00
3.759700000000000000e+04 3.297100000000000000e+04 3.006400000000000000e+04 4.208200000000000000e+04 3.823700000000000000e+04 3.260100000000000000e+04 4.346100000000000000e+04 2.023500000000000000e+04 1.427140000000000000e+05 2.772480000000000000e+05 1.942682567933069038e+00
3.363700000000000000e+04 3.759700000000000000e+04 3.297100000000000000e+04 3.006400000000000000e+04 4.208200000000000000e+04 3.823700000000000000e+04 3.260100000000000000e+04 4.346100000000000000e+04 1.342690000000000000e+05 2.906500000000000000e+05 2.164684327730153512e+00
1.697000000000000000e+04 3.363700000000000000e+04 3.759700000000000000e+04 3.297100000000000000e+04 3.006400000000000000e+04 4.208200000000000000e+04 3.823700000000000000e+04 3.260100000000000000e+04 1.211750000000000000e+05 2.641590000000000000e+05 2.179979368681658869e+00
-1.860500000000000000e+04 1.697000000000000000e+04 3.363700000000000000e+04 3.759700000000000000e+04 3.297100000000000000e+04 3.006400000000000000e+04 4.208200000000000000e+04 3.823700000000000000e+04 6.959900000000000000e+04 2.129530000000000000e+05 3.059713501630770605e+00
-5.378600000000000000e+04 -1.860500000000000000e+04 1.697000000000000000e+04 3.363700000000000000e+04 3.759700000000000000e+04 3.297100000000000000e+04 3.006400000000000000e+04 4.208200000000000000e+04 -2.178400000000000000e+04 1.209300000000000000e+05 -5.551322071244950251e+00
3.556300000000000000e+04 -5.378600000000000000e+04 -1.860500000000000000e+04 1.697000000000000000e+04 3.363700000000000000e+04 3.759700000000000000e+04 3.297100000000000000e+04 3.006400000000000000e+04 -1.985800000000000000e+04 1.144110000000000000e+05 -5.761456340014100341e+00
3.233100000000000000e+04 3.556300000000000000e+04 -5.378600000000000000e+04 -1.860500000000000000e+04 1.697000000000000000e+04 3.363700000000000000e+04 3.759700000000000000e+04 3.297100000000000000e+04 -4.497000000000000000e+03 1.166780000000000000e+05 -2.594574160551478670e+01
4.296400000000000000e+04 3.233100000000000000e+04 3.556300000000000000e+04 -5.378600000000000000e+04 -1.860500000000000000e+04 1.697000000000000000e+04 3.363700000000000000e+04 3.759700000000000000e+04 5.707200000000000000e+04 1.266710000000000000e+05 2.219494673395009610e+00
6.740400000000000000e+04 4.296400000000000000e+04 3.233100000000000000e+04 3.556300000000000000e+04 -5.378600000000000000e+04 -1.860500000000000000e+04 1.697000000000000000e+04 3.363700000000000000e+04 1.782620000000000000e+05 1.564780000000000000e+05 8.777978481112070908e-01
4.177000000000000000e+04 6.740400000000000000e+04 4.296400000000000000e+04 3.233100000000000000e+04 3.556300000000000000e+04 -5.378600000000000000e+04 -1.860500000000000000e+04 1.697000000000000000e+04 1.844690000000000000e+05 1.646110000000000000e+05 8.923504762317787664e-01
4.172800000000000000e+04 4.177000000000000000e+04 6.740400000000000000e+04 4.296400000000000000e+04 3.233100000000000000e+04 3.556300000000000000e+04 -5.378600000000000000e+04 -1.860500000000000000e+04 1.938660000000000000e+05 1.893690000000000000e+05 9.768035653492618264e-01
5.954800000000000000e+04 4.172800000000000000e+04 4.177000000000000000e+04 6.740400000000000000e+04 4.296400000000000000e+04 3.233100000000000000e+04 3.556300000000000000e+04 -5.378600000000000000e+04 2.104500000000000000e+05 2.675220000000000000e+05 1.271190306486101207e+00
6.990900000000000000e+04 5.954800000000000000e+04 4.172800000000000000e+04 4.177000000000000000e+04 6.740400000000000000e+04 4.296400000000000000e+04 3.233100000000000000e+04 3.556300000000000000e+04 2.129550000000000000e+05 3.912170000000000000e+05 1.837087647625085030e+00
4.787300000000000000e+04 6.990900000000000000e+04 5.954800000000000000e+04 4.172800000000000000e+04 4.177000000000000000e+04 6.740400000000000000e+04 4.296400000000000000e+04 3.233100000000000000e+04 2.190580000000000000e+05 4.035270000000000000e+05 1.842101178683271057e+00
5.871100000000000000e+04 4.787300000000000000e+04 6.990900000000000000e+04 5.954800000000000000e+04 4.172800000000000000e+04 4.177000000000000000e+04 6.740400000000000000e+04 4.296400000000000000e+04 2.360410000000000000e+05 4.299070000000000000e+05 1.821323414152625997e+00
6.705000000000000000e+04 5.871100000000000000e+04 4.787300000000000000e+04 6.990900000000000000e+04 5.954800000000000000e+04 4.172800000000000000e+04 4.177000000000000000e+04 6.740400000000000000e+04 2.435430000000000000e+05 4.539930000000000000e+05 1.864118451361771900e+00
5.255000000000000000e+04 6.705000000000000000e+04 5.871100000000000000e+04 4.787300000000000000e+04 6.990900000000000000e+04 5.954800000000000000e+04 4.172800000000000000e+04 4.177000000000000000e+04 2.261840000000000000e+05 4.391390000000000000e+05 1.941512220139355538e+00
6.106100000000000000e+04 5.255000000000000000e+04 6.705000000000000000e+04 5.871100000000000000e+04 4.787300000000000000e+04 6.990900000000000000e+04 5.954800000000000000e+04 4.172800000000000000e+04 2.393720000000000000e+05 4.584300000000000000e+05 1.915136273248333243e+00
5.797300000000000000e+04 6.106100000000000000e+04 5.255000000000000000e+04 6.705000000000000000e+04 5.871100000000000000e+04 4.787300000000000000e+04 6.990900000000000000e+04 5.954800000000000000e+04 2.386340000000000000e+05 4.746750000000000000e+05 1.989133987612829779e+00
5.708900000000000000e+04 5.797300000000000000e+04 6.106100000000000000e+04 5.255000000000000000e+04 6.705000000000000000e+04 5.871100000000000000e+04 4.787300000000000000e+04 6.990900000000000000e+04 2.286730000000000000e+05 4.722160000000000000e+05 2.065027353469802041e+00
6.293000000000000000e+04 5.708900000000000000e+04 5.797300000000000000e+04 6.106100000000000000e+04 5.255000000000000000e+04 6.705000000000000000e+04 5.871100000000000000e+04 4.787300000000000000e+04 2.390530000000000000e+05 4.652370000000000000e+05 1.946166749632926685e+00
7.368800000000000000e+04 6.293000000000000000e+04 5.708900000000000000e+04 5.797300000000000000e+04 6.106100000000000000e+04 5.255000000000000000e+04 6.705000000000000000e+04 5.871100000000000000e+04 2.516800000000000000e+05 4.910520000000000000e+05 1.951096630642085161e+00
6.567400000000000000e+04 7.368800000000000000e+04 6.293000000000000000e+04 5.708900000000000000e+04 5.797300000000000000e+04 6.106100000000000000e+04 5.255000000000000000e+04 6.705000000000000000e+04 2.593810000000000000e+05 4.980150000000000000e+05 1.920013416557110997e+00
6.784100000000000000e+04 6.567400000000000000e+04 7.368800000000000000e+04 6.293000000000000000e+04 5.708900000000000000e+04 5.797300000000000000e+04 6.106100000000000000e+04 5.255000000000000000e+04 2.701330000000000000e+05 4.988060000000000000e+05 1.846520047532141495e+00
6.656200000000000000e+04 6.784100000000000000e+04 6.567400000000000000e+04 7.368800000000000000e+04 6.293000000000000000e+04 5.708900000000000000e+04 5.797300000000000000e+04 6.106100000000000000e+04 2.737650000000000000e+05 5.128180000000000000e+05 1.873205121180574473e+00
6.600100000000000000e+04 6.656200000000000000e+04 6.784100000000000000e+04 6.567400000000000000e+04 7.368800000000000000e+04 6.293000000000000000e+04 5.708900000000000000e+04 5.797300000000000000e+04 2.660780000000000000e+05 5.177580000000000000e+05 1.945888047865663495e+00
6.587200000000000000e+04 6.600100000000000000e+04 6.656200000000000000e+04 6.784100000000000000e+04 6.567400000000000000e+04 7.368800000000000000e+04 6.293000000000000000e+04 5.708900000000000000e+04 2.662760000000000000e+05 5.256570000000000000e+05 1.974105815019002730e+00
6.829500000000000000e+04 6.587200000000000000e+04 6.600100000000000000e+04 6.656200000000000000e+04 6.784100000000000000e+04 6.567400000000000000e+04 7.368800000000000000e+04 6.293000000000000000e+04 2.667300000000000000e+05 5.368630000000000000e+05 2.012758219922768266e+00
6.682800000000000000e+04 6.829500000000000000e+04 6.587200000000000000e+04 6.600100000000000000e+04 6.656200000000000000e+04 6.784100000000000000e+04 6.567400000000000000e+04 7.368800000000000000e+04 2.669960000000000000e+05 5.407610000000000000e+05 2.025352439736924914e+00
6.256800000000000000e+04 6.682800000000000000e+04 6.829500000000000000e+04 6.587200000000000000e+04 6.600100000000000000e+04 6.656200000000000000e+04 6.784100000000000000e+04 6.567400000000000000e+04 2.635630000000000000e+05 5.296410000000000000e+05 2.009542310567113077e+00
5.210800000000000000e+04 6.256800000000000000e+04 6.682800000000000000e+04 6.829500000000000000e+04 6.587200000000000000e+04 6.600100000000000000e+04 6.656200000000000000e+04 6.784100000000000000e+04 2.497990000000000000e+05 5.160750000000000000e+05 2.065961032670267095e+00
5.709400000000000000e+04 5.210800000000000000e+04 6.256800000000000000e+04 6.682800000000000000e+04 6.829500000000000000e+04 6.587200000000000000e+04 6.600100000000000000e+04 6.656200000000000000e+04 2.385980000000000000e+05 5.053280000000000000e+05 2.117905430892128127e+00
5.926800000000000000e+04 5.709400000000000000e+04 5.210800000000000000e+04 6.256800000000000000e+04 6.682800000000000000e+04 6.829500000000000000e+04 6.587200000000000000e+04 6.600100000000000000e+04 2.310380000000000000e+05 4.980340000000000000e+05 2.155636735082540500e+00
6.417400000000000000e+04 5.926800000000000000e+04 5.709400000000000000e+04 5.210800000000000000e+04 6.256800000000000000e+04 6.682800000000000000e+04 6.829500000000000000e+04 6.587200000000000000e+04 2.326440000000000000e+05 4.962070000000000000e+05 2.132902632348137040e+00
5.951700000000000000e+04 6.417400000000000000e+04 5.926800000000000000e+04 5.709400000000000000e+04 5.210800000000000000e+04 6.256800000000000000e+04 6.682800000000000000e+04 6.829500000000000000e+04 2.400530000000000000e+05 4.898520000000000000e+05 2.040599367639646111e+00
8.431400000000000000e+04 5.951700000000000000e+04 6.417400000000000000e+04 5.926800000000000000e+04 5.709400000000000000e+04 5.210800000000000000e+04 6.256800000000000000e+04 6.682800000000000000e+04 2.672730000000000000e+05 5.058710000000000000e+05 1.892712694510855886e+00
6.540300000000000000e+04 8.431400000000000000e+04 5.951700000000000000e+04 6.417400000000000000e+04 5.926800000000000000e+04 5.709400000000000000e+04 5.210800000000000000e+04 6.256800000000000000e+04 2.734080000000000000e+05 5.044460000000000000e+05 1.845030138108614270e+00
6.767800000000000000e+04 6.540300000000000000e+04 8.431400000000000000e+04 5.951700000000000000e+04 6.417400000000000000e+04 5.926800000000000000e+04 5.709400000000000000e+04 5.210800000000000000e+04 2.769120000000000000e+05 5.095560000000000000e+05 1.840136938810885692e+00
6.832300000000000000e+04 6.767800000000000000e+04 6.540300000000000000e+04 8.431400000000000000e+04 5.951700000000000000e+04 6.417400000000000000e+04 5.926800000000000000e+04 5.709400000000000000e+04 2.857180000000000000e+05 5.257710000000000000e+05 1.840174577730489425e+00
6.810100000000000000e+04 6.832300000000000000e+04 6.767800000000000000e+04 6.540300000000000000e+04 8.431400000000000000e+04 5.951700000000000000e+04 6.417400000000000000e+04 5.926800000000000000e+04 2.695050000000000000e+05 5.367780000000000000e+05 1.991718149941559490e+00
6.631800000000000000e+04 6.810100000000000000e+04 6.832300000000000000e+04 6.767800000000000000e+04 6.540300000000000000e+04 8.431400000000000000e+04 5.951700000000000000e+04 6.417400000000000000e+04 2.704200000000000000e+05 5.438280000000000000e+05 2.011049478588861739e+00
6.448200000000000000e+04 6.631800000000000000e+04 6.810100000000000000e+04 6.832300000000000000e+04 6.767800000000000000e+04 6.540300000000000000e+04 8.431400000000000000e+04 5.951700000000000000e+04 2.672240000000000000e+05 5.441360000000000000e+05 2.036254228662096377e+00
5.700600000000000000e+04 6.448200000000000000e+04 6.631800000000000000e+04 6.810100000000000000e+04 6.832300000000000000e+04 6.767800000000000000e+04 6.540300000000000000e+04 8.431400000000000000e+04 2.559070000000000000e+05 5.416250000000000000e+05 2.116491537941517898e+00
5.645400000000000000e+04 5.700600000000000000e+04 6.448200000000000000e+04 6.631800000000000000e+04 6.810100000000000000e+04 6.832300000000000000e+04 6.767800000000000000e+04 6.540300000000000000e+04 2.442600000000000000e+05 5.137650000000000000e+05 2.103352984524686775e+00
6.572800000000000000e+04 5.645400000000000000e+04 5.700600000000000000e+04 6.448200000000000000e+04 6.631800000000000000e+04 6.810100000000000000e+04 6.832300000000000000e+04 6.767800000000000000e+04 2.436700000000000000e+05 5.140900000000000000e+05 2.109779619977838916e+00
5.453300000000000000e+04 6.572800000000000000e+04 5.645400000000000000e+04 5.700600000000000000e+04 6.448200000000000000e+04 6.631800000000000000e+04 6.810100000000000000e+04 6.832300000000000000e+04 2.337210000000000000e+05 5.009450000000000000e+05 2.143346126364340520e+00
5.654100000000000000e+04 5.453300000000000000e+04 6.572800000000000000e+04 5.645400000000000000e+04 5.700600000000000000e+04 6.448200000000000000e+04 6.631800000000000000e+04 6.810100000000000000e+04 2.332560000000000000e+05 4.891630000000000000e+05 2.097107898617827537e+00
5.385300000000000000e+04 5.654100000000000000e+04 5.453300000000000000e+04 6.572800000000000000e+04 5.645400000000000000e+04 5.700600000000000000e+04 6.448200000000000000e+04 6.631800000000000000e+04 2.306550000000000000e+05 4.749150000000000000e+05 2.058984197177602837e+00
7.019600000000000000e+04 5.385300000000000000e+04 5.654100000000000000e+04 5.453300000000000000e+04 6.572800000000000000e+04 5.645400000000000000e+04 5.700600000000000000e+04 6.448200000000000000e+04 2.351230000000000000e+05 4.787930000000000000e+05 2.036351186400309654e+00
6.417400000000000000e+04 7.019600000000000000e+04 5.385300000000000000e+04 5.654100000000000000e+04 5.453300000000000000e+04 6.572800000000000000e+04 5.645400000000000000e+04 5.700600000000000000e+04 2.447640000000000000e+05 4.784850000000000000e+05 1.954883071039858811e+00
6.768500000000000000e+04 6.417400000000000000e+04 7.019600000000000000e+04 5.385300000000000000e+04 5.654100000000000000e+04 5.453300000000000000e+04 6.572800000000000000e+04 5.645400000000000000e+04 2.559080000000000000e+05 4.891640000000000000e+05 1.911483814495834377e+00
-1.000000000000000000e+08 6.768500000000000000e+04 6.417400000000000000e+04 7.019600000000000000e+04 5.385300000000000000e+04 5.654100000000000000e+04 5.453300000000000000e+04 6.572800000000000000e+04 -9.979794500000000000e+07 -9.956729000000000000e+07 9.976887800645594107e-01
