9.429000000000000000e+05 9.365990000000000000e+05 9.277660000000000000e+05 9.172360000000000000e+05 9.050480000000000000e+05 8.932720000000000000e+05 8.807510000000000000e+05 8.682440000000000000e+05 3.724501000000000000e+06 7.271816000000000000e+06 1.952426915713004307e+00
9.474290000000000000e+05 9.429000000000000000e+05 9.365990000000000000e+05 9.277660000000000000e+05 9.172360000000000000e+05 9.050480000000000000e+05 8.932720000000000000e+05 8.807510000000000000e+05 3.754694000000000000e+06 7.351001000000000000e+06 1.957816269448322544e+00
9.545810000000000000e+05 9.474290000000000000e+05 9.429000000000000000e+05 9.365990000000000000e+05 9.277660000000000000e+05 9.172360000000000000e+05 9.050480000000000000e+05 8.932720000000000000e+05 3.781509000000000000e+06 7.424831000000000000e+06 1.963457180718067852e+00
9.630150000000000000e+05 9.545810000000000000e+05 9.474290000000000000e+05 9.429000000000000000e+05 9.365990000000000000e+05 9.277660000000000000e+05 9.172360000000000000e+05 9.050480000000000000e+05 3.807925000000000000e+06 7.494574000000000000e+06 1.968151683659735918e+00
9.738740000000000000e+05 9.630150000000000000e+05 9.545810000000000000e+05 9.474290000000000000e+05 9.429000000000000000e+05 9.365990000000000000e+05 9.277660000000000000e+05 9.172360000000000000e+05 3.838899000000000000e+06 7.563400000000000000e+06 1.970200310036809954e+00
9.857830000000000000e+05 9.738740000000000000e+05 9.630150000000000000e+05 9.545810000000000000e+05 9.474290000000000000e+05 9.429000000000000000e+05 9.365990000000000000e+05 9.277660000000000000e+05 3.877253000000000000e+06 7.631947000000000000e+06 1.968390249488490840e+00
9.977410000000000000e+05 9.857830000000000000e+05 9.738740000000000000e+05 9.630150000000000000e+05 9.545810000000000000e+05 9.474290000000000000e+05 9.429000000000000000e+05 9.365990000000000000e+05 3.920413000000000000e+06 7.701922000000000000e+06 1.964569039027265651e+00
1.009297000000000000e+06 9.977410000000000000e+05 9.857830000000000000e+05 9.738740000000000000e+05 9.630150000000000000e+05 9.545810000000000000e+05 9.474290000000000000e+05 9.429000000000000000e+05 3.966695000000000000e+06 7.774620000000000000e+06 1.959974235478149973e+00
1.021572000000000000e+06 1.009297000000000000e+06 9.977410000000000000e+05 9.857830000000000000e+05 9.738740000000000000e+05 9.630150000000000000e+05 9.545810000000000000e+05 9.474290000000000000e+05 4.014393000000000000e+06 7.853292000000000000e+06 1.956283801810136724e+00
1.033169000000000000e+06 1.021572000000000000e+06 1.009297000000000000e+06 9.977410000000000000e+05 9.857830000000000000e+05 9.738740000000000000e+05 9.630150000000000000e+05 9.545810000000000000e+05 4.061779000000000000e+06 7.939032000000000000e+06 1.954570152635089153e+00
1.046766000000000000e+06 1.033169000000000000e+06 1.021572000000000000e+06 1.009297000000000000e+06 9.977410000000000000e+05 9.857830000000000000e+05 9.738740000000000000e+05 9.630150000000000000e+05 4.110804000000000000e+06 8.031217000000000000e+06 1.953685215836123534e+00
1.062432000000000000e+06 1.046766000000000000e+06 1.033169000000000000e+06 1.021572000000000000e+06 1.009297000000000000e+06 9.977410000000000000e+05 9.857830000000000000e+05 9.738740000000000000e+05 4.163939000000000000e+06 8.130634000000000000e+06 1.952630429984685279e+00
1.079923000000000000e+06 1.062432000000000000e+06 1.046766000000000000e+06 1.033169000000000000e+06 1.021572000000000000e+06 1.009297000000000000e+06 9.977410000000000000e+05 9.857830000000000000e+05 4.222290000000000000e+06 8.236683000000000000e+06 1.950762027241141672e+00
1.099521000000000000e+06 1.079923000000000000e+06 1.062432000000000000e+06 1.046766000000000000e+06 1.033169000000000000e+06 1.021572000000000000e+06 1.009297000000000000e+06 9.977410000000000000e+05 4.288642000000000000e+06 8.350421000000000000e+06 1.947101436771826677e+00
1.116078000000000000e+06 1.099521000000000000e+06 1.079923000000000000e+06 1.062432000000000000e+06 1.046766000000000000e+06 1.033169000000000000e+06 1.021572000000000000e+06 1.009297000000000000e+06 4.357954000000000000e+06 8.468758000000000000e+06 1.943287606982542659e+00
1.131259000000000000e+06 1.116078000000000000e+06 1.099521000000000000e+06 1.079923000000000000e+06 1.062432000000000000e+06 1.046766000000000000e+06 1.033169000000000000e+06 1.021572000000000000e+06 4.426781000000000000e+06 8.590720000000000000e+06 1.940624575735732105e+00
1.144277000000000000e+06 1.131259000000000000e+06 1.116078000000000000e+06 1.099521000000000000e+06 1.079923000000000000e+06 1.062432000000000000e+06 1.046766000000000000e+06 1.033169000000000000e+06 4.491135000000000000e+06 8.713425000000000000e+06 1.940138739984436089e+00
1.156013000000000000e+06 1.144277000000000000e+06 1.131259000000000000e+06 1.116078000000000000e+06 1.099521000000000000e+06 1.079923000000000000e+06 1.062432000000000000e+06 1.046766000000000000e+06 4.547627000000000000e+06 8.836269000000000000e+06 1.943050518435219143e+00
1.168345000000000000e+06 1.156013000000000000e+06 1.144277000000000000e+06 1.131259000000000000e+06 1.116078000000000000e+06 1.099521000000000000e+06 1.079923000000000000e+06 1.062432000000000000e+06 4.599894000000000000e+06 8.957848000000000000e+06 1.947403135811390351e+00
1.182337000000000000e+06 1.168345000000000000e+06 1.156013000000000000e+06 1.144277000000000000e+06 1.131259000000000000e+06 1.116078000000000000e+06 1.099521000000000000e+06 1.079923000000000000e+06 4.650972000000000000e+06 9.077753000000000000e+06 1.951796957711205316e+00
1.197384000000000000e+06 1.182337000000000000e+06 1.168345000000000000e+06 1.156013000000000000e+06 1.144277000000000000e+06 1.131259000000000000e+06 1.116078000000000000e+06 1.099521000000000000e+06 4.704079000000000000e+06 9.195214000000000000e+06 1.954732052756767091e+00
1.214240000000000000e+06 1.197384000000000000e+06 1.182337000000000000e+06 1.168345000000000000e+06 1.156013000000000000e+06 1.144277000000000000e+06 1.131259000000000000e+06 1.116078000000000000e+06 4.762306000000000000e+06 9.309933000000000000e+06 1.954921208338985306e+00
1.231658000000000000e+06 1.214240000000000000e+06 1.197384000000000000e+06 1.182337000000000000e+06 1.168345000000000000e+06 1.156013000000000000e+06 1.144277000000000000e+06 1.131259000000000000e+06 4.825619000000000000e+06 9.425513000000000000e+06 1.953223617529688871e+00
1.248466000000000000e+06 1.231658000000000000e+06 1.214240000000000000e+06 1.197384000000000000e+06 1.182337000000000000e+06 1.168345000000000000e+06 1.156013000000000000e+06 1.144277000000000000e+06 4.891748000000000000e+06 9.542720000000000000e+06 1.950779148885020353e+00
1.265454000000000000e+06 1.248466000000000000e+06 1.231658000000000000e+06 1.214240000000000000e+06 1.197384000000000000e+06 1.182337000000000000e+06 1.168345000000000000e+06 1.156013000000000000e+06 4.959818000000000000e+06 9.663897000000000000e+06 1.948437825742799445e+00
1.281947000000000000e+06 1.265454000000000000e+06 1.248466000000000000e+06 1.231658000000000000e+06 1.214240000000000000e+06 1.197384000000000000e+06 1.182337000000000000e+06 1.168345000000000000e+06 5.027525000000000000e+06 9.789831000000000000e+06 1.947246607426119214e+00
1.300142000000000000e+06 1.281947000000000000e+06 1.265454000000000000e+06 1.248466000000000000e+06 1.231658000000000000e+06 1.214240000000000000e+06 1.197384000000000000e+06 1.182337000000000000e+06 5.096009000000000000e+06 9.921628000000000000e+06 1.946940831540917571e+00
1.319343000000000000e+06 1.300142000000000000e+06 1.281947000000000000e+06 1.265454000000000000e+06 1.248466000000000000e+06 1.231658000000000000e+06 1.214240000000000000e+06 1.197384000000000000e+06 5.166886000000000000e+06 1.005863400000000000e+07 1.946749744430204210e+00
1.339652000000000000e+06 1.319343000000000000e+06 1.300142000000000000e+06 1.281947000000000000e+06 1.265454000000000000e+06 1.248466000000000000e+06 1.231658000000000000e+06 1.214240000000000000e+06 5.241084000000000000e+06 1.020090200000000000e+07 1.946334384260965944e+00
1.360197000000000000e+06 1.339652000000000000e+06 1.319343000000000000e+06 1.300142000000000000e+06 1.281947000000000000e+06 1.265454000000000000e+06 1.248466000000000000e+06 1.231658000000000000e+06 5.319334000000000000e+06 1.034685900000000000e+07 1.945141816625916009e+00
1.385083000000000000e+06 1.360197000000000000e+06 1.339652000000000000e+06 1.319343000000000000e+06 1.300142000000000000e+06 1.281947000000000000e+06 1.265454000000000000e+06 1.248466000000000000e+06 5.404275000000000000e+06 1.050028400000000000e+07 1.942958861271863569e+00
1.412774000000000000e+06 1.385083000000000000e+06 1.360197000000000000e+06 1.339652000000000000e+06 1.319343000000000000e+06 1.300142000000000000e+06 1.281947000000000000e+06 1.265454000000000000e+06 5.497706000000000000e+06 1.066459200000000000e+07 1.939825810983708543e+00
1.445391000000000000e+06 1.412774000000000000e+06 1.385083000000000000e+06 1.360197000000000000e+06 1.339652000000000000e+06 1.319343000000000000e+06 1.300142000000000000e+06 1.281947000000000000e+06 5.603445000000000000e+06 1.084452900000000000e+07 1.935332460655900144e+00
1.481171000000000000e+06 1.445391000000000000e+06 1.412774000000000000e+06 1.385083000000000000e+06 1.360197000000000000e+06 1.339652000000000000e+06 1.319343000000000000e+06 1.300142000000000000e+06 5.724419000000000000e+06 1.104375300000000000e+07 1.929235613256122583e+00
1.508918000000000000e+06 1.481171000000000000e+06 1.445391000000000000e+06 1.412774000000000000e+06 1.385083000000000000e+06 1.360197000000000000e+06 1.339652000000000000e+06 1.319343000000000000e+06 5.848254000000000000e+06 1.125252900000000000e+07 1.924083495689482781e+00
1.528140000000000000e+06 1.508918000000000000e+06 1.481171000000000000e+06 1.445391000000000000e+06 1.412774000000000000e+06 1.385083000000000000e+06 1.360197000000000000e+06 1.339652000000000000e+06 5.963620000000000000e+06 1.146132600000000000e+07 1.921873962459043295e+00
1.538730000000000000e+06 1.528140000000000000e+06 1.508918000000000000e+06 1.481171000000000000e+06 1.445391000000000000e+06 1.412774000000000000e+06 1.385083000000000000e+06 1.360197000000000000e+06 6.056959000000000000e+06 1.166040400000000000e+07 1.925125132925614935e+00
1.570810000000000000e+06 1.538730000000000000e+06 1.528140000000000000e+06 1.508918000000000000e+06 1.481171000000000000e+06 1.445391000000000000e+06 1.412774000000000000e+06 1.385083000000000000e+06 6.146598000000000000e+06 1.187101700000000000e+07 1.931315013605900299e+00
1.598725000000000000e+06 1.570810000000000000e+06 1.538730000000000000e+06 1.528140000000000000e+06 1.508918000000000000e+06 1.481171000000000000e+06 1.445391000000000000e+06 1.412774000000000000e+06 6.236405000000000000e+06 1.208465900000000000e+07 1.937760456545076782e+00
1.615953000000000000e+06 1.598725000000000000e+06 1.570810000000000000e+06 1.538730000000000000e+06 1.528140000000000000e+06 1.508918000000000000e+06 1.481171000000000000e+06 1.445391000000000000e+06 6.324218000000000000e+06 1.228783800000000000e+07 1.942981408926763853e+00
1.630427000000000000e+06 1.615953000000000000e+06 1.598725000000000000e+06 1.570810000000000000e+06 1.538730000000000000e+06 1.528140000000000000e+06 1.508918000000000000e+06 1.481171000000000000e+06 6.415915000000000000e+06 1.247287400000000000e+07 1.944052251315673496e+00
1.640168000000000000e+06 1.630427000000000000e+06 1.615953000000000000e+06 1.598725000000000000e+06 1.570810000000000000e+06 1.538730000000000000e+06 1.528140000000000000e+06 1.508918000000000000e+06 6.485273000000000000e+06 1.263187100000000000e+07 1.947777834487461002e+00
1.652512000000000000e+06 1.640168000000000000e+06 1.630427000000000000e+06 1.615953000000000000e+06 1.598725000000000000e+06 1.570810000000000000e+06 1.538730000000000000e+06 1.528140000000000000e+06 6.539060000000000000e+06 1.277546500000000000e+07 1.953715824598642570e+00
1.669276000000000000e+06 1.652512000000000000e+06 1.640168000000000000e+06 1.630427000000000000e+06 1.615953000000000000e+06 1.598725000000000000e+06 1.570810000000000000e+06 1.538730000000000000e+06 6.592383000000000000e+06 1.291660100000000000e+07 1.959321993276179397e+00
1.686319000000000000e+06 1.669276000000000000e+06 1.652512000000000000e+06 1.640168000000000000e+06 1.630427000000000000e+06 1.615953000000000000e+06 1.598725000000000000e+06 1.570810000000000000e+06 6.648275000000000000e+06 1.306419000000000000e+07 1.965049580530287887e+00
1.701964000000000000e+06 1.686319000000000000e+06 1.669276000000000000e+06 1.652512000000000000e+06 1.640168000000000000e+06 1.630427000000000000e+06 1.615953000000000000e+06 1.598725000000000000e+06 6.710071000000000000e+06 1.319534400000000000e+07 1.966498417080832617e+00
1.716489000000000000e+06 1.701964000000000000e+06 1.686319000000000000e+06 1.669276000000000000e+06 1.652512000000000000e+06 1.640168000000000000e+06 1.630427000000000000e+06 1.615953000000000000e+06 6.774048000000000000e+06 1.331310800000000000e+07 1.965310549910481930e+00
1.735005000000000000e+06 1.716489000000000000e+06 1.701964000000000000e+06 1.686319000000000000e+06 1.669276000000000000e+06 1.652512000000000000e+06 1.640168000000000000e+06 1.630427000000000000e+06 6.839777000000000000e+06 1.343216000000000000e+07 1.963830107326598462e+00
1.755423000000000000e+06 1.735005000000000000e+06 1.716489000000000000e+06 1.701964000000000000e+06 1.686319000000000000e+06 1.669276000000000000e+06 1.652512000000000000e+06 1.640168000000000000e+06 6.908881000000000000e+06 1.355715600000000000e+07 1.962279564519927355e+00
1.783255000000000000e+06 1.755423000000000000e+06 1.735005000000000000e+06 1.716489000000000000e+06 1.701964000000000000e+06 1.686319000000000000e+06 1.669276000000000000e+06 1.652512000000000000e+06 6.990172000000000000e+06 1.370024300000000000e+07 1.959929312182876249e+00
1.813170000000000000e+06 1.783255000000000000e+06 1.755423000000000000e+06 1.735005000000000000e+06 1.716489000000000000e+06 1.701964000000000000e+06 1.686319000000000000e+06 1.669276000000000000e+06 7.086853000000000000e+06 1.386090100000000000e+07 1.955861226414601806e+00
1.846081000000000000e+06 1.813170000000000000e+06 1.783255000000000000e+06 1.755423000000000000e+06 1.735005000000000000e+06 1.716489000000000000e+06 1.701964000000000000e+06 1.686319000000000000e+06 7.197929000000000000e+06 1.403770600000000000e+07 1.950242354432782044e+00
1.884290000000000000e+06 1.846081000000000000e+06 1.813170000000000000e+06 1.783255000000000000e+06 1.755423000000000000e+06 1.735005000000000000e+06 1.716489000000000000e+06 1.701964000000000000e+06 7.326796000000000000e+06 1.423567700000000000e+07 1.942960743004172652e+00
1.922025000000000000e+06 1.884290000000000000e+06 1.846081000000000000e+06 1.813170000000000000e+06 1.783255000000000000e+06 1.755423000000000000e+06 1.735005000000000000e+06 1.716489000000000000e+06 7.465566000000000000e+06 1.445573800000000000e+07 1.936321773861486184e+00
1.959330000000000000e+06 1.922025000000000000e+06 1.884290000000000000e+06 1.846081000000000000e+06 1.813170000000000000e+06 1.783255000000000000e+06 1.755423000000000000e+06 1.735005000000000000e+06 7.611726000000000000e+06 1.469857900000000000e+07 1.931044154768576826e+00
2.000928000000000000e+06 1.959330000000000000e+06 1.922025000000000000e+06 1.884290000000000000e+06 1.846081000000000000e+06 1.813170000000000000e+06 1.783255000000000000e+06 1.755423000000000000e+06 7.766573000000000000e+06 1.496450200000000000e+07 1.926783151333284261e+00
2.045542000000000000e+06 2.000928000000000000e+06 1.959330000000000000e+06 1.922025000000000000e+06 1.884290000000000000e+06 1.846081000000000000e+06 1.813170000000000000e+06 1.783255000000000000e+06 7.927825000000000000e+06 1.525462100000000000e+07 1.924187403228502236e+00
2.082213000000000000e+06 2.045542000000000000e+06 2.000928000000000000e+06 1.959330000000000000e+06 1.922025000000000000e+06 1.884290000000000000e+06 1.846081000000000000e+06 1.813170000000000000e+06 8.088013000000000000e+06 1.555357900000000000e+07 1.923040801245002873e+00
2.119070000000000000e+06 2.082213000000000000e+06 2.045542000000000000e+06 2.000928000000000000e+06 1.959330000000000000e+06 1.922025000000000000e+06 1.884290000000000000e+06 1.846081000000000000e+06 8.247753000000000000e+06 1.585947900000000000e+07 1.922884814809560750e+00
2.152752000000000000e+06 2.119070000000000000e+06 2.082213000000000000e+06 2.045542000000000000e+06 2.000928000000000000e+06 1.959330000000000000e+06 1.922025000000000000e+06 1.884290000000000000e+06 8.399577000000000000e+06 1.616615000000000000e+07 1.924638585966888638e+00
2.190041000000000000e+06 2.152752000000000000e+06 2.119070000000000000e+06 2.082213000000000000e+06 2.045542000000000000e+06 2.000928000000000000e+06 1.959330000000000000e+06 1.922025000000000000e+06 8.544076000000000000e+06 1.647190100000000000e+07 1.927873885953261590e+00
2.227439000000000000e+06 2.190041000000000000e+06 2.152752000000000000e+06 2.119070000000000000e+06 2.082213000000000000e+06 2.045542000000000000e+06 2.000928000000000000e+06 1.959330000000000000e+06 8.689302000000000000e+06 1.677731500000000000e+07 1.930801231215119484e+00
2.253666000000000000e+06 2.227439000000000000e+06 2.190041000000000000e+06 2.152752000000000000e+06 2.119070000000000000e+06 2.082213000000000000e+06 2.045542000000000000e+06 2.000928000000000000e+06 8.823898000000000000e+06 1.707165100000000000e+07 1.934706294202403587e+00
2.276470000000000000e+06 2.253666000000000000e+06 2.227439000000000000e+06 2.190041000000000000e+06 2.152752000000000000e+06 2.119070000000000000e+06 2.082213000000000000e+06 2.045542000000000000e+06 8.947616000000000000e+06 1.734719300000000000e+07 1.938750277168801217e+00
2.299826000000000000e+06 2.276470000000000000e+06 2.253666000000000000e+06 2.227439000000000000e+06 2.190041000000000000e+06 2.152752000000000000e+06 2.119070000000000000e+06 2.082213000000000000e+06 9.057401000000000000e+06 1.760147700000000000e+07 1.943325353487164842e+00
2.327744000000000000e+06 2.299826000000000000e+06 2.276470000000000000e+06 2.253666000000000000e+06 2.227439000000000000e+06 2.190041000000000000e+06 2.152752000000000000e+06 2.119070000000000000e+06 9.157706000000000000e+06 1.784700800000000000e+07 1.948851382649759767e+00
2.353002000000000000e+06 2.327744000000000000e+06 2.299826000000000000e+06 2.276470000000000000e+06 2.253666000000000000e+06 2.227439000000000000e+06 2.190041000000000000e+06 2.152752000000000000e+06 9.257042000000000000e+06 1.808094000000000000e+07 1.953209243298237086e+00
2.379699000000000000e+06 2.353002000000000000e+06 2.327744000000000000e+06 2.299826000000000000e+06 2.276470000000000000e+06 2.253666000000000000e+06 2.227439000000000000e+06 2.190041000000000000e+06 9.360271000000000000e+06 1.830788700000000000e+07 1.955914203766108805e+00
2.393049000000000000e+06 2.379699000000000000e+06 2.353002000000000000e+06 2.327744000000000000e+06 2.299826000000000000e+06 2.276470000000000000e+06 2.253666000000000000e+06 2.227439000000000000e+06 9.453494000000000000e+06 1.851089500000000000e+07 1.958100888412263263e+00
2.385637000000000000e+06 2.393049000000000000e+06 2.379699000000000000e+06 2.353002000000000000e+06 2.327744000000000000e+06 2.299826000000000000e+06 2.276470000000000000e+06 2.253666000000000000e+06 9.511387000000000000e+06 1.866909300000000000e+07 1.962814992177271289e+00
2.366950000000000000e+06 2.385637000000000000e+06 2.393049000000000000e+06 2.379699000000000000e+06 2.353002000000000000e+06 2.327744000000000000e+06 2.299826000000000000e+06 2.276470000000000000e+06 9.525335000000000000e+06 1.878237700000000000e+07 1.971833746529649600e+00
2.355166000000000000e+06 2.366950000000000000e+06 2.385637000000000000e+06 2.393049000000000000e+06 2.379699000000000000e+06 2.353002000000000000e+06 2.327744000000000000e+06 2.299826000000000000e+06 9.500802000000000000e+06 1.886107300000000000e+07 1.985208511870892645e+00
2.365772000000000000e+06 2.355166000000000000e+06 2.366950000000000000e+06 2.385637000000000000e+06 2.393049000000000000e+06 2.379699000000000000e+06 2.353002000000000000e+06 2.327744000000000000e+06 9.473525000000000000e+06 1.892701900000000000e+07 1.997885581132682997e+00
2.369828000000000000e+06 2.365772000000000000e+06 2.355166000000000000e+06 2.366950000000000000e+06 2.385637000000000000e+06 2.393049000000000000e+06 2.379699000000000000e+06 2.353002000000000000e+06 9.457716000000000000e+06 1.896910300000000000e+07 2.005674837349736617e+00
2.374946000000000000e+06 2.369828000000000000e+06 2.365772000000000000e+06 2.355166000000000000e+06 2.366950000000000000e+06 2.385637000000000000e+06 2.393049000000000000e+06 2.379699000000000000e+06 9.465712000000000000e+06 1.899104700000000000e+07 2.006298839432258063e+00
2.382463000000000000e+06 2.374946000000000000e+06 2.369828000000000000e+06 2.365772000000000000e+06 2.355166000000000000e+06 2.366950000000000000e+06 2.385637000000000000e+06 2.393049000000000000e+06 9.493009000000000000e+06 1.899381100000000000e+07 2.000820919900107686e+00
2.399128000000000000e+06 2.382463000000000000e+06 2.374946000000000000e+06 2.369828000000000000e+06 2.365772000000000000e+06 2.355166000000000000e+06 2.366950000000000000e+06 2.385637000000000000e+06 9.526365000000000000e+06 1.899989000000000000e+07 1.994453288321411222e+00
2.419384000000000000e+06 2.399128000000000000e+06 2.382463000000000000e+06 2.374946000000000000e+06 2.369828000000000000e+06 2.365772000000000000e+06 2.355166000000000000e+06 2.366950000000000000e+06 9.575921000000000000e+06 1.903363700000000000e+07 1.987656017630053507e+00
2.442911000000000000e+06 2.419384000000000000e+06 2.399128000000000000e+06 2.382463000000000000e+06 2.374946000000000000e+06 2.369828000000000000e+06 2.365772000000000000e+06 2.355166000000000000e+06 9.643886000000000000e+06 1.910959800000000000e+07 1.981524667545842000e+00
2.462550000000000000e+06 2.442911000000000000e+06 2.419384000000000000e+06 2.399128000000000000e+06 2.382463000000000000e+06 2.374946000000000000e+06 2.369828000000000000e+06 2.365772000000000000e+06 9.723973000000000000e+06 1.921698200000000000e+07 1.976247980120882763e+00
2.477727000000000000e+06 2.462550000000000000e+06 2.442911000000000000e+06 2.419384000000000000e+06 2.399128000000000000e+06 2.382463000000000000e+06 2.374946000000000000e+06 2.369828000000000000e+06 9.802572000000000000e+06 1.932893700000000000e+07 1.971823007267888395e+00
2.501247000000000000e+06 2.477727000000000000e+06 2.462550000000000000e+06 2.442911000000000000e+06 2.419384000000000000e+06 2.399128000000000000e+06 2.382463000000000000e+06 2.374946000000000000e+06 9.884435000000000000e+06 1.946035600000000000e+07 1.968787897335558368e+00
2.524393000000000000e+06 2.501247000000000000e+06 2.477727000000000000e+06 2.462550000000000000e+06 2.442911000000000000e+06 2.419384000000000000e+06 2.399128000000000000e+06 2.382463000000000000e+06 9.965917000000000000e+06 1.960980300000000000e+07 1.967686766807309251e+00
2.546493000000000000e+06 2.524393000000000000e+06 2.501247000000000000e+06 2.477727000000000000e+06 2.462550000000000000e+06 2.442911000000000000e+06 2.419384000000000000e+06 2.399128000000000000e+06 1.004986000000000000e+07 1.977383300000000000e+07 1.967572981116154862e+00
2.564691000000000000e+06 2.546493000000000000e+06 2.524393000000000000e+06 2.501247000000000000e+06 2.477727000000000000e+06 2.462550000000000000e+06 2.442911000000000000e+06 2.419384000000000000e+06 1.013682400000000000e+07 1.993939600000000000e+07 1.967025963950838952e+00
2.586442000000000000e+06 2.564691000000000000e+06 2.546493000000000000e+06 2.524393000000000000e+06 2.501247000000000000e+06 2.477727000000000000e+06 2.462550000000000000e+06 2.442911000000000000e+06 1.022201900000000000e+07 2.010645400000000000e+07 1.966974821705966381e+00
2.614974000000000000e+06 2.586442000000000000e+06 2.564691000000000000e+06 2.546493000000000000e+06 2.524393000000000000e+06 2.501247000000000000e+06 2.477727000000000000e+06 2.462550000000000000e+06 1.031260000000000000e+07 2.027851700000000000e+07 1.966382580532552327e+00
2.640691000000000000e+06 2.614974000000000000e+06 2.586442000000000000e+06 2.564691000000000000e+06 2.546493000000000000e+06 2.524393000000000000e+06 2.501247000000000000e+06 2.477727000000000000e+06 1.040679800000000000e+07 2.045665800000000000e+07 1.965701457835541621e+00
2.673466000000000000e+06 2.640691000000000000e+06 2.614974000000000000e+06 2.586442000000000000e+06 2.564691000000000000e+06 2.546493000000000000e+06 2.524393000000000000e+06 2.501247000000000000e+06 1.051557300000000000e+07 2.065239700000000000e+07 1.963982086377984437e+00
2.706109000000000000e+06 2.673466000000000000e+06 2.640691000000000000e+06 2.614974000000000000e+06 2.586442000000000000e+06 2.564691000000000000e+06 2.546493000000000000e+06 2.524393000000000000e+06 1.063524000000000000e+07 2.085725900000000000e+07 1.961146057822860556e+00
2.731901000000000000e+06 2.706109000000000000e+06 2.673466000000000000e+06 2.640691000000000000e+06 2.614974000000000000e+06 2.586442000000000000e+06 2.564691000000000000e+06 2.546493000000000000e+06 1.075216700000000000e+07 2.106476700000000000e+07 1.959118287504276967e+00
2.762630000000000000e+06 2.731901000000000000e+06 2.706109000000000000e+06 2.673466000000000000e+06 2.640691000000000000e+06 2.614974000000000000e+06 2.586442000000000000e+06 2.564691000000000000e+06 1.087410600000000000e+07 2.128090400000000000e+07 1.957025616634599618e+00
2.791519000000000000e+06 2.762630000000000000e+06 2.731901000000000000e+06 2.706109000000000000e+06 2.673466000000000000e+06 2.640691000000000000e+06 2.614974000000000000e+06 2.586442000000000000e+06 1.099215900000000000e+07 2.150773200000000000e+07 1.956643094409387551e+00
2.811731000000000000e+06 2.791519000000000000e+06 2.762630000000000000e+06 2.731901000000000000e+06 2.706109000000000000e+06 2.673466000000000000e+06 2.640691000000000000e+06 2.614974000000000000e+06 1.109778100000000000e+07 2.173302100000000000e+07 1.958321307656007981e+00
2.829621000000000000e+06 2.811731000000000000e+06 2.791519000000000000e+06 2.762630000000000000e+06 2.731901000000000000e+06 2.706109000000000000e+06 2.673466000000000000e+06 2.640691000000000000e+06 1.119550100000000000e+07 2.194766800000000000e+07 1.960400700245571892e+00
2.854363000000000000e+06 2.829621000000000000e+06 2.811731000000000000e+06 2.791519000000000000e+06 2.762630000000000000e+06 2.731901000000000000e+06 2.706109000000000000e+06 2.673466000000000000e+06 1.128723400000000000e+07 2.216134000000000000e+07 1.963398650191889416e+00
2.870469000000000000e+06 2.854363000000000000e+06 2.829621000000000000e+06 2.811731000000000000e+06 2.791519000000000000e+06 2.762630000000000000e+06 2.731901000000000000e+06 2.706109000000000000e+06 1.136618400000000000e+07 2.235834300000000000e+07 1.967093177446362029e+00
2.880948000000000000e+06 2.870469000000000000e+06 2.854363000000000000e+06 2.829621000000000000e+06 2.811731000000000000e+06 2.791519000000000000e+06 2.762630000000000000e+06 2.731901000000000000e+06 1.143540100000000000e+07 2.253318200000000000e+07 1.970475893237150222e+00
2.908342000000000000e+06 2.880948000000000000e+06 2.870469000000000000e+06 2.854363000000000000e+06 2.829621000000000000e+06 2.811731000000000000e+06 2.791519000000000000e+06 2.762630000000000000e+06 1.151412200000000000e+07 2.270962300000000000e+07 1.972327807539298261e+00
2.927616000000000000e+06 2.908342000000000000e+06 2.880948000000000000e+06 2.870469000000000000e+06 2.854363000000000000e+06 2.829621000000000000e+06 2.811731000000000000e+06 2.791519000000000000e+06 1.158737500000000000e+07 2.287460900000000000e+07 1.974097584655713611e+00
2.949957000000000000e+06 2.927616000000000000e+06 2.908342000000000000e+06 2.880948000000000000e+06 2.870469000000000000e+06 2.854363000000000000e+06 2.829621000000000000e+06 2.811731000000000000e+06 1.166686300000000000e+07 2.303304700000000000e+07 1.974227947992532428e+00
2.986159000000000000e+06 2.949957000000000000e+06 2.927616000000000000e+06 2.908342000000000000e+06 2.880948000000000000e+06 2.870469000000000000e+06 2.854363000000000000e+06 2.829621000000000000e+06 1.177207400000000000e+07 2.320747500000000000e+07 1.971400706451556406e+00
3.020685000000000000e+06 2.986159000000000000e+06 2.949957000000000000e+06 2.927616000000000000e+06 2.908342000000000000e+06 2.880948000000000000e+06 2.870469000000000000e+06 2.854363000000000000e+06 1.188441700000000000e+07 2.339853900000000000e+07 1.968841971802234747e+00
3.053602000000000000e+06 3.020685000000000000e+06 2.986159000000000000e+06 2.949957000000000000e+06 2.927616000000000000e+06 2.908342000000000000e+06 2.880948000000000000e+06 2.870469000000000000e+06 1.201040300000000000e+07 2.359777800000000000e+07 1.964778201031222693e+00
