-1.000000000000000000e+08 -1.000000000000000000e+08 -1.000000000000000000e+08 -1.000000000000000000e+08 -1.000000000000000000e+08 -1.000000000000000000e+08 -1.000000000000000000e+08 -1.000000000000000000e+08 -4.000000000000000000e+08 -8.000000000000000000e+08 2.000000000000000000e+00
-1.000000000000000000e+08 -1.000000000000000000e+08 -1.000000000000000000e+08 -1.000000000000000000e+08 -1.000000000000000000e+08 -1.000000000000000000e+08 -1.000000000000000000e+08 -1.000000000000000000e+08 -4.000000000000000000e+08 -8.000000000000000000e+08 2.000000000000000000e+00
-1.000000000000000000e+08 -1.000000000000000000e+08 -1.000000000000000000e+08 -1.000000000000000000e+08 -1.000000000000000000e+08 -1.000000000000000000e+08 -1.000000000000000000e+08 -1.000000000000000000e+08 -4.000000000000000000e+08 -8.000000000000000000e+08 2.000000000000000000e+00
-1.000000000000000000e+08 -1.000000000000000000e+08 -1.000000000000000000e+08 -1.000000000000000000e+08 -1.000000000000000000e+08 -1.000000000000000000e+08 -1.000000000000000000e+08 -1.000000000000000000e+08 -4.000000000000000000e+08 -8.000000000000000000e+08 2.000000000000000000e+00
-1.000000000000000000e+08 -1.000000000000000000e+08 -1.000000000000000000e+08 -1.000000000000000000e+08 -1.000000000000000000e+08 -1.000000000000000000e+08 -1.000000000000000000e+08 -1.000000000000000000e+08 -4.000000000000000000e+08 -8.000000000000000000e+08 2.000000000000000000e+00
-1.000000000000000000e+08 -1.000000000000000000e+08 -1.000000000000000000e+08 -1.000000000000000000e+08 -1.000000000000000000e+08 -1.000000000000000000e+08 -1.000000000000000000e+08 -1.000000000000000000e+08 -4.000000000000000000e+08 -8.000000000000000000e+08 2.000000000000000000e+00
-1.000000000000000000e+08 -1.000000000000000000e+08 -1.000000000000000000e+08 -1.000000000000000000e+08 -1.000000000000000000e+08 -1.000000000000000000e+08 -1.000000000000000000e+08 -1.000000000000000000e+08 -4.000000000000000000e+08 -8.000000000000000000e+08 2.000000000000000000e+00
-1.000000000000000000e+08 -1.000000000000000000e+08 -1.000000000000000000e+08 -1.000000000000000000e+08 -1.000000000000000000e+08 -1.000000000000000000e+08 -1.000000000000000000e+08 -1.000000000000000000e+08 -4.000000000000000000e+08 -8.000000000000000000e+08 2.000000000000000000e+00
-1.000000000000000000e+08 -1.000000000000000000e+08 -1.000000000000000000e+08 -1.000000000000000000e+08 -1.000000000000000000e+08 -1.000000000000000000e+08 -1.000000000000000000e+08 -1.000000000000000000e+08 -4.000000000000000000e+08 -8.000000000000000000e+08 2.000000000000000000e+00
-1.000000000000000000e+08 -1.000000000000000000e+08 -1.000000000000000000e+08 -1.000000000000000000e+08 -1.000000000000000000e+08 -1.000000000000000000e+08 -1.000000000000000000e+08 -1.000000000000000000e+08 -4.000000000000000000e+08 -8.000000000000000000e+08 2.000000000000000000e+00
-1.000000000000000000e+08 -1.000000000000000000e+08 -1.000000000000000000e+08 -1.000000000000000000e+08 -1.000000000000000000e+08 -1.000000000000000000e+08 -1.000000000000000000e+08 -1.000000000000000000e+08 -4.000000000000000000e+08 -8.000000000000000000e+08 2.000000000000000000e+00
-1.000000000000000000e+08 -1.000000000000000000e+08 -1.000000000000000000e+08 -1.000000000000000000e+08 -1.000000000000000000e+08 -1.000000000000000000e+08 -1.000000000000000000e+08 -1.000000000000000000e+08 -4.000000000000000000e+08 -8.000000000000000000e+08 2.000000000000000000e+00
-1.000000000000000000e+08 -1.000000000000000000e+08 -1.000000000000000000e+08 -1.000000000000000000e+08 -1.000000000000000000e+08 -1.000000000000000000e+08 -1.000000000000000000e+08 -1.000000000000000000e+08 -4.000000000000000000e+08 -8.000000000000000000e+08 2.000000000000000000e+00
-1.000000000000000000e+08 -1.000000000000000000e+08 -1.000000000000000000e+08 -1.000000000000000000e+08 -1.000000000000000000e+08 -1.000000000000000000e+08 -1.000000000000000000e+08 -1.000000000000000000e+08 -4.000000000000000000e+08 -8.000000000000000000e+08 2.000000000000000000e+00
-1.000000000000000000e+08 -1.000000000000000000e+08 -1.000000000000000000e+08 -1.000000000000000000e+08 -1.000000000000000000e+08 -1.000000000000000000e+08 -1.000000000000000000e+08 -1.000000000000000000e+08 -4.000000000000000000e+08 -8.000000000000000000e+08 2.000000000000000000e+00
-1.000000000000000000e+08 -1.000000000000000000e+08 -1.000000000000000000e+08 -1.000000000000000000e+08 -1.000000000000000000e+08 -1.000000000000000000e+08 -1.000000000000000000e+08 -1.000000000000000000e+08 -4.000000000000000000e+08 -8.000000000000000000e+08 2.000000000000000000e+00
-1.000000000000000000e+08 -1.000000000000000000e+08 -1.000000000000000000e+08 -1.000000000000000000e+08 -1.000000000000000000e+08 -1.000000000000000000e+08 -1.000000000000000000e+08 -1.000000000000000000e+08 -4.000000000000000000e+08 -8.000000000000000000e+08 2.000000000000000000e+00
-1.000000000000000000e+08 -1.000000000000000000e+08 -1.000000000000000000e+08 -1.000000000000000000e+08 -1.000000000000000000e+08 -1.000000000000000000e+08 -1.000000000000000000e+08 -1.000000000000000000e+08 -4.000000000000000000e+08 -8.000000000000000000e+08 2.000000000000000000e+00
-1.000000000000000000e+08 -1.000000000000000000e+08 -1.000000000000000000e+08 -1.000000000000000000e+08 -1.000000000000000000e+08 -1.000000000000000000e+08 -1.000000000000000000e+08 -1.000000000000000000e+08 -4.000000000000000000e+08 -8.000000000000000000e+08 2.000000000000000000e+00
-1.000000000000000000e+08 -1.000000000000000000e+08 -1.000000000000000000e+08 -1.000000000000000000e+08 -1.000000000000000000e+08 -1.000000000000000000e+08 -1.000000000000000000e+08 -1.000000000000000000e+08 -4.000000000000000000e+08 -8.000000000000000000e+08 2.000000000000000000e+00
-1.000000000000000000e+08 -1.000000000000000000e+08 -1.000000000000000000e+08 -1.000000000000000000e+08 -1.000000000000000000e+08 -1.000000000000000000e+08 -1.000000000000000000e+08 -1.000000000000000000e+08 -4.000000000000000000e+08 -8.000000000000000000e+08 2.000000000000000000e+00
-1.000000000000000000e+08 -1.000000000000000000e+08 -1.000000000000000000e+08 -1.000000000000000000e+08 -1.000000000000000000e+08 -1.000000000000000000e+08 -1.000000000000000000e+08 -1.000000000000000000e+08 -4.000000000000000000e+08 -8.000000000000000000e+08 2.000000000000000000e+00
-1.000000000000000000e+08 -1.000000000000000000e+08 -1.000000000000000000e+08 -1.000000000000000000e+08 -1.000000000000000000e+08 -1.000000000000000000e+08 -1.000000000000000000e+08 -1.000000000000000000e+08 -4.000000000000000000e+08 -8.000000000000000000e+08 2.000000000000000000e+00
-1.000000000000000000e+08 -1.000000000000000000e+08 -1.000000000000000000e+08 -1.000000000000000000e+08 -1.000000000000000000e+08 -1.000000000000000000e+08 -1.000000000000000000e+08 -1.000000000000000000e+08 -4.000000000000000000e+08 -8.000000000000000000e+08 2.000000000000000000e+00
-1.000000000000000000e+08 -1.000000000000000000e+08 -1.000000000000000000e+08 -1.000000000000000000e+08 -1.000000000000000000e+08 -1.000000000000000000e+08 -1.000000000000000000e+08 -1.000000000000000000e+08 -4.000000000000000000e+08 -8.000000000000000000e+08 2.000000000000000000e+00
-1.000000000000000000e+08 -1.000000000000000000e+08 -1.000000000000000000e+08 -1.000000000000000000e+08 -1.000000000000000000e+08 -1.000000000000000000e+08 -1.000000000000000000e+08 -1.000000000000000000e+08 -4.000000000000000000e+08 -8.000000000000000000e+08 2.000000000000000000e+00
-1.000000000000000000e+08 -1.000000000000000000e+08 -1.000000000000000000e+08 -1.000000000000000000e+08 -1.000000000000000000e+08 -1.000000000000000000e+08 -1.000000000000000000e+08 -1.000000000000000000e+08 -4.000000000000000000e+08 -8.000000000000000000e+08 2.000000000000000000e+00
-1.000000000000000000e+08 -1.000000000000000000e+08 -1.000000000000000000e+08 -1.000000000000000000e+08 -1.000000000000000000e+08 -1.000000000000000000e+08 -1.000000000000000000e+08 -1.000000000000000000e+08 -4.000000000000000000e+08 -8.000000000000000000e+08 2.000000000000000000e+00
-1.000000000000000000e+08 -1.000000000000000000e+08 -1.000000000000000000e+08 -1.000000000000000000e+08 -1.000000000000000000e+08 -1.000000000000000000e+08 -1.000000000000000000e+08 -1.000000000000000000e+08 -4.000000000000000000e+08 -8.000000000000000000e+08 2.000000000000000000e+00
2.750750000000000000e+05 -1.000000000000000000e+08 -1.000000000000000000e+08 -1.000000000000000000e+08 -1.000000000000000000e+08 -1.000000000000000000e+08 -1.000000000000000000e+08 -1.000000000000000000e+08 -2.997249250000000000e+08 -6.997249250000000000e+08 2.334557010899243501e+00
3.000720000000000000e+05 2.750750000000000000e+05 -1.000000000000000000e+08 -1.000000000000000000e+08 -1.000000000000000000e+08 -1.000000000000000000e+08 -1.000000000000000000e+08 -1.000000000000000000e+08 -1.994248530000000000e+08 -5.994248530000000000e+08 3.005768057404560434e+00
3.223730000000000000e+05 3.000720000000000000e+05 2.750750000000000000e+05 -1.000000000000000000e+08 -1.000000000000000000e+08 -1.000000000000000000e+08 -1.000000000000000000e+08 -1.000000000000000000e+08 -9.910248000000000000e+07 -4.991024800000000000e+08 5.036225935011919397e+00
3.309650000000000000e+05 3.223730000000000000e+05 3.000720000000000000e+05 2.750750000000000000e+05 -1.000000000000000000e+08 -1.000000000000000000e+08 -1.000000000000000000e+08 -1.000000000000000000e+08 1.228485000000000000e+06 -3.987715150000000000e+08 -3.246043012328192958e+02
3.343150000000000000e+05 3.309650000000000000e+05 3.223730000000000000e+05 3.000720000000000000e+05 2.750750000000000000e+05 -1.000000000000000000e+08 -1.000000000000000000e+08 -1.000000000000000000e+08 1.287725000000000000e+06 -2.984372000000000000e+08 -2.317553825545050472e+02
3.593690000000000000e+05 3.343150000000000000e+05 3.309650000000000000e+05 3.223730000000000000e+05 3.000720000000000000e+05 2.750750000000000000e+05 -1.000000000000000000e+08 -1.000000000000000000e+08 1.347022000000000000e+06 -1.980778310000000000e+08 -1.470486977940969098e+02
3.793330000000000000e+05 3.593690000000000000e+05 3.343150000000000000e+05 3.309650000000000000e+05 3.223730000000000000e+05 3.000720000000000000e+05 2.750750000000000000e+05 -1.000000000000000000e+08 1.403982000000000000e+06 -9.769849800000000000e+07 -6.958671692372124085e+01
3.748200000000000000e+05 3.793330000000000000e+05 3.593690000000000000e+05 3.343150000000000000e+05 3.309650000000000000e+05 3.223730000000000000e+05 3.000720000000000000e+05 2.750750000000000000e+05 1.447837000000000000e+06 2.676322000000000000e+06 1.848496757576992389e+00
3.513610000000000000e+05 3.748200000000000000e+05 3.793330000000000000e+05 3.593690000000000000e+05 3.343150000000000000e+05 3.309650000000000000e+05 3.223730000000000000e+05 3.000720000000000000e+05 1.464883000000000000e+06 2.752608000000000000e+06 1.879063379123110833e+00
3.489850000000000000e+05 3.513610000000000000e+05 3.748200000000000000e+05 3.793330000000000000e+05 3.593690000000000000e+05 3.343150000000000000e+05 3.309650000000000000e+05 3.223730000000000000e+05 1.454499000000000000e+06 2.801521000000000000e+06 1.926107202548781316e+00
3.403460000000000000e+05 3.489850000000000000e+05 3.513610000000000000e+05 3.748200000000000000e+05 3.793330000000000000e+05 3.593690000000000000e+05 3.343150000000000000e+05 3.309650000000000000e+05 1.415512000000000000e+06 2.819494000000000000e+06 1.991854537439456507e+00
3.264740000000000000e+05 3.403460000000000000e+05 3.489850000000000000e+05 3.513610000000000000e+05 3.748200000000000000e+05 3.793330000000000000e+05 3.593690000000000000e+05 3.343150000000000000e+05 1.367166000000000000e+06 2.815003000000000000e+06 2.059006002197246055e+00
3.140590000000000000e+05 3.264740000000000000e+05 3.403460000000000000e+05 3.489850000000000000e+05 3.513610000000000000e+05 3.748200000000000000e+05 3.793330000000000000e+05 3.593690000000000000e+05 1.329864000000000000e+06 2.794747000000000000e+06 2.101528426966968066e+00
3.510650000000000000e+05 3.140590000000000000e+05 3.264740000000000000e+05 3.403460000000000000e+05 3.489850000000000000e+05 3.513610000000000000e+05 3.748200000000000000e+05 3.793330000000000000e+05 1.331944000000000000e+06 2.786443000000000000e+06 2.092012126635954594e+00
3.642570000000000000e+05 3.510650000000000000e+05 3.140590000000000000e+05 3.264740000000000000e+05 3.403460000000000000e+05 3.489850000000000000e+05 3.513610000000000000e+05 3.748200000000000000e+05 1.355855000000000000e+06 2.771367000000000000e+06 2.043999542723963891e+00
3.682800000000000000e+05 3.642570000000000000e+05 3.510650000000000000e+05 3.140590000000000000e+05 3.264740000000000000e+05 3.403460000000000000e+05 3.489850000000000000e+05 3.513610000000000000e+05 1.397661000000000000e+06 2.764827000000000000e+06 1.978181404503667196e+00
3.544950000000000000e+05 3.682800000000000000e+05 3.642570000000000000e+05 3.510650000000000000e+05 3.140590000000000000e+05 3.264740000000000000e+05 3.403460000000000000e+05 3.489850000000000000e+05 1.438097000000000000e+06 2.767961000000000000e+06 1.924738734591616485e+00
3.730410000000000000e+05 3.544950000000000000e+05 3.682800000000000000e+05 3.642570000000000000e+05 3.510650000000000000e+05 3.140590000000000000e+05 3.264740000000000000e+05 3.403460000000000000e+05 1.460073000000000000e+06 2.792017000000000000e+06 1.912244798718968131e+00
3.877660000000000000e+05 3.730410000000000000e+05 3.544950000000000000e+05 3.682800000000000000e+05 3.642570000000000000e+05 3.510650000000000000e+05 3.140590000000000000e+05 3.264740000000000000e+05 1.483582000000000000e+06 2.839437000000000000e+06 1.913906342891730894e+00
3.990060000000000000e+05 3.877660000000000000e+05 3.730410000000000000e+05 3.544950000000000000e+05 3.682800000000000000e+05 3.642570000000000000e+05 3.510650000000000000e+05 3.140590000000000000e+05 1.514308000000000000e+06 2.911969000000000000e+06 1.922970095911795907e+00
4.001410000000000000e+05 3.990060000000000000e+05 3.877660000000000000e+05 3.730410000000000000e+05 3.544950000000000000e+05 3.682800000000000000e+05 3.642570000000000000e+05 3.510650000000000000e+05 1.559954000000000000e+06 2.998051000000000000e+06 1.921884235047956579e+00
4.415890000000000000e+05 4.001410000000000000e+05 3.990060000000000000e+05 3.877660000000000000e+05 3.730410000000000000e+05 3.544950000000000000e+05 3.682800000000000000e+05 3.642570000000000000e+05 1.628502000000000000e+06 3.088575000000000000e+06 1.896574275008566124e+00
4.565010000000000000e+05 4.415890000000000000e+05 4.001410000000000000e+05 3.990060000000000000e+05 3.877660000000000000e+05 3.730410000000000000e+05 3.544950000000000000e+05 3.682800000000000000e+05 1.697237000000000000e+06 3.180819000000000000e+06 1.874115989693837747e+00
4.732010000000000000e+05 4.565010000000000000e+05 4.415890000000000000e+05 4.001410000000000000e+05 3.990060000000000000e+05 3.877660000000000000e+05 3.730410000000000000e+05 3.544950000000000000e+05 1.771432000000000000e+06 3.285740000000000000e+06 1.854849635774898475e+00
4.555930000000000000e+05 4.732010000000000000e+05 4.565010000000000000e+05 4.415890000000000000e+05 4.001410000000000000e+05 3.990060000000000000e+05 3.877660000000000000e+05 3.730410000000000000e+05 1.826884000000000000e+06 3.386838000000000000e+06 1.853887822105837024e+00
4.959400000000000000e+05 4.555930000000000000e+05 4.732010000000000000e+05 4.565010000000000000e+05 4.415890000000000000e+05 4.001410000000000000e+05 3.990060000000000000e+05 3.877660000000000000e+05 1.881235000000000000e+06 3.509737000000000000e+06 1.865655805893468910e+00
5.153910000000000000e+05 4.959400000000000000e+05 4.555930000000000000e+05 4.732010000000000000e+05 4.565010000000000000e+05 4.415890000000000000e+05 4.001410000000000000e+05 3.990060000000000000e+05 1.940125000000000000e+06 3.637362000000000000e+06 1.874808066490561087e+00
5.333440000000000000e+05 5.153910000000000000e+05 4.959400000000000000e+05 4.555930000000000000e+05 4.732010000000000000e+05 4.565010000000000000e+05 4.415890000000000000e+05 4.001410000000000000e+05 2.000268000000000000e+06 3.771700000000000000e+06 1.885597329957785728e+00
5.173130000000000000e+05 5.333440000000000000e+05 5.153910000000000000e+05 4.959400000000000000e+05 4.555930000000000000e+05 4.732010000000000000e+05 4.565010000000000000e+05 4.415890000000000000e+05 2.061988000000000000e+06 3.888872000000000000e+06 1.885981877683090335e+00
5.600780000000000000e+05 5.173130000000000000e+05 5.333440000000000000e+05 5.153910000000000000e+05 4.959400000000000000e+05 4.555930000000000000e+05 4.732010000000000000e+05 4.565010000000000000e+05 2.126126000000000000e+06 4.007361000000000000e+06 1.884818209268876776e+00
5.790390000000000000e+05 5.600780000000000000e+05 5.173130000000000000e+05 5.333440000000000000e+05 5.153910000000000000e+05 4.959400000000000000e+05 4.555930000000000000e+05 4.732010000000000000e+05 2.189774000000000000e+06 4.129899000000000000e+06 1.885993257751713115e+00
5.629270000000000000e+05 5.790390000000000000e+05 5.600780000000000000e+05 5.173130000000000000e+05 5.333440000000000000e+05 5.153910000000000000e+05 4.959400000000000000e+05 4.555930000000000000e+05 2.219357000000000000e+06 4.219625000000000000e+06 1.901282668809028964e+00
5.435980000000000000e+05 5.629270000000000000e+05 5.790390000000000000e+05 5.600780000000000000e+05 5.173130000000000000e+05 5.333440000000000000e+05 5.153910000000000000e+05 4.959400000000000000e+05 2.245642000000000000e+06 4.307630000000000000e+06 1.918217596571492711e+00
5.865930000000000000e+05 5.435980000000000000e+05 5.629270000000000000e+05 5.790390000000000000e+05 5.600780000000000000e+05 5.173130000000000000e+05 5.333440000000000000e+05 5.153910000000000000e+05 2.272157000000000000e+06 4.398283000000000000e+06 1.935730233430172254e+00
6.066930000000000000e+05 5.865930000000000000e+05 5.435980000000000000e+05 5.629270000000000000e+05 5.790390000000000000e+05 5.600780000000000000e+05 5.173130000000000000e+05 5.333440000000000000e+05 2.299811000000000000e+06 4.489585000000000000e+06 1.952153894385234345e+00
6.220370000000000000e+05 6.066930000000000000e+05 5.865930000000000000e+05 5.435980000000000000e+05 5.629270000000000000e+05 5.790390000000000000e+05 5.600780000000000000e+05 5.173130000000000000e+05 2.358921000000000000e+06 4.578278000000000000e+06 1.940835661728391948e+00
6.090500000000000000e+05 6.220370000000000000e+05 6.066930000000000000e+05 5.865930000000000000e+05 5.435980000000000000e+05 5.629270000000000000e+05 5.790390000000000000e+05 5.600780000000000000e+05 2.424373000000000000e+06 4.670015000000000000e+06 1.926277433381744508e+00
6.699370000000000000e+05 6.090500000000000000e+05 6.220370000000000000e+05 6.066930000000000000e+05 5.865930000000000000e+05 5.435980000000000000e+05 5.629270000000000000e+05 5.790390000000000000e+05 2.507717000000000000e+06 4.779874000000000000e+06 1.906065955608228446e+00
6.920780000000000000e+05 6.699370000000000000e+05 6.090500000000000000e+05 6.220370000000000000e+05 6.066930000000000000e+05 5.865930000000000000e+05 5.435980000000000000e+05 5.629270000000000000e+05 2.593102000000000000e+06 4.892913000000000000e+06 1.886895694808765622e+00
5.792740000000000000e+05 6.920780000000000000e+05 6.699370000000000000e+05 6.090500000000000000e+05 6.220370000000000000e+05 6.066930000000000000e+05 5.865930000000000000e+05 5.435980000000000000e+05 2.550339000000000000e+06 4.909260000000000000e+06 1.924944095667281863e+00
4.486530000000000000e+05 5.792740000000000000e+05 6.920780000000000000e+05 6.699370000000000000e+05 6.090500000000000000e+05 6.220370000000000000e+05 6.066930000000000000e+05 5.865930000000000000e+05 2.389942000000000000e+06 4.814315000000000000e+06 2.014406625767487302e+00
4.642290000000000000e+05 4.486530000000000000e+05 5.792740000000000000e+05 6.920780000000000000e+05 6.699370000000000000e+05 6.090500000000000000e+05 6.220370000000000000e+05 6.066930000000000000e+05 2.184234000000000000e+06 4.691951000000000000e+06 2.148099058983607090e+00
5.140220000000000000e+05 4.642290000000000000e+05 4.486530000000000000e+05 5.792740000000000000e+05 6.920780000000000000e+05 6.699370000000000000e+05 6.090500000000000000e+05 6.220370000000000000e+05 2.006178000000000000e+06 4.599280000000000000e+06 2.292558287450066956e+00
5.399230000000000000e+05 5.140220000000000000e+05 4.642290000000000000e+05 4.486530000000000000e+05 5.792740000000000000e+05 6.920780000000000000e+05 6.699370000000000000e+05 6.090500000000000000e+05 1.966827000000000000e+06 4.517166000000000000e+06 2.296676830244856138e+00
5.282540000000000000e+05 5.399230000000000000e+05 5.140220000000000000e+05 4.642290000000000000e+05 4.486530000000000000e+05 5.792740000000000000e+05 6.920780000000000000e+05 6.699370000000000000e+05 2.046428000000000000e+06 4.436370000000000000e+06 2.167860291200081502e+00
5.872900000000000000e+05 5.282540000000000000e+05 5.399230000000000000e+05 5.140220000000000000e+05 4.642290000000000000e+05 4.486530000000000000e+05 5.792740000000000000e+05 6.920780000000000000e+05 2.169489000000000000e+06 4.353723000000000000e+06 2.006796531349087420e+00
6.159480000000000000e+05 5.872900000000000000e+05 5.282540000000000000e+05 5.399230000000000000e+05 5.140220000000000000e+05 4.642290000000000000e+05 4.486530000000000000e+05 5.792740000000000000e+05 2.271415000000000000e+06 4.277593000000000000e+06 1.883228296018120806e+00
6.167700000000000000e+05 6.159480000000000000e+05 5.872900000000000000e+05 5.282540000000000000e+05 5.399230000000000000e+05 5.140220000000000000e+05 4.642290000000000000e+05 4.486530000000000000e+05 2.348262000000000000e+06 4.315089000000000000e+06 1.837567102819021025e+00
6.163060000000000000e+05 6.167700000000000000e+05 6.159480000000000000e+05 5.872900000000000000e+05 5.282540000000000000e+05 5.399230000000000000e+05 5.140220000000000000e+05 4.642290000000000000e+05 2.436314000000000000e+06 4.482742000000000000e+06 1.839968903844085846e+00
6.793820000000000000e+05 6.163060000000000000e+05 6.167700000000000000e+05 6.159480000000000000e+05 5.872900000000000000e+05 5.282540000000000000e+05 5.399230000000000000e+05 5.140220000000000000e+05 2.528406000000000000e+06 4.697895000000000000e+06 1.858046136577748975e+00
6.967660000000000000e+05 6.793820000000000000e+05 6.163060000000000000e+05 6.167700000000000000e+05 6.159480000000000000e+05 5.872900000000000000e+05 5.282540000000000000e+05 5.399230000000000000e+05 2.609224000000000000e+06 4.880639000000000000e+06 1.870532771429359808e+00
6.831920000000000000e+05 6.967660000000000000e+05 6.793820000000000000e+05 6.163060000000000000e+05 6.167700000000000000e+05 6.159480000000000000e+05 5.872900000000000000e+05 5.282540000000000000e+05 2.675646000000000000e+06 5.023908000000000000e+06 1.877643006586072971e+00
6.654700000000000000e+05 6.831920000000000000e+05 6.967660000000000000e+05 6.793820000000000000e+05 6.163060000000000000e+05 6.167700000000000000e+05 6.159480000000000000e+05 5.872900000000000000e+05 2.724810000000000000e+06 5.161124000000000000e+06 1.894122525974288207e+00
7.029390000000000000e+05 6.654700000000000000e+05 6.831920000000000000e+05 6.967660000000000000e+05 6.793820000000000000e+05 6.163060000000000000e+05 6.167700000000000000e+05 6.159480000000000000e+05 2.748367000000000000e+06 5.276773000000000000e+06 1.919966656563697693e+00
6.977260000000000000e+05 7.029390000000000000e+05 6.654700000000000000e+05 6.831920000000000000e+05 6.967660000000000000e+05 6.793820000000000000e+05 6.163060000000000000e+05 6.167700000000000000e+05 2.749327000000000000e+06 5.358551000000000000e+06 1.949040983484321865e+00
6.896270000000000000e+05 6.977260000000000000e+05 7.029390000000000000e+05 6.654700000000000000e+05 6.831920000000000000e+05 6.967660000000000000e+05 6.793820000000000000e+05 6.163060000000000000e+05 2.755762000000000000e+06 5.431408000000000000e+06 1.970927823230017584e+00
6.516170000000000000e+05 6.896270000000000000e+05 6.977260000000000000e+05 7.029390000000000000e+05 6.654700000000000000e+05 6.831920000000000000e+05 6.967660000000000000e+05 6.793820000000000000e+05 2.741909000000000000e+06 5.466719000000000000e+06 1.993763833883618997e+00
6.965220000000000000e+05 6.516170000000000000e+05 6.896270000000000000e+05 6.977260000000000000e+05 7.029390000000000000e+05 6.654700000000000000e+05 6.831920000000000000e+05 6.967660000000000000e+05 2.735492000000000000e+06 5.483859000000000000e+06 2.004706648749109643e+00
7.072720000000000000e+05 6.965220000000000000e+05 6.516170000000000000e+05 6.896270000000000000e+05 6.977260000000000000e+05 7.029390000000000000e+05 6.654700000000000000e+05 6.831920000000000000e+05 2.745038000000000000e+06 5.494365000000000000e+06 2.001562455601707313e+00
6.999220000000000000e+05 7.072720000000000000e+05 6.965220000000000000e+05 6.516170000000000000e+05 6.896270000000000000e+05 6.977260000000000000e+05 7.029390000000000000e+05 6.654700000000000000e+05 2.755333000000000000e+06 5.511095000000000000e+06 2.000155698059000287e+00
6.700670000000000000e+05 6.999220000000000000e+05 7.072720000000000000e+05 6.965220000000000000e+05 6.516170000000000000e+05 6.896270000000000000e+05 6.977260000000000000e+05 7.029390000000000000e+05 2.773783000000000000e+06 5.515692000000000000e+06 1.988508834324819174e+00
7.315140000000000000e+05 6.700670000000000000e+05 6.999220000000000000e+05 7.072720000000000000e+05 6.965220000000000000e+05 6.516170000000000000e+05 6.896270000000000000e+05 6.977260000000000000e+05 2.808775000000000000e+06 5.544267000000000000e+06 1.973909266495180281e+00
7.368940000000000000e+05 7.315140000000000000e+05 6.700670000000000000e+05 6.999220000000000000e+05 7.072720000000000000e+05 6.965220000000000000e+05 6.516170000000000000e+05 6.896270000000000000e+05 2.838397000000000000e+06 5.583435000000000000e+06 1.967108547535809882e+00
7.277670000000000000e+05 7.368940000000000000e+05 7.315140000000000000e+05 6.700670000000000000e+05 6.999220000000000000e+05 7.072720000000000000e+05 6.965220000000000000e+05 6.516170000000000000e+05 2.866242000000000000e+06 5.621575000000000000e+06 1.961305081706290032e+00
6.634580000000000000e+05 7.277670000000000000e+05 7.368940000000000000e+05 7.315140000000000000e+05 6.700670000000000000e+05 6.999220000000000000e+05 7.072720000000000000e+05 6.965220000000000000e+05 2.859633000000000000e+06 5.633416000000000000e+06 1.969978665094436865e+00
7.063620000000000000e+05 6.634580000000000000e+05 7.277670000000000000e+05 7.368940000000000000e+05 7.315140000000000000e+05 6.700670000000000000e+05 6.999220000000000000e+05 7.072720000000000000e+05 2.834481000000000000e+06 5.643256000000000000e+06 1.990930967609237712e+00
7.078780000000000000e+05 7.063620000000000000e+05 6.634580000000000000e+05 7.277670000000000000e+05 7.368940000000000000e+05 7.315140000000000000e+05 6.700670000000000000e+05 6.999220000000000000e+05 2.805465000000000000e+06 5.643862000000000000e+06 2.011738517500663903e+00
6.866540000000000000e+05 7.078780000000000000e+05 7.063620000000000000e+05 6.634580000000000000e+05 7.277670000000000000e+05 7.368940000000000000e+05 7.315140000000000000e+05 6.700670000000000000e+05 2.764352000000000000e+06 5.630594000000000000e+06 2.036858547681337228e+00
6.355130000000000000e+05 6.866540000000000000e+05 7.078780000000000000e+05 7.063620000000000000e+05 6.634580000000000000e+05 7.277670000000000000e+05 7.368940000000000000e+05 7.315140000000000000e+05 2.736407000000000000e+06 5.596040000000000000e+06 2.045032043844355218e+00
6.804590000000000000e+05 6.355130000000000000e+05 6.866540000000000000e+05 7.078780000000000000e+05 7.063620000000000000e+05 6.634580000000000000e+05 7.277670000000000000e+05 7.368940000000000000e+05 2.710504000000000000e+06 5.544985000000000000e+06 2.045739463952091608e+00
6.975690000000000000e+05 6.804590000000000000e+05 6.355130000000000000e+05 6.866540000000000000e+05 7.078780000000000000e+05 7.063620000000000000e+05 6.634580000000000000e+05 7.277670000000000000e+05 2.700195000000000000e+06 5.505660000000000000e+06 2.038986073228044482e+00
6.993240000000000000e+05 6.975690000000000000e+05 6.804590000000000000e+05 6.355130000000000000e+05 6.866540000000000000e+05 7.078780000000000000e+05 7.063620000000000000e+05 6.634580000000000000e+05 2.712865000000000000e+06 5.477217000000000000e+06 2.018978828655314750e+00
6.784730000000000000e+05 6.993240000000000000e+05 6.975690000000000000e+05 6.804590000000000000e+05 6.355130000000000000e+05 6.866540000000000000e+05 7.078780000000000000e+05 7.063620000000000000e+05 2.755825000000000000e+06 5.492232000000000000e+06 1.992953834151297787e+00
7.263740000000000000e+05 6.784730000000000000e+05 6.993240000000000000e+05 6.975690000000000000e+05 6.804590000000000000e+05 6.355130000000000000e+05 6.866540000000000000e+05 7.078780000000000000e+05 2.801740000000000000e+06 5.512244000000000000e+06 1.967435950516464693e+00
-1.000000000000000000e+08 7.263740000000000000e+05 6.784730000000000000e+05 6.993240000000000000e+05 6.975690000000000000e+05 6.804590000000000000e+05 6.355130000000000000e+05 6.866540000000000000e+05 -9.789582900000000000e+07 -9.519563400000000000e+07 9.724176706241488555e-01
