6.427126666666667631e+01 6.459636666666666827e+01 6.347826666666666284e+01 6.297283333333333388e+01 6.424963333333333537e+01 6.556903333333333705e+01 6.484649999999999181e+01 6.453740000000000521e+01 2.553187333333333413e+02 5.145212999999999965e+02 2.015211705316831470e+00
6.437713333333333310e+01 6.427126666666667631e+01 6.459636666666666827e+01 6.347826666666666284e+01 6.297283333333333388e+01 6.424963333333333537e+01 6.556903333333333705e+01 6.484649999999999181e+01 2.567230333333333760e+02 5.143610333333333529e+02 2.003564022498435460e+00
6.537040000000000362e+01 6.437713333333333310e+01 6.427126666666667631e+01 6.459636666666666827e+01 6.347826666666666284e+01 6.297283333333333388e+01 6.424963333333333537e+01 6.556903333333333705e+01 2.586151666666666529e+02 5.148849333333332652e+02 1.990930926324893102e+00
6.613596666666667545e+01 6.537040000000000362e+01 6.437713333333333310e+01 6.427126666666667631e+01 6.459636666666666827e+01 6.347826666666666284e+01 6.297283333333333388e+01 6.424963333333333537e+01 2.601547666666667169e+02 5.154518666666667741e+02 1.981327781424467416e+00
6.677089999999999748e+01 6.613596666666667545e+01 6.537040000000000362e+01 6.437713333333333310e+01 6.427126666666667631e+01 6.459636666666666827e+01 6.347826666666666284e+01 6.297283333333333388e+01 2.626544000000000096e+02 5.179731333333334078e+02 1.972071030728338892e+00
6.732053333333333001e+01 6.677089999999999748e+01 6.613596666666667545e+01 6.537040000000000362e+01 6.437713333333333310e+01 6.427126666666667631e+01 6.459636666666666827e+01 6.347826666666666284e+01 2.655978000000000065e+02 5.223208333333334394e+02 1.966585692100361715e+00
6.730253333333332932e+01 6.732053333333333001e+01 6.677089999999999748e+01 6.613596666666667545e+01 6.537040000000000362e+01 6.437713333333333310e+01 6.427126666666667631e+01 6.459636666666666827e+01 2.675299333333333038e+02 5.261450999999999567e+02 1.966677498268729618e+00
6.794253333333334410e+01 6.730253333333332932e+01 6.732053333333333001e+01 6.677089999999999748e+01 6.613596666666667545e+01 6.537040000000000362e+01 6.437713333333333310e+01 6.427126666666667631e+01 2.693365000000000009e+02 5.294912666666666610e+02 1.965909806753509681e+00
6.869069999999999254e+01 6.794253333333334410e+01 6.730253333333332932e+01 6.732053333333333001e+01 6.677089999999999748e+01 6.613596666666667545e+01 6.537040000000000362e+01 6.437713333333333310e+01 2.712563000000000102e+02 5.339107000000000198e+02 1.968288662788661547e+00
6.961579999999999302e+01 6.869069999999999254e+01 6.794253333333334410e+01 6.730253333333332932e+01 6.732053333333333001e+01 6.677089999999999748e+01 6.613596666666667545e+01 6.537040000000000362e+01 2.735515666666666448e+02 5.391493666666666513e+02 1.970924068307901011e+00
7.070106666666667650e+01 6.961579999999999302e+01 6.869069999999999254e+01 6.794253333333334410e+01 6.730253333333332932e+01 6.732053333333333001e+01 6.677089999999999748e+01 6.613596666666667545e+01 2.769501000000000204e+02 5.444800333333332674e+02 1.965986050676036045e+00
7.191330000000000666e+01 7.070106666666667650e+01 6.961579999999999302e+01 6.869069999999999254e+01 6.794253333333334410e+01 6.730253333333332932e+01 6.732053333333333001e+01 6.677089999999999748e+01 2.809208666666666545e+02 5.502573666666667123e+02 1.958762882928122506e+00
7.320340000000000202e+01 7.191330000000000666e+01 7.070106666666667650e+01 6.961579999999999302e+01 6.869069999999999254e+01 6.794253333333334410e+01 6.730253333333332932e+01 6.732053333333333001e+01 2.854335666666666498e+02 5.566898666666666031e+02 1.950330765816260525e+00
7.400646666666666817e+01 7.320340000000000202e+01 7.191330000000000666e+01 7.070106666666667650e+01 6.961579999999999302e+01 6.869069999999999254e+01 6.794253333333334410e+01 6.730253333333332932e+01 2.898242333333333818e+02 5.633758000000000266e+02 1.943853326274648685e+00
7.391243333333333965e+01 7.400646666666666817e+01 7.320340000000000202e+01 7.191330000000000666e+01 7.070106666666667650e+01 6.961579999999999302e+01 6.869069999999999254e+01 6.794253333333334410e+01 2.930355999999999881e+02 5.699856999999999516e+02 1.945107352144244572e+00
7.525156666666664762e+01 7.391243333333333965e+01 7.400646666666666817e+01 7.320340000000000202e+01 7.191330000000000666e+01 7.070106666666667650e+01 6.961579999999999302e+01 6.869069999999999254e+01 2.963738666666666290e+02 5.772947333333332836e+02 1.947859775310823771e+00
7.553833333333334110e+01 7.525156666666664762e+01 7.391243333333333965e+01 7.400646666666666817e+01 7.320340000000000202e+01 7.191330000000000666e+01 7.070106666666667650e+01 6.961579999999999302e+01 2.987087999999999965e+02 5.841423666666667032e+02 1.955557943611526461e+00
7.602883333333333837e+01 7.553833333333334110e+01 7.525156666666664762e+01 7.391243333333333965e+01 7.400646666666666817e+01 7.320340000000000202e+01 7.191330000000000666e+01 7.070106666666667650e+01 3.007311666666666952e+02 5.905554000000000769e+02 1.963731948855760967e+00
7.738083333333332803e+01 7.602883333333333837e+01 7.553833333333334110e+01 7.525156666666664762e+01 7.391243333333333965e+01 7.400646666666666817e+01 7.320340000000000202e+01 7.191330000000000666e+01 3.041995666666666693e+02 5.972351666666666006e+02 1.963300517522104549e+00
7.901449999999999818e+01 7.738083333333332803e+01 7.602883333333333837e+01 7.553833333333334110e+01 7.525156666666664762e+01 7.391243333333333965e+01 7.400646666666666817e+01 7.320340000000000202e+01 3.079625000000000341e+02 6.043363666666666631e+02 1.962369985523128912e+00
7.984359999999999502e+01 7.901449999999999818e+01 7.738083333333332803e+01 7.602883333333333837e+01 7.553833333333334110e+01 7.525156666666664762e+01 7.391243333333333965e+01 7.400646666666666817e+01 3.122677666666666596e+02 6.109765666666667130e+02 1.956579038523882375e+00
8.117470000000000141e+01 7.984359999999999502e+01 7.901449999999999818e+01 7.738083333333332803e+01 7.602883333333333837e+01 7.553833333333334110e+01 7.525156666666664762e+01 7.391243333333333965e+01 3.174136333333333369e+02 6.181448000000000320e+02 1.947442501157007788e+00
8.233400000000000318e+01 8.117470000000000141e+01 7.984359999999999502e+01 7.901449999999999818e+01 7.738083333333332803e+01 7.602883333333333837e+01 7.553833333333334110e+01 7.525156666666664762e+01 3.223668000000000120e+02 6.265663666666666813e+02 1.943644217291193410e+00
8.424283333333333701e+01 8.233400000000000318e+01 8.117470000000000141e+01 7.984359999999999502e+01 7.901449999999999818e+01 7.738083333333332803e+01 7.602883333333333837e+01 7.553833333333334110e+01 3.275951333333333650e+02 6.355576333333333423e+02 1.940070436536806442e+00
8.690633333333333610e+01 8.424283333333333701e+01 8.233400000000000318e+01 8.117470000000000141e+01 7.984359999999999502e+01 7.901449999999999818e+01 7.738083333333332803e+01 7.602883333333333837e+01 3.346578666666666777e+02 6.469256333333332805e+02 1.933095551516493815e+00
8.751889999999998793e+01 8.690633333333333610e+01 8.424283333333333701e+01 8.233400000000000318e+01 8.117470000000000141e+01 7.984359999999999502e+01 7.901449999999999818e+01 7.738083333333332803e+01 3.410020666666666784e+02 6.584157000000000153e+02 1.930826127935490577e+00
8.763403333333333478e+01 8.751889999999998793e+01 8.690633333333333610e+01 8.424283333333333701e+01 8.233400000000000318e+01 8.117470000000000141e+01 7.984359999999999502e+01 7.901449999999999818e+01 3.463020999999999958e+02 6.686689000000000078e+02 1.930883179743928757e+00
8.879820000000000846e+01 8.763403333333333478e+01 8.751889999999998793e+01 8.690633333333333610e+01 8.424283333333333701e+01 8.233400000000000318e+01 8.117470000000000141e+01 7.984359999999999502e+01 3.508574666666666531e+02 6.784526000000000749e+02 1.933698622536559331e+00
9.022613333333333685e+01 8.879820000000000846e+01 8.763403333333333478e+01 8.751889999999998793e+01 8.690633333333333610e+01 8.424283333333333701e+01 8.233400000000000318e+01 8.117470000000000141e+01 3.541772666666666396e+02 6.888351333333332605e+02 1.944888049468260549e+00
9.103496666666666215e+01 9.022613333333333685e+01 8.879820000000000846e+01 8.763403333333333478e+01 8.751889999999998793e+01 8.690633333333333610e+01 8.424283333333333701e+01 8.233400000000000318e+01 3.576933333333333280e+02 6.986954000000000633e+02 1.953336377530100476e+00
9.179186666666664962e+01 9.103496666666666215e+01 9.022613333333333685e+01 8.879820000000000846e+01 8.763403333333333478e+01 8.751889999999998793e+01 8.690633333333333610e+01 8.424283333333333701e+01 3.618511666666666429e+02 7.081532666666666955e+02 1.957029110034650632e+00
9.267279999999999518e+01 9.179186666666664962e+01 9.103496666666666215e+01 9.022613333333333685e+01 8.879820000000000846e+01 8.763403333333333478e+01 8.751889999999998793e+01 8.690633333333333610e+01 3.657257666666666296e+02 7.165832333333332826e+02 1.959345768455107439e+00
9.440650000000000830e+01 9.267279999999999518e+01 9.179186666666664962e+01 9.103496666666666215e+01 9.022613333333333685e+01 8.879820000000000846e+01 8.763403333333333478e+01 8.751889999999998793e+01 3.699061333333332868e+02 7.240833999999999833e+02 1.957478762179666765e+00
9.509543333333333237e+01 9.440650000000000830e+01 9.267279999999999518e+01 9.179186666666664962e+01 9.103496666666666215e+01 9.022613333333333685e+01 8.879820000000000846e+01 8.763403333333333478e+01 3.739665999999999713e+02 7.316599333333333561e+02 1.956484705675141544e+00
9.644643333333333146e+01 9.509543333333333237e+01 9.440650000000000830e+01 9.267279999999999518e+01 9.179186666666664962e+01 9.103496666666666215e+01 9.022613333333333685e+01 8.879820000000000846e+01 3.786211666666666815e+02 7.404723333333333812e+02 1.955707706075598074e+00
9.651476666666667370e+01 9.644643333333333146e+01 9.509543333333333237e+01 9.440650000000000830e+01 9.267279999999999518e+01 9.179186666666664962e+01 9.103496666666666215e+01 9.022613333333333685e+01 3.824631333333333600e+02 7.481888999999999896e+02 1.956237960713250290e+00
9.627609999999999957e+01 9.651476666666667370e+01 9.644643333333333146e+01 9.509543333333333237e+01 9.440650000000000830e+01 9.267279999999999518e+01 9.179186666666664962e+01 9.103496666666666215e+01 3.843327333333333513e+02 7.542388666666665813e+02 1.962463254495973697e+00
9.479629999999998802e+01 9.627609999999999957e+01 9.651476666666667370e+01 9.644643333333333146e+01 9.509543333333333237e+01 9.440650000000000830e+01 9.267279999999999518e+01 9.179186666666664962e+01 3.840336000000000354e+02 7.580001999999999498e+02 1.973786147878726860e+00
9.351686666666667236e+01 9.479629999999998802e+01 9.627609999999999957e+01 9.651476666666667370e+01 9.644643333333333146e+01 9.509543333333333237e+01 9.440650000000000830e+01 9.267279999999999518e+01 3.811040333333333479e+02 7.597252000000000862e+02 1.993485068512788505e+00
9.285566666666666436e+01 9.351686666666667236e+01 9.479629999999998802e+01 9.627609999999999957e+01 9.651476666666667370e+01 9.644643333333333146e+01 9.509543333333333237e+01 9.440650000000000830e+01 3.774449333333333243e+02 7.599080666666666275e+02 2.013295184427785767e+00
9.117719999999998493e+01 9.285566666666666436e+01 9.351686666666667236e+01 9.479629999999998802e+01 9.627609999999999957e+01 9.651476666666667370e+01 9.644643333333333146e+01 9.509543333333333237e+01 3.723460333333333097e+02 7.566787666666666610e+02 2.032192366580871656e+00
9.176973333333334892e+01 9.117719999999998493e+01 9.285566666666666436e+01 9.351686666666667236e+01 9.479629999999998802e+01 9.627609999999999957e+01 9.651476666666667370e+01 9.644643333333333146e+01 3.693194666666666421e+02 7.533530666666666775e+02 2.039841207034488235e+00
9.370663333333334322e+01 9.176973333333334892e+01 9.117719999999998493e+01 9.285566666666666436e+01 9.351686666666667236e+01 9.479629999999998802e+01 9.627609999999999957e+01 9.651476666666667370e+01 3.695092333333333272e+02 7.506132666666667319e+02 2.031378918181296012e+00
9.443796666666666795e+01 9.370663333333334322e+01 9.176973333333334892e+01 9.117719999999998493e+01 9.285566666666666436e+01 9.351686666666667236e+01 9.479629999999998802e+01 9.627609999999999957e+01 3.710915333333333592e+02 7.485364666666666835e+02 2.017120843321135393e+00
9.359649999999999181e+01 9.443796666666666795e+01 9.370663333333334322e+01 9.176973333333334892e+01 9.117719999999998493e+01 9.285566666666666436e+01 9.351686666666667236e+01 9.479629999999998802e+01 3.735108333333333803e+02 7.458568666666667468e+02 1.996881482687918430e+00
9.427640000000000953e+01 9.359649999999999181e+01 9.443796666666666795e+01 9.370663333333334322e+01 9.176973333333334892e+01 9.117719999999998493e+01 9.285566666666666436e+01 9.351686666666667236e+01 3.760175000000000409e+02 7.453369666666667399e+02 1.982186910626943410e+00
9.387729999999999109e+01 9.427640000000000953e+01 9.359649999999999181e+01 9.443796666666666795e+01 9.370663333333334322e+01 9.176973333333334892e+01 9.117719999999998493e+01 9.285566666666666436e+01 3.761881666666666888e+02 7.456974000000000160e+02 1.982245764420199174e+00
9.478779999999999006e+01 9.387729999999999109e+01 9.427640000000000953e+01 9.359649999999999181e+01 9.443796666666666795e+01 9.370663333333334322e+01 9.176973333333334892e+01 9.117719999999998493e+01 3.765380000000000109e+02 7.476295333333333701e+02 1.985535412981779713e+00
9.510853333333334092e+01 9.478779999999999006e+01 9.387729999999999109e+01 9.427640000000000953e+01 9.359649999999999181e+01 9.443796666666666795e+01 9.370663333333334322e+01 9.176973333333334892e+01 3.780500333333333742e+02 7.515608666666666977e+02 1.987993123661497608e+00
9.576246666666668261e+01 9.510853333333334092e+01 9.478779999999999006e+01 9.387729999999999109e+01 9.427640000000000953e+01 9.359649999999999181e+01 9.443796666666666795e+01 9.370663333333334322e+01 3.795361000000000331e+02 7.555536000000000740e+02 1.990729208631273783e+00
9.659896666666666931e+01 9.576246666666668261e+01 9.510853333333334092e+01 9.478779999999999006e+01 9.387729999999999109e+01 9.427640000000000953e+01 9.359649999999999181e+01 9.443796666666666795e+01 3.822577666666667255e+02 7.584459333333334143e+02 1.984121709146873247e+00
9.759106666666666285e+01 9.659896666666666931e+01 9.576246666666668261e+01 9.510853333333334092e+01 9.478779999999999006e+01 9.387729999999999109e+01 9.427640000000000953e+01 9.359649999999999181e+01 3.850610333333333415e+02 7.615990333333334092e+02 1.977865759982118998e+00
9.806746666666667522e+01 9.759106666666666285e+01 9.659896666666666931e+01 9.576246666666668261e+01 9.510853333333334092e+01 9.478779999999999006e+01 9.387729999999999109e+01 9.427640000000000953e+01 3.880199666666666758e+02 7.660700000000000500e+02 1.974305617777916799e+00
9.921559999999999491e+01 9.806746666666667522e+01 9.759106666666666285e+01 9.659896666666666931e+01 9.576246666666668261e+01 9.510853333333334092e+01 9.478779999999999006e+01 9.387729999999999109e+01 3.914731000000000449e+02 7.710092000000000780e+02 1.969507483400519732e+00
1.005816999999999979e+02 9.921559999999999491e+01 9.806746666666667522e+01 9.759106666666666285e+01 9.659896666666666931e+01 9.576246666666668261e+01 9.510853333333334092e+01 9.478779999999999006e+01 3.954558333333333735e+02 7.777136000000000422e+02 1.966625687234351716e+00
1.006100333333333339e+02 1.005816999999999979e+02 9.921559999999999491e+01 9.806746666666667522e+01 9.759106666666666285e+01 9.659896666666666931e+01 9.576246666666668261e+01 9.510853333333334092e+01 3.984748000000000161e+02 7.835358333333333576e+02 1.966337227180572800e+00
1.002951666666666739e+02 1.006100333333333339e+02 1.005816999999999979e+02 9.921559999999999491e+01 9.806746666666667522e+01 9.759106666666666285e+01 9.659896666666666931e+01 9.576246666666668261e+01 4.007024999999999864e+02 7.887224666666666053e+02 1.968349253290575085e+00
1.009364999999999810e+02 1.002951666666666739e+02 1.006100333333333339e+02 1.005816999999999979e+02 9.921559999999999491e+01 9.806746666666667522e+01 9.759106666666666285e+01 9.659896666666666931e+01 4.024234000000000151e+02 7.938965000000000600e+02 1.972789107194064862e+00
1.022849666666666621e+02 1.009364999999999810e+02 1.002951666666666739e+02 1.006100333333333339e+02 1.005816999999999979e+02 9.921559999999999491e+01 9.806746666666667522e+01 9.759106666666666285e+01 4.041266666666666083e+02 7.995824999999999818e+02 1.978544268298718434e+00
1.038257666666666523e+02 1.022849666666666621e+02 1.009364999999999810e+02 1.002951666666666739e+02 1.006100333333333339e+02 1.005816999999999979e+02 9.921559999999999491e+01 9.806746666666667522e+01 4.073423999999999410e+02 8.058171999999999571e+02 1.978230599122507538e+00
1.025889999999999986e+02 1.038257666666666523e+02 1.022849666666666621e+02 1.009364999999999810e+02 1.002951666666666739e+02 1.006100333333333339e+02 1.005816999999999979e+02 9.921559999999999491e+01 4.096362333333332799e+02 8.103387333333332663e+02 1.978191056829526895e+00
1.031875333333333202e+02 1.025889999999999986e+02 1.038257666666666523e+02 1.022849666666666621e+02 1.009364999999999810e+02 1.002951666666666739e+02 1.006100333333333339e+02 1.005816999999999979e+02 4.118872666666666191e+02 8.143106666666666342e+02 1.977023162810406687e+00
1.052476333333333400e+02 1.031875333333333202e+02 1.025889999999999986e+02 1.038257666666666523e+02 1.022849666666666621e+02 1.009364999999999810e+02 1.002951666666666739e+02 1.006100333333333339e+02 4.148499333333332970e+02 8.189765999999999622e+02 1.974151456213323108e+00
1.064083666666666659e+02 1.052476333333333400e+02 1.031875333333333202e+02 1.025889999999999986e+02 1.038257666666666523e+02 1.022849666666666621e+02 1.009364999999999810e+02 1.002951666666666739e+02 4.174325333333333106e+02 8.247749333333332515e+02 1.975828109867814097e+00
1.050684666666666658e+02 1.064083666666666659e+02 1.052476333333333400e+02 1.031875333333333202e+02 1.025889999999999986e+02 1.038257666666666523e+02 1.022849666666666621e+02 1.009364999999999810e+02 4.199119999999999777e+02 8.295482333333332008e+02 1.975528761581791581e+00
1.041420000000000101e+02 1.050684666666666658e+02 1.064083666666666659e+02 1.052476333333333400e+02 1.031875333333333202e+02 1.025889999999999986e+02 1.038257666666666523e+02 1.022849666666666621e+02 4.208664666666666676e+02 8.327537333333332299e+02 1.978664966892903498e+00
1.037067666666666668e+02 1.041420000000000101e+02 1.050684666666666658e+02 1.064083666666666659e+02 1.052476333333333400e+02 1.031875333333333202e+02 1.025889999999999986e+02 1.038257666666666523e+02 4.193256000000000085e+02 8.341755333333333056e+02 1.989326512221846865e+00
1.014034666666666880e+02 1.037067666666666668e+02 1.041420000000000101e+02 1.050684666666666658e+02 1.064083666666666659e+02 1.052476333333333400e+02 1.031875333333333202e+02 1.025889999999999986e+02 4.143207000000000448e+02 8.317532333333333554e+02 2.007510687574463937e+00
9.574410000000000309e+01 1.014034666666666880e+02 1.037067666666666668e+02 1.041420000000000101e+02 1.050684666666666658e+02 1.064083666666666659e+02 1.052476333333333400e+02 1.031875333333333202e+02 4.049963333333333821e+02 8.249083333333333030e+02 2.036829140016905182e+00
9.019706666666667161e+01 9.574410000000000309e+01 1.014034666666666880e+02 1.037067666666666668e+02 1.041420000000000101e+02 1.050684666666666658e+02 1.064083666666666659e+02 1.052476333333333400e+02 3.910514000000000578e+02 8.119178666666666686e+02 2.076243344651538258e+00
8.764746666666667352e+01 9.019706666666667161e+01 9.574410000000000309e+01 1.014034666666666880e+02 1.037067666666666668e+02 1.041420000000000101e+02 1.050684666666666658e+02 1.064083666666666659e+02 3.749921000000000504e+02 7.943177000000000589e+02 2.118225157276646620e+00
9.025333333333333030e+01 8.764746666666667352e+01 9.019706666666667161e+01 9.574410000000000309e+01 1.014034666666666880e+02 1.037067666666666668e+02 1.041420000000000101e+02 1.050684666666666658e+02 3.638419666666666785e+02 7.781626666666667234e+02 2.138738073004039730e+00
9.030933333333332769e+01 9.025333333333333030e+01 8.764746666666667352e+01 9.019706666666667161e+01 9.574410000000000309e+01 1.014034666666666880e+02 1.037067666666666668e+02 1.041420000000000101e+02 3.584071999999999889e+02 7.634035333333333710e+02 2.129989390094098045e+00
9.204626666666666779e+01 9.030933333333332769e+01 9.025333333333333030e+01 8.764746666666667352e+01 9.019706666666667161e+01 9.574410000000000309e+01 1.014034666666666880e+02 1.037067666666666668e+02 3.602563999999999851e+02 7.513078000000000429e+02 2.085480785351766286e+00
9.410376666666667234e+01 9.204626666666666779e+01 9.030933333333332769e+01 9.025333333333333030e+01 8.764746666666667352e+01 9.019706666666667161e+01 9.574410000000000309e+01 1.014034666666666880e+02 3.667126999999999839e+02 7.417047999999999774e+02 2.022577347334848064e+00
9.646540000000000248e+01 9.410376666666667234e+01 9.204626666666666779e+01 9.030933333333332769e+01 9.025333333333333030e+01 8.764746666666667352e+01 9.019706666666667161e+01 9.574410000000000309e+01 3.729247666666666419e+02 7.367667333333333772e+02 1.975644417287740984e+00
9.544749999999999091e+01 9.646540000000000248e+01 9.410376666666667234e+01 9.204626666666666779e+01 9.030933333333332769e+01 9.025333333333333030e+01 8.764746666666667352e+01 9.019706666666667161e+01 3.780629333333333193e+02 7.364701333333332514e+02 1.948009361404379858e+00
9.600939999999998520e+01 9.544749999999999091e+01 9.646540000000000248e+01 9.410376666666667234e+01 9.204626666666666779e+01 9.030933333333332769e+01 9.025333333333333030e+01 8.764746666666667352e+01 3.820260666666666225e+02 7.422824666666665507e+02 1.943015232293922034e+00
9.636676666666666335e+01 9.600939999999998520e+01 9.544749999999999091e+01 9.646540000000000248e+01 9.410376666666667234e+01 9.204626666666666779e+01 9.030933333333332769e+01 9.025333333333333030e+01 3.842890666666666561e+02 7.510017666666666400e+02 1.954262641872368311e+00
9.865716666666666868e+01 9.636676666666666335e+01 9.600939999999998520e+01 9.544749999999999091e+01 9.646540000000000248e+01 9.410376666666667234e+01 9.204626666666666779e+01 9.030933333333332769e+01 3.864808333333332939e+02 7.594055999999999358e+02 1.964924349417931593e+00
9.810610000000001207e+01 9.865716666666666868e+01 9.636676666666666335e+01 9.600939999999998520e+01 9.544749999999999091e+01 9.646540000000000248e+01 9.410376666666667234e+01 9.204626666666666779e+01 3.891394333333333293e+02 7.672023666666666486e+02 1.971535909622112337e+00
9.902096666666666636e+01 9.810610000000001207e+01 9.865716666666666868e+01 9.636676666666666335e+01 9.600939999999998520e+01 9.544749999999999091e+01 9.646540000000000248e+01 9.410376666666667234e+01 3.921510000000000105e+02 7.741770666666666330e+02 1.974181034006458280e+00
9.976149999999999807e+01 9.902096666666666636e+01 9.810610000000001207e+01 9.865716666666666868e+01 9.636676666666666335e+01 9.600939999999998520e+01 9.544749999999999091e+01 9.646540000000000248e+01 3.955457333333333736e+02 7.798348000000000866e+02 1.971541428163553267e+00
1.010058999999999969e+02 9.976149999999999807e+01 9.902096666666666636e+01 9.810610000000001207e+01 9.865716666666666868e+01 9.636676666666666335e+01 9.600939999999998520e+01 9.544749999999999091e+01 3.978944666666666876e+02 7.843752999999999247e+02 1.971314923203254521e+00
1.002116666666666589e+02 1.010058999999999969e+02 9.976149999999999807e+01 9.902096666666666636e+01 9.810610000000001207e+01 9.865716666666666868e+01 9.636676666666666335e+01 9.600939999999998520e+01 4.000000333333333060e+02 7.891394666666666353e+02 1.972848502262624759e+00
1.009313000000000073e+02 1.002116666666666589e+02 1.010058999999999969e+02 9.976149999999999807e+01 9.902096666666666636e+01 9.810610000000001207e+01 9.865716666666666868e+01 9.636676666666666335e+01 4.019103666666666754e+02 7.940613666666666859e+02 1.975717554270599807e+00
1.015350666666666513e+02 1.009313000000000073e+02 1.002116666666666589e+02 1.010058999999999969e+02 9.976149999999999807e+01 9.902096666666666636e+01 9.810610000000001207e+01 9.865716666666666868e+01 4.036839333333333002e+02 7.992296666666666169e+02 1.979840168686426205e+00
1.029229000000000127e+02 1.015350666666666513e+02 1.009313000000000073e+02 1.002116666666666589e+02 1.010058999999999969e+02 9.976149999999999807e+01 9.902096666666666636e+01 9.810610000000001207e+01 4.056009333333333302e+02 8.034954000000000178e+02 1.980999879355964666e+00
1.022609666666666612e+02 1.029229000000000127e+02 1.015350666666666513e+02 1.009313000000000073e+02 1.002116666666666589e+02 1.010058999999999969e+02 9.976149999999999807e+01 9.902096666666666636e+01 4.076502333333333468e+02 8.076502666666666528e+02 1.981233421756085411e+00
1.030792000000000002e+02 1.022609666666666612e+02 1.029229000000000127e+02 1.015350666666666513e+02 1.009313000000000073e+02 1.002116666666666589e+02 1.010058999999999969e+02 9.976149999999999807e+01 4.097981333333333396e+02 8.117084999999999582e+02 1.980752067847388886e+00
1.044803666666666686e+02 1.030792000000000002e+02 1.022609666666666612e+02 1.029229000000000127e+02 1.015350666666666513e+02 1.009313000000000073e+02 1.002116666666666589e+02 1.010058999999999969e+02 4.127434333333333711e+02 8.164273666666666713e+02 1.978050529049401929e+00
1.062805666666666724e+02 1.044803666666666686e+02 1.030792000000000002e+02 1.022609666666666612e+02 1.029229000000000127e+02 1.015350666666666513e+02 1.009313000000000073e+02 1.002116666666666589e+02 4.161011000000000308e+02 8.217020333333333610e+02 1.974765347492071665e+00
1.057236333333333391e+02 1.062805666666666724e+02 1.044803666666666686e+02 1.030792000000000002e+02 1.022609666666666612e+02 1.029229000000000127e+02 1.015350666666666513e+02 1.009313000000000073e+02 4.195637666666667087e+02 8.272140000000000555e+02 1.971604951905205017e+00
1.054717333333333471e+02 1.057236333333333391e+02 1.062805666666666724e+02 1.044803666666666686e+02 1.030792000000000002e+02 1.022609666666666612e+02 1.029229000000000127e+02 1.015350666666666513e+02 4.219563000000000557e+02 8.317544333333333952e+02 1.971186194715740303e+00
1.049639333333333298e+02 1.054717333333333471e+02 1.057236333333333391e+02 1.062805666666666724e+02 1.044803666666666686e+02 1.030792000000000002e+02 1.022609666666666612e+02 1.029229000000000127e+02 4.224398666666667168e+02 8.351833000000001448e+02 1.977046595034117837e+00
1.064888333333333321e+02 1.049639333333333298e+02 1.054717333333333471e+02 1.057236333333333391e+02 1.062805666666666724e+02 1.044803666666666686e+02 1.030792000000000002e+02 1.022609666666666612e+02 4.226481333333333623e+02 8.387492333333334500e+02 1.984509494264890650e+00
1.039316000000000031e+02 1.064888333333333321e+02 1.049639333333333298e+02 1.054717333333333471e+02 1.057236333333333391e+02 1.062805666666666724e+02 1.044803666666666686e+02 1.030792000000000002e+02 4.208561000000000263e+02 8.404198666666667350e+02 1.996929275034071471e+00
1.034591333333333267e+02 1.039316000000000031e+02 1.064888333333333321e+02 1.049639333333333298e+02 1.054717333333333471e+02 1.057236333333333391e+02 1.062805666666666724e+02 1.044803666666666686e+02 4.188435000000000059e+02 8.407998000000000047e+02 2.007431892819155461e+00
1.031508000000000038e+02 1.034591333333333267e+02 1.039316000000000031e+02 1.064888333333333321e+02 1.049639333333333298e+02 1.054717333333333471e+02 1.057236333333333391e+02 1.062805666666666724e+02 4.170303666666666800e+02 8.394702333333334536e+02 2.012971477456757974e+00
1.042119000000000142e+02 1.031508000000000038e+02 1.034591333333333267e+02 1.039316000000000031e+02 1.064888333333333321e+02 1.049639333333333298e+02 1.054717333333333471e+02 1.057236333333333391e+02 4.147534333333333620e+02 8.374015666666666675e+02 2.019034682694609728e+00
1.028620999999999981e+02 1.042119000000000142e+02 1.031508000000000038e+02 1.034591333333333267e+02 1.039316000000000031e+02 1.064888333333333321e+02 1.049639333333333298e+02 1.054717333333333471e+02 4.136839333333333570e+02 8.345400333333334402e+02 2.017337310175127296e+00
1.032496666666666556e+02 1.028620999999999981e+02 1.042119000000000142e+02 1.031508000000000038e+02 1.034591333333333267e+02 1.039316000000000031e+02 1.064888333333333321e+02 1.049639333333333298e+02 4.134744666666666717e+02 8.323179666666667345e+02 2.012985162969354036e+00
1.044698333333333267e+02 1.032496666666666556e+02 1.028620999999999981e+02 1.042119000000000142e+02 1.031508000000000038e+02 1.034591333333333267e+02 1.039316000000000031e+02 1.064888333333333321e+02 4.147934999999999945e+02 8.318238666666666177e+02 2.005392723527891885e+00
1.060457666666666654e+02 1.044698333333333267e+02 1.032496666666666556e+02 1.028620999999999981e+02 1.042119000000000142e+02 1.031508000000000038e+02 1.034591333333333267e+02 1.039316000000000031e+02 4.166273666666666600e+02 8.313808000000000220e+02 1.995502135761445084e+00
