5.160999999999999943e+01 -1.000000000000000000e+08 6.456999999999999318e+01 -1.000000000000000000e+08 5.939999999999999858e+01 -1.000000000000000000e+08 6.060999999999999943e+01 -1.000000000000000000e+08 -1.999998838199999928e+08 -3.999997638100000024e+08 1.999999980849988868e+00
-1.000000000000000000e+08 5.160999999999999943e+01 -1.000000000000000000e+08 6.456999999999999318e+01 -1.000000000000000000e+08 5.939999999999999858e+01 -1.000000000000000000e+08 6.060999999999999943e+01 -1.999998838199999928e+08 -3.999997638099999428e+08 1.999999980849988646e+00
5.146000000000000085e+01 -1.000000000000000000e+08 5.160999999999999943e+01 -1.000000000000000000e+08 6.456999999999999318e+01 -1.000000000000000000e+08 5.939999999999999858e+01 -1.000000000000000000e+08 -1.999998969300000072e+08 -3.999997729600000381e+08 1.999999895499946279e+00
-1.000000000000000000e+08 5.146000000000000085e+01 -1.000000000000000000e+08 5.160999999999999943e+01 -1.000000000000000000e+08 6.456999999999999318e+01 -1.000000000000000000e+08 5.939999999999999858e+01 -1.999998969300000072e+08 -3.999997729600000381e+08 1.999999895499946279e+00
5.507999999999999829e+01 -1.000000000000000000e+08 5.146000000000000085e+01 -1.000000000000000000e+08 5.160999999999999943e+01 -1.000000000000000000e+08 6.456999999999999318e+01 -1.000000000000000000e+08 -1.999998934600000083e+08 -3.999997772799999714e+08 1.999999951799974029e+00
-1.000000000000000000e+08 5.507999999999999829e+01 -1.000000000000000000e+08 5.146000000000000085e+01 -1.000000000000000000e+08 5.160999999999999943e+01 -1.000000000000000000e+08 6.456999999999999318e+01 -1.999998934600000083e+08 -3.999997772799999714e+08 1.999999951799974029e+00
5.714000000000000057e+01 -1.000000000000000000e+08 5.507999999999999829e+01 -1.000000000000000000e+08 5.146000000000000085e+01 -1.000000000000000000e+08 5.160999999999999943e+01 -1.000000000000000000e+08 -1.999998877800000012e+08 -3.999997847100000381e+08 2.000000045750025990e+00
-1.000000000000000000e+08 5.714000000000000057e+01 -1.000000000000000000e+08 5.507999999999999829e+01 -1.000000000000000000e+08 5.146000000000000085e+01 -1.000000000000000000e+08 5.160999999999999943e+01 -1.999998877800000012e+08 -3.999997847100000381e+08 2.000000045750025990e+00
5.500000000000000000e+01 -1.000000000000000000e+08 5.714000000000000057e+01 -1.000000000000000000e+08 5.507999999999999829e+01 -1.000000000000000000e+08 5.146000000000000085e+01 -1.000000000000000000e+08 -1.999998878600000143e+08 -3.999997813200000525e+08 2.000000028000015639e+00
-1.000000000000000000e+08 5.500000000000000000e+01 -1.000000000000000000e+08 5.714000000000000057e+01 -1.000000000000000000e+08 5.507999999999999829e+01 -1.000000000000000000e+08 5.146000000000000085e+01 -1.999998878600000143e+08 -3.999997813200000525e+08 2.000000028000015639e+00
5.797999999999999687e+01 -1.000000000000000000e+08 5.500000000000000000e+01 -1.000000000000000000e+08 5.714000000000000057e+01 -1.000000000000000000e+08 5.507999999999999829e+01 -1.000000000000000000e+08 -1.999998870199999809e+08 -3.999997747999999523e+08 2.000000003800002091e+00
-1.000000000000000000e+08 5.797999999999999687e+01 -1.000000000000000000e+08 5.500000000000000000e+01 -1.000000000000000000e+08 5.714000000000000057e+01 -1.000000000000000000e+08 5.507999999999999829e+01 -1.999998870199999809e+08 -3.999997747999999523e+08 2.000000003800002091e+00
6.551999999999999602e+01 -1.000000000000000000e+08 5.797999999999999687e+01 -1.000000000000000000e+08 5.500000000000000000e+01 -1.000000000000000000e+08 5.714000000000000057e+01 -1.000000000000000000e+08 -1.999998765000000000e+08 -3.999997643600000143e+08 2.000000056800035342e+00
-1.000000000000000000e+08 6.551999999999999602e+01 -1.000000000000000000e+08 5.797999999999999687e+01 -1.000000000000000000e+08 5.500000000000000000e+01 -1.000000000000000000e+08 5.714000000000000057e+01 -1.999998765000000298e+08 -3.999997643600000143e+08 2.000000056800034898e+00
6.470999999999999375e+01 -1.000000000000000000e+08 6.551999999999999602e+01 -1.000000000000000000e+08 5.797999999999999687e+01 -1.000000000000000000e+08 5.500000000000000000e+01 -1.000000000000000000e+08 -1.999998697700000107e+08 -3.999997567899999619e+08 2.000000086250055986e+00
-1.000000000000000000e+08 6.470999999999999375e+01 -1.000000000000000000e+08 6.551999999999999602e+01 -1.000000000000000000e+08 5.797999999999999687e+01 -1.000000000000000000e+08 5.500000000000000000e+01 -1.999998697700000107e+08 -3.999997567899999619e+08 2.000000086250055986e+00
7.065000000000000568e+01 -1.000000000000000000e+08 6.470999999999999375e+01 -1.000000000000000000e+08 6.551999999999999602e+01 -1.000000000000000000e+08 5.797999999999999687e+01 -1.000000000000000000e+08 -1.999998646399999857e+08 -3.999997411399999857e+08 2.000000059300039990e+00
-1.000000000000000000e+08 7.065000000000000568e+01 -1.000000000000000000e+08 6.470999999999999375e+01 -1.000000000000000000e+08 6.551999999999999602e+01 -1.000000000000000000e+08 5.797999999999999687e+01 -1.999998646399999857e+08 -3.999997411399999857e+08 2.000000059300039990e+00
6.049000000000000199e+01 -1.000000000000000000e+08 7.065000000000000568e+01 -1.000000000000000000e+08 6.470999999999999375e+01 -1.000000000000000000e+08 6.551999999999999602e+01 -1.000000000000000000e+08 -1.999998688600000143e+08 -3.999997386299999952e+08 2.000000004550002597e+00
-1.000000000000000000e+08 6.049000000000000199e+01 -1.000000000000000000e+08 7.065000000000000568e+01 -1.000000000000000000e+08 6.470999999999999375e+01 -1.000000000000000000e+08 6.551999999999999602e+01 -1.999998688599999845e+08 -3.999997386299999952e+08 2.000000004550003041e+00
5.861999999999999744e+01 -1.000000000000000000e+08 6.049000000000000199e+01 -1.000000000000000000e+08 7.065000000000000568e+01 -1.000000000000000000e+08 6.470999999999999375e+01 -1.000000000000000000e+08 -1.999998808899999857e+08 -3.999997455299999714e+08 1.999999918749951533e+00
-1.000000000000000000e+08 5.861999999999999744e+01 -1.000000000000000000e+08 6.049000000000000199e+01 -1.000000000000000000e+08 7.065000000000000568e+01 -1.000000000000000000e+08 6.470999999999999375e+01 -1.999998808899999857e+08 -3.999997455299999714e+08 1.999999918749951533e+00
4.954999999999999716e+01 -1.000000000000000000e+08 5.861999999999999744e+01 -1.000000000000000000e+08 6.049000000000000199e+01 -1.000000000000000000e+08 7.065000000000000568e+01 -1.000000000000000000e+08 -1.999998918299999833e+08 -3.999997606899999976e+08 1.999999885149938095e+00
-1.000000000000000000e+08 4.954999999999999716e+01 -1.000000000000000000e+08 5.861999999999999744e+01 -1.000000000000000000e+08 6.049000000000000199e+01 -1.000000000000000000e+08 7.065000000000000568e+01 -1.999998918299999833e+08 -3.999997606899999380e+08 1.999999885149937651e+00
3.561999999999999744e+01 -1.000000000000000000e+08 4.954999999999999716e+01 -1.000000000000000000e+08 5.861999999999999744e+01 -1.000000000000000000e+08 6.049000000000000199e+01 -1.000000000000000000e+08 -1.999999148299999833e+08 -3.999997957199999690e+08 1.999999830299927783e+00
-1.000000000000000000e+08 3.561999999999999744e+01 -1.000000000000000000e+08 4.954999999999999716e+01 -1.000000000000000000e+08 5.861999999999999744e+01 -1.000000000000000000e+08 6.049000000000000199e+01 -1.999999148299999833e+08 -3.999997957199999690e+08 1.999999830299927783e+00
4.596999999999999886e+01 -1.000000000000000000e+08 3.561999999999999744e+01 -1.000000000000000000e+08 4.954999999999999716e+01 -1.000000000000000000e+08 5.861999999999999744e+01 -1.000000000000000000e+08 -1.999999184099999964e+08 -3.999998102400000095e+08 1.999999867099945927e+00
-1.000000000000000000e+08 4.596999999999999886e+01 -1.000000000000000000e+08 3.561999999999999744e+01 -1.000000000000000000e+08 4.954999999999999716e+01 -1.000000000000000000e+08 5.861999999999999744e+01 -1.999999184099999964e+08 -3.999998102400000095e+08 1.999999867099945927e+00
5.096000000000000085e+01 -1.000000000000000000e+08 4.596999999999999886e+01 -1.000000000000000000e+08 3.561999999999999744e+01 -1.000000000000000000e+08 4.954999999999999716e+01 -1.000000000000000000e+08 -1.999999030699999928e+08 -3.999998178999999762e+08 2.000000058800028402e+00
-1.000000000000000000e+08 5.096000000000000085e+01 -1.000000000000000000e+08 4.596999999999999886e+01 -1.000000000000000000e+08 3.561999999999999744e+01 -1.000000000000000000e+08 4.954999999999999716e+01 -1.999999030700000226e+08 -3.999998178999999762e+08 2.000000058800027958e+00
3.303999999999999915e+01 -1.000000000000000000e+08 5.096000000000000085e+01 -1.000000000000000000e+08 4.596999999999999886e+01 -1.000000000000000000e+08 3.561999999999999744e+01 -1.000000000000000000e+08 -1.999999160000000000e+08 -3.999998344099999666e+08 2.000000012050004994e+00
-1.000000000000000000e+08 3.303999999999999915e+01 -1.000000000000000000e+08 5.096000000000000085e+01 -1.000000000000000000e+08 4.596999999999999886e+01 -1.000000000000000000e+08 3.561999999999999744e+01 -1.999999159999999702e+08 -3.999998344099999666e+08 2.000000012050004994e+00
2.878999999999999915e+01 -1.000000000000000000e+08 3.303999999999999915e+01 -1.000000000000000000e+08 5.096000000000000085e+01 -1.000000000000000000e+08 4.596999999999999886e+01 -1.000000000000000000e+08 -1.999999381699999869e+08 -3.999998412400000095e+08 1.999999824499945955e+00
-1.000000000000000000e+08 2.878999999999999915e+01 -1.000000000000000000e+08 3.303999999999999915e+01 -1.000000000000000000e+08 5.096000000000000085e+01 -1.000000000000000000e+08 4.596999999999999886e+01 -1.999999381699999869e+08 -3.999998412400000095e+08 1.999999824499945955e+00
3.103000000000000114e+01 -1.000000000000000000e+08 2.878999999999999915e+01 -1.000000000000000000e+08 3.303999999999999915e+01 -1.000000000000000000e+08 5.096000000000000085e+01 -1.000000000000000000e+08 -1.999999401800000072e+08 -3.999998561800000072e+08 1.999999879099963795e+00
-1.000000000000000000e+08 3.103000000000000114e+01 -1.000000000000000000e+08 2.878999999999999915e+01 -1.000000000000000000e+08 3.303999999999999915e+01 -1.000000000000000000e+08 5.096000000000000085e+01 -1.999999401800000072e+08 -3.999998561799999475e+08 1.999999879099963573e+00
5.357000000000000028e+01 -1.000000000000000000e+08 3.103000000000000114e+01 -1.000000000000000000e+08 2.878999999999999915e+01 -1.000000000000000000e+08 3.303999999999999915e+01 -1.000000000000000000e+08 -1.999999154000000060e+08 -3.999998535699999928e+08 2.000000113850048056e+00
-1.000000000000000000e+08 5.357000000000000028e+01 -1.000000000000000000e+08 3.103000000000000114e+01 -1.000000000000000000e+08 2.878999999999999915e+01 -1.000000000000000000e+08 3.303999999999999915e+01 -1.999999154000000060e+08 -3.999998535699999928e+08 2.000000113850048056e+00
5.892999999999999972e+01 -1.000000000000000000e+08 5.357000000000000028e+01 -1.000000000000000000e+08 3.103000000000000114e+01 -1.000000000000000000e+08 2.878999999999999915e+01 -1.000000000000000000e+08 -1.999998875000000000e+08 -3.999998276800000072e+08 2.000000263400148359e+00
5.867333333333332490e+01 5.892999999999999972e+01 -1.000000000000000000e+08 5.357000000000000028e+01 -1.000000000000000000e+08 3.103000000000000114e+01 -1.000000000000000000e+08 2.878999999999999915e+01 -9.999982882666666806e+07 -2.999997690066666603e+08 3.000002825271502527e+00
5.517999999999999972e+01 5.867333333333332490e+01 5.892999999999999972e+01 -1.000000000000000000e+08 5.357000000000000028e+01 -1.000000000000000000e+08 3.103000000000000114e+01 -1.000000000000000000e+08 -9.999982721666666865e+07 -2.999997426166666746e+08 3.000002609671175602e+00
4.840333333333333599e+01 5.517999999999999972e+01 5.867333333333332490e+01 5.892999999999999972e+01 -1.000000000000000000e+08 5.357000000000000028e+01 -1.000000000000000000e+08 3.103000000000000114e+01 2.211866666666666674e+02 -1.999996942133333385e+08 -9.042122530592561234e+05
4.992333333333332490e+01 4.840333333333333599e+01 5.517999999999999972e+01 5.867333333333332490e+01 5.892999999999999972e+01 -1.000000000000000000e+08 5.357000000000000028e+01 -1.000000000000000000e+08 2.121799999999999784e+02 -1.999996753199999928e+08 -9.425943789235554868e+05
5.757333333333333059e+01 4.992333333333332490e+01 4.840333333333333599e+01 5.517999999999999972e+01 5.867333333333332490e+01 5.892999999999999972e+01 -1.000000000000000000e+08 5.357000000000000028e+01 2.110799999999999841e+02 -9.999961774666666985e+07 -4.737522159686691011e+05
6.314666666666666828e+01 5.757333333333333059e+01 4.992333333333332490e+01 4.840333333333333599e+01 5.517999999999999972e+01 5.867333333333332490e+01 5.892999999999999972e+01 -1.000000000000000000e+08 2.190466666666666526e+02 -9.999960817000000179e+07 -4.565219352192836232e+05
6.897333333333334338e+01 6.314666666666666828e+01 5.757333333333333059e+01 4.992333333333332490e+01 4.840333333333333599e+01 5.517999999999999972e+01 5.867333333333332490e+01 5.892999999999999972e+01 2.396166666666666458e+02 4.608033333333332848e+02 1.923085483758781411e+00
7.448999999999999488e+01 6.897333333333334338e+01 6.314666666666666828e+01 5.757333333333333059e+01 4.992333333333332490e+01 4.840333333333333599e+01 5.517999999999999972e+01 5.867333333333332490e+01 2.641833333333333371e+02 4.763633333333333439e+02 1.803154375118289021e+00
7.648000000000000398e+01 7.448999999999999488e+01 6.897333333333334338e+01 6.314666666666666828e+01 5.757333333333333059e+01 4.992333333333332490e+01 4.840333333333333599e+01 5.517999999999999972e+01 2.830899999999999750e+02 4.941699999999999591e+02 1.745628598678865329e+00
7.917666666666666231e+01 7.648000000000000398e+01 7.448999999999999488e+01 6.897333333333334338e+01 6.314666666666666828e+01 5.757333333333333059e+01 4.992333333333332490e+01 4.840333333333333599e+01 2.991200000000000045e+02 5.181666666666666288e+02 1.732303646251225571e+00
7.497000000000001307e+01 7.917666666666666231e+01 7.648000000000000398e+01 7.448999999999999488e+01 6.897333333333334338e+01 6.314666666666666828e+01 5.757333333333333059e+01 4.992333333333332490e+01 3.051166666666666742e+02 5.447333333333333485e+02 1.785328016605669976e+00
6.940666666666668050e+01 7.497000000000001307e+01 7.917666666666666231e+01 7.648000000000000398e+01 7.448999999999999488e+01 6.897333333333334338e+01 6.314666666666666828e+01 5.757333333333333059e+01 3.000333333333333599e+02 5.642166666666666970e+02 1.880513276302632875e+00
6.706666666666667709e+01 6.940666666666668050e+01 7.497000000000001307e+01 7.917666666666666231e+01 7.648000000000000398e+01 7.448999999999999488e+01 6.897333333333334338e+01 6.314666666666666828e+01 2.906200000000000614e+02 5.737100000000000364e+02 1.974089876815084743e+00
6.859333333333333371e+01 6.706666666666667709e+01 6.940666666666668050e+01 7.497000000000001307e+01 7.917666666666666231e+01 7.648000000000000398e+01 7.448999999999999488e+01 6.897333333333334338e+01 2.800366666666667470e+02 5.791566666666667516e+02 2.068145838045017726e+00
7.483666666666665890e+01 6.859333333333333371e+01 6.706666666666667709e+01 6.940666666666668050e+01 7.497000000000001307e+01 7.917666666666666231e+01 7.648000000000000398e+01 7.448999999999999488e+01 2.799033333333333644e+02 5.850199999999999818e+02 2.090078717652522400e+00
7.457999999999999829e+01 7.483666666666665890e+01 6.859333333333333371e+01 6.706666666666667709e+01 6.940666666666668050e+01 7.497000000000001307e+01 7.917666666666666231e+01 7.648000000000000398e+01 2.850766666666666538e+02 5.851100000000000136e+02 2.052465418659308316e+00
7.420666666666666345e+01 7.457999999999999829e+01 7.483666666666665890e+01 6.859333333333333371e+01 6.706666666666667709e+01 6.940666666666668050e+01 7.497000000000001307e+01 7.917666666666666231e+01 2.922166666666666970e+02 5.828366666666668152e+02 1.994536017795015326e+00
7.598333333333333428e+01 7.420666666666666345e+01 7.457999999999999829e+01 7.483666666666665890e+01 6.859333333333333371e+01 6.706666666666667709e+01 6.940666666666668050e+01 7.497000000000001307e+01 2.996066666666666265e+02 5.796433333333334303e+02 1.934681026234396750e+00
8.208666666666665890e+01 7.598333333333333428e+01 7.420666666666666345e+01 7.457999999999999829e+01 7.483666666666665890e+01 6.859333333333333371e+01 6.706666666666667709e+01 6.940666666666668050e+01 3.068566666666666265e+02 5.867599999999999909e+02 1.912163116330100054e+00
8.804000000000000625e+01 8.208666666666665890e+01 7.598333333333333428e+01 7.420666666666666345e+01 7.457999999999999829e+01 7.483666666666665890e+01 6.859333333333333371e+01 6.706666666666667709e+01 3.203166666666666629e+02 6.053933333333333167e+02 1.889983870128518539e+00
7.995333333333333314e+01 8.804000000000000625e+01 8.208666666666665890e+01 7.598333333333333428e+01 7.420666666666666345e+01 7.457999999999999829e+01 7.483666666666665890e+01 6.859333333333333371e+01 3.260633333333333326e+02 6.182799999999999727e+02 1.896196035535018698e+00
7.667333333333333201e+01 7.995333333333333314e+01 8.804000000000000625e+01 8.208666666666665890e+01 7.598333333333333428e+01 7.420666666666666345e+01 7.457999999999999829e+01 7.483666666666665890e+01 3.267533333333333303e+02 6.263599999999999000e+02 1.916920000816109804e+00
7.985000000000000853e+01 7.667333333333333201e+01 7.995333333333333314e+01 8.804000000000000625e+01 8.208666666666665890e+01 7.598333333333333428e+01 7.420666666666666345e+01 7.457999999999999829e+01 3.245166666666667084e+02 6.313733333333333348e+02 1.945580607056648148e+00
7.543999999999999773e+01 7.985000000000000853e+01 7.667333333333333201e+01 7.995333333333333314e+01 8.804000000000000625e+01 8.208666666666665890e+01 7.598333333333333428e+01 7.420666666666666345e+01 3.119166666666666856e+02 6.322333333333333485e+02 2.026930269837028842e+00
7.330333333333334167e+01 7.543999999999999773e+01 7.985000000000000853e+01 7.667333333333333201e+01 7.995333333333333314e+01 8.804000000000000625e+01 8.208666666666665890e+01 7.598333333333333428e+01 3.052666666666667084e+02 6.313300000000000409e+02 2.068126228434155944e+00
7.466666666666667140e+01 7.330333333333334167e+01 7.543999999999999773e+01 7.985000000000000853e+01 7.667333333333333201e+01 7.995333333333333314e+01 8.804000000000000625e+01 8.208666666666665890e+01 3.032600000000000477e+02 6.300133333333333212e+02 2.077469278287058074e+00
7.587333333333333485e+01 7.466666666666667140e+01 7.330333333333334167e+01 7.543999999999999773e+01 7.985000000000000853e+01 7.667333333333333201e+01 7.995333333333333314e+01 8.804000000000000625e+01 2.992833333333333599e+02 6.238000000000000682e+02 2.084312524363757912e+00
7.706333333333333258e+01 7.587333333333333485e+01 7.466666666666667140e+01 7.330333333333334167e+01 7.543999999999999773e+01 7.985000000000000853e+01 7.667333333333333201e+01 7.995333333333333314e+01 3.009066666666666947e+02 6.128233333333333803e+02 2.036589418645870175e+00
7.773333333333333428e+01 7.706333333333333258e+01 7.587333333333333485e+01 7.466666666666667140e+01 7.330333333333334167e+01 7.543999999999999773e+01 7.985000000000000853e+01 7.667333333333333201e+01 3.053366666666667015e+02 6.106033333333334667e+02 1.999770744860864147e+00
7.957000000000000739e+01 7.773333333333333428e+01 7.706333333333333258e+01 7.587333333333333485e+01 7.466666666666667140e+01 7.330333333333334167e+01 7.543999999999999773e+01 7.985000000000000853e+01 3.102400000000000091e+02 6.135000000000000000e+02 1.977501289324393952e+00
8.153333333333334565e+01 7.957000000000000739e+01 7.773333333333333428e+01 7.706333333333333258e+01 7.587333333333333485e+01 7.466666666666667140e+01 7.330333333333334167e+01 7.543999999999999773e+01 3.159000000000000341e+02 6.151833333333333940e+02 1.947398965917484404e+00
8.137666666666666515e+01 8.153333333333334565e+01 7.957000000000000739e+01 7.773333333333333428e+01 7.706333333333333258e+01 7.587333333333333485e+01 7.466666666666667140e+01 7.330333333333334167e+01 3.202133333333333667e+02 6.211200000000001182e+02 1.939706862091938877e+00
7.678666666666667595e+01 8.137666666666666515e+01 8.153333333333334565e+01 7.957000000000000739e+01 7.773333333333333428e+01 7.706333333333333258e+01 7.587333333333333485e+01 7.466666666666667140e+01 3.192666666666667084e+02 6.246033333333334667e+02 1.956368761745667317e+00
7.254000000000000625e+01 7.678666666666667595e+01 8.137666666666666515e+01 8.153333333333334565e+01 7.957000000000000739e+01 7.773333333333333428e+01 7.706333333333333258e+01 7.587333333333333485e+01 3.122366666666666788e+02 6.224766666666666879e+02 1.993605278047634766e+00
6.567333333333333201e+01 7.254000000000000625e+01 7.678666666666667595e+01 8.137666666666666515e+01 8.153333333333334565e+01 7.957000000000000739e+01 7.773333333333333428e+01 7.706333333333333258e+01 2.963766666666666652e+02 6.122766666666666424e+02 2.065873381845174439e+00
6.074333333333333229e+01 6.567333333333333201e+01 7.254000000000000625e+01 7.678666666666667595e+01 8.137666666666666515e+01 8.153333333333334565e+01 7.957000000000000739e+01 7.773333333333333428e+01 2.757433333333333394e+02 5.959566666666667061e+02 2.161273164657954826e+00
6.651333333333333542e+01 6.074333333333333229e+01 6.567333333333333201e+01 7.254000000000000625e+01 7.678666666666667595e+01 8.137666666666666515e+01 8.153333333333334565e+01 7.957000000000000739e+01 2.654700000000000273e+02 5.847366666666666788e+02 2.202646877864416375e+00
7.307999999999999829e+01 6.651333333333333542e+01 6.074333333333333229e+01 6.567333333333333201e+01 7.254000000000000625e+01 7.678666666666667595e+01 8.137666666666666515e+01 8.153333333333334565e+01 2.660099999999999909e+02 5.782466666666666697e+02 2.173777928148064476e+00
7.422333333333334338e+01 7.307999999999999829e+01 6.651333333333333542e+01 6.074333333333333229e+01 6.567333333333333201e+01 7.254000000000000625e+01 7.678666666666667595e+01 8.137666666666666515e+01 2.745600000000000023e+02 5.709366666666667243e+02 2.079460470085470192e+00
7.282333333333333769e+01 7.422333333333334338e+01 7.307999999999999829e+01 6.651333333333333542e+01 6.074333333333333229e+01 6.567333333333333201e+01 7.254000000000000625e+01 7.678666666666667595e+01 2.866399999999999864e+02 5.623833333333333258e+02 1.961984835798679105e+00
7.451000000000000512e+01 7.282333333333333769e+01 7.422333333333334338e+01 7.307999999999999829e+01 6.651333333333333542e+01 6.074333333333333229e+01 6.567333333333333201e+01 7.254000000000000625e+01 2.946366666666666561e+02 5.601066666666666833e+02 1.901008021178626883e+00
8.062666666666666515e+01 7.451000000000000512e+01 7.282333333333333769e+01 7.422333333333334338e+01 7.307999999999999829e+01 6.651333333333333542e+01 6.074333333333333229e+01 6.567333333333333201e+01 3.021833333333333371e+02 5.681933333333333849e+02 1.880293420109205416e+00
8.156666666666667709e+01 8.062666666666666515e+01 7.451000000000000512e+01 7.282333333333333769e+01 7.422333333333334338e+01 7.307999999999999829e+01 6.651333333333333542e+01 6.074333333333333229e+01 3.095266666666666424e+02 5.840866666666665878e+02 1.887031812014042798e+00
8.100666666666666060e+01 8.156666666666667709e+01 8.062666666666666515e+01 7.451000000000000512e+01 7.282333333333333769e+01 7.422333333333334338e+01 7.307999999999999829e+01 6.651333333333333542e+01 3.177099999999999795e+02 6.043499999999999091e+02 1.902206414654873834e+00
7.838666666666667027e+01 8.100666666666666060e+01 8.156666666666667709e+01 8.062666666666666515e+01 7.451000000000000512e+01 7.282333333333333769e+01 7.422333333333334338e+01 7.307999999999999829e+01 3.215866666666666447e+02 6.162233333333333576e+02 1.916196774327294072e+00
7.221333333333333826e+01 7.838666666666667027e+01 8.100666666666666060e+01 8.156666666666667709e+01 8.062666666666666515e+01 7.451000000000000512e+01 7.282333333333333769e+01 7.422333333333334338e+01 3.131733333333333462e+02 6.153566666666666833e+02 1.964907612397820191e+00
6.765666666666666629e+01 7.221333333333333826e+01 7.838666666666667027e+01 8.100666666666666060e+01 8.156666666666667709e+01 8.062666666666666515e+01 7.451000000000000512e+01 7.282333333333333769e+01 2.992633333333333212e+02 6.087899999999999636e+02 2.034295325187404746e+00
6.463666666666667027e+01 6.765666666666666629e+01 7.221333333333333826e+01 7.838666666666667027e+01 8.100666666666666060e+01 8.156666666666667709e+01 8.062666666666666515e+01 7.451000000000000512e+01 2.828933333333333735e+02 6.006033333333333530e+02 2.123073478814158310e+00
6.803666666666667595e+01 6.463666666666667027e+01 6.765666666666666629e+01 7.221333333333333826e+01 7.838666666666667027e+01 8.100666666666666060e+01 8.156666666666667709e+01 8.062666666666666515e+01 2.725433333333333508e+02 5.941299999999999955e+02 2.179946919755879620e+00
6.873000000000000398e+01 6.803666666666667595e+01 6.463666666666667027e+01 6.765666666666666629e+01 7.221333333333333826e+01 7.838666666666667027e+01 8.100666666666666060e+01 8.156666666666667709e+01 2.690600000000000591e+02 5.822333333333333485e+02 2.163953517183279551e+00
6.481666666666666288e+01 6.873000000000000398e+01 6.803666666666667595e+01 6.463666666666667027e+01 6.765666666666666629e+01 7.221333333333333826e+01 7.838666666666667027e+01 8.100666666666666060e+01 2.662200000000000273e+02 5.654833333333333485e+02 2.124120401672801695e+00
6.589666666666666117e+01 6.481666666666666288e+01 6.873000000000000398e+01 6.803666666666667595e+01 6.463666666666667027e+01 6.765666666666666629e+01 7.221333333333333826e+01 7.838666666666667027e+01 2.674800000000000182e+02 5.503733333333334485e+02 2.057624246049549299e+00
6.573666666666666458e+01 6.589666666666666117e+01 6.481666666666666288e+01 6.873000000000000398e+01 6.803666666666667595e+01 6.463666666666667027e+01 6.765666666666666629e+01 7.221333333333333826e+01 2.651800000000000068e+02 5.377233333333333576e+02 2.027767302712622843e+00
6.309666666666666401e+01 6.573666666666666458e+01 6.589666666666666117e+01 6.481666666666666288e+01 6.873000000000000398e+01 6.803666666666667595e+01 6.463666666666667027e+01 6.765666666666666629e+01 2.595466666666666242e+02 5.286066666666666833e+02 2.036653652522347091e+00
6.112999999999999545e+01 6.309666666666666401e+01 6.573666666666666458e+01 6.589666666666666117e+01 6.481666666666666288e+01 6.873000000000000398e+01 6.803666666666667595e+01 6.463666666666667027e+01 2.558599999999999568e+02 5.220799999999999272e+02 2.040490893457359345e+00
5.799000000000000199e+01 6.112999999999999545e+01 6.309666666666666401e+01 6.573666666666666458e+01 6.589666666666666117e+01 6.481666666666666288e+01 6.873000000000000398e+01 6.803666666666667595e+01 2.479533333333333189e+02 5.154333333333333940e+02 2.078751377947463563e+00
5.728666666666666885e+01 5.799000000000000199e+01 6.112999999999999545e+01 6.309666666666666401e+01 6.573666666666666458e+01 6.589666666666666117e+01 6.481666666666666288e+01 6.873000000000000398e+01 2.395033333333333303e+02 5.046833333333333371e+02 2.107207972053276812e+00
6.170666666666667055e+01 5.728666666666666885e+01 5.799000000000000199e+01 6.112999999999999545e+01 6.309666666666666401e+01 6.573666666666666458e+01 6.589666666666666117e+01 6.481666666666666288e+01 2.381133333333333439e+02 4.976599999999999682e+02 2.090013158999915799e+00
6.372333333333333627e+01 6.170666666666667055e+01 5.728666666666666885e+01 5.799000000000000199e+01 6.112999999999999545e+01 6.309666666666666401e+01 6.573666666666666458e+01 6.589666666666666117e+01 2.407066666666666777e+02 4.965666666666666060e+02 2.062953525729795068e+00
5.828333333333333144e+01 6.372333333333333627e+01 6.170666666666667055e+01 5.728666666666666885e+01 5.799000000000000199e+01 6.112999999999999545e+01 6.309666666666666401e+01 6.573666666666666458e+01 2.410000000000000000e+02 4.889533333333333189e+02 2.028852005532503444e+00
5.126333333333332831e+01 5.828333333333333144e+01 6.372333333333333627e+01 6.170666666666667055e+01 5.728666666666666885e+01 5.799000000000000199e+01 6.112999999999999545e+01 6.309666666666666401e+01 2.349766666666666595e+02 4.744800000000000182e+02 2.019264324117288290e+00
4.851666666666667282e+01 5.126333333333332831e+01 5.828333333333333144e+01 6.372333333333333627e+01 6.170666666666667055e+01 5.728666666666666885e+01 5.799000000000000199e+01 6.112999999999999545e+01 2.217866666666666617e+02 4.598999999999999773e+02 2.073614283996633390e+00
4.802666666666667084e+01 4.851666666666667282e+01 5.126333333333332831e+01 5.828333333333333144e+01 6.372333333333333627e+01 6.170666666666667055e+01 5.728666666666666885e+01 5.799000000000000199e+01 2.060900000000000034e+02 4.467966666666666811e+02 2.167968686819674140e+00
4.802333333333333343e+01 4.802666666666667084e+01 4.851666666666667282e+01 5.126333333333332831e+01 5.828333333333333144e+01 6.372333333333333627e+01 6.170666666666667055e+01 5.728666666666666885e+01 1.958300000000000125e+02 4.368300000000000409e+02 2.230659245263749035e+00
4.787666666666666515e+01 4.802333333333333343e+01 4.802666666666667084e+01 4.851666666666667282e+01 5.126333333333332831e+01 5.828333333333333144e+01 6.372333333333333627e+01 6.170666666666667055e+01 1.924433333333333564e+02 4.274200000000000159e+02 2.221017442363985683e+00
