-1.000000000000000000e+08 -1.000000000000000000e+08 -1.000000000000000000e+08 -1.000000000000000000e+08 -1.000000000000000000e+08 -1.000000000000000000e+08 -1.000000000000000000e+08 -1.000000000000000000e+08 -4.000000000000000000e+08 -8.000000000000000000e+08 2.000000000000000000e+00
-1.000000000000000000e+08 -1.000000000000000000e+08 -1.000000000000000000e+08 -1.000000000000000000e+08 -1.000000000000000000e+08 -1.000000000000000000e+08 -1.000000000000000000e+08 -1.000000000000000000e+08 -4.000000000000000000e+08 -8.000000000000000000e+08 2.000000000000000000e+00
-1.000000000000000000e+08 -1.000000000000000000e+08 -1.000000000000000000e+08 -1.000000000000000000e+08 -1.000000000000000000e+08 -1.000000000000000000e+08 -1.000000000000000000e+08 -1.000000000000000000e+08 -4.000000000000000000e+08 -8.000000000000000000e+08 2.000000000000000000e+00
-1.000000000000000000e+08 -1.000000000000000000e+08 -1.000000000000000000e+08 -1.000000000000000000e+08 -1.000000000000000000e+08 -1.000000000000000000e+08 -1.000000000000000000e+08 -1.000000000000000000e+08 -4.000000000000000000e+08 -8.000000000000000000e+08 2.000000000000000000e+00
-1.000000000000000000e+08 -1.000000000000000000e+08 -1.000000000000000000e+08 -1.000000000000000000e+08 -1.000000000000000000e+08 -1.000000000000000000e+08 -1.000000000000000000e+08 -1.000000000000000000e+08 -4.000000000000000000e+08 -8.000000000000000000e+08 2.000000000000000000e+00
-1.000000000000000000e+08 -1.000000000000000000e+08 -1.000000000000000000e+08 -1.000000000000000000e+08 -1.000000000000000000e+08 -1.000000000000000000e+08 -1.000000000000000000e+08 -1.000000000000000000e+08 -4.000000000000000000e+08 -8.000000000000000000e+08 2.000000000000000000e+00
-1.000000000000000000e+08 -1.000000000000000000e+08 -1.000000000000000000e+08 -1.000000000000000000e+08 -1.000000000000000000e+08 -1.000000000000000000e+08 -1.000000000000000000e+08 -1.000000000000000000e+08 -4.000000000000000000e+08 -8.000000000000000000e+08 2.000000000000000000e+00
-1.000000000000000000e+08 -1.000000000000000000e+08 -1.000000000000000000e+08 -1.000000000000000000e+08 -1.000000000000000000e+08 -1.000000000000000000e+08 -1.000000000000000000e+08 -1.000000000000000000e+08 -4.000000000000000000e+08 -8.000000000000000000e+08 2.000000000000000000e+00
-1.000000000000000000e+08 -1.000000000000000000e+08 -1.000000000000000000e+08 -1.000000000000000000e+08 -1.000000000000000000e+08 -1.000000000000000000e+08 -1.000000000000000000e+08 -1.000000000000000000e+08 -4.000000000000000000e+08 -8.000000000000000000e+08 2.000000000000000000e+00
-1.000000000000000000e+08 -1.000000000000000000e+08 -1.000000000000000000e+08 -1.000000000000000000e+08 -1.000000000000000000e+08 -1.000000000000000000e+08 -1.000000000000000000e+08 -1.000000000000000000e+08 -4.000000000000000000e+08 -8.000000000000000000e+08 2.000000000000000000e+00
-1.000000000000000000e+08 -1.000000000000000000e+08 -1.000000000000000000e+08 -1.000000000000000000e+08 -1.000000000000000000e+08 -1.000000000000000000e+08 -1.000000000000000000e+08 -1.000000000000000000e+08 -4.000000000000000000e+08 -8.000000000000000000e+08 2.000000000000000000e+00
-1.000000000000000000e+08 -1.000000000000000000e+08 -1.000000000000000000e+08 -1.000000000000000000e+08 -1.000000000000000000e+08 -1.000000000000000000e+08 -1.000000000000000000e+08 -1.000000000000000000e+08 -4.000000000000000000e+08 -8.000000000000000000e+08 2.000000000000000000e+00
-1.000000000000000000e+08 -1.000000000000000000e+08 -1.000000000000000000e+08 -1.000000000000000000e+08 -1.000000000000000000e+08 -1.000000000000000000e+08 -1.000000000000000000e+08 -1.000000000000000000e+08 -4.000000000000000000e+08 -8.000000000000000000e+08 2.000000000000000000e+00
-1.000000000000000000e+08 -1.000000000000000000e+08 -1.000000000000000000e+08 -1.000000000000000000e+08 -1.000000000000000000e+08 -1.000000000000000000e+08 -1.000000000000000000e+08 -1.000000000000000000e+08 -4.000000000000000000e+08 -8.000000000000000000e+08 2.000000000000000000e+00
-1.000000000000000000e+08 -1.000000000000000000e+08 -1.000000000000000000e+08 -1.000000000000000000e+08 -1.000000000000000000e+08 -1.000000000000000000e+08 -1.000000000000000000e+08 -1.000000000000000000e+08 -4.000000000000000000e+08 -8.000000000000000000e+08 2.000000000000000000e+00
-1.000000000000000000e+08 -1.000000000000000000e+08 -1.000000000000000000e+08 -1.000000000000000000e+08 -1.000000000000000000e+08 -1.000000000000000000e+08 -1.000000000000000000e+08 -1.000000000000000000e+08 -4.000000000000000000e+08 -8.000000000000000000e+08 2.000000000000000000e+00
-1.000000000000000000e+08 -1.000000000000000000e+08 -1.000000000000000000e+08 -1.000000000000000000e+08 -1.000000000000000000e+08 -1.000000000000000000e+08 -1.000000000000000000e+08 -1.000000000000000000e+08 -4.000000000000000000e+08 -8.000000000000000000e+08 2.000000000000000000e+00
-1.000000000000000000e+08 -1.000000000000000000e+08 -1.000000000000000000e+08 -1.000000000000000000e+08 -1.000000000000000000e+08 -1.000000000000000000e+08 -1.000000000000000000e+08 -1.000000000000000000e+08 -4.000000000000000000e+08 -8.000000000000000000e+08 2.000000000000000000e+00
-1.000000000000000000e+08 -1.000000000000000000e+08 -1.000000000000000000e+08 -1.000000000000000000e+08 -1.000000000000000000e+08 -1.000000000000000000e+08 -1.000000000000000000e+08 -1.000000000000000000e+08 -4.000000000000000000e+08 -8.000000000000000000e+08 2.000000000000000000e+00
-1.000000000000000000e+08 -1.000000000000000000e+08 -1.000000000000000000e+08 -1.000000000000000000e+08 -1.000000000000000000e+08 -1.000000000000000000e+08 -1.000000000000000000e+08 -1.000000000000000000e+08 -4.000000000000000000e+08 -8.000000000000000000e+08 2.000000000000000000e+00
-1.000000000000000000e+08 -1.000000000000000000e+08 -1.000000000000000000e+08 -1.000000000000000000e+08 -1.000000000000000000e+08 -1.000000000000000000e+08 -1.000000000000000000e+08 -1.000000000000000000e+08 -4.000000000000000000e+08 -8.000000000000000000e+08 2.000000000000000000e+00
-1.000000000000000000e+08 -1.000000000000000000e+08 -1.000000000000000000e+08 -1.000000000000000000e+08 -1.000000000000000000e+08 -1.000000000000000000e+08 -1.000000000000000000e+08 -1.000000000000000000e+08 -4.000000000000000000e+08 -8.000000000000000000e+08 2.000000000000000000e+00
-1.000000000000000000e+08 -1.000000000000000000e+08 -1.000000000000000000e+08 -1.000000000000000000e+08 -1.000000000000000000e+08 -1.000000000000000000e+08 -1.000000000000000000e+08 -1.000000000000000000e+08 -4.000000000000000000e+08 -8.000000000000000000e+08 2.000000000000000000e+00
-1.000000000000000000e+08 -1.000000000000000000e+08 -1.000000000000000000e+08 -1.000000000000000000e+08 -1.000000000000000000e+08 -1.000000000000000000e+08 -1.000000000000000000e+08 -1.000000000000000000e+08 -4.000000000000000000e+08 -8.000000000000000000e+08 2.000000000000000000e+00
-1.000000000000000000e+08 -1.000000000000000000e+08 -1.000000000000000000e+08 -1.000000000000000000e+08 -1.000000000000000000e+08 -1.000000000000000000e+08 -1.000000000000000000e+08 -1.000000000000000000e+08 -4.000000000000000000e+08 -8.000000000000000000e+08 2.000000000000000000e+00
-1.000000000000000000e+08 -1.000000000000000000e+08 -1.000000000000000000e+08 -1.000000000000000000e+08 -1.000000000000000000e+08 -1.000000000000000000e+08 -1.000000000000000000e+08 -1.000000000000000000e+08 -4.000000000000000000e+08 -8.000000000000000000e+08 2.000000000000000000e+00
-1.000000000000000000e+08 -1.000000000000000000e+08 -1.000000000000000000e+08 -1.000000000000000000e+08 -1.000000000000000000e+08 -1.000000000000000000e+08 -1.000000000000000000e+08 -1.000000000000000000e+08 -4.000000000000000000e+08 -8.000000000000000000e+08 2.000000000000000000e+00
-1.000000000000000000e+08 -1.000000000000000000e+08 -1.000000000000000000e+08 -1.000000000000000000e+08 -1.000000000000000000e+08 -1.000000000000000000e+08 -1.000000000000000000e+08 -1.000000000000000000e+08 -4.000000000000000000e+08 -8.000000000000000000e+08 2.000000000000000000e+00
-1.000000000000000000e+08 -1.000000000000000000e+08 -1.000000000000000000e+08 -1.000000000000000000e+08 -1.000000000000000000e+08 -1.000000000000000000e+08 -1.000000000000000000e+08 -1.000000000000000000e+08 -4.000000000000000000e+08 -8.000000000000000000e+08 2.000000000000000000e+00
-1.000000000000000000e+08 -1.000000000000000000e+08 -1.000000000000000000e+08 -1.000000000000000000e+08 -1.000000000000000000e+08 -1.000000000000000000e+08 -1.000000000000000000e+08 -1.000000000000000000e+08 -4.000000000000000000e+08 -8.000000000000000000e+08 2.000000000000000000e+00
-1.000000000000000000e+08 -1.000000000000000000e+08 -1.000000000000000000e+08 -1.000000000000000000e+08 -1.000000000000000000e+08 -1.000000000000000000e+08 -1.000000000000000000e+08 -1.000000000000000000e+08 -4.000000000000000000e+08 -8.000000000000000000e+08 2.000000000000000000e+00
-1.000000000000000000e+08 -1.000000000000000000e+08 -1.000000000000000000e+08 -1.000000000000000000e+08 -1.000000000000000000e+08 -1.000000000000000000e+08 -1.000000000000000000e+08 -1.000000000000000000e+08 -4.000000000000000000e+08 -8.000000000000000000e+08 2.000000000000000000e+00
-1.000000000000000000e+08 -1.000000000000000000e+08 -1.000000000000000000e+08 -1.000000000000000000e+08 -1.000000000000000000e+08 -1.000000000000000000e+08 -1.000000000000000000e+08 -1.000000000000000000e+08 -4.000000000000000000e+08 -8.000000000000000000e+08 2.000000000000000000e+00
-1.000000000000000000e+08 -1.000000000000000000e+08 -1.000000000000000000e+08 -1.000000000000000000e+08 -1.000000000000000000e+08 -1.000000000000000000e+08 -1.000000000000000000e+08 -1.000000000000000000e+08 -4.000000000000000000e+08 -8.000000000000000000e+08 2.000000000000000000e+00
-1.000000000000000000e+08 -1.000000000000000000e+08 -1.000000000000000000e+08 -1.000000000000000000e+08 -1.000000000000000000e+08 -1.000000000000000000e+08 -1.000000000000000000e+08 -1.000000000000000000e+08 -4.000000000000000000e+08 -8.000000000000000000e+08 2.000000000000000000e+00
-1.000000000000000000e+08 -1.000000000000000000e+08 -1.000000000000000000e+08 -1.000000000000000000e+08 -1.000000000000000000e+08 -1.000000000000000000e+08 -1.000000000000000000e+08 -1.000000000000000000e+08 -4.000000000000000000e+08 -8.000000000000000000e+08 2.000000000000000000e+00
4.736000000000000000e+03 -1.000000000000000000e+08 -1.000000000000000000e+08 -1.000000000000000000e+08 -1.000000000000000000e+08 -1.000000000000000000e+08 -1.000000000000000000e+08 -1.000000000000000000e+08 -2.999952640000000000e+08 -6.999952640000000000e+08 2.333354382554519102e+00
4.868666666666666970e+03 4.736000000000000000e+03 -1.000000000000000000e+08 -1.000000000000000000e+08 -1.000000000000000000e+08 -1.000000000000000000e+08 -1.000000000000000000e+08 -1.000000000000000000e+08 -1.999903953333333135e+08 -5.999903953333332539e+08 3.000096051279369291e+00
4.577000000000000000e+03 4.868666666666666970e+03 4.736000000000000000e+03 -1.000000000000000000e+08 -1.000000000000000000e+08 -1.000000000000000000e+08 -1.000000000000000000e+08 -1.000000000000000000e+08 -9.998581833333332837e+07 -4.999858183333333135e+08 5.000567347125945084e+00
4.202666666666666970e+03 4.577000000000000000e+03 4.868666666666666970e+03 4.736000000000000000e+03 -1.000000000000000000e+08 -1.000000000000000000e+08 -1.000000000000000000e+08 -1.000000000000000000e+08 1.838433333333333576e+04 -3.999816156666666865e+08 -2.175665597519627045e+04
3.459000000000000000e+03 4.202666666666666970e+03 4.577000000000000000e+03 4.868666666666666970e+03 4.736000000000000000e+03 -1.000000000000000000e+08 -1.000000000000000000e+08 -1.000000000000000000e+08 1.710733333333333576e+04 -2.999781566666666865e+08 -1.753506235142823789e+04
3.560666666666666515e+03 3.459000000000000000e+03 4.202666666666666970e+03 4.577000000000000000e+03 4.868666666666666970e+03 4.736000000000000000e+03 -1.000000000000000000e+08 -1.000000000000000000e+08 1.579933333333333212e+04 -1.999745959999999702e+08 -1.265715405713321161e+04
3.477666666666666515e+03 3.560666666666666515e+03 3.459000000000000000e+03 4.202666666666666970e+03 4.577000000000000000e+03 4.868666666666666970e+03 4.736000000000000000e+03 -1.000000000000000000e+08 1.470000000000000000e+04 -9.997111833333332837e+07 -6.800756349206349114e+03
3.403000000000000000e+03 3.477666666666666515e+03 3.560666666666666515e+03 3.459000000000000000e+03 4.202666666666666970e+03 4.577000000000000000e+03 4.868666666666666970e+03 4.736000000000000000e+03 1.390033333333333212e+04 3.228466666666666788e+04 2.322582192273566992e+00
3.297666666666666515e+03 3.403000000000000000e+03 3.477666666666666515e+03 3.560666666666666515e+03 3.459000000000000000e+03 4.202666666666666970e+03 4.577000000000000000e+03 4.868666666666666970e+03 1.373899999999999818e+04 3.084633333333333576e+04 2.245165829633404275e+00
3.419000000000000000e+03 3.297666666666666515e+03 3.403000000000000000e+03 3.477666666666666515e+03 3.560666666666666515e+03 3.459000000000000000e+03 4.202666666666666970e+03 4.577000000000000000e+03 1.359733333333333212e+04 2.939666666666666424e+04 2.161943518336928882e+00
3.302333333333333485e+03 3.419000000000000000e+03 3.297666666666666515e+03 3.403000000000000000e+03 3.477666666666666515e+03 3.560666666666666515e+03 3.459000000000000000e+03 4.202666666666666970e+03 1.342200000000000000e+04 2.812200000000000000e+04 2.095216808225301541e+00
3.209000000000000000e+03 3.302333333333333485e+03 3.419000000000000000e+03 3.297666666666666515e+03 3.403000000000000000e+03 3.477666666666666515e+03 3.560666666666666515e+03 3.459000000000000000e+03 1.322800000000000000e+04 2.712833333333333212e+04 2.050826529583711366e+00
3.192000000000000000e+03 3.209000000000000000e+03 3.302333333333333485e+03 3.419000000000000000e+03 3.297666666666666515e+03 3.403000000000000000e+03 3.477666666666666515e+03 3.560666666666666515e+03 1.312233333333333394e+04 2.686133333333333212e+04 2.046993674905377425e+00
3.413666666666666515e+03 3.192000000000000000e+03 3.209000000000000000e+03 3.302333333333333485e+03 3.419000000000000000e+03 3.297666666666666515e+03 3.403000000000000000e+03 3.477666666666666515e+03 1.311700000000000000e+04 2.671433333333333212e+04 2.036619145637975858e+00
3.571000000000000000e+03 3.413666666666666515e+03 3.192000000000000000e+03 3.209000000000000000e+03 3.302333333333333485e+03 3.419000000000000000e+03 3.297666666666666515e+03 3.403000000000000000e+03 1.338566666666666606e+04 2.680766666666666424e+04 2.002714346191199368e+00
3.765000000000000000e+03 3.571000000000000000e+03 3.413666666666666515e+03 3.192000000000000000e+03 3.209000000000000000e+03 3.302333333333333485e+03 3.419000000000000000e+03 3.297666666666666515e+03 1.394166666666666606e+04 2.716966666666666424e+04 1.948810520023908976e+00
3.560000000000000000e+03 3.765000000000000000e+03 3.571000000000000000e+03 3.413666666666666515e+03 3.192000000000000000e+03 3.209000000000000000e+03 3.302333333333333485e+03 3.419000000000000000e+03 1.430966666666666606e+04 2.743200000000000000e+04 1.917025786764192219e+00
3.782000000000000000e+03 3.560000000000000000e+03 3.765000000000000000e+03 3.571000000000000000e+03 3.413666666666666515e+03 3.192000000000000000e+03 3.209000000000000000e+03 3.302333333333333485e+03 1.467800000000000000e+04 2.779500000000000000e+04 1.893650361084616485e+00
4.049666666666666515e+03 3.782000000000000000e+03 3.560000000000000000e+03 3.765000000000000000e+03 3.571000000000000000e+03 3.413666666666666515e+03 3.192000000000000000e+03 3.209000000000000000e+03 1.515666666666666606e+04 2.854233333333333212e+04 1.883153727732570948e+00
4.209666666666666970e+03 4.049666666666666515e+03 3.782000000000000000e+03 3.560000000000000000e+03 3.765000000000000000e+03 3.571000000000000000e+03 3.413666666666666515e+03 3.192000000000000000e+03 1.560133333333333394e+04 2.954300000000000000e+04 1.893620203401418678e+00
4.187000000000000000e+03 4.209666666666666970e+03 4.049666666666666515e+03 3.782000000000000000e+03 3.560000000000000000e+03 3.765000000000000000e+03 3.571000000000000000e+03 3.413666666666666515e+03 1.622833333333333394e+04 3.053800000000000000e+04 1.881770565882715296e+00
4.340000000000000000e+03 4.187000000000000000e+03 4.209666666666666970e+03 4.049666666666666515e+03 3.782000000000000000e+03 3.560000000000000000e+03 3.765000000000000000e+03 3.571000000000000000e+03 1.678633333333333576e+04 3.146433333333333576e+04 1.874401795111102054e+00
4.472666666666666970e+03 4.340000000000000000e+03 4.187000000000000000e+03 4.209666666666666970e+03 4.049666666666666515e+03 3.782000000000000000e+03 3.560000000000000000e+03 3.765000000000000000e+03 1.720933333333333576e+04 3.236600000000000000e+04 1.880723638335786596e+00
4.410000000000000000e+03 4.472666666666666970e+03 4.340000000000000000e+03 4.187000000000000000e+03 4.209666666666666970e+03 4.049666666666666515e+03 3.782000000000000000e+03 3.560000000000000000e+03 1.740966666666666788e+04 3.301100000000000000e+04 1.896130502211414992e+00
4.363666666666666970e+03 4.410000000000000000e+03 4.472666666666666970e+03 4.340000000000000000e+03 4.187000000000000000e+03 4.209666666666666970e+03 4.049666666666666515e+03 3.782000000000000000e+03 1.758633333333333576e+04 3.381466666666667152e+04 1.922780947326522494e+00
4.587000000000000000e+03 4.363666666666666970e+03 4.410000000000000000e+03 4.472666666666666970e+03 4.340000000000000000e+03 4.187000000000000000e+03 4.209666666666666970e+03 4.049666666666666515e+03 1.783333333333333576e+04 3.461966666666667152e+04 1.941289719626168253e+00
4.660666666666666970e+03 4.587000000000000000e+03 4.363666666666666970e+03 4.410000000000000000e+03 4.472666666666666970e+03 4.340000000000000000e+03 4.187000000000000000e+03 4.209666666666666970e+03 1.802133333333333576e+04 3.523066666666667152e+04 1.954942290618526091e+00
4.522666666666666970e+03 4.660666666666666970e+03 4.587000000000000000e+03 4.363666666666666970e+03 4.410000000000000000e+03 4.472666666666666970e+03 4.340000000000000000e+03 4.187000000000000000e+03 1.813400000000000000e+04 3.554366666666667152e+04 1.960056615565604510e+00
4.193000000000000000e+03 4.522666666666666970e+03 4.660666666666666970e+03 4.587000000000000000e+03 4.363666666666666970e+03 4.410000000000000000e+03 4.472666666666666970e+03 4.340000000000000000e+03 1.796333333333333576e+04 3.554966666666667152e+04 1.979012803859714342e+00
4.101000000000000000e+03 4.193000000000000000e+03 4.522666666666666970e+03 4.660666666666666970e+03 4.587000000000000000e+03 4.363666666666666970e+03 4.410000000000000000e+03 4.472666666666666970e+03 1.747733333333333576e+04 3.531066666666667152e+04 2.020369240158681912e+00
3.941666666666666515e+03 4.101000000000000000e+03 4.193000000000000000e+03 4.522666666666666970e+03 4.660666666666666970e+03 4.587000000000000000e+03 4.363666666666666970e+03 4.410000000000000000e+03 1.675833333333333212e+04 3.477966666666667152e+04 2.075365489806066943e+00
3.583333333333333485e+03 3.941666666666666515e+03 4.101000000000000000e+03 4.193000000000000000e+03 4.522666666666666970e+03 4.660666666666666970e+03 4.587000000000000000e+03 4.363666666666666970e+03 1.581900000000000000e+04 3.395300000000000000e+04 2.146343005246854840e+00
3.026000000000000000e+03 3.583333333333333485e+03 3.941666666666666515e+03 4.101000000000000000e+03 4.193000000000000000e+03 4.522666666666666970e+03 4.660666666666666970e+03 4.587000000000000000e+03 1.465200000000000000e+04 3.261533333333333576e+04 2.225998725998726169e+00
2.683000000000000000e+03 3.026000000000000000e+03 3.583333333333333485e+03 3.941666666666666515e+03 4.101000000000000000e+03 4.193000000000000000e+03 4.522666666666666970e+03 4.660666666666666970e+03 1.323400000000000000e+04 3.071133333333333576e+04 2.320638758752707975e+00
2.404000000000000000e+03 2.683000000000000000e+03 3.026000000000000000e+03 3.583333333333333485e+03 3.941666666666666515e+03 4.101000000000000000e+03 4.193000000000000000e+03 4.522666666666666970e+03 1.169633333333333394e+04 2.845466666666666424e+04 2.432785203340077640e+00
2.326666666666666515e+03 2.404000000000000000e+03 2.683000000000000000e+03 3.026000000000000000e+03 3.583333333333333485e+03 3.941666666666666515e+03 4.101000000000000000e+03 4.193000000000000000e+03 1.043966666666666606e+04 2.625866666666666424e+04 2.515278265589578233e+00
2.385666666666666515e+03 2.326666666666666515e+03 2.404000000000000000e+03 2.683000000000000000e+03 3.026000000000000000e+03 3.583333333333333485e+03 3.941666666666666515e+03 4.101000000000000000e+03 9.799333333333332121e+03 2.445133333333333212e+04 2.495203755357507713e+00
2.626666666666666515e+03 2.385666666666666515e+03 2.326666666666666515e+03 2.404000000000000000e+03 2.683000000000000000e+03 3.026000000000000000e+03 3.583333333333333485e+03 3.941666666666666515e+03 9.743000000000000000e+03 2.297700000000000000e+04 2.358308529200451531e+00
2.925000000000000000e+03 2.626666666666666515e+03 2.385666666666666515e+03 2.326666666666666515e+03 2.404000000000000000e+03 2.683000000000000000e+03 3.026000000000000000e+03 3.583333333333333485e+03 1.026399999999999818e+04 2.196033333333333212e+04 2.139549233567160424e+00
2.884000000000000000e+03 2.925000000000000000e+03 2.626666666666666515e+03 2.385666666666666515e+03 2.326666666666666515e+03 2.404000000000000000e+03 2.683000000000000000e+03 3.026000000000000000e+03 1.082133333333333212e+04 2.126100000000000000e+04 1.964730162641695532e+00
2.934666666666666515e+03 2.884000000000000000e+03 2.925000000000000000e+03 2.626666666666666515e+03 2.385666666666666515e+03 2.326666666666666515e+03 2.404000000000000000e+03 2.683000000000000000e+03 1.137033333333333212e+04 2.116966666666666424e+04 1.861833426167512018e+00
3.041666666666666515e+03 2.934666666666666515e+03 2.884000000000000000e+03 2.925000000000000000e+03 2.626666666666666515e+03 2.385666666666666515e+03 2.326666666666666515e+03 2.404000000000000000e+03 1.178533333333333212e+04 2.152833333333333212e+04 1.826705509673040018e+00
3.208333333333333485e+03 3.041666666666666515e+03 2.934666666666666515e+03 2.884000000000000000e+03 2.925000000000000000e+03 2.626666666666666515e+03 2.385666666666666515e+03 2.326666666666666515e+03 1.206866666666666606e+04 2.233266666666666424e+04 1.850466773462961845e+00
3.379333333333333485e+03 3.208333333333333485e+03 3.041666666666666515e+03 2.934666666666666515e+03 2.884000000000000000e+03 2.925000000000000000e+03 2.626666666666666515e+03 2.385666666666666515e+03 1.256400000000000000e+04 2.338533333333333212e+04 1.861296826912872682e+00
3.314333333333333485e+03 3.379333333333333485e+03 3.208333333333333485e+03 3.041666666666666515e+03 2.934666666666666515e+03 2.884000000000000000e+03 2.925000000000000000e+03 2.626666666666666515e+03 1.294366666666666606e+04 2.431400000000000000e+04 1.878447632046560845e+00
3.685333333333333485e+03 3.314333333333333485e+03 3.379333333333333485e+03 3.208333333333333485e+03 3.041666666666666515e+03 2.934666666666666515e+03 2.884000000000000000e+03 2.925000000000000000e+03 1.358733333333333394e+04 2.537266666666666424e+04 1.867376478092340752e+00
3.712000000000000000e+03 3.685333333333333485e+03 3.314333333333333485e+03 3.379333333333333485e+03 3.208333333333333485e+03 3.041666666666666515e+03 2.934666666666666515e+03 2.884000000000000000e+03 1.409100000000000182e+04 2.615966666666666788e+04 1.856480495824758048e+00
3.632666666666666515e+03 3.712000000000000000e+03 3.685333333333333485e+03 3.314333333333333485e+03 3.379333333333333485e+03 3.208333333333333485e+03 3.041666666666666515e+03 2.934666666666666515e+03 1.434433333333333394e+04 2.690833333333333576e+04 1.875885947993400471e+00
3.599666666666666515e+03 3.632666666666666515e+03 3.712000000000000000e+03 3.685333333333333485e+03 3.314333333333333485e+03 3.379333333333333485e+03 3.208333333333333485e+03 3.041666666666666515e+03 1.462966666666666606e+04 2.757333333333333212e+04 1.884754722139943883e+00
3.878666666666666515e+03 3.599666666666666515e+03 3.632666666666666515e+03 3.712000000000000000e+03 3.685333333333333485e+03 3.314333333333333485e+03 3.379333333333333485e+03 3.208333333333333485e+03 1.482300000000000000e+04 2.841033333333333576e+04 1.916638557197148707e+00
3.916000000000000000e+03 3.878666666666666515e+03 3.599666666666666515e+03 3.632666666666666515e+03 3.712000000000000000e+03 3.685333333333333485e+03 3.314333333333333485e+03 3.379333333333333485e+03 1.502699999999999818e+04 2.911800000000000000e+04 1.937712118187263188e+00
3.941000000000000000e+03 3.916000000000000000e+03 3.878666666666666515e+03 3.599666666666666515e+03 3.632666666666666515e+03 3.712000000000000000e+03 3.685333333333333485e+03 3.314333333333333485e+03 1.533533333333333212e+04 2.967966666666666424e+04 1.935377994174672933e+00
3.894666666666666515e+03 3.941000000000000000e+03 3.916000000000000000e+03 3.878666666666666515e+03 3.599666666666666515e+03 3.632666666666666515e+03 3.712000000000000000e+03 3.685333333333333485e+03 1.563033333333333212e+04 3.026000000000000000e+04 1.935979185771256939e+00
4.082666666666666515e+03 3.894666666666666515e+03 3.941000000000000000e+03 3.916000000000000000e+03 3.878666666666666515e+03 3.599666666666666515e+03 3.632666666666666515e+03 3.712000000000000000e+03 1.583433333333333212e+04 3.065733333333333212e+04 1.936130349662126715e+00
4.614333333333333030e+03 4.082666666666666515e+03 3.894666666666666515e+03 3.941000000000000000e+03 3.916000000000000000e+03 3.878666666666666515e+03 3.599666666666666515e+03 3.632666666666666515e+03 1.653266666666666424e+04 3.155966666666666424e+04 1.908927779345941600e+00
4.766333333333333030e+03 4.614333333333333030e+03 4.082666666666666515e+03 3.894666666666666515e+03 3.941000000000000000e+03 3.916000000000000000e+03 3.878666666666666515e+03 3.599666666666666515e+03 1.735800000000000000e+04 3.269333333333333212e+04 1.883473518454507056e+00
4.795000000000000000e+03 4.766333333333333030e+03 4.614333333333333030e+03 4.082666666666666515e+03 3.894666666666666515e+03 3.941000000000000000e+03 3.916000000000000000e+03 3.878666666666666515e+03 1.825833333333333212e+04 3.388866666666666424e+04 1.856065723413966140e+00
5.117666666666666970e+03 4.795000000000000000e+03 4.766333333333333030e+03 4.614333333333333030e+03 4.082666666666666515e+03 3.894666666666666515e+03 3.941000000000000000e+03 3.916000000000000000e+03 1.929333333333333212e+04 3.512766666666666424e+04 1.820715272978576271e+00
5.414000000000000000e+03 5.117666666666666970e+03 4.795000000000000000e+03 4.766333333333333030e+03 4.614333333333333030e+03 4.082666666666666515e+03 3.894666666666666515e+03 3.941000000000000000e+03 2.009300000000000000e+04 3.662566666666666424e+04 1.822807279483733778e+00
5.583333333333333030e+03 5.414000000000000000e+03 5.117666666666666970e+03 4.795000000000000000e+03 4.766333333333333030e+03 4.614333333333333030e+03 4.082666666666666515e+03 3.894666666666666515e+03 2.091000000000000000e+04 3.826800000000000000e+04 1.830129124820659925e+00
5.359666666666666970e+03 5.583333333333333030e+03 5.414000000000000000e+03 5.117666666666666970e+03 4.795000000000000000e+03 4.766333333333333030e+03 4.614333333333333030e+03 4.082666666666666515e+03 2.147466666666666788e+04 3.973300000000000000e+04 1.850226623618527189e+00
5.710333333333333030e+03 5.359666666666666970e+03 5.583333333333333030e+03 5.414000000000000000e+03 5.117666666666666970e+03 4.795000000000000000e+03 4.766333333333333030e+03 4.614333333333333030e+03 2.206733333333333212e+04 4.136066666666666424e+04 1.874293827981027727e+00
5.586666666666666970e+03 5.710333333333333030e+03 5.359666666666666970e+03 5.583333333333333030e+03 5.414000000000000000e+03 5.117666666666666970e+03 4.795000000000000000e+03 4.766333333333333030e+03 2.224000000000000000e+04 4.233300000000000000e+04 1.903462230215827278e+00
5.710000000000000000e+03 5.586666666666666970e+03 5.710333333333333030e+03 5.359666666666666970e+03 5.583333333333333030e+03 5.414000000000000000e+03 5.117666666666666970e+03 4.795000000000000000e+03 2.236666666666666788e+04 4.327666666666667152e+04 1.934873323397913625e+00
5.585666666666666970e+03 5.710000000000000000e+03 5.586666666666666970e+03 5.710333333333333030e+03 5.359666666666666970e+03 5.583333333333333030e+03 5.414000000000000000e+03 5.117666666666666970e+03 2.259266666666666788e+04 4.406733333333333576e+04 1.950514916344536553e+00
5.697333333333333030e+03 5.585666666666666970e+03 5.710000000000000000e+03 5.586666666666666970e+03 5.710333333333333030e+03 5.359666666666666970e+03 5.583333333333333030e+03 5.414000000000000000e+03 2.257966666666666788e+04 4.464700000000000000e+04 1.977309969146281876e+00
5.928333333333333030e+03 5.697333333333333030e+03 5.585666666666666970e+03 5.710000000000000000e+03 5.586666666666666970e+03 5.710333333333333030e+03 5.359666666666666970e+03 5.583333333333333030e+03 2.292133333333333212e+04 4.516133333333332848e+04 1.970275143970682263e+00
6.107666666666666970e+03 5.928333333333333030e+03 5.697333333333333030e+03 5.585666666666666970e+03 5.710000000000000000e+03 5.586666666666666970e+03 5.710333333333333030e+03 5.359666666666666970e+03 2.331900000000000000e+04 4.568566666666667152e+04 1.959160627242449104e+00
