5.000000000000000000e+00 5.000000000000000000e+00 5.000000000000000000e+00 5.000000000000000000e+00 5.000000000000000000e+00 5.009999999999999787e+00 5.009999999999999787e+00 5.009999999999999787e+00 2.000000000000000000e+01 4.003000000000000114e+01 2.001500000000000057e+00
5.000000000000000000e+00 5.000000000000000000e+00 5.000000000000000000e+00 5.000000000000000000e+00 5.000000000000000000e+00 5.000000000000000000e+00 5.009999999999999787e+00 5.009999999999999787e+00 2.000000000000000000e+01 4.001999999999999602e+01 2.000999999999999890e+00
5.000000000000000000e+00 5.000000000000000000e+00 5.000000000000000000e+00 5.000000000000000000e+00 5.000000000000000000e+00 5.000000000000000000e+00 5.000000000000000000e+00 5.009999999999999787e+00 2.000000000000000000e+01 4.000999999999999801e+01 2.000499999999999723e+00
5.000000000000000000e+00 5.000000000000000000e+00 5.000000000000000000e+00 5.000000000000000000e+00 5.000000000000000000e+00 5.000000000000000000e+00 5.000000000000000000e+00 5.000000000000000000e+00 2.000000000000000000e+01 4.000000000000000000e+01 2.000000000000000000e+00
5.000000000000000000e+00 5.000000000000000000e+00 5.000000000000000000e+00 5.000000000000000000e+00 5.000000000000000000e+00 5.000000000000000000e+00 5.000000000000000000e+00 5.000000000000000000e+00 2.000000000000000000e+01 4.000000000000000000e+01 2.000000000000000000e+00
5.000000000000000000e+00 5.000000000000000000e+00 5.000000000000000000e+00 5.000000000000000000e+00 5.000000000000000000e+00 5.000000000000000000e+00 5.000000000000000000e+00 5.000000000000000000e+00 2.000000000000000000e+01 4.000000000000000000e+01 2.000000000000000000e+00
5.000000000000000000e+00 5.000000000000000000e+00 5.000000000000000000e+00 5.000000000000000000e+00 5.000000000000000000e+00 5.000000000000000000e+00 5.000000000000000000e+00 5.000000000000000000e+00 2.000000000000000000e+01 4.000000000000000000e+01 2.000000000000000000e+00
5.000000000000000000e+00 5.000000000000000000e+00 5.000000000000000000e+00 5.000000000000000000e+00 5.000000000000000000e+00 5.000000000000000000e+00 5.000000000000000000e+00 5.000000000000000000e+00 2.000000000000000000e+01 4.000000000000000000e+01 2.000000000000000000e+00
5.000000000000000000e+00 5.000000000000000000e+00 5.000000000000000000e+00 5.000000000000000000e+00 5.000000000000000000e+00 5.000000000000000000e+00 5.000000000000000000e+00 5.000000000000000000e+00 2.000000000000000000e+01 4.000000000000000000e+01 2.000000000000000000e+00
5.000000000000000000e+00 5.000000000000000000e+00 5.000000000000000000e+00 5.000000000000000000e+00 5.000000000000000000e+00 5.000000000000000000e+00 5.000000000000000000e+00 5.000000000000000000e+00 2.000000000000000000e+01 4.000000000000000000e+01 2.000000000000000000e+00
5.000000000000000000e+00 5.000000000000000000e+00 5.000000000000000000e+00 5.000000000000000000e+00 5.000000000000000000e+00 5.000000000000000000e+00 5.000000000000000000e+00 5.000000000000000000e+00 2.000000000000000000e+01 4.000000000000000000e+01 2.000000000000000000e+00
5.000000000000000000e+00 5.000000000000000000e+00 5.000000000000000000e+00 5.000000000000000000e+00 5.000000000000000000e+00 5.000000000000000000e+00 5.000000000000000000e+00 5.000000000000000000e+00 2.000000000000000000e+01 4.000000000000000000e+01 2.000000000000000000e+00
5.000000000000000000e+00 5.000000000000000000e+00 5.000000000000000000e+00 5.000000000000000000e+00 5.000000000000000000e+00 5.000000000000000000e+00 5.000000000000000000e+00 5.000000000000000000e+00 2.000000000000000000e+01 4.000000000000000000e+01 2.000000000000000000e+00
5.000000000000000000e+00 5.000000000000000000e+00 5.000000000000000000e+00 5.000000000000000000e+00 5.000000000000000000e+00 5.000000000000000000e+00 5.000000000000000000e+00 5.000000000000000000e+00 2.000000000000000000e+01 4.000000000000000000e+01 2.000000000000000000e+00
5.000000000000000000e+00 5.000000000000000000e+00 5.000000000000000000e+00 5.000000000000000000e+00 5.000000000000000000e+00 5.000000000000000000e+00 5.000000000000000000e+00 5.000000000000000000e+00 2.000000000000000000e+01 4.000000000000000000e+01 2.000000000000000000e+00
5.000000000000000000e+00 5.000000000000000000e+00 5.000000000000000000e+00 5.000000000000000000e+00 5.000000000000000000e+00 5.000000000000000000e+00 5.000000000000000000e+00 5.000000000000000000e+00 2.000000000000000000e+01 4.000000000000000000e+01 2.000000000000000000e+00
4.980000000000000426e+00 5.000000000000000000e+00 5.000000000000000000e+00 5.000000000000000000e+00 5.000000000000000000e+00 5.000000000000000000e+00 5.000000000000000000e+00 5.000000000000000000e+00 1.998000000000000043e+01 3.998000000000000398e+01 2.001001001001001089e+00
4.969999999999999751e+00 4.980000000000000426e+00 5.000000000000000000e+00 5.000000000000000000e+00 5.000000000000000000e+00 5.000000000000000000e+00 5.000000000000000000e+00 5.000000000000000000e+00 1.994999999999999929e+01 3.995000000000000284e+01 2.002506265664160789e+00
4.969999999999999751e+00 4.969999999999999751e+00 4.980000000000000426e+00 5.000000000000000000e+00 5.000000000000000000e+00 5.000000000000000000e+00 5.000000000000000000e+00 5.000000000000000000e+00 1.992000000000000171e+01 3.992000000000000171e+01 2.004016064257028162e+00
4.959999999999999964e+00 4.969999999999999751e+00 4.969999999999999751e+00 4.980000000000000426e+00 5.000000000000000000e+00 5.000000000000000000e+00 5.000000000000000000e+00 5.000000000000000000e+00 1.987999999999999901e+01 3.987999999999999545e+01 2.006036217303822866e+00
4.950000000000000178e+00 4.959999999999999964e+00 4.969999999999999751e+00 4.969999999999999751e+00 4.980000000000000426e+00 5.000000000000000000e+00 5.000000000000000000e+00 5.000000000000000000e+00 1.984999999999999787e+01 3.982999999999999829e+01 2.006549118387909392e+00
4.950000000000000178e+00 4.950000000000000178e+00 4.959999999999999964e+00 4.969999999999999751e+00 4.969999999999999751e+00 4.980000000000000426e+00 5.000000000000000000e+00 5.000000000000000000e+00 1.982999999999999829e+01 3.978000000000000114e+01 2.006051437216338940e+00
4.940000000000000391e+00 4.950000000000000178e+00 4.950000000000000178e+00 4.959999999999999964e+00 4.969999999999999751e+00 4.969999999999999751e+00 4.980000000000000426e+00 5.000000000000000000e+00 1.980000000000000071e+01 3.971999999999999886e+01 2.006060606060605878e+00
4.940000000000000391e+00 4.940000000000000391e+00 4.950000000000000178e+00 4.950000000000000178e+00 4.959999999999999964e+00 4.969999999999999751e+00 4.969999999999999751e+00 4.980000000000000426e+00 1.978000000000000114e+01 3.965999999999999659e+01 2.005055611729019027e+00
4.929999999999999716e+00 4.940000000000000391e+00 4.940000000000000391e+00 4.950000000000000178e+00 4.950000000000000178e+00 4.959999999999999964e+00 4.969999999999999751e+00 4.969999999999999751e+00 1.976000000000000156e+01 3.960999999999999943e+01 2.004554655870445234e+00
4.929999999999999716e+00 4.929999999999999716e+00 4.940000000000000391e+00 4.940000000000000391e+00 4.950000000000000178e+00 4.950000000000000178e+00 4.959999999999999964e+00 4.969999999999999751e+00 1.974000000000000199e+01 3.957000000000000028e+01 2.004559270516717007e+00
4.929999999999999716e+00 4.929999999999999716e+00 4.929999999999999716e+00 4.940000000000000391e+00 4.940000000000000391e+00 4.950000000000000178e+00 4.950000000000000178e+00 4.959999999999999964e+00 1.973000000000000043e+01 3.953000000000000114e+01 2.003547896604155998e+00
4.919999999999999929e+00 4.929999999999999716e+00 4.929999999999999716e+00 4.929999999999999716e+00 4.940000000000000391e+00 4.940000000000000391e+00 4.950000000000000178e+00 4.950000000000000178e+00 1.971000000000000085e+01 3.949000000000000199e+01 2.003551496702181467e+00
4.919999999999999929e+00 4.919999999999999929e+00 4.929999999999999716e+00 4.929999999999999716e+00 4.929999999999999716e+00 4.940000000000000391e+00 4.940000000000000391e+00 4.950000000000000178e+00 1.969999999999999929e+01 3.946000000000000085e+01 2.003045685279187804e+00
4.919999999999999929e+00 4.919999999999999929e+00 4.919999999999999929e+00 4.929999999999999716e+00 4.929999999999999716e+00 4.929999999999999716e+00 4.940000000000000391e+00 4.940000000000000391e+00 1.968999999999999773e+01 3.942999999999999972e+01 2.002539360081259545e+00
4.969999999999999751e+00 4.919999999999999929e+00 4.919999999999999929e+00 4.919999999999999929e+00 4.929999999999999716e+00 4.929999999999999716e+00 4.929999999999999716e+00 4.940000000000000391e+00 1.973000000000000043e+01 3.946000000000000085e+01 2.000000000000000000e+00
5.000000000000000000e+00 4.969999999999999751e+00 4.919999999999999929e+00 4.919999999999999929e+00 4.919999999999999929e+00 4.929999999999999716e+00 4.929999999999999716e+00 4.929999999999999716e+00 1.980999999999999872e+01 3.951999999999999602e+01 1.994952044422009019e+00
5.019999999999999574e+00 5.000000000000000000e+00 4.969999999999999751e+00 4.919999999999999929e+00 4.919999999999999929e+00 4.919999999999999929e+00 4.929999999999999716e+00 4.929999999999999716e+00 1.990999999999999659e+01 3.960999999999999943e+01 1.989452536413862660e+00
5.059999999999999609e+00 5.019999999999999574e+00 5.000000000000000000e+00 4.969999999999999751e+00 4.919999999999999929e+00 4.919999999999999929e+00 4.919999999999999929e+00 4.929999999999999716e+00 2.004999999999999716e+01 3.973999999999999488e+01 1.982044887780548548e+00
5.080000000000000071e+00 5.059999999999999609e+00 5.019999999999999574e+00 5.000000000000000000e+00 4.969999999999999751e+00 4.919999999999999929e+00 4.919999999999999929e+00 4.919999999999999929e+00 2.016000000000000014e+01 3.989000000000000057e+01 1.978670634920634885e+00
5.099999999999999645e+00 5.080000000000000071e+00 5.059999999999999609e+00 5.019999999999999574e+00 5.000000000000000000e+00 4.969999999999999751e+00 4.919999999999999929e+00 4.919999999999999929e+00 2.025999999999999801e+01 4.006999999999999318e+01 1.977788746298124289e+00
5.110000000000000320e+00 5.099999999999999645e+00 5.080000000000000071e+00 5.059999999999999609e+00 5.019999999999999574e+00 5.000000000000000000e+00 4.969999999999999751e+00 4.919999999999999929e+00 2.035000000000000142e+01 4.025999999999999801e+01 1.978378378378378155e+00
5.129999999999999893e+00 5.110000000000000320e+00 5.099999999999999645e+00 5.080000000000000071e+00 5.059999999999999609e+00 5.019999999999999574e+00 5.000000000000000000e+00 4.969999999999999751e+00 2.042000000000000171e+01 4.046999999999999886e+01 1.981880509304603022e+00
5.139999999999999680e+00 5.129999999999999893e+00 5.110000000000000320e+00 5.099999999999999645e+00 5.080000000000000071e+00 5.059999999999999609e+00 5.019999999999999574e+00 5.000000000000000000e+00 2.047999999999999687e+01 4.064000000000000057e+01 1.984375000000000222e+00
5.150000000000000355e+00 5.139999999999999680e+00 5.129999999999999893e+00 5.110000000000000320e+00 5.099999999999999645e+00 5.080000000000000071e+00 5.059999999999999609e+00 5.019999999999999574e+00 2.052999999999999758e+01 4.078999999999999204e+01 1.986848514369215613e+00
5.150000000000000355e+00 5.150000000000000355e+00 5.139999999999999680e+00 5.129999999999999893e+00 5.110000000000000320e+00 5.099999999999999645e+00 5.080000000000000071e+00 5.059999999999999609e+00 2.057000000000000028e+01 4.092000000000000171e+01 1.989304812834224556e+00
5.129999999999999893e+00 5.150000000000000355e+00 5.150000000000000355e+00 5.139999999999999680e+00 5.129999999999999893e+00 5.110000000000000320e+00 5.099999999999999645e+00 5.080000000000000071e+00 2.057000000000000028e+01 4.099000000000000199e+01 1.992707826932425874e+00
5.120000000000000107e+00 5.129999999999999893e+00 5.150000000000000355e+00 5.150000000000000355e+00 5.139999999999999680e+00 5.129999999999999893e+00 5.110000000000000320e+00 5.099999999999999645e+00 2.055000000000000071e+01 4.103000000000000114e+01 1.996593673965936677e+00
5.099999999999999645e+00 5.120000000000000107e+00 5.129999999999999893e+00 5.150000000000000355e+00 5.150000000000000355e+00 5.139999999999999680e+00 5.129999999999999893e+00 5.110000000000000320e+00 2.050000000000000000e+01 4.103000000000000114e+01 2.001463414634146343e+00
5.070000000000000284e+00 5.099999999999999645e+00 5.120000000000000107e+00 5.129999999999999893e+00 5.150000000000000355e+00 5.150000000000000355e+00 5.139999999999999680e+00 5.129999999999999893e+00 2.041999999999999815e+01 4.098999999999999488e+01 2.007345739471106505e+00
5.049999999999999822e+00 5.070000000000000284e+00 5.099999999999999645e+00 5.120000000000000107e+00 5.129999999999999893e+00 5.150000000000000355e+00 5.150000000000000355e+00 5.139999999999999680e+00 2.033999999999999986e+01 4.090999999999999659e+01 2.011307767944936042e+00
5.030000000000000249e+00 5.049999999999999822e+00 5.070000000000000284e+00 5.099999999999999645e+00 5.120000000000000107e+00 5.129999999999999893e+00 5.150000000000000355e+00 5.150000000000000355e+00 2.025000000000000000e+01 4.079999999999999716e+01 2.014814814814814614e+00
5.000000000000000000e+00 5.030000000000000249e+00 5.049999999999999822e+00 5.070000000000000284e+00 5.099999999999999645e+00 5.120000000000000107e+00 5.129999999999999893e+00 5.150000000000000355e+00 2.015000000000000213e+01 4.065000000000000568e+01 2.017369727047146455e+00
4.980000000000000426e+00 5.000000000000000000e+00 5.030000000000000249e+00 5.049999999999999822e+00 5.070000000000000284e+00 5.099999999999999645e+00 5.120000000000000107e+00 5.129999999999999893e+00 2.006000000000000227e+01 4.048000000000000398e+01 2.017946161515453696e+00
4.950000000000000178e+00 4.980000000000000426e+00 5.000000000000000000e+00 5.030000000000000249e+00 5.049999999999999822e+00 5.070000000000000284e+00 5.099999999999999645e+00 5.120000000000000107e+00 1.996000000000000085e+01 4.029999999999999716e+01 2.019038076152304573e+00
4.929999999999999716e+00 4.950000000000000178e+00 4.980000000000000426e+00 5.000000000000000000e+00 5.030000000000000249e+00 5.049999999999999822e+00 5.070000000000000284e+00 5.099999999999999645e+00 1.985999999999999943e+01 4.010999999999999943e+01 2.019637462235649661e+00
4.919999999999999929e+00 4.929999999999999716e+00 4.950000000000000178e+00 4.980000000000000426e+00 5.000000000000000000e+00 5.030000000000000249e+00 5.049999999999999822e+00 5.070000000000000284e+00 1.978000000000000114e+01 3.993000000000000682e+01 2.018705763397371289e+00
4.879999999999999893e+00 4.919999999999999929e+00 4.929999999999999716e+00 4.950000000000000178e+00 4.980000000000000426e+00 5.000000000000000000e+00 5.030000000000000249e+00 5.049999999999999822e+00 1.967999999999999972e+01 3.974000000000000199e+01 2.019308943089431096e+00
4.830000000000000071e+00 4.879999999999999893e+00 4.919999999999999929e+00 4.929999999999999716e+00 4.950000000000000178e+00 4.980000000000000426e+00 5.000000000000000000e+00 5.030000000000000249e+00 1.956000000000000227e+01 3.952000000000000313e+01 2.020449897750510981e+00
4.790000000000000036e+00 4.830000000000000071e+00 4.879999999999999893e+00 4.919999999999999929e+00 4.929999999999999716e+00 4.950000000000000178e+00 4.980000000000000426e+00 5.000000000000000000e+00 1.942000000000000171e+01 3.928000000000000114e+01 2.022657054582904124e+00
4.769999999999999574e+00 4.790000000000000036e+00 4.830000000000000071e+00 4.879999999999999893e+00 4.919999999999999929e+00 4.929999999999999716e+00 4.950000000000000178e+00 4.980000000000000426e+00 1.926999999999999957e+01 3.904999999999999716e+01 2.026466009340944563e+00
4.759999999999999787e+00 4.769999999999999574e+00 4.790000000000000036e+00 4.830000000000000071e+00 4.879999999999999893e+00 4.919999999999999929e+00 4.929999999999999716e+00 4.950000000000000178e+00 1.914999999999999858e+01 3.882999999999999829e+01 2.027676240208877267e+00
4.750000000000000000e+00 4.759999999999999787e+00 4.769999999999999574e+00 4.790000000000000036e+00 4.830000000000000071e+00 4.879999999999999893e+00 4.919999999999999929e+00 4.929999999999999716e+00 1.907000000000000028e+01 3.863000000000000256e+01 2.025694808599895147e+00
4.750000000000000000e+00 4.750000000000000000e+00 4.759999999999999787e+00 4.769999999999999574e+00 4.790000000000000036e+00 4.830000000000000071e+00 4.879999999999999893e+00 4.919999999999999929e+00 1.903000000000000114e+01 3.845000000000000284e+01 2.020493956910141886e+00
4.740000000000000213e+00 4.750000000000000000e+00 4.750000000000000000e+00 4.759999999999999787e+00 4.769999999999999574e+00 4.790000000000000036e+00 4.830000000000000071e+00 4.879999999999999893e+00 1.900000000000000000e+01 3.826999999999999602e+01 2.014210526315789451e+00
4.740000000000000213e+00 4.740000000000000213e+00 4.750000000000000000e+00 4.750000000000000000e+00 4.759999999999999787e+00 4.769999999999999574e+00 4.790000000000000036e+00 4.830000000000000071e+00 1.898000000000000043e+01 3.812999999999999545e+01 2.008956796628029284e+00
4.740000000000000213e+00 4.740000000000000213e+00 4.740000000000000213e+00 4.750000000000000000e+00 4.750000000000000000e+00 4.759999999999999787e+00 4.769999999999999574e+00 4.790000000000000036e+00 1.896999999999999886e+01 3.803999999999999915e+01 2.005271481286241553e+00
4.740000000000000213e+00 4.740000000000000213e+00 4.740000000000000213e+00 4.740000000000000213e+00 4.750000000000000000e+00 4.750000000000000000e+00 4.759999999999999787e+00 4.769999999999999574e+00 1.896000000000000085e+01 3.799000000000000199e+01 2.003691983122362963e+00
4.740000000000000213e+00 4.740000000000000213e+00 4.740000000000000213e+00 4.740000000000000213e+00 4.740000000000000213e+00 4.750000000000000000e+00 4.750000000000000000e+00 4.759999999999999787e+00 1.896000000000000085e+01 3.796000000000000085e+01 2.002109704641350074e+00
4.740000000000000213e+00 4.740000000000000213e+00 4.740000000000000213e+00 4.740000000000000213e+00 4.740000000000000213e+00 4.740000000000000213e+00 4.750000000000000000e+00 4.750000000000000000e+00 1.896000000000000085e+01 3.793999999999999773e+01 2.001054852320674815e+00
4.730000000000000426e+00 4.740000000000000213e+00 4.740000000000000213e+00 4.740000000000000213e+00 4.740000000000000213e+00 4.740000000000000213e+00 4.740000000000000213e+00 4.750000000000000000e+00 1.895000000000000284e+01 3.792000000000000171e+01 2.001055408970976224e+00
4.730000000000000426e+00 4.730000000000000426e+00 4.740000000000000213e+00 4.740000000000000213e+00 4.740000000000000213e+00 4.740000000000000213e+00 4.740000000000000213e+00 4.740000000000000213e+00 1.894000000000000128e+01 3.790000000000000568e+01 2.001055966209081660e+00
4.730000000000000426e+00 4.730000000000000426e+00 4.730000000000000426e+00 4.740000000000000213e+00 4.740000000000000213e+00 4.740000000000000213e+00 4.740000000000000213e+00 4.740000000000000213e+00 1.892999999999999972e+01 3.789000000000000057e+01 2.001584786053882681e+00
4.730000000000000426e+00 4.730000000000000426e+00 4.730000000000000426e+00 4.730000000000000426e+00 4.740000000000000213e+00 4.740000000000000213e+00 4.740000000000000213e+00 4.740000000000000213e+00 1.892000000000000171e+01 3.788000000000000256e+01 2.002114164904862381e+00
4.730000000000000426e+00 4.730000000000000426e+00 4.730000000000000426e+00 4.730000000000000426e+00 4.730000000000000426e+00 4.740000000000000213e+00 4.740000000000000213e+00 4.740000000000000213e+00 1.892000000000000171e+01 3.787000000000000455e+01 2.001585623678646897e+00
4.730000000000000426e+00 4.730000000000000426e+00 4.730000000000000426e+00 4.730000000000000426e+00 4.730000000000000426e+00 4.730000000000000426e+00 4.740000000000000213e+00 4.740000000000000213e+00 1.892000000000000171e+01 3.785999999999999943e+01 2.001057082452430969e+00
4.730000000000000426e+00 4.730000000000000426e+00 4.730000000000000426e+00 4.730000000000000426e+00 4.730000000000000426e+00 4.730000000000000426e+00 4.730000000000000426e+00 4.740000000000000213e+00 1.892000000000000171e+01 3.785000000000000142e+01 2.000528541226215484e+00
4.719999999999999751e+00 4.730000000000000426e+00 4.730000000000000426e+00 4.730000000000000426e+00 4.730000000000000426e+00 4.730000000000000426e+00 4.730000000000000426e+00 4.730000000000000426e+00 1.891000000000000014e+01 3.782999999999999829e+01 2.000528820729772672e+00
4.719999999999999751e+00 4.719999999999999751e+00 4.730000000000000426e+00 4.730000000000000426e+00 4.730000000000000426e+00 4.730000000000000426e+00 4.730000000000000426e+00 4.730000000000000426e+00 1.889999999999999858e+01 3.782000000000000028e+01 2.001058201058201202e+00
4.719999999999999751e+00 4.719999999999999751e+00 4.719999999999999751e+00 4.730000000000000426e+00 4.730000000000000426e+00 4.730000000000000426e+00 4.730000000000000426e+00 4.730000000000000426e+00 1.889000000000000057e+01 3.781000000000000227e+01 2.001588141874007576e+00
4.719999999999999751e+00 4.719999999999999751e+00 4.719999999999999751e+00 4.719999999999999751e+00 4.730000000000000426e+00 4.730000000000000426e+00 4.730000000000000426e+00 4.730000000000000426e+00 1.887999999999999901e+01 3.779999999999999716e+01 2.002118644067796716e+00
4.719999999999999751e+00 4.719999999999999751e+00 4.719999999999999751e+00 4.719999999999999751e+00 4.719999999999999751e+00 4.730000000000000426e+00 4.730000000000000426e+00 4.730000000000000426e+00 1.887999999999999901e+01 3.778999999999999915e+01 2.001588983050847315e+00
4.719999999999999751e+00 4.719999999999999751e+00 4.719999999999999751e+00 4.719999999999999751e+00 4.719999999999999751e+00 4.719999999999999751e+00 4.730000000000000426e+00 4.730000000000000426e+00 1.887999999999999901e+01 3.778000000000000114e+01 2.001059322033898358e+00
4.709999999999999964e+00 4.719999999999999751e+00 4.719999999999999751e+00 4.719999999999999751e+00 4.719999999999999751e+00 4.719999999999999751e+00 4.719999999999999751e+00 4.730000000000000426e+00 1.886999999999999744e+01 3.775999999999999801e+01 2.001059883412824814e+00
4.709999999999999964e+00 4.709999999999999964e+00 4.719999999999999751e+00 4.719999999999999751e+00 4.719999999999999751e+00 4.719999999999999751e+00 4.719999999999999751e+00 4.719999999999999751e+00 1.885999999999999943e+01 3.773999999999999488e+01 2.001060445387062181e+00
4.709999999999999964e+00 4.709999999999999964e+00 4.709999999999999964e+00 4.719999999999999751e+00 4.719999999999999751e+00 4.719999999999999751e+00 4.719999999999999751e+00 4.719999999999999751e+00 1.884999999999999787e+01 3.772999999999999687e+01 2.001591511936339440e+00
4.709999999999999964e+00 4.709999999999999964e+00 4.709999999999999964e+00 4.709999999999999964e+00 4.719999999999999751e+00 4.719999999999999751e+00 4.719999999999999751e+00 4.719999999999999751e+00 1.883999999999999986e+01 3.771999999999999886e+01 2.002123142250530563e+00
4.709999999999999964e+00 4.709999999999999964e+00 4.709999999999999964e+00 4.709999999999999964e+00 4.709999999999999964e+00 4.719999999999999751e+00 4.719999999999999751e+00 4.719999999999999751e+00 1.883999999999999986e+01 3.770999999999999375e+01 2.001592356687897922e+00
4.709999999999999964e+00 4.709999999999999964e+00 4.709999999999999964e+00 4.709999999999999964e+00 4.709999999999999964e+00 4.709999999999999964e+00 4.719999999999999751e+00 4.719999999999999751e+00 1.883999999999999986e+01 3.770000000000000284e+01 2.001061571125265726e+00
4.709999999999999964e+00 4.709999999999999964e+00 4.709999999999999964e+00 4.709999999999999964e+00 4.709999999999999964e+00 4.709999999999999964e+00 4.709999999999999964e+00 4.719999999999999751e+00 1.883999999999999986e+01 3.768999999999999773e+01 2.000530785562632641e+00
4.700000000000000178e+00 4.709999999999999964e+00 4.709999999999999964e+00 4.709999999999999964e+00 4.709999999999999964e+00 4.709999999999999964e+00 4.709999999999999964e+00 4.709999999999999964e+00 1.883000000000000185e+01 3.767000000000000171e+01 2.000531067445565636e+00
4.700000000000000178e+00 4.700000000000000178e+00 4.709999999999999964e+00 4.709999999999999964e+00 4.709999999999999964e+00 4.709999999999999964e+00 4.709999999999999964e+00 4.709999999999999964e+00 1.882000000000000028e+01 3.765999999999999659e+01 2.001062699256110466e+00
4.700000000000000178e+00 4.700000000000000178e+00 4.700000000000000178e+00 4.709999999999999964e+00 4.709999999999999964e+00 4.709999999999999964e+00 4.709999999999999964e+00 4.709999999999999964e+00 1.881000000000000227e+01 3.765000000000000568e+01 2.001594896331738482e+00
4.700000000000000178e+00 4.700000000000000178e+00 4.700000000000000178e+00 4.700000000000000178e+00 4.709999999999999964e+00 4.709999999999999964e+00 4.709999999999999964e+00 4.709999999999999964e+00 1.880000000000000071e+01 3.764000000000000057e+01 2.002127659574468144e+00
4.700000000000000178e+00 4.700000000000000178e+00 4.700000000000000178e+00 4.700000000000000178e+00 4.700000000000000178e+00 4.709999999999999964e+00 4.709999999999999964e+00 4.709999999999999964e+00 1.880000000000000071e+01 3.763000000000000256e+01 2.001595744680851219e+00
4.700000000000000178e+00 4.700000000000000178e+00 4.700000000000000178e+00 4.700000000000000178e+00 4.700000000000000178e+00 4.700000000000000178e+00 4.709999999999999964e+00 4.709999999999999964e+00 1.880000000000000071e+01 3.762000000000000455e+01 2.001063829787234294e+00
4.690000000000000391e+00 4.700000000000000178e+00 4.700000000000000178e+00 4.700000000000000178e+00 4.700000000000000178e+00 4.700000000000000178e+00 4.700000000000000178e+00 4.709999999999999964e+00 1.878999999999999915e+01 3.760000000000000142e+01 2.001064395955295616e+00
4.690000000000000391e+00 4.690000000000000391e+00 4.700000000000000178e+00 4.700000000000000178e+00 4.700000000000000178e+00 4.700000000000000178e+00 4.700000000000000178e+00 4.700000000000000178e+00 1.878000000000000114e+01 3.757999999999999829e+01 2.001064962726304408e+00
4.690000000000000391e+00 4.690000000000000391e+00 4.690000000000000391e+00 4.700000000000000178e+00 4.700000000000000178e+00 4.700000000000000178e+00 4.700000000000000178e+00 4.700000000000000178e+00 1.876999999999999957e+01 3.757000000000000028e+01 2.001598295151838069e+00
4.690000000000000391e+00 4.690000000000000391e+00 4.690000000000000391e+00 4.690000000000000391e+00 4.700000000000000178e+00 4.700000000000000178e+00 4.700000000000000178e+00 4.700000000000000178e+00 1.876000000000000156e+01 3.756000000000000227e+01 2.002132196162047073e+00
4.690000000000000391e+00 4.690000000000000391e+00 4.690000000000000391e+00 4.690000000000000391e+00 4.690000000000000391e+00 4.700000000000000178e+00 4.700000000000000178e+00 4.700000000000000178e+00 1.876000000000000156e+01 3.754999999999999716e+01 2.001599147121535083e+00
4.690000000000000391e+00 4.690000000000000391e+00 4.690000000000000391e+00 4.690000000000000391e+00 4.690000000000000391e+00 4.690000000000000391e+00 4.700000000000000178e+00 4.700000000000000178e+00 1.876000000000000156e+01 3.754000000000000625e+01 2.001066098081023537e+00
4.690000000000000391e+00 4.690000000000000391e+00 4.690000000000000391e+00 4.690000000000000391e+00 4.690000000000000391e+00 4.690000000000000391e+00 4.690000000000000391e+00 4.700000000000000178e+00 1.876000000000000156e+01 3.753000000000000114e+01 2.000533049040511546e+00
4.679999999999999716e+00 4.690000000000000391e+00 4.690000000000000391e+00 4.690000000000000391e+00 4.690000000000000391e+00 4.690000000000000391e+00 4.690000000000000391e+00 4.690000000000000391e+00 1.875000000000000355e+01 3.751000000000000512e+01 2.000533333333333275e+00
4.679999999999999716e+00 4.679999999999999716e+00 4.690000000000000391e+00 4.690000000000000391e+00 4.690000000000000391e+00 4.690000000000000391e+00 4.690000000000000391e+00 4.690000000000000391e+00 1.874000000000000199e+01 3.750000000000000000e+01 2.001067235859124605e+00
4.679999999999999716e+00 4.679999999999999716e+00 4.679999999999999716e+00 4.690000000000000391e+00 4.690000000000000391e+00 4.690000000000000391e+00 4.690000000000000391e+00 4.690000000000000391e+00 1.873000000000000043e+01 3.749000000000000199e+01 2.001601708489054943e+00
4.669999999999999929e+00 4.679999999999999716e+00 4.679999999999999716e+00 4.679999999999999716e+00 4.690000000000000391e+00 4.690000000000000391e+00 4.690000000000000391e+00 4.690000000000000391e+00 1.871000000000000085e+01 3.746999999999999886e+01 2.002672367717797997e+00
4.669999999999999929e+00 4.669999999999999929e+00 4.679999999999999716e+00 4.679999999999999716e+00 4.679999999999999716e+00 4.690000000000000391e+00 4.690000000000000391e+00 4.690000000000000391e+00 1.869999999999999929e+01 3.745000000000000284e+01 2.002673796791444083e+00
4.660000000000000142e+00 4.669999999999999929e+00 4.669999999999999929e+00 4.679999999999999716e+00 4.679999999999999716e+00 4.679999999999999716e+00 4.690000000000000391e+00 4.690000000000000391e+00 1.867999999999999972e+01 3.742000000000000171e+01 2.003211991434689754e+00
