4.000000000000000000e+00 4.000000000000000000e+00 4.000000000000000000e+00 3.000000000000000000e+00 8.000000000000000000e+00 7.000000000000000000e+00 6.000000000000000000e+00 5.000000000000000000e+00 1.500000000000000000e+01 4.100000000000000000e+01 2.733333333333333393e+00
5.000000000000000000e+00 4.000000000000000000e+00 4.000000000000000000e+00 4.000000000000000000e+00 3.000000000000000000e+00 8.000000000000000000e+00 7.000000000000000000e+00 6.000000000000000000e+00 1.700000000000000000e+01 4.100000000000000000e+01 2.411764705882352811e+00
4.000000000000000000e+00 5.000000000000000000e+00 4.000000000000000000e+00 4.000000000000000000e+00 4.000000000000000000e+00 3.000000000000000000e+00 8.000000000000000000e+00 7.000000000000000000e+00 1.700000000000000000e+01 3.900000000000000000e+01 2.294117647058823373e+00
3.000000000000000000e+00 4.000000000000000000e+00 5.000000000000000000e+00 4.000000000000000000e+00 4.000000000000000000e+00 4.000000000000000000e+00 3.000000000000000000e+00 8.000000000000000000e+00 1.600000000000000000e+01 3.500000000000000000e+01 2.187500000000000000e+00
3.000000000000000000e+00 3.000000000000000000e+00 4.000000000000000000e+00 5.000000000000000000e+00 4.000000000000000000e+00 4.000000000000000000e+00 4.000000000000000000e+00 3.000000000000000000e+00 1.500000000000000000e+01 3.000000000000000000e+01 2.000000000000000000e+00
2.000000000000000000e+00 3.000000000000000000e+00 3.000000000000000000e+00 4.000000000000000000e+00 5.000000000000000000e+00 4.000000000000000000e+00 4.000000000000000000e+00 4.000000000000000000e+00 1.200000000000000000e+01 2.900000000000000000e+01 2.416666666666666519e+00
2.000000000000000000e+00 2.000000000000000000e+00 3.000000000000000000e+00 3.000000000000000000e+00 4.000000000000000000e+00 5.000000000000000000e+00 4.000000000000000000e+00 4.000000000000000000e+00 1.000000000000000000e+01 2.700000000000000000e+01 2.700000000000000178e+00
4.000000000000000000e+00 2.000000000000000000e+00 2.000000000000000000e+00 3.000000000000000000e+00 3.000000000000000000e+00 4.000000000000000000e+00 5.000000000000000000e+00 4.000000000000000000e+00 1.100000000000000000e+01 2.700000000000000000e+01 2.454545454545454586e+00
3.000000000000000000e+00 4.000000000000000000e+00 2.000000000000000000e+00 2.000000000000000000e+00 3.000000000000000000e+00 3.000000000000000000e+00 4.000000000000000000e+00 5.000000000000000000e+00 1.100000000000000000e+01 2.600000000000000000e+01 2.363636363636363757e+00
3.000000000000000000e+00 3.000000000000000000e+00 4.000000000000000000e+00 2.000000000000000000e+00 2.000000000000000000e+00 3.000000000000000000e+00 3.000000000000000000e+00 4.000000000000000000e+00 1.200000000000000000e+01 2.400000000000000000e+01 2.000000000000000000e+00
4.000000000000000000e+00 3.000000000000000000e+00 3.000000000000000000e+00 4.000000000000000000e+00 2.000000000000000000e+00 2.000000000000000000e+00 3.000000000000000000e+00 3.000000000000000000e+00 1.400000000000000000e+01 2.400000000000000000e+01 1.714285714285714191e+00
5.000000000000000000e+00 4.000000000000000000e+00 3.000000000000000000e+00 3.000000000000000000e+00 4.000000000000000000e+00 2.000000000000000000e+00 2.000000000000000000e+00 3.000000000000000000e+00 1.500000000000000000e+01 2.600000000000000000e+01 1.733333333333333393e+00
4.000000000000000000e+00 5.000000000000000000e+00 4.000000000000000000e+00 3.000000000000000000e+00 3.000000000000000000e+00 4.000000000000000000e+00 2.000000000000000000e+00 2.000000000000000000e+00 1.600000000000000000e+01 2.700000000000000000e+01 1.687500000000000000e+00
3.000000000000000000e+00 4.000000000000000000e+00 5.000000000000000000e+00 4.000000000000000000e+00 3.000000000000000000e+00 3.000000000000000000e+00 4.000000000000000000e+00 2.000000000000000000e+00 1.600000000000000000e+01 2.800000000000000000e+01 1.750000000000000000e+00
6.000000000000000000e+00 3.000000000000000000e+00 4.000000000000000000e+00 5.000000000000000000e+00 4.000000000000000000e+00 3.000000000000000000e+00 3.000000000000000000e+00 4.000000000000000000e+00 1.800000000000000000e+01 3.200000000000000000e+01 1.777777777777777679e+00
3.000000000000000000e+00 6.000000000000000000e+00 3.000000000000000000e+00 4.000000000000000000e+00 5.000000000000000000e+00 4.000000000000000000e+00 3.000000000000000000e+00 3.000000000000000000e+00 1.600000000000000000e+01 3.100000000000000000e+01 1.937500000000000000e+00
4.000000000000000000e+00 3.000000000000000000e+00 6.000000000000000000e+00 3.000000000000000000e+00 4.000000000000000000e+00 5.000000000000000000e+00 4.000000000000000000e+00 3.000000000000000000e+00 1.600000000000000000e+01 3.200000000000000000e+01 2.000000000000000000e+00
3.000000000000000000e+00 4.000000000000000000e+00 3.000000000000000000e+00 6.000000000000000000e+00 3.000000000000000000e+00 4.000000000000000000e+00 5.000000000000000000e+00 4.000000000000000000e+00 1.600000000000000000e+01 3.200000000000000000e+01 2.000000000000000000e+00
6.000000000000000000e+00 3.000000000000000000e+00 4.000000000000000000e+00 3.000000000000000000e+00 6.000000000000000000e+00 3.000000000000000000e+00 4.000000000000000000e+00 5.000000000000000000e+00 1.600000000000000000e+01 3.400000000000000000e+01 2.125000000000000000e+00
5.000000000000000000e+00 6.000000000000000000e+00 3.000000000000000000e+00 4.000000000000000000e+00 3.000000000000000000e+00 6.000000000000000000e+00 3.000000000000000000e+00 4.000000000000000000e+00 1.800000000000000000e+01 3.400000000000000000e+01 1.888888888888888840e+00
6.000000000000000000e+00 5.000000000000000000e+00 6.000000000000000000e+00 3.000000000000000000e+00 4.000000000000000000e+00 3.000000000000000000e+00 6.000000000000000000e+00 3.000000000000000000e+00 2.000000000000000000e+01 3.600000000000000000e+01 1.800000000000000044e+00
6.000000000000000000e+00 6.000000000000000000e+00 5.000000000000000000e+00 6.000000000000000000e+00 3.000000000000000000e+00 4.000000000000000000e+00 3.000000000000000000e+00 6.000000000000000000e+00 2.300000000000000000e+01 3.900000000000000000e+01 1.695652173913043459e+00
6.000000000000000000e+00 6.000000000000000000e+00 6.000000000000000000e+00 5.000000000000000000e+00 6.000000000000000000e+00 3.000000000000000000e+00 4.000000000000000000e+00 3.000000000000000000e+00 2.300000000000000000e+01 3.900000000000000000e+01 1.695652173913043459e+00
7.000000000000000000e+00 6.000000000000000000e+00 6.000000000000000000e+00 6.000000000000000000e+00 5.000000000000000000e+00 6.000000000000000000e+00 3.000000000000000000e+00 4.000000000000000000e+00 2.500000000000000000e+01 4.300000000000000000e+01 1.719999999999999973e+00
7.000000000000000000e+00 7.000000000000000000e+00 6.000000000000000000e+00 6.000000000000000000e+00 6.000000000000000000e+00 5.000000000000000000e+00 6.000000000000000000e+00 3.000000000000000000e+00 2.600000000000000000e+01 4.600000000000000000e+01 1.769230769230769162e+00
6.000000000000000000e+00 7.000000000000000000e+00 7.000000000000000000e+00 6.000000000000000000e+00 6.000000000000000000e+00 6.000000000000000000e+00 5.000000000000000000e+00 6.000000000000000000e+00 2.600000000000000000e+01 4.900000000000000000e+01 1.884615384615384581e+00
6.000000000000000000e+00 6.000000000000000000e+00 7.000000000000000000e+00 7.000000000000000000e+00 6.000000000000000000e+00 6.000000000000000000e+00 6.000000000000000000e+00 5.000000000000000000e+00 2.600000000000000000e+01 4.900000000000000000e+01 1.884615384615384581e+00
7.000000000000000000e+00 6.000000000000000000e+00 6.000000000000000000e+00 7.000000000000000000e+00 7.000000000000000000e+00 6.000000000000000000e+00 6.000000000000000000e+00 6.000000000000000000e+00 2.600000000000000000e+01 5.100000000000000000e+01 1.961538461538461453e+00
8.000000000000000000e+00 7.000000000000000000e+00 6.000000000000000000e+00 6.000000000000000000e+00 7.000000000000000000e+00 7.000000000000000000e+00 6.000000000000000000e+00 6.000000000000000000e+00 2.700000000000000000e+01 5.300000000000000000e+01 1.962962962962963021e+00
6.000000000000000000e+00 8.000000000000000000e+00 7.000000000000000000e+00 6.000000000000000000e+00 6.000000000000000000e+00 7.000000000000000000e+00 7.000000000000000000e+00 6.000000000000000000e+00 2.700000000000000000e+01 5.300000000000000000e+01 1.962962962962963021e+00
6.000000000000000000e+00 6.000000000000000000e+00 8.000000000000000000e+00 7.000000000000000000e+00 6.000000000000000000e+00 6.000000000000000000e+00 7.000000000000000000e+00 7.000000000000000000e+00 2.700000000000000000e+01 5.300000000000000000e+01 1.962962962962963021e+00
1.100000000000000000e+01 6.000000000000000000e+00 6.000000000000000000e+00 8.000000000000000000e+00 7.000000000000000000e+00 6.000000000000000000e+00 6.000000000000000000e+00 7.000000000000000000e+00 3.100000000000000000e+01 5.700000000000000000e+01 1.838709677419354760e+00
6.000000000000000000e+00 1.100000000000000000e+01 6.000000000000000000e+00 6.000000000000000000e+00 8.000000000000000000e+00 7.000000000000000000e+00 6.000000000000000000e+00 6.000000000000000000e+00 2.900000000000000000e+01 5.600000000000000000e+01 1.931034482758620774e+00
9.000000000000000000e+00 6.000000000000000000e+00 1.100000000000000000e+01 6.000000000000000000e+00 6.000000000000000000e+00 8.000000000000000000e+00 7.000000000000000000e+00 6.000000000000000000e+00 3.200000000000000000e+01 5.900000000000000000e+01 1.843750000000000000e+00
7.000000000000000000e+00 9.000000000000000000e+00 6.000000000000000000e+00 1.100000000000000000e+01 6.000000000000000000e+00 6.000000000000000000e+00 8.000000000000000000e+00 7.000000000000000000e+00 3.300000000000000000e+01 6.000000000000000000e+01 1.818181818181818121e+00
9.000000000000000000e+00 7.000000000000000000e+00 9.000000000000000000e+00 6.000000000000000000e+00 1.100000000000000000e+01 6.000000000000000000e+00 6.000000000000000000e+00 8.000000000000000000e+00 3.100000000000000000e+01 6.200000000000000000e+01 2.000000000000000000e+00
1.100000000000000000e+01 9.000000000000000000e+00 7.000000000000000000e+00 9.000000000000000000e+00 6.000000000000000000e+00 1.100000000000000000e+01 6.000000000000000000e+00 6.000000000000000000e+00 3.600000000000000000e+01 6.500000000000000000e+01 1.805555555555555580e+00
8.000000000000000000e+00 1.100000000000000000e+01 9.000000000000000000e+00 7.000000000000000000e+00 9.000000000000000000e+00 6.000000000000000000e+00 1.100000000000000000e+01 6.000000000000000000e+00 3.500000000000000000e+01 6.700000000000000000e+01 1.914285714285714368e+00
1.000000000000000000e+01 8.000000000000000000e+00 1.100000000000000000e+01 9.000000000000000000e+00 7.000000000000000000e+00 9.000000000000000000e+00 6.000000000000000000e+00 1.100000000000000000e+01 3.800000000000000000e+01 7.100000000000000000e+01 1.868421052631578982e+00
1.000000000000000000e+01 1.000000000000000000e+01 8.000000000000000000e+00 1.100000000000000000e+01 9.000000000000000000e+00 7.000000000000000000e+00 9.000000000000000000e+00 6.000000000000000000e+00 3.900000000000000000e+01 7.000000000000000000e+01 1.794871794871794934e+00
1.100000000000000000e+01 1.000000000000000000e+01 1.000000000000000000e+01 8.000000000000000000e+00 1.100000000000000000e+01 9.000000000000000000e+00 7.000000000000000000e+00 9.000000000000000000e+00 3.900000000000000000e+01 7.500000000000000000e+01 1.923076923076923128e+00
7.000000000000000000e+00 1.100000000000000000e+01 1.000000000000000000e+01 1.000000000000000000e+01 8.000000000000000000e+00 1.100000000000000000e+01 9.000000000000000000e+00 7.000000000000000000e+00 3.800000000000000000e+01 7.300000000000000000e+01 1.921052631578947345e+00
9.000000000000000000e+00 7.000000000000000000e+00 1.100000000000000000e+01 1.000000000000000000e+01 1.000000000000000000e+01 8.000000000000000000e+00 1.100000000000000000e+01 9.000000000000000000e+00 3.700000000000000000e+01 7.500000000000000000e+01 2.027027027027027195e+00
1.500000000000000000e+01 9.000000000000000000e+00 7.000000000000000000e+00 1.100000000000000000e+01 1.000000000000000000e+01 1.000000000000000000e+01 8.000000000000000000e+00 1.100000000000000000e+01 4.200000000000000000e+01 8.100000000000000000e+01 1.928571428571428603e+00
9.000000000000000000e+00 1.500000000000000000e+01 9.000000000000000000e+00 7.000000000000000000e+00 1.100000000000000000e+01 1.000000000000000000e+01 1.000000000000000000e+01 8.000000000000000000e+00 4.000000000000000000e+01 7.900000000000000000e+01 1.975000000000000089e+00
8.000000000000000000e+00 9.000000000000000000e+00 1.500000000000000000e+01 9.000000000000000000e+00 7.000000000000000000e+00 1.100000000000000000e+01 1.000000000000000000e+01 1.000000000000000000e+01 4.100000000000000000e+01 7.900000000000000000e+01 1.926829268292682862e+00
1.000000000000000000e+01 8.000000000000000000e+00 9.000000000000000000e+00 1.500000000000000000e+01 9.000000000000000000e+00 7.000000000000000000e+00 1.100000000000000000e+01 1.000000000000000000e+01 4.200000000000000000e+01 7.900000000000000000e+01 1.880952380952380931e+00
1.700000000000000000e+01 1.000000000000000000e+01 8.000000000000000000e+00 9.000000000000000000e+00 1.500000000000000000e+01 9.000000000000000000e+00 7.000000000000000000e+00 1.100000000000000000e+01 4.400000000000000000e+01 8.600000000000000000e+01 1.954545454545454586e+00
1.200000000000000000e+01 1.700000000000000000e+01 1.000000000000000000e+01 8.000000000000000000e+00 9.000000000000000000e+00 1.500000000000000000e+01 9.000000000000000000e+00 7.000000000000000000e+00 4.700000000000000000e+01 8.700000000000000000e+01 1.851063829787233939e+00
1.000000000000000000e+01 1.200000000000000000e+01 1.700000000000000000e+01 1.000000000000000000e+01 8.000000000000000000e+00 9.000000000000000000e+00 1.500000000000000000e+01 9.000000000000000000e+00 4.900000000000000000e+01 9.000000000000000000e+01 1.836734693877551061e+00
1.100000000000000000e+01 1.000000000000000000e+01 1.200000000000000000e+01 1.700000000000000000e+01 1.000000000000000000e+01 8.000000000000000000e+00 9.000000000000000000e+00 1.500000000000000000e+01 5.000000000000000000e+01 9.200000000000000000e+01 1.840000000000000080e+00
1.600000000000000000e+01 1.100000000000000000e+01 1.000000000000000000e+01 1.200000000000000000e+01 1.700000000000000000e+01 1.000000000000000000e+01 8.000000000000000000e+00 9.000000000000000000e+00 4.900000000000000000e+01 9.300000000000000000e+01 1.897959183673469497e+00
1.200000000000000000e+01 1.600000000000000000e+01 1.100000000000000000e+01 1.000000000000000000e+01 1.200000000000000000e+01 1.700000000000000000e+01 1.000000000000000000e+01 8.000000000000000000e+00 4.900000000000000000e+01 9.600000000000000000e+01 1.959183673469387710e+00
1.200000000000000000e+01 1.200000000000000000e+01 1.600000000000000000e+01 1.100000000000000000e+01 1.000000000000000000e+01 1.200000000000000000e+01 1.700000000000000000e+01 1.000000000000000000e+01 5.100000000000000000e+01 1.000000000000000000e+02 1.960784313725490113e+00
1.400000000000000000e+01 1.200000000000000000e+01 1.200000000000000000e+01 1.600000000000000000e+01 1.100000000000000000e+01 1.000000000000000000e+01 1.200000000000000000e+01 1.700000000000000000e+01 5.400000000000000000e+01 1.040000000000000000e+02 1.925925925925925819e+00
1.600000000000000000e+01 1.400000000000000000e+01 1.200000000000000000e+01 1.200000000000000000e+01 1.600000000000000000e+01 1.100000000000000000e+01 1.000000000000000000e+01 1.200000000000000000e+01 5.400000000000000000e+01 1.030000000000000000e+02 1.907407407407407440e+00
1.100000000000000000e+01 1.600000000000000000e+01 1.400000000000000000e+01 1.200000000000000000e+01 1.200000000000000000e+01 1.600000000000000000e+01 1.100000000000000000e+01 1.000000000000000000e+01 5.300000000000000000e+01 1.020000000000000000e+02 1.924528301886792470e+00
1.000000000000000000e+01 1.100000000000000000e+01 1.600000000000000000e+01 1.400000000000000000e+01 1.200000000000000000e+01 1.200000000000000000e+01 1.600000000000000000e+01 1.100000000000000000e+01 5.100000000000000000e+01 1.020000000000000000e+02 2.000000000000000000e+00
1.600000000000000000e+01 1.000000000000000000e+01 1.100000000000000000e+01 1.600000000000000000e+01 1.400000000000000000e+01 1.200000000000000000e+01 1.200000000000000000e+01 1.600000000000000000e+01 5.300000000000000000e+01 1.070000000000000000e+02 2.018867924528302105e+00
1.100000000000000000e+01 1.600000000000000000e+01 1.000000000000000000e+01 1.100000000000000000e+01 1.600000000000000000e+01 1.400000000000000000e+01 1.200000000000000000e+01 1.200000000000000000e+01 4.800000000000000000e+01 1.020000000000000000e+02 2.125000000000000000e+00
1.200000000000000000e+01 1.100000000000000000e+01 1.600000000000000000e+01 1.000000000000000000e+01 1.100000000000000000e+01 1.600000000000000000e+01 1.400000000000000000e+01 1.200000000000000000e+01 4.900000000000000000e+01 1.020000000000000000e+02 2.081632653061224580e+00
1.000000000000000000e+01 1.200000000000000000e+01 1.100000000000000000e+01 1.600000000000000000e+01 1.000000000000000000e+01 1.100000000000000000e+01 1.600000000000000000e+01 1.400000000000000000e+01 4.900000000000000000e+01 1.000000000000000000e+02 2.040816326530612290e+00
1.400000000000000000e+01 1.000000000000000000e+01 1.200000000000000000e+01 1.100000000000000000e+01 1.600000000000000000e+01 1.000000000000000000e+01 1.100000000000000000e+01 1.600000000000000000e+01 4.700000000000000000e+01 1.000000000000000000e+02 2.127659574468085069e+00
1.300000000000000000e+01 1.400000000000000000e+01 1.000000000000000000e+01 1.200000000000000000e+01 1.100000000000000000e+01 1.600000000000000000e+01 1.000000000000000000e+01 1.100000000000000000e+01 4.900000000000000000e+01 9.700000000000000000e+01 1.979591836734693855e+00
1.200000000000000000e+01 1.300000000000000000e+01 1.400000000000000000e+01 1.000000000000000000e+01 1.200000000000000000e+01 1.100000000000000000e+01 1.600000000000000000e+01 1.000000000000000000e+01 4.900000000000000000e+01 9.800000000000000000e+01 2.000000000000000000e+00
1.000000000000000000e+01 1.200000000000000000e+01 1.300000000000000000e+01 1.400000000000000000e+01 1.000000000000000000e+01 1.200000000000000000e+01 1.100000000000000000e+01 1.600000000000000000e+01 4.900000000000000000e+01 9.800000000000000000e+01 2.000000000000000000e+00
2.400000000000000000e+01 1.000000000000000000e+01 1.200000000000000000e+01 1.300000000000000000e+01 1.400000000000000000e+01 1.000000000000000000e+01 1.200000000000000000e+01 1.100000000000000000e+01 5.900000000000000000e+01 1.060000000000000000e+02 1.796610169491525522e+00
2.000000000000000000e+01 2.400000000000000000e+01 1.000000000000000000e+01 1.200000000000000000e+01 1.300000000000000000e+01 1.400000000000000000e+01 1.000000000000000000e+01 1.200000000000000000e+01 6.600000000000000000e+01 1.150000000000000000e+02 1.742424242424242431e+00
4.000000000000000000e+00 2.000000000000000000e+01 2.400000000000000000e+01 1.000000000000000000e+01 1.200000000000000000e+01 1.300000000000000000e+01 1.400000000000000000e+01 1.000000000000000000e+01 5.800000000000000000e+01 1.070000000000000000e+02 1.844827586206896575e+00
4.000000000000000000e+00 4.000000000000000000e+00 2.000000000000000000e+01 2.400000000000000000e+01 1.000000000000000000e+01 1.200000000000000000e+01 1.300000000000000000e+01 1.400000000000000000e+01 5.200000000000000000e+01 1.010000000000000000e+02 1.942307692307692291e+00
6.000000000000000000e+00 4.000000000000000000e+00 4.000000000000000000e+00 2.000000000000000000e+01 2.400000000000000000e+01 1.000000000000000000e+01 1.200000000000000000e+01 1.300000000000000000e+01 3.400000000000000000e+01 9.300000000000000000e+01 2.735294117647058876e+00
4.000000000000000000e+00 6.000000000000000000e+00 4.000000000000000000e+00 4.000000000000000000e+00 2.000000000000000000e+01 2.400000000000000000e+01 1.000000000000000000e+01 1.200000000000000000e+01 1.800000000000000000e+01 8.400000000000000000e+01 4.666666666666666963e+00
3.000000000000000000e+00 4.000000000000000000e+00 6.000000000000000000e+00 4.000000000000000000e+00 4.000000000000000000e+00 2.000000000000000000e+01 2.400000000000000000e+01 1.000000000000000000e+01 1.700000000000000000e+01 7.500000000000000000e+01 4.411764705882353255e+00
3.000000000000000000e+00 3.000000000000000000e+00 4.000000000000000000e+00 6.000000000000000000e+00 4.000000000000000000e+00 4.000000000000000000e+00 2.000000000000000000e+01 2.400000000000000000e+01 1.600000000000000000e+01 6.800000000000000000e+01 4.250000000000000000e+00
5.000000000000000000e+00 3.000000000000000000e+00 3.000000000000000000e+00 4.000000000000000000e+00 6.000000000000000000e+00 4.000000000000000000e+00 4.000000000000000000e+00 2.000000000000000000e+01 1.500000000000000000e+01 4.900000000000000000e+01 3.266666666666666607e+00
7.000000000000000000e+00 5.000000000000000000e+00 3.000000000000000000e+00 3.000000000000000000e+00 4.000000000000000000e+00 6.000000000000000000e+00 4.000000000000000000e+00 4.000000000000000000e+00 1.800000000000000000e+01 3.600000000000000000e+01 2.000000000000000000e+00
5.000000000000000000e+00 7.000000000000000000e+00 5.000000000000000000e+00 3.000000000000000000e+00 3.000000000000000000e+00 4.000000000000000000e+00 6.000000000000000000e+00 4.000000000000000000e+00 2.000000000000000000e+01 3.700000000000000000e+01 1.850000000000000089e+00
6.000000000000000000e+00 5.000000000000000000e+00 7.000000000000000000e+00 5.000000000000000000e+00 3.000000000000000000e+00 3.000000000000000000e+00 4.000000000000000000e+00 6.000000000000000000e+00 2.300000000000000000e+01 3.900000000000000000e+01 1.695652173913043459e+00
6.000000000000000000e+00 6.000000000000000000e+00 5.000000000000000000e+00 7.000000000000000000e+00 5.000000000000000000e+00 3.000000000000000000e+00 3.000000000000000000e+00 4.000000000000000000e+00 2.400000000000000000e+01 3.900000000000000000e+01 1.625000000000000000e+00
8.000000000000000000e+00 6.000000000000000000e+00 6.000000000000000000e+00 5.000000000000000000e+00 7.000000000000000000e+00 5.000000000000000000e+00 3.000000000000000000e+00 3.000000000000000000e+00 2.500000000000000000e+01 4.300000000000000000e+01 1.719999999999999973e+00
7.000000000000000000e+00 8.000000000000000000e+00 6.000000000000000000e+00 6.000000000000000000e+00 5.000000000000000000e+00 7.000000000000000000e+00 5.000000000000000000e+00 3.000000000000000000e+00 2.700000000000000000e+01 4.700000000000000000e+01 1.740740740740740700e+00
6.000000000000000000e+00 7.000000000000000000e+00 8.000000000000000000e+00 6.000000000000000000e+00 6.000000000000000000e+00 5.000000000000000000e+00 7.000000000000000000e+00 5.000000000000000000e+00 2.700000000000000000e+01 5.000000000000000000e+01 1.851851851851851860e+00
8.000000000000000000e+00 6.000000000000000000e+00 7.000000000000000000e+00 8.000000000000000000e+00 6.000000000000000000e+00 6.000000000000000000e+00 5.000000000000000000e+00 7.000000000000000000e+00 2.900000000000000000e+01 5.300000000000000000e+01 1.827586206896551824e+00
9.000000000000000000e+00 8.000000000000000000e+00 6.000000000000000000e+00 7.000000000000000000e+00 8.000000000000000000e+00 6.000000000000000000e+00 6.000000000000000000e+00 5.000000000000000000e+00 3.000000000000000000e+01 5.500000000000000000e+01 1.833333333333333259e+00
9.000000000000000000e+00 9.000000000000000000e+00 8.000000000000000000e+00 6.000000000000000000e+00 7.000000000000000000e+00 8.000000000000000000e+00 6.000000000000000000e+00 6.000000000000000000e+00 3.200000000000000000e+01 5.900000000000000000e+01 1.843750000000000000e+00
9.000000000000000000e+00 9.000000000000000000e+00 9.000000000000000000e+00 8.000000000000000000e+00 6.000000000000000000e+00 7.000000000000000000e+00 8.000000000000000000e+00 6.000000000000000000e+00 3.500000000000000000e+01 6.200000000000000000e+01 1.771428571428571352e+00
9.000000000000000000e+00 9.000000000000000000e+00 9.000000000000000000e+00 9.000000000000000000e+00 8.000000000000000000e+00 6.000000000000000000e+00 7.000000000000000000e+00 8.000000000000000000e+00 3.600000000000000000e+01 6.500000000000000000e+01 1.805555555555555580e+00
1.300000000000000000e+01 9.000000000000000000e+00 9.000000000000000000e+00 9.000000000000000000e+00 9.000000000000000000e+00 8.000000000000000000e+00 6.000000000000000000e+00 7.000000000000000000e+00 4.000000000000000000e+01 7.000000000000000000e+01 1.750000000000000000e+00
1.000000000000000000e+01 1.300000000000000000e+01 9.000000000000000000e+00 9.000000000000000000e+00 9.000000000000000000e+00 9.000000000000000000e+00 8.000000000000000000e+00 6.000000000000000000e+00 4.100000000000000000e+01 7.300000000000000000e+01 1.780487804878048808e+00
1.400000000000000000e+01 1.000000000000000000e+01 1.300000000000000000e+01 9.000000000000000000e+00 9.000000000000000000e+00 9.000000000000000000e+00 9.000000000000000000e+00 8.000000000000000000e+00 4.600000000000000000e+01 8.100000000000000000e+01 1.760869565217391353e+00
1.300000000000000000e+01 1.400000000000000000e+01 1.000000000000000000e+01 1.300000000000000000e+01 9.000000000000000000e+00 9.000000000000000000e+00 9.000000000000000000e+00 9.000000000000000000e+00 5.000000000000000000e+01 8.600000000000000000e+01 1.719999999999999973e+00
1.800000000000000000e+01 1.300000000000000000e+01 1.400000000000000000e+01 1.000000000000000000e+01 1.300000000000000000e+01 9.000000000000000000e+00 9.000000000000000000e+00 9.000000000000000000e+00 5.500000000000000000e+01 9.500000000000000000e+01 1.727272727272727293e+00
1.300000000000000000e+01 1.800000000000000000e+01 1.300000000000000000e+01 1.400000000000000000e+01 1.000000000000000000e+01 1.300000000000000000e+01 9.000000000000000000e+00 9.000000000000000000e+00 5.800000000000000000e+01 9.900000000000000000e+01 1.706896551724137900e+00
1.000000000000000000e+01 1.300000000000000000e+01 1.800000000000000000e+01 1.300000000000000000e+01 1.400000000000000000e+01 1.000000000000000000e+01 1.300000000000000000e+01 9.000000000000000000e+00 5.400000000000000000e+01 1.000000000000000000e+02 1.851851851851851860e+00
3.500000000000000000e+01 1.000000000000000000e+01 1.300000000000000000e+01 1.800000000000000000e+01 1.300000000000000000e+01 1.400000000000000000e+01 1.000000000000000000e+01 1.300000000000000000e+01 7.600000000000000000e+01 1.260000000000000000e+02 1.657894736842105310e+00
2.000000000000000000e+01 3.500000000000000000e+01 1.000000000000000000e+01 1.300000000000000000e+01 1.800000000000000000e+01 1.300000000000000000e+01 1.400000000000000000e+01 1.000000000000000000e+01 7.800000000000000000e+01 1.330000000000000000e+02 1.705128205128205066e+00
1.900000000000000000e+01 2.000000000000000000e+01 3.500000000000000000e+01 1.000000000000000000e+01 1.300000000000000000e+01 1.800000000000000000e+01 1.300000000000000000e+01 1.400000000000000000e+01 8.400000000000000000e+01 1.420000000000000000e+02 1.690476190476190466e+00
1.500000000000000000e+01 1.900000000000000000e+01 2.000000000000000000e+01 3.500000000000000000e+01 1.000000000000000000e+01 1.300000000000000000e+01 1.800000000000000000e+01 1.300000000000000000e+01 8.900000000000000000e+01 1.430000000000000000e+02 1.606741573033707793e+00
1.100000000000000000e+01 1.500000000000000000e+01 1.900000000000000000e+01 2.000000000000000000e+01 3.500000000000000000e+01 1.000000000000000000e+01 1.300000000000000000e+01 1.800000000000000000e+01 6.500000000000000000e+01 1.410000000000000000e+02 2.169230769230769074e+00
1.700000000000000000e+01 1.100000000000000000e+01 1.500000000000000000e+01 1.900000000000000000e+01 2.000000000000000000e+01 3.500000000000000000e+01 1.000000000000000000e+01 1.300000000000000000e+01 6.200000000000000000e+01 1.400000000000000000e+02 2.258064516129032473e+00
1.300000000000000000e+01 1.700000000000000000e+01 1.100000000000000000e+01 1.500000000000000000e+01 1.900000000000000000e+01 2.000000000000000000e+01 3.500000000000000000e+01 1.000000000000000000e+01 5.600000000000000000e+01 1.400000000000000000e+02 2.500000000000000000e+00
1.200000000000000000e+01 1.300000000000000000e+01 1.700000000000000000e+01 1.100000000000000000e+01 1.500000000000000000e+01 1.900000000000000000e+01 2.000000000000000000e+01 3.500000000000000000e+01 5.300000000000000000e+01 1.420000000000000000e+02 2.679245283018867774e+00
1.500000000000000000e+01 1.200000000000000000e+01 1.300000000000000000e+01 1.700000000000000000e+01 1.100000000000000000e+01 1.500000000000000000e+01 1.900000000000000000e+01 2.000000000000000000e+01 5.700000000000000000e+01 1.220000000000000000e+02 2.140350877192982448e+00
1.100000000000000000e+01 1.500000000000000000e+01 1.200000000000000000e+01 1.300000000000000000e+01 1.700000000000000000e+01 1.100000000000000000e+01 1.500000000000000000e+01 1.900000000000000000e+01 5.100000000000000000e+01 1.130000000000000000e+02 2.215686274509804043e+00
