-1.000000000000000000e+08 -1.000000000000000000e+08 -1.000000000000000000e+08 -1.000000000000000000e+08 -1.000000000000000000e+08 -1.000000000000000000e+08 -1.000000000000000000e+08 -1.000000000000000000e+08 -4.000000000000000000e+08 -8.000000000000000000e+08 2.000000000000000000e+00
-1.000000000000000000e+08 -1.000000000000000000e+08 -1.000000000000000000e+08 -1.000000000000000000e+08 -1.000000000000000000e+08 -1.000000000000000000e+08 -1.000000000000000000e+08 -1.000000000000000000e+08 -4.000000000000000000e+08 -8.000000000000000000e+08 2.000000000000000000e+00
-1.000000000000000000e+08 -1.000000000000000000e+08 -1.000000000000000000e+08 -1.000000000000000000e+08 -1.000000000000000000e+08 -1.000000000000000000e+08 -1.000000000000000000e+08 -1.000000000000000000e+08 -4.000000000000000000e+08 -8.000000000000000000e+08 2.000000000000000000e+00
-1.000000000000000000e+08 -1.000000000000000000e+08 -1.000000000000000000e+08 -1.000000000000000000e+08 -1.000000000000000000e+08 -1.000000000000000000e+08 -1.000000000000000000e+08 -1.000000000000000000e+08 -4.000000000000000000e+08 -8.000000000000000000e+08 2.000000000000000000e+00
-1.000000000000000000e+08 -1.000000000000000000e+08 -1.000000000000000000e+08 -1.000000000000000000e+08 -1.000000000000000000e+08 -1.000000000000000000e+08 -1.000000000000000000e+08 -1.000000000000000000e+08 -4.000000000000000000e+08 -8.000000000000000000e+08 2.000000000000000000e+00
-1.000000000000000000e+08 -1.000000000000000000e+08 -1.000000000000000000e+08 -1.000000000000000000e+08 -1.000000000000000000e+08 -1.000000000000000000e+08 -1.000000000000000000e+08 -1.000000000000000000e+08 -4.000000000000000000e+08 -8.000000000000000000e+08 2.000000000000000000e+00
-1.000000000000000000e+08 -1.000000000000000000e+08 -1.000000000000000000e+08 -1.000000000000000000e+08 -1.000000000000000000e+08 -1.000000000000000000e+08 -1.000000000000000000e+08 -1.000000000000000000e+08 -4.000000000000000000e+08 -8.000000000000000000e+08 2.000000000000000000e+00
-1.000000000000000000e+08 -1.000000000000000000e+08 -1.000000000000000000e+08 -1.000000000000000000e+08 -1.000000000000000000e+08 -1.000000000000000000e+08 -1.000000000000000000e+08 -1.000000000000000000e+08 -4.000000000000000000e+08 -8.000000000000000000e+08 2.000000000000000000e+00
-1.000000000000000000e+08 -1.000000000000000000e+08 -1.000000000000000000e+08 -1.000000000000000000e+08 -1.000000000000000000e+08 -1.000000000000000000e+08 -1.000000000000000000e+08 -1.000000000000000000e+08 -4.000000000000000000e+08 -8.000000000000000000e+08 2.000000000000000000e+00
-1.000000000000000000e+08 -1.000000000000000000e+08 -1.000000000000000000e+08 -1.000000000000000000e+08 -1.000000000000000000e+08 -1.000000000000000000e+08 -1.000000000000000000e+08 -1.000000000000000000e+08 -4.000000000000000000e+08 -8.000000000000000000e+08 2.000000000000000000e+00
-1.000000000000000000e+08 -1.000000000000000000e+08 -1.000000000000000000e+08 -1.000000000000000000e+08 -1.000000000000000000e+08 -1.000000000000000000e+08 -1.000000000000000000e+08 -1.000000000000000000e+08 -4.000000000000000000e+08 -8.000000000000000000e+08 2.000000000000000000e+00
-1.000000000000000000e+08 -1.000000000000000000e+08 -1.000000000000000000e+08 -1.000000000000000000e+08 -1.000000000000000000e+08 -1.000000000000000000e+08 -1.000000000000000000e+08 -1.000000000000000000e+08 -4.000000000000000000e+08 -8.000000000000000000e+08 2.000000000000000000e+00
-1.000000000000000000e+08 -1.000000000000000000e+08 -1.000000000000000000e+08 -1.000000000000000000e+08 -1.000000000000000000e+08 -1.000000000000000000e+08 -1.000000000000000000e+08 -1.000000000000000000e+08 -4.000000000000000000e+08 -8.000000000000000000e+08 2.000000000000000000e+00
-1.000000000000000000e+08 -1.000000000000000000e+08 -1.000000000000000000e+08 -1.000000000000000000e+08 -1.000000000000000000e+08 -1.000000000000000000e+08 -1.000000000000000000e+08 -1.000000000000000000e+08 -4.000000000000000000e+08 -8.000000000000000000e+08 2.000000000000000000e+00
-1.000000000000000000e+08 -1.000000000000000000e+08 -1.000000000000000000e+08 -1.000000000000000000e+08 -1.000000000000000000e+08 -1.000000000000000000e+08 -1.000000000000000000e+08 -1.000000000000000000e+08 -4.000000000000000000e+08 -8.000000000000000000e+08 2.000000000000000000e+00
-1.000000000000000000e+08 -1.000000000000000000e+08 -1.000000000000000000e+08 -1.000000000000000000e+08 -1.000000000000000000e+08 -1.000000000000000000e+08 -1.000000000000000000e+08 -1.000000000000000000e+08 -4.000000000000000000e+08 -8.000000000000000000e+08 2.000000000000000000e+00
-1.000000000000000000e+08 -1.000000000000000000e+08 -1.000000000000000000e+08 -1.000000000000000000e+08 -1.000000000000000000e+08 -1.000000000000000000e+08 -1.000000000000000000e+08 -1.000000000000000000e+08 -4.000000000000000000e+08 -8.000000000000000000e+08 2.000000000000000000e+00
-1.000000000000000000e+08 -1.000000000000000000e+08 -1.000000000000000000e+08 -1.000000000000000000e+08 -1.000000000000000000e+08 -1.000000000000000000e+08 -1.000000000000000000e+08 -1.000000000000000000e+08 -4.000000000000000000e+08 -8.000000000000000000e+08 2.000000000000000000e+00
-1.000000000000000000e+08 -1.000000000000000000e+08 -1.000000000000000000e+08 -1.000000000000000000e+08 -1.000000000000000000e+08 -1.000000000000000000e+08 -1.000000000000000000e+08 -1.000000000000000000e+08 -4.000000000000000000e+08 -8.000000000000000000e+08 2.000000000000000000e+00
-1.000000000000000000e+08 -1.000000000000000000e+08 -1.000000000000000000e+08 -1.000000000000000000e+08 -1.000000000000000000e+08 -1.000000000000000000e+08 -1.000000000000000000e+08 -1.000000000000000000e+08 -4.000000000000000000e+08 -8.000000000000000000e+08 2.000000000000000000e+00
-1.000000000000000000e+08 -1.000000000000000000e+08 -1.000000000000000000e+08 -1.000000000000000000e+08 -1.000000000000000000e+08 -1.000000000000000000e+08 -1.000000000000000000e+08 -1.000000000000000000e+08 -4.000000000000000000e+08 -8.000000000000000000e+08 2.000000000000000000e+00
-1.000000000000000000e+08 -1.000000000000000000e+08 -1.000000000000000000e+08 -1.000000000000000000e+08 -1.000000000000000000e+08 -1.000000000000000000e+08 -1.000000000000000000e+08 -1.000000000000000000e+08 -4.000000000000000000e+08 -8.000000000000000000e+08 2.000000000000000000e+00
-1.000000000000000000e+08 -1.000000000000000000e+08 -1.000000000000000000e+08 -1.000000000000000000e+08 -1.000000000000000000e+08 -1.000000000000000000e+08 -1.000000000000000000e+08 -1.000000000000000000e+08 -4.000000000000000000e+08 -8.000000000000000000e+08 2.000000000000000000e+00
-1.000000000000000000e+08 -1.000000000000000000e+08 -1.000000000000000000e+08 -1.000000000000000000e+08 -1.000000000000000000e+08 -1.000000000000000000e+08 -1.000000000000000000e+08 -1.000000000000000000e+08 -4.000000000000000000e+08 -8.000000000000000000e+08 2.000000000000000000e+00
-1.000000000000000000e+08 -1.000000000000000000e+08 -1.000000000000000000e+08 -1.000000000000000000e+08 -1.000000000000000000e+08 -1.000000000000000000e+08 -1.000000000000000000e+08 -1.000000000000000000e+08 -4.000000000000000000e+08 -8.000000000000000000e+08 2.000000000000000000e+00
-1.000000000000000000e+08 -1.000000000000000000e+08 -1.000000000000000000e+08 -1.000000000000000000e+08 -1.000000000000000000e+08 -1.000000000000000000e+08 -1.000000000000000000e+08 -1.000000000000000000e+08 -4.000000000000000000e+08 -8.000000000000000000e+08 2.000000000000000000e+00
-1.000000000000000000e+08 -1.000000000000000000e+08 -1.000000000000000000e+08 -1.000000000000000000e+08 -1.000000000000000000e+08 -1.000000000000000000e+08 -1.000000000000000000e+08 -1.000000000000000000e+08 -4.000000000000000000e+08 -8.000000000000000000e+08 2.000000000000000000e+00
-1.000000000000000000e+08 -1.000000000000000000e+08 -1.000000000000000000e+08 -1.000000000000000000e+08 -1.000000000000000000e+08 -1.000000000000000000e+08 -1.000000000000000000e+08 -1.000000000000000000e+08 -4.000000000000000000e+08 -8.000000000000000000e+08 2.000000000000000000e+00
-1.000000000000000000e+08 -1.000000000000000000e+08 -1.000000000000000000e+08 -1.000000000000000000e+08 -1.000000000000000000e+08 -1.000000000000000000e+08 -1.000000000000000000e+08 -1.000000000000000000e+08 -4.000000000000000000e+08 -8.000000000000000000e+08 2.000000000000000000e+00
-1.000000000000000000e+08 -1.000000000000000000e+08 -1.000000000000000000e+08 -1.000000000000000000e+08 -1.000000000000000000e+08 -1.000000000000000000e+08 -1.000000000000000000e+08 -1.000000000000000000e+08 -4.000000000000000000e+08 -8.000000000000000000e+08 2.000000000000000000e+00
-1.000000000000000000e+08 -1.000000000000000000e+08 -1.000000000000000000e+08 -1.000000000000000000e+08 -1.000000000000000000e+08 -1.000000000000000000e+08 -1.000000000000000000e+08 -1.000000000000000000e+08 -4.000000000000000000e+08 -8.000000000000000000e+08 2.000000000000000000e+00
-1.000000000000000000e+08 -1.000000000000000000e+08 -1.000000000000000000e+08 -1.000000000000000000e+08 -1.000000000000000000e+08 -1.000000000000000000e+08 -1.000000000000000000e+08 -1.000000000000000000e+08 -4.000000000000000000e+08 -8.000000000000000000e+08 2.000000000000000000e+00
-1.000000000000000000e+08 -1.000000000000000000e+08 -1.000000000000000000e+08 -1.000000000000000000e+08 -1.000000000000000000e+08 -1.000000000000000000e+08 -1.000000000000000000e+08 -1.000000000000000000e+08 -4.000000000000000000e+08 -8.000000000000000000e+08 2.000000000000000000e+00
-1.000000000000000000e+08 -1.000000000000000000e+08 -1.000000000000000000e+08 -1.000000000000000000e+08 -1.000000000000000000e+08 -1.000000000000000000e+08 -1.000000000000000000e+08 -1.000000000000000000e+08 -4.000000000000000000e+08 -8.000000000000000000e+08 2.000000000000000000e+00
-1.000000000000000000e+08 -1.000000000000000000e+08 -1.000000000000000000e+08 -1.000000000000000000e+08 -1.000000000000000000e+08 -1.000000000000000000e+08 -1.000000000000000000e+08 -1.000000000000000000e+08 -4.000000000000000000e+08 -8.000000000000000000e+08 2.000000000000000000e+00
-1.000000000000000000e+08 -1.000000000000000000e+08 -1.000000000000000000e+08 -1.000000000000000000e+08 -1.000000000000000000e+08 -1.000000000000000000e+08 -1.000000000000000000e+08 -1.000000000000000000e+08 -4.000000000000000000e+08 -8.000000000000000000e+08 2.000000000000000000e+00
-1.000000000000000000e+08 -1.000000000000000000e+08 -1.000000000000000000e+08 -1.000000000000000000e+08 -1.000000000000000000e+08 -1.000000000000000000e+08 -1.000000000000000000e+08 -1.000000000000000000e+08 -4.000000000000000000e+08 -8.000000000000000000e+08 2.000000000000000000e+00
-1.000000000000000000e+08 -1.000000000000000000e+08 -1.000000000000000000e+08 -1.000000000000000000e+08 -1.000000000000000000e+08 -1.000000000000000000e+08 -1.000000000000000000e+08 -1.000000000000000000e+08 -4.000000000000000000e+08 -8.000000000000000000e+08 2.000000000000000000e+00
-1.000000000000000000e+08 -1.000000000000000000e+08 -1.000000000000000000e+08 -1.000000000000000000e+08 -1.000000000000000000e+08 -1.000000000000000000e+08 -1.000000000000000000e+08 -1.000000000000000000e+08 -4.000000000000000000e+08 -8.000000000000000000e+08 2.000000000000000000e+00
-1.000000000000000000e+08 -1.000000000000000000e+08 -1.000000000000000000e+08 -1.000000000000000000e+08 -1.000000000000000000e+08 -1.000000000000000000e+08 -1.000000000000000000e+08 -1.000000000000000000e+08 -4.000000000000000000e+08 -8.000000000000000000e+08 2.000000000000000000e+00
-1.000000000000000000e+08 -1.000000000000000000e+08 -1.000000000000000000e+08 -1.000000000000000000e+08 -1.000000000000000000e+08 -1.000000000000000000e+08 -1.000000000000000000e+08 -1.000000000000000000e+08 -4.000000000000000000e+08 -8.000000000000000000e+08 2.000000000000000000e+00
-1.000000000000000000e+08 -1.000000000000000000e+08 -1.000000000000000000e+08 -1.000000000000000000e+08 -1.000000000000000000e+08 -1.000000000000000000e+08 -1.000000000000000000e+08 -1.000000000000000000e+08 -4.000000000000000000e+08 -8.000000000000000000e+08 2.000000000000000000e+00
-1.000000000000000000e+08 -1.000000000000000000e+08 -1.000000000000000000e+08 -1.000000000000000000e+08 -1.000000000000000000e+08 -1.000000000000000000e+08 -1.000000000000000000e+08 -1.000000000000000000e+08 -4.000000000000000000e+08 -8.000000000000000000e+08 2.000000000000000000e+00
-1.000000000000000000e+08 -1.000000000000000000e+08 -1.000000000000000000e+08 -1.000000000000000000e+08 -1.000000000000000000e+08 -1.000000000000000000e+08 -1.000000000000000000e+08 -1.000000000000000000e+08 -4.000000000000000000e+08 -8.000000000000000000e+08 2.000000000000000000e+00
-1.000000000000000000e+08 -1.000000000000000000e+08 -1.000000000000000000e+08 -1.000000000000000000e+08 -1.000000000000000000e+08 -1.000000000000000000e+08 -1.000000000000000000e+08 -1.000000000000000000e+08 -4.000000000000000000e+08 -8.000000000000000000e+08 2.000000000000000000e+00
-1.000000000000000000e+08 -1.000000000000000000e+08 -1.000000000000000000e+08 -1.000000000000000000e+08 -1.000000000000000000e+08 -1.000000000000000000e+08 -1.000000000000000000e+08 -1.000000000000000000e+08 -4.000000000000000000e+08 -8.000000000000000000e+08 2.000000000000000000e+00
-1.000000000000000000e+08 -1.000000000000000000e+08 -1.000000000000000000e+08 -1.000000000000000000e+08 -1.000000000000000000e+08 -1.000000000000000000e+08 -1.000000000000000000e+08 -1.000000000000000000e+08 -4.000000000000000000e+08 -8.000000000000000000e+08 2.000000000000000000e+00
-1.000000000000000000e+08 -1.000000000000000000e+08 -1.000000000000000000e+08 -1.000000000000000000e+08 -1.000000000000000000e+08 -1.000000000000000000e+08 -1.000000000000000000e+08 -1.000000000000000000e+08 -4.000000000000000000e+08 -8.000000000000000000e+08 2.000000000000000000e+00
-1.000000000000000000e+08 -1.000000000000000000e+08 -1.000000000000000000e+08 -1.000000000000000000e+08 -1.000000000000000000e+08 -1.000000000000000000e+08 -1.000000000000000000e+08 -1.000000000000000000e+08 -4.000000000000000000e+08 -8.000000000000000000e+08 2.000000000000000000e+00
-1.000000000000000000e+08 -1.000000000000000000e+08 -1.000000000000000000e+08 -1.000000000000000000e+08 -1.000000000000000000e+08 -1.000000000000000000e+08 -1.000000000000000000e+08 -1.000000000000000000e+08 -4.000000000000000000e+08 -8.000000000000000000e+08 2.000000000000000000e+00
-1.000000000000000000e+08 -1.000000000000000000e+08 -1.000000000000000000e+08 -1.000000000000000000e+08 -1.000000000000000000e+08 -1.000000000000000000e+08 -1.000000000000000000e+08 -1.000000000000000000e+08 -4.000000000000000000e+08 -8.000000000000000000e+08 2.000000000000000000e+00
-1.000000000000000000e+08 -1.000000000000000000e+08 -1.000000000000000000e+08 -1.000000000000000000e+08 -1.000000000000000000e+08 -1.000000000000000000e+08 -1.000000000000000000e+08 -1.000000000000000000e+08 -4.000000000000000000e+08 -8.000000000000000000e+08 2.000000000000000000e+00
-1.000000000000000000e+08 -1.000000000000000000e+08 -1.000000000000000000e+08 -1.000000000000000000e+08 -1.000000000000000000e+08 -1.000000000000000000e+08 -1.000000000000000000e+08 -1.000000000000000000e+08 -4.000000000000000000e+08 -8.000000000000000000e+08 2.000000000000000000e+00
-1.000000000000000000e+08 -1.000000000000000000e+08 -1.000000000000000000e+08 -1.000000000000000000e+08 -1.000000000000000000e+08 -1.000000000000000000e+08 -1.000000000000000000e+08 -1.000000000000000000e+08 -4.000000000000000000e+08 -8.000000000000000000e+08 2.000000000000000000e+00
-1.000000000000000000e+08 -1.000000000000000000e+08 -1.000000000000000000e+08 -1.000000000000000000e+08 -1.000000000000000000e+08 -1.000000000000000000e+08 -1.000000000000000000e+08 -1.000000000000000000e+08 -4.000000000000000000e+08 -8.000000000000000000e+08 2.000000000000000000e+00
-1.000000000000000000e+08 -1.000000000000000000e+08 -1.000000000000000000e+08 -1.000000000000000000e+08 -1.000000000000000000e+08 -1.000000000000000000e+08 -1.000000000000000000e+08 -1.000000000000000000e+08 -4.000000000000000000e+08 -8.000000000000000000e+08 2.000000000000000000e+00
-1.000000000000000000e+08 -1.000000000000000000e+08 -1.000000000000000000e+08 -1.000000000000000000e+08 -1.000000000000000000e+08 -1.000000000000000000e+08 -1.000000000000000000e+08 -1.000000000000000000e+08 -4.000000000000000000e+08 -8.000000000000000000e+08 2.000000000000000000e+00
-1.000000000000000000e+08 -1.000000000000000000e+08 -1.000000000000000000e+08 -1.000000000000000000e+08 -1.000000000000000000e+08 -1.000000000000000000e+08 -1.000000000000000000e+08 -1.000000000000000000e+08 -4.000000000000000000e+08 -8.000000000000000000e+08 2.000000000000000000e+00
-1.000000000000000000e+08 -1.000000000000000000e+08 -1.000000000000000000e+08 -1.000000000000000000e+08 -1.000000000000000000e+08 -1.000000000000000000e+08 -1.000000000000000000e+08 -1.000000000000000000e+08 -4.000000000000000000e+08 -8.000000000000000000e+08 2.000000000000000000e+00
-1.000000000000000000e+08 -1.000000000000000000e+08 -1.000000000000000000e+08 -1.000000000000000000e+08 -1.000000000000000000e+08 -1.000000000000000000e+08 -1.000000000000000000e+08 -1.000000000000000000e+08 -4.000000000000000000e+08 -8.000000000000000000e+08 2.000000000000000000e+00
-1.000000000000000000e+08 -1.000000000000000000e+08 -1.000000000000000000e+08 -1.000000000000000000e+08 -1.000000000000000000e+08 -1.000000000000000000e+08 -1.000000000000000000e+08 -1.000000000000000000e+08 -4.000000000000000000e+08 -8.000000000000000000e+08 2.000000000000000000e+00
-1.000000000000000000e+08 -1.000000000000000000e+08 -1.000000000000000000e+08 -1.000000000000000000e+08 -1.000000000000000000e+08 -1.000000000000000000e+08 -1.000000000000000000e+08 -1.000000000000000000e+08 -4.000000000000000000e+08 -8.000000000000000000e+08 2.000000000000000000e+00
-1.000000000000000000e+08 -1.000000000000000000e+08 -1.000000000000000000e+08 -1.000000000000000000e+08 -1.000000000000000000e+08 -1.000000000000000000e+08 -1.000000000000000000e+08 -1.000000000000000000e+08 -4.000000000000000000e+08 -8.000000000000000000e+08 2.000000000000000000e+00
-1.000000000000000000e+08 -1.000000000000000000e+08 -1.000000000000000000e+08 -1.000000000000000000e+08 -1.000000000000000000e+08 -1.000000000000000000e+08 -1.000000000000000000e+08 -1.000000000000000000e+08 -4.000000000000000000e+08 -8.000000000000000000e+08 2.000000000000000000e+00
-1.000000000000000000e+08 -1.000000000000000000e+08 -1.000000000000000000e+08 -1.000000000000000000e+08 -1.000000000000000000e+08 -1.000000000000000000e+08 -1.000000000000000000e+08 -1.000000000000000000e+08 -4.000000000000000000e+08 -8.000000000000000000e+08 2.000000000000000000e+00
4.810000000000000142e+01 -1.000000000000000000e+08 -1.000000000000000000e+08 -1.000000000000000000e+08 -1.000000000000000000e+08 -1.000000000000000000e+08 -1.000000000000000000e+08 -1.000000000000000000e+08 -2.999999518999999762e+08 -6.999999518999999762e+08 2.333333547111145378e+00
5.050000000000000000e+01 4.810000000000000142e+01 -1.000000000000000000e+08 -1.000000000000000000e+08 -1.000000000000000000e+08 -1.000000000000000000e+08 -1.000000000000000000e+08 -1.000000000000000000e+08 -1.999999014000000060e+08 -5.999999013999999762e+08 3.000000986000485703e+00
5.000000000000000000e+01 5.050000000000000000e+01 4.810000000000000142e+01 -1.000000000000000000e+08 -1.000000000000000000e+08 -1.000000000000000000e+08 -1.000000000000000000e+08 -1.000000000000000000e+08 -9.999985140000000596e+07 -4.999998513999999762e+08 5.000005944008832692e+00
4.076666666666667282e+01 5.000000000000000000e+01 5.050000000000000000e+01 4.810000000000000142e+01 -1.000000000000000000e+08 -1.000000000000000000e+08 -1.000000000000000000e+08 -1.000000000000000000e+08 1.893666666666666742e+02 -3.999998106333333254e+08 -2.112303171800739132e+06
4.153333333333333144e+01 4.076666666666667282e+01 5.000000000000000000e+01 5.050000000000000000e+01 4.810000000000000142e+01 -1.000000000000000000e+08 -1.000000000000000000e+08 -1.000000000000000000e+08 1.828000000000000114e+02 -2.999997690999999642e+08 -1.641136592450765660e+06
4.479999999999999005e+01 4.153333333333333144e+01 4.076666666666667282e+01 5.000000000000000000e+01 5.050000000000000000e+01 4.810000000000000142e+01 -1.000000000000000000e+08 -1.000000000000000000e+08 1.770999999999999943e+02 -1.999997243000000119e+08 -1.129303920383963967e+06
4.886666666666666714e+01 4.479999999999999005e+01 4.153333333333333144e+01 4.076666666666667282e+01 5.000000000000000000e+01 5.050000000000000000e+01 4.810000000000000142e+01 -1.000000000000000000e+08 1.759666666666666686e+02 -9.999967543333333731e+07 -5.682876042811138323e+05
5.003333333333333144e+01 4.886666666666666714e+01 4.479999999999999005e+01 4.153333333333333144e+01 4.076666666666667282e+01 5.000000000000000000e+01 5.050000000000000000e+01 4.810000000000000142e+01 1.852333333333333201e+02 3.746000000000000227e+02 2.022314198308440059e+00
5.120000000000000995e+01 5.003333333333333144e+01 4.886666666666666714e+01 4.479999999999999005e+01 4.153333333333333144e+01 4.076666666666667282e+01 5.000000000000000000e+01 5.050000000000000000e+01 1.949000000000000057e+02 3.777000000000000455e+02 1.937916880451513668e+00
5.523333333333332718e+01 5.120000000000000995e+01 5.003333333333333144e+01 4.886666666666666714e+01 4.479999999999999005e+01 4.153333333333333144e+01 4.076666666666667282e+01 5.000000000000000000e+01 2.053333333333333428e+02 3.824333333333333371e+02 1.862499999999999822e+00
5.369999999999999574e+01 5.523333333333332718e+01 5.120000000000000995e+01 5.003333333333333144e+01 4.886666666666666714e+01 4.479999999999999005e+01 4.153333333333333144e+01 4.076666666666667282e+01 2.101666666666666572e+02 3.861333333333333258e+02 1.837272006344171427e+00
5.633333333333333570e+01 5.369999999999999574e+01 5.523333333333332718e+01 5.120000000000000995e+01 5.003333333333333144e+01 4.886666666666666714e+01 4.479999999999999005e+01 4.153333333333333144e+01 2.164666666666666686e+02 4.016999999999999886e+02 1.855712965814598103e+00
5.650000000000000000e+01 5.633333333333333570e+01 5.369999999999999574e+01 5.523333333333332718e+01 5.120000000000000995e+01 5.003333333333333144e+01 4.886666666666666714e+01 4.479999999999999005e+01 2.217666666666666515e+02 4.166666666666666288e+02 1.878851645874041854e+00
5.483333333333333570e+01 5.650000000000000000e+01 5.633333333333333570e+01 5.369999999999999574e+01 5.523333333333332718e+01 5.120000000000000995e+01 5.003333333333333144e+01 4.886666666666666714e+01 2.213666666666666742e+02 4.267000000000000455e+02 1.927571148923355127e+00
5.353333333333333854e+01 5.483333333333333570e+01 5.650000000000000000e+01 5.633333333333333570e+01 5.369999999999999574e+01 5.523333333333332718e+01 5.120000000000000995e+01 5.003333333333333144e+01 2.212000000000000171e+02 4.313666666666666742e+02 1.950120554550934138e+00
5.289999999999999858e+01 5.353333333333333854e+01 5.483333333333333570e+01 5.650000000000000000e+01 5.633333333333333570e+01 5.369999999999999574e+01 5.523333333333332718e+01 5.120000000000000995e+01 2.177666666666666799e+02 4.342333333333333485e+02 1.994030307668758661e+00
5.519999999999999574e+01 5.289999999999999858e+01 5.353333333333333854e+01 5.483333333333333570e+01 5.650000000000000000e+01 5.633333333333333570e+01 5.369999999999999574e+01 5.523333333333332718e+01 2.164666666666666686e+02 4.382333333333333485e+02 2.024484139205420252e+00
5.406666666666666288e+01 5.519999999999999574e+01 5.289999999999999858e+01 5.353333333333333854e+01 5.483333333333333570e+01 5.650000000000000000e+01 5.633333333333333570e+01 5.369999999999999574e+01 2.156999999999999886e+02 4.370666666666666629e+02 2.026271055478287675e+00
5.400000000000000000e+01 5.406666666666666288e+01 5.519999999999999574e+01 5.289999999999999858e+01 5.353333333333333854e+01 5.483333333333333570e+01 5.650000000000000000e+01 5.633333333333333570e+01 2.161666666666666572e+02 4.373666666666666742e+02 2.023284502698535103e+00
5.510000000000000142e+01 5.400000000000000000e+01 5.406666666666666288e+01 5.519999999999999574e+01 5.289999999999999858e+01 5.353333333333333854e+01 5.483333333333333570e+01 5.650000000000000000e+01 2.183666666666666458e+02 4.361333333333333258e+02 1.997252327888872081e+00
5.473333333333332718e+01 5.510000000000000142e+01 5.400000000000000000e+01 5.406666666666666288e+01 5.519999999999999574e+01 5.289999999999999858e+01 5.353333333333333854e+01 5.483333333333333570e+01 2.178999999999999773e+02 4.343666666666666742e+02 1.993422059048493455e+00
5.373333333333332718e+01 5.473333333333332718e+01 5.510000000000000142e+01 5.400000000000000000e+01 5.406666666666666288e+01 5.519999999999999574e+01 5.289999999999999858e+01 5.353333333333333854e+01 2.175666666666666629e+02 4.332666666666666515e+02 1.991420254328175155e+00
5.610000000000000142e+01 5.373333333333332718e+01 5.473333333333332718e+01 5.510000000000000142e+01 5.400000000000000000e+01 5.406666666666666288e+01 5.519999999999999574e+01 5.289999999999999858e+01 2.196666666666666572e+02 4.358333333333333144e+02 1.984066767830045430e+00
5.406666666666666288e+01 5.610000000000000142e+01 5.373333333333332718e+01 5.473333333333332718e+01 5.510000000000000142e+01 5.400000000000000000e+01 5.406666666666666288e+01 5.519999999999999574e+01 2.186333333333332973e+02 4.369999999999999432e+02 1.998780301875285881e+00
5.289999999999999858e+01 5.406666666666666288e+01 5.610000000000000142e+01 5.373333333333332718e+01 5.473333333333332718e+01 5.510000000000000142e+01 5.400000000000000000e+01 5.406666666666666288e+01 2.167999999999999829e+02 4.346999999999999318e+02 2.005073800738007339e+00
5.583333333333333570e+01 5.289999999999999858e+01 5.406666666666666288e+01 5.610000000000000142e+01 5.373333333333332718e+01 5.473333333333332718e+01 5.510000000000000142e+01 5.400000000000000000e+01 2.189000000000000057e+02 4.364666666666666970e+02 1.993908938632556804e+00
5.896666666666666856e+01 5.583333333333333570e+01 5.289999999999999858e+01 5.406666666666666288e+01 5.610000000000000142e+01 5.373333333333332718e+01 5.473333333333332718e+01 5.510000000000000142e+01 2.217666666666666799e+02 4.414333333333333371e+02 1.990530587704794740e+00
5.753333333333333854e+01 5.896666666666666856e+01 5.583333333333333570e+01 5.289999999999999858e+01 5.406666666666666288e+01 5.610000000000000142e+01 5.373333333333332718e+01 5.473333333333332718e+01 2.252333333333333485e+02 4.438666666666666742e+02 1.970697054906023205e+00
5.669999999999999574e+01 5.753333333333333854e+01 5.896666666666666856e+01 5.583333333333333570e+01 5.289999999999999858e+01 5.406666666666666288e+01 5.610000000000000142e+01 5.373333333333332718e+01 2.290333333333333314e+02 4.458333333333333144e+02 1.946587105224858005e+00
5.650000000000000000e+01 5.669999999999999574e+01 5.753333333333333854e+01 5.896666666666666856e+01 5.583333333333333570e+01 5.289999999999999858e+01 5.406666666666666288e+01 5.610000000000000142e+01 2.296999999999999886e+02 4.486000000000000227e+02 1.952982150631258351e+00
5.873333333333332718e+01 5.650000000000000000e+01 5.669999999999999574e+01 5.753333333333333854e+01 5.896666666666666856e+01 5.583333333333333570e+01 5.289999999999999858e+01 5.406666666666666288e+01 2.294666666666666401e+02 4.512333333333333485e+02 1.966443927948867243e+00
5.676666666666667282e+01 5.873333333333332718e+01 5.650000000000000000e+01 5.669999999999999574e+01 5.753333333333333854e+01 5.896666666666666856e+01 5.583333333333333570e+01 5.289999999999999858e+01 2.286999999999999886e+02 4.539333333333333371e+02 1.984841859787203067e+00
5.423333333333332718e+01 5.676666666666667282e+01 5.873333333333332718e+01 5.650000000000000000e+01 5.669999999999999574e+01 5.753333333333333854e+01 5.896666666666666856e+01 5.583333333333333570e+01 2.262333333333333201e+02 4.552666666666666515e+02 2.012376602327980102e+00
5.513333333333333286e+01 5.423333333333332718e+01 5.676666666666667282e+01 5.873333333333332718e+01 5.650000000000000000e+01 5.669999999999999574e+01 5.753333333333333854e+01 5.896666666666666856e+01 2.248666666666666458e+02 4.545666666666666060e+02 2.021494218796323850e+00
5.439999999999999858e+01 5.513333333333333286e+01 5.423333333333332718e+01 5.676666666666667282e+01 5.873333333333332718e+01 5.650000000000000000e+01 5.669999999999999574e+01 5.753333333333333854e+01 2.205333333333333314e+02 4.500000000000000000e+02 2.040507859733978080e+00
5.580000000000000426e+01 5.439999999999999858e+01 5.513333333333333286e+01 5.423333333333332718e+01 5.676666666666667282e+01 5.873333333333332718e+01 5.650000000000000000e+01 5.669999999999999574e+01 2.195666666666666629e+02 4.482666666666666515e+02 2.041597085167754511e+00
5.643333333333333712e+01 5.580000000000000426e+01 5.439999999999999858e+01 5.513333333333333286e+01 5.423333333333332718e+01 5.676666666666667282e+01 5.873333333333332718e+01 5.650000000000000000e+01 2.217666666666666799e+02 4.480000000000000000e+02 2.020141289643769600e+00
5.726666666666667282e+01 5.643333333333333712e+01 5.580000000000000426e+01 5.439999999999999858e+01 5.513333333333333286e+01 5.423333333333332718e+01 5.676666666666667282e+01 5.873333333333332718e+01 2.239000000000000341e+02 4.487666666666666515e+02 2.004317403602798642e+00
5.633333333333333570e+01 5.726666666666667282e+01 5.643333333333333712e+01 5.580000000000000426e+01 5.439999999999999858e+01 5.513333333333333286e+01 5.423333333333332718e+01 5.676666666666667282e+01 2.258333333333333712e+02 4.463666666666666742e+02 1.976531365313652922e+00
