7.783000000000000000e+03 2.110000000000000000e+02 -4.508000000000000000e+03 -3.880000000000000000e+03 -2.834000000000000000e+03 5.467000000000000000e+03 8.425000000000000000e+03 3.489000000000000000e+03 -3.940000000000000000e+02 1.415300000000000000e+04 -3.592131979695431454e+01
6.200000000000000000e+01 7.783000000000000000e+03 2.110000000000000000e+02 -4.508000000000000000e+03 -3.880000000000000000e+03 -2.834000000000000000e+03 5.467000000000000000e+03 8.425000000000000000e+03 3.548000000000000000e+03 1.072600000000000000e+04 3.023111612175873653e+00
5.802000000000000000e+03 6.200000000000000000e+01 7.783000000000000000e+03 2.110000000000000000e+02 -4.508000000000000000e+03 -3.880000000000000000e+03 -2.834000000000000000e+03 5.467000000000000000e+03 1.385800000000000000e+04 8.103000000000000000e+03 5.847164092942704894e-01
5.128000000000000000e+03 5.802000000000000000e+03 6.200000000000000000e+01 7.783000000000000000e+03 2.110000000000000000e+02 -4.508000000000000000e+03 -3.880000000000000000e+03 -2.834000000000000000e+03 1.877500000000000000e+04 7.764000000000000000e+03 4.135286284953395564e-01
5.336000000000000000e+03 5.128000000000000000e+03 5.802000000000000000e+03 6.200000000000000000e+01 7.783000000000000000e+03 2.110000000000000000e+02 -4.508000000000000000e+03 -3.880000000000000000e+03 1.632800000000000000e+04 1.593400000000000000e+04 9.758696717295443079e-01
8.985000000000000000e+03 5.336000000000000000e+03 5.128000000000000000e+03 5.802000000000000000e+03 6.200000000000000000e+01 7.783000000000000000e+03 2.110000000000000000e+02 -4.508000000000000000e+03 2.525100000000000000e+04 2.879900000000000000e+04 1.140509286760920338e+00
6.026000000000000000e+03 8.985000000000000000e+03 5.336000000000000000e+03 5.128000000000000000e+03 5.802000000000000000e+03 6.200000000000000000e+01 7.783000000000000000e+03 2.110000000000000000e+02 2.547500000000000000e+04 3.933300000000000000e+04 1.543984298331697813e+00
1.650000000000000000e+03 6.026000000000000000e+03 8.985000000000000000e+03 5.336000000000000000e+03 5.128000000000000000e+03 5.802000000000000000e+03 6.200000000000000000e+01 7.783000000000000000e+03 2.199700000000000000e+04 4.077200000000000000e+04 1.853525480747374665e+00
4.153000000000000000e+03 1.650000000000000000e+03 6.026000000000000000e+03 8.985000000000000000e+03 5.336000000000000000e+03 5.128000000000000000e+03 5.802000000000000000e+03 6.200000000000000000e+01 2.081400000000000000e+04 3.714200000000000000e+04 1.784471990006726294e+00
1.134100000000000000e+04 4.153000000000000000e+03 1.650000000000000000e+03 6.026000000000000000e+03 8.985000000000000000e+03 5.336000000000000000e+03 5.128000000000000000e+03 5.802000000000000000e+03 2.317000000000000000e+04 4.842100000000000000e+04 2.089814415192058572e+00
2.035300000000000000e+04 1.134100000000000000e+04 4.153000000000000000e+03 1.650000000000000000e+03 6.026000000000000000e+03 8.985000000000000000e+03 5.336000000000000000e+03 5.128000000000000000e+03 3.749700000000000000e+04 6.297200000000000000e+04 1.679387684348081278e+00
1.330600000000000000e+04 2.035300000000000000e+04 1.134100000000000000e+04 4.153000000000000000e+03 1.650000000000000000e+03 6.026000000000000000e+03 8.985000000000000000e+03 5.336000000000000000e+03 4.915300000000000000e+04 7.115000000000000000e+04 1.447521005838911190e+00
1.878600000000000000e+04 1.330600000000000000e+04 2.035300000000000000e+04 1.134100000000000000e+04 4.153000000000000000e+03 1.650000000000000000e+03 6.026000000000000000e+03 8.985000000000000000e+03 6.378600000000000000e+04 8.460000000000000000e+04 1.326309848556109561e+00
1.529500000000000000e+04 1.878600000000000000e+04 1.330600000000000000e+04 2.035300000000000000e+04 1.134100000000000000e+04 4.153000000000000000e+03 1.650000000000000000e+03 6.026000000000000000e+03 6.774000000000000000e+04 9.091000000000000000e+04 1.342043105993504515e+00
8.440000000000000000e+03 1.529500000000000000e+04 1.878600000000000000e+04 1.330600000000000000e+04 2.035300000000000000e+04 1.134100000000000000e+04 4.153000000000000000e+03 1.650000000000000000e+03 5.582700000000000000e+04 9.332400000000000000e+04 1.671664248481917303e+00
2.832000000000000000e+03 8.440000000000000000e+03 1.529500000000000000e+04 1.878600000000000000e+04 1.330600000000000000e+04 2.035300000000000000e+04 1.134100000000000000e+04 4.153000000000000000e+03 4.535300000000000000e+04 9.450600000000000000e+04 2.083787180561373908e+00
4.608000000000000000e+03 2.832000000000000000e+03 8.440000000000000000e+03 1.529500000000000000e+04 1.878600000000000000e+04 1.330600000000000000e+04 2.035300000000000000e+04 1.134100000000000000e+04 3.117500000000000000e+04 9.496100000000000000e+04 3.046062550120288481e+00
1.720000000000000000e+03 4.608000000000000000e+03 2.832000000000000000e+03 8.440000000000000000e+03 1.529500000000000000e+04 1.878600000000000000e+04 1.330600000000000000e+04 2.035300000000000000e+04 1.760000000000000000e+04 8.534000000000000000e+04 4.848863636363636154e+00
7.630000000000000000e+03 1.720000000000000000e+03 4.608000000000000000e+03 2.832000000000000000e+03 8.440000000000000000e+03 1.529500000000000000e+04 1.878600000000000000e+04 1.330600000000000000e+04 1.679000000000000000e+04 7.261700000000000000e+04 4.325014889815366637e+00
1.276800000000000000e+04 7.630000000000000000e+03 1.720000000000000000e+03 4.608000000000000000e+03 2.832000000000000000e+03 8.440000000000000000e+03 1.529500000000000000e+04 1.878600000000000000e+04 2.672600000000000000e+04 7.207900000000000000e+04 2.696961760083813608e+00
8.681000000000000000e+03 1.276800000000000000e+04 7.630000000000000000e+03 1.720000000000000000e+03 4.608000000000000000e+03 2.832000000000000000e+03 8.440000000000000000e+03 1.529500000000000000e+04 3.079900000000000000e+04 6.197400000000000000e+04 2.012208188577551127e+00
1.244000000000000000e+04 8.681000000000000000e+03 1.276800000000000000e+04 7.630000000000000000e+03 1.720000000000000000e+03 4.608000000000000000e+03 2.832000000000000000e+03 8.440000000000000000e+03 4.151900000000000000e+04 5.911900000000000000e+04 1.423902309785881171e+00
2.209700000000000000e+04 1.244000000000000000e+04 8.681000000000000000e+03 1.276800000000000000e+04 7.630000000000000000e+03 1.720000000000000000e+03 4.608000000000000000e+03 2.832000000000000000e+03 5.598600000000000000e+04 7.277600000000000000e+04 1.299896402672096496e+00
1.698700000000000000e+04 2.209700000000000000e+04 1.244000000000000000e+04 8.681000000000000000e+03 1.276800000000000000e+04 7.630000000000000000e+03 1.720000000000000000e+03 4.608000000000000000e+03 6.020500000000000000e+04 8.693100000000000000e+04 1.443916618221078085e+00
1.941600000000000000e+04 1.698700000000000000e+04 2.209700000000000000e+04 1.244000000000000000e+04 8.681000000000000000e+03 1.276800000000000000e+04 7.630000000000000000e+03 1.720000000000000000e+03 7.094000000000000000e+04 1.017390000000000000e+05 1.434155624471384227e+00
2.627500000000000000e+04 1.941600000000000000e+04 1.698700000000000000e+04 2.209700000000000000e+04 1.244000000000000000e+04 8.681000000000000000e+03 1.276800000000000000e+04 7.630000000000000000e+03 8.477500000000000000e+04 1.262940000000000000e+05 1.489755234444116727e+00
9.335000000000000000e+03 2.627500000000000000e+04 1.941600000000000000e+04 1.698700000000000000e+04 2.209700000000000000e+04 1.244000000000000000e+04 8.681000000000000000e+03 1.276800000000000000e+04 7.201300000000000000e+04 1.279990000000000000e+05 1.777442961687473177e+00
1.310500000000000000e+04 9.335000000000000000e+03 2.627500000000000000e+04 1.941600000000000000e+04 1.698700000000000000e+04 2.209700000000000000e+04 1.244000000000000000e+04 8.681000000000000000e+03 6.813100000000000000e+04 1.283360000000000000e+05 1.883665291864202729e+00
1.500400000000000000e+04 1.310500000000000000e+04 9.335000000000000000e+03 2.627500000000000000e+04 1.941600000000000000e+04 1.698700000000000000e+04 2.209700000000000000e+04 1.244000000000000000e+04 6.371900000000000000e+04 1.346590000000000000e+05 2.113325695632386036e+00
2.084900000000000000e+04 1.500400000000000000e+04 1.310500000000000000e+04 9.335000000000000000e+03 2.627500000000000000e+04 1.941600000000000000e+04 1.698700000000000000e+04 2.209700000000000000e+04 5.829300000000000000e+04 1.430680000000000000e+05 2.454291252809085222e+00
8.778000000000000000e+03 2.084900000000000000e+04 1.500400000000000000e+04 1.310500000000000000e+04 9.335000000000000000e+03 2.627500000000000000e+04 1.941600000000000000e+04 1.698700000000000000e+04 5.773600000000000000e+04 1.297490000000000000e+05 2.247280726063461298e+00
1.012900000000000000e+04 8.778000000000000000e+03 2.084900000000000000e+04 1.500400000000000000e+04 1.310500000000000000e+04 9.335000000000000000e+03 2.627500000000000000e+04 1.941600000000000000e+04 5.476000000000000000e+04 1.228910000000000000e+05 2.244174579985390938e+00
2.106000000000000000e+04 1.012900000000000000e+04 8.778000000000000000e+03 2.084900000000000000e+04 1.500400000000000000e+04 1.310500000000000000e+04 9.335000000000000000e+03 2.627500000000000000e+04 6.081600000000000000e+04 1.245350000000000000e+05 2.047734148908181950e+00
4.039000000000000000e+03 2.106000000000000000e+04 1.012900000000000000e+04 8.778000000000000000e+03 2.084900000000000000e+04 1.500400000000000000e+04 1.310500000000000000e+04 9.335000000000000000e+03 4.400600000000000000e+04 1.022990000000000000e+05 2.324660273599054694e+00
2.261100000000000000e+04 4.039000000000000000e+03 2.106000000000000000e+04 1.012900000000000000e+04 8.778000000000000000e+03 2.084900000000000000e+04 1.500400000000000000e+04 1.310500000000000000e+04 5.783900000000000000e+04 1.155750000000000000e+05 1.998219194661041920e+00
1.430800000000000000e+04 2.261100000000000000e+04 4.039000000000000000e+03 2.106000000000000000e+04 1.012900000000000000e+04 8.778000000000000000e+03 2.084900000000000000e+04 1.500400000000000000e+04 6.201800000000000000e+04 1.167780000000000000e+05 1.882969460479215762e+00
1.358600000000000000e+04 1.430800000000000000e+04 2.261100000000000000e+04 4.039000000000000000e+03 2.106000000000000000e+04 1.012900000000000000e+04 8.778000000000000000e+03 2.084900000000000000e+04 5.454400000000000000e+04 1.153600000000000000e+05 2.114989733059548183e+00
-7.658000000000000000e+03 1.358600000000000000e+04 1.430800000000000000e+04 2.261100000000000000e+04 4.039000000000000000e+03 2.106000000000000000e+04 1.012900000000000000e+04 8.778000000000000000e+03 4.284700000000000000e+04 8.685300000000000000e+04 2.027049735103974459e+00
-2.890000000000000000e+03 -7.658000000000000000e+03 1.358600000000000000e+04 1.430800000000000000e+04 2.261100000000000000e+04 4.039000000000000000e+03 2.106000000000000000e+04 1.012900000000000000e+04 1.734600000000000000e+04 7.518500000000000000e+04 4.334428686728928781e+00
-7.529000000000000000e+03 -2.890000000000000000e+03 -7.658000000000000000e+03 1.358600000000000000e+04 1.430800000000000000e+04 2.261100000000000000e+04 4.039000000000000000e+03 2.106000000000000000e+04 -4.491000000000000000e+03 5.752700000000000000e+04 -1.280939657091961692e+01
-2.020700000000000000e+04 -7.529000000000000000e+03 -2.890000000000000000e+03 -7.658000000000000000e+03 1.358600000000000000e+04 1.430800000000000000e+04 2.261100000000000000e+04 4.039000000000000000e+03 -3.828400000000000000e+04 1.626000000000000000e+04 -4.247205098735764017e-01
-5.400000000000000000e+01 -2.020700000000000000e+04 -7.529000000000000000e+03 -2.890000000000000000e+03 -7.658000000000000000e+03 1.358600000000000000e+04 1.430800000000000000e+04 2.261100000000000000e+04 -3.068000000000000000e+04 1.216700000000000000e+04 -3.965775749674054773e-01
4.780000000000000000e+03 -5.400000000000000000e+01 -2.020700000000000000e+04 -7.529000000000000000e+03 -2.890000000000000000e+03 -7.658000000000000000e+03 1.358600000000000000e+04 1.430800000000000000e+04 -2.301000000000000000e+04 -5.664000000000000000e+03 2.461538461538461675e-01
6.323000000000000000e+03 4.780000000000000000e+03 -5.400000000000000000e+01 -2.020700000000000000e+04 -7.529000000000000000e+03 -2.890000000000000000e+03 -7.658000000000000000e+03 1.358600000000000000e+04 -9.158000000000000000e+03 -1.364900000000000000e+04 1.490390915046953424e+00
7.451000000000000000e+03 6.323000000000000000e+03 4.780000000000000000e+03 -5.400000000000000000e+01 -2.020700000000000000e+04 -7.529000000000000000e+03 -2.890000000000000000e+03 -7.658000000000000000e+03 1.850000000000000000e+04 -1.978400000000000000e+04 -1.069405405405405407e+00
7.751000000000000000e+03 7.451000000000000000e+03 6.323000000000000000e+03 4.780000000000000000e+03 -5.400000000000000000e+01 -2.020700000000000000e+04 -7.529000000000000000e+03 -2.890000000000000000e+03 2.630500000000000000e+04 -4.375000000000000000e+03 -1.663181904580878223e-01
-9.700000000000000000e+01 7.751000000000000000e+03 7.451000000000000000e+03 6.323000000000000000e+03 4.780000000000000000e+03 -5.400000000000000000e+01 -2.020700000000000000e+04 -7.529000000000000000e+03 2.142800000000000000e+04 -1.582000000000000000e+03 -7.382863543027813613e-02
2.032000000000000000e+03 -9.700000000000000000e+01 7.751000000000000000e+03 7.451000000000000000e+03 6.323000000000000000e+03 4.780000000000000000e+03 -5.400000000000000000e+01 -2.020700000000000000e+04 1.713700000000000000e+04 7.979000000000000000e+03 4.656007469218649830e-01
9.600000000000000000e+03 2.032000000000000000e+03 -9.700000000000000000e+01 7.751000000000000000e+03 7.451000000000000000e+03 6.323000000000000000e+03 4.780000000000000000e+03 -5.400000000000000000e+01 1.928600000000000000e+04 3.778600000000000000e+04 1.959245048221507801e+00
1.221800000000000000e+04 9.600000000000000000e+03 2.032000000000000000e+03 -9.700000000000000000e+01 7.751000000000000000e+03 7.451000000000000000e+03 6.323000000000000000e+03 4.780000000000000000e+03 2.375300000000000000e+04 5.005800000000000000e+04 2.107439060329221459e+00
1.905900000000000000e+04 1.221800000000000000e+04 9.600000000000000000e+03 2.032000000000000000e+03 -9.700000000000000000e+01 7.751000000000000000e+03 7.451000000000000000e+03 6.323000000000000000e+03 4.290900000000000000e+04 6.433700000000000000e+04 1.499382413945792303e+00
1.557100000000000000e+04 1.905900000000000000e+04 1.221800000000000000e+04 9.600000000000000000e+03 2.032000000000000000e+03 -9.700000000000000000e+01 7.751000000000000000e+03 7.451000000000000000e+03 5.644800000000000000e+04 7.358500000000000000e+04 1.303589143990929733e+00
1.701200000000000000e+04 1.557100000000000000e+04 1.905900000000000000e+04 1.221800000000000000e+04 9.600000000000000000e+03 2.032000000000000000e+03 -9.700000000000000000e+01 7.751000000000000000e+03 6.386000000000000000e+04 8.314600000000000000e+04 1.302004384591293418e+00
2.487600000000000000e+04 1.701200000000000000e+04 1.557100000000000000e+04 1.905900000000000000e+04 1.221800000000000000e+04 9.600000000000000000e+03 2.032000000000000000e+03 -9.700000000000000000e+01 7.651800000000000000e+04 1.002710000000000000e+05 1.310423691157636128e+00
7.657000000000000000e+03 2.487600000000000000e+04 1.701200000000000000e+04 1.557100000000000000e+04 1.905900000000000000e+04 1.221800000000000000e+04 9.600000000000000000e+03 2.032000000000000000e+03 6.511600000000000000e+04 1.080250000000000000e+05 1.658962466982001338e+00
4.485000000000000000e+03 7.657000000000000000e+03 2.487600000000000000e+04 1.701200000000000000e+04 1.557100000000000000e+04 1.905900000000000000e+04 1.221800000000000000e+04 9.600000000000000000e+03 5.403000000000000000e+04 1.104780000000000000e+05 2.044752915047196140e+00
2.256200000000000000e+04 4.485000000000000000e+03 7.657000000000000000e+03 2.487600000000000000e+04 1.701200000000000000e+04 1.557100000000000000e+04 1.905900000000000000e+04 1.221800000000000000e+04 5.958000000000000000e+04 1.234400000000000000e+05 2.071836186639811839e+00
1.860600000000000000e+04 2.256200000000000000e+04 4.485000000000000000e+03 7.657000000000000000e+03 2.487600000000000000e+04 1.701200000000000000e+04 1.557100000000000000e+04 1.905900000000000000e+04 5.331000000000000000e+04 1.298280000000000000e+05 2.435340461451885208e+00
1.932100000000000000e+04 1.860600000000000000e+04 2.256200000000000000e+04 4.485000000000000000e+03 7.657000000000000000e+03 2.487600000000000000e+04 1.701200000000000000e+04 1.557100000000000000e+04 6.497400000000000000e+04 1.300900000000000000e+05 2.002185489580447619e+00
1.927300000000000000e+04 1.932100000000000000e+04 1.860600000000000000e+04 2.256200000000000000e+04 4.485000000000000000e+03 7.657000000000000000e+03 2.487600000000000000e+04 1.701200000000000000e+04 7.976200000000000000e+04 1.337920000000000000e+05 1.677390235951957020e+00
9.772000000000000000e+03 1.927300000000000000e+04 1.932100000000000000e+04 1.860600000000000000e+04 2.256200000000000000e+04 4.485000000000000000e+03 7.657000000000000000e+03 2.487600000000000000e+04 6.697200000000000000e+04 1.265520000000000000e+05 1.889625515140655798e+00
5.040000000000000000e+03 9.772000000000000000e+03 1.927300000000000000e+04 1.932100000000000000e+04 1.860600000000000000e+04 2.256200000000000000e+04 4.485000000000000000e+03 7.657000000000000000e+03 5.340600000000000000e+04 1.067160000000000000e+05 1.998202449163015482e+00
1.176600000000000000e+04 5.040000000000000000e+03 9.772000000000000000e+03 1.927300000000000000e+04 1.932100000000000000e+04 1.860600000000000000e+04 2.256200000000000000e+04 4.485000000000000000e+03 4.585100000000000000e+04 1.108250000000000000e+05 2.417068330025517575e+00
1.216200000000000000e+04 1.176600000000000000e+04 5.040000000000000000e+03 9.772000000000000000e+03 1.927300000000000000e+04 1.932100000000000000e+04 1.860600000000000000e+04 2.256200000000000000e+04 3.874000000000000000e+04 1.185020000000000000e+05 3.058905524006195087e+00
5.484000000000000000e+03 1.216200000000000000e+04 1.176600000000000000e+04 5.040000000000000000e+03 9.772000000000000000e+03 1.927300000000000000e+04 1.932100000000000000e+04 1.860600000000000000e+04 3.445200000000000000e+04 1.014240000000000000e+05 2.943921978404737239e+00
-5.034000000000000000e+03 5.484000000000000000e+03 1.216200000000000000e+04 1.176600000000000000e+04 5.040000000000000000e+03 9.772000000000000000e+03 1.927300000000000000e+04 1.932100000000000000e+04 2.437800000000000000e+04 7.778400000000000000e+04 3.190745754368693010e+00
-5.980000000000000000e+03 -5.034000000000000000e+03 5.484000000000000000e+03 1.216200000000000000e+04 1.176600000000000000e+04 5.040000000000000000e+03 9.772000000000000000e+03 1.927300000000000000e+04 6.632000000000000000e+03 5.248300000000000000e+04 7.913600723763570599e+00
-4.695000000000000000e+03 -5.980000000000000000e+03 -5.034000000000000000e+03 5.484000000000000000e+03 1.216200000000000000e+04 1.176600000000000000e+04 5.040000000000000000e+03 9.772000000000000000e+03 -1.022500000000000000e+04 2.851500000000000000e+04 -2.788753056234718919e+00
-1.628700000000000000e+04 -4.695000000000000000e+03 -5.980000000000000000e+03 -5.034000000000000000e+03 5.484000000000000000e+03 1.216200000000000000e+04 1.176600000000000000e+04 5.040000000000000000e+03 -3.199600000000000000e+04 2.456000000000000000e+03 -7.675959494936866745e-02
-3.640500000000000000e+04 -1.628700000000000000e+04 -4.695000000000000000e+03 -5.980000000000000000e+03 -5.034000000000000000e+03 5.484000000000000000e+03 1.216200000000000000e+04 1.176600000000000000e+04 -6.336700000000000000e+04 -3.898900000000000000e+04 6.152887149462653582e-01
-4.698000000000000000e+04 -3.640500000000000000e+04 -1.628700000000000000e+04 -4.695000000000000000e+03 -5.980000000000000000e+03 -5.034000000000000000e+03 5.484000000000000000e+03 1.216200000000000000e+04 -1.043670000000000000e+05 -9.773500000000000000e+04 9.364550097252962724e-01
-5.148300000000000000e+04 -4.698000000000000000e+04 -3.640500000000000000e+04 -1.628700000000000000e+04 -4.695000000000000000e+03 -5.980000000000000000e+03 -5.034000000000000000e+03 5.484000000000000000e+03 -1.511550000000000000e+05 -1.613800000000000000e+05 1.067645794052462627e+00
-1.270100000000000000e+04 -5.148300000000000000e+04 -4.698000000000000000e+04 -3.640500000000000000e+04 -1.628700000000000000e+04 -4.695000000000000000e+03 -5.980000000000000000e+03 -5.034000000000000000e+03 -1.475690000000000000e+05 -1.795650000000000000e+05 1.216820605953824908e+00
3.015000000000000000e+03 -1.270100000000000000e+04 -5.148300000000000000e+04 -4.698000000000000000e+04 -3.640500000000000000e+04 -1.628700000000000000e+04 -4.695000000000000000e+03 -5.980000000000000000e+03 -1.081490000000000000e+05 -1.715160000000000000e+05 1.585923124578128229e+00
1.252900000000000000e+04 3.015000000000000000e+03 -1.270100000000000000e+04 -5.148300000000000000e+04 -4.698000000000000000e+04 -3.640500000000000000e+04 -1.628700000000000000e+04 -4.695000000000000000e+03 -4.864000000000000000e+04 -1.530070000000000000e+05 3.145703124999999822e+00
3.038600000000000000e+04 1.252900000000000000e+04 3.015000000000000000e+03 -1.270100000000000000e+04 -5.148300000000000000e+04 -4.698000000000000000e+04 -3.640500000000000000e+04 -1.628700000000000000e+04 3.322900000000000000e+04 -1.179260000000000000e+05 -3.548888019501038382e+00
1.560000000000000000e+04 3.038600000000000000e+04 1.252900000000000000e+04 3.015000000000000000e+03 -1.270100000000000000e+04 -5.148300000000000000e+04 -4.698000000000000000e+04 -3.640500000000000000e+04 6.153000000000000000e+04 -8.603900000000000000e+04 -1.398326019827726308e+00
6.568000000000000000e+03 1.560000000000000000e+04 3.038600000000000000e+04 1.252900000000000000e+04 3.015000000000000000e+03 -1.270100000000000000e+04 -5.148300000000000000e+04 -4.698000000000000000e+04 6.508300000000000000e+04 -4.306600000000000000e+04 -6.617088947958760237e-01
1.576000000000000000e+04 6.568000000000000000e+03 1.560000000000000000e+04 3.038600000000000000e+04 1.252900000000000000e+04 3.015000000000000000e+03 -1.270100000000000000e+04 -5.148300000000000000e+04 6.831400000000000000e+04 1.967400000000000000e+04 2.879936762596246869e-01
-3.728000000000000000e+03 1.576000000000000000e+04 6.568000000000000000e+03 1.560000000000000000e+04 3.038600000000000000e+04 1.252900000000000000e+04 3.015000000000000000e+03 -1.270100000000000000e+04 3.420000000000000000e+04 6.742900000000000000e+04 1.971608187134503032e+00
2.316200000000000000e+04 -3.728000000000000000e+03 1.576000000000000000e+04 6.568000000000000000e+03 1.560000000000000000e+04 3.038600000000000000e+04 1.252900000000000000e+04 3.015000000000000000e+03 4.176200000000000000e+04 1.032920000000000000e+05 2.473348977539389981e+00
1.636000000000000000e+04 2.316200000000000000e+04 -3.728000000000000000e+03 1.576000000000000000e+04 6.568000000000000000e+03 1.560000000000000000e+04 3.038600000000000000e+04 1.252900000000000000e+04 5.155400000000000000e+04 1.166370000000000000e+05 2.262423866237343262e+00
2.231300000000000000e+04 1.636000000000000000e+04 2.316200000000000000e+04 -3.728000000000000000e+03 1.576000000000000000e+04 6.568000000000000000e+03 1.560000000000000000e+04 3.038600000000000000e+04 5.810700000000000000e+04 1.264210000000000000e+05 2.175658698607740860e+00
1.851700000000000000e+04 2.231300000000000000e+04 1.636000000000000000e+04 2.316200000000000000e+04 -3.728000000000000000e+03 1.576000000000000000e+04 6.568000000000000000e+03 1.560000000000000000e+04 8.035200000000000000e+04 1.145520000000000000e+05 1.425627240143369168e+00
4.603000000000000000e+03 1.851700000000000000e+04 2.231300000000000000e+04 1.636000000000000000e+04 2.316200000000000000e+04 -3.728000000000000000e+03 1.576000000000000000e+04 6.568000000000000000e+03 6.179300000000000000e+04 1.035550000000000000e+05 1.675837068923664575e+00
1.590700000000000000e+04 4.603000000000000000e+03 1.851700000000000000e+04 2.231300000000000000e+04 1.636000000000000000e+04 2.316200000000000000e+04 -3.728000000000000000e+03 1.576000000000000000e+04 6.134000000000000000e+04 1.128940000000000000e+05 1.840462993152918170e+00
1.613600000000000000e+04 1.590700000000000000e+04 4.603000000000000000e+03 1.851700000000000000e+04 2.231300000000000000e+04 1.636000000000000000e+04 2.316200000000000000e+04 -3.728000000000000000e+03 5.516300000000000000e+04 1.132700000000000000e+05 2.053369106103728914e+00
3.137700000000000000e+04 1.613600000000000000e+04 1.590700000000000000e+04 4.603000000000000000e+03 1.851700000000000000e+04 2.231300000000000000e+04 1.636000000000000000e+04 2.316200000000000000e+04 6.802300000000000000e+04 1.483750000000000000e+05 2.181247519221440001e+00
2.898600000000000000e+04 3.137700000000000000e+04 1.613600000000000000e+04 1.590700000000000000e+04 4.603000000000000000e+03 1.851700000000000000e+04 2.231300000000000000e+04 1.636000000000000000e+04 9.240600000000000000e+04 1.541990000000000000e+05 1.668711988399021795e+00
8.844000000000000000e+03 2.898600000000000000e+04 3.137700000000000000e+04 1.613600000000000000e+04 1.590700000000000000e+04 4.603000000000000000e+03 1.851700000000000000e+04 2.231300000000000000e+04 8.534300000000000000e+04 1.466830000000000000e+05 1.718746704474883646e+00
1.623300000000000000e+04 8.844000000000000000e+03 2.898600000000000000e+04 3.137700000000000000e+04 1.613600000000000000e+04 1.590700000000000000e+04 4.603000000000000000e+03 1.851700000000000000e+04 8.544000000000000000e+04 1.406030000000000000e+05 1.645634363295880087e+00
1.906000000000000000e+04 1.623300000000000000e+04 8.844000000000000000e+03 2.898600000000000000e+04 3.137700000000000000e+04 1.613600000000000000e+04 1.590700000000000000e+04 4.603000000000000000e+03 7.312300000000000000e+04 1.411460000000000000e+05 1.930254502687253071e+00
2.131300000000000000e+04 1.906000000000000000e+04 1.623300000000000000e+04 8.844000000000000000e+03 2.898600000000000000e+04 3.137700000000000000e+04 1.613600000000000000e+04 1.590700000000000000e+04 6.545000000000000000e+04 1.578560000000000000e+05 2.411856378915202548e+00
3.715100000000000000e+04 2.131300000000000000e+04 1.906000000000000000e+04 1.623300000000000000e+04 8.844000000000000000e+03 2.898600000000000000e+04 3.137700000000000000e+04 1.613600000000000000e+04 9.375700000000000000e+04 1.791000000000000000e+05 1.910257367449897048e+00
2.953000000000000000e+04 3.715100000000000000e+04 2.131300000000000000e+04 1.906000000000000000e+04 1.623300000000000000e+04 8.844000000000000000e+03 2.898600000000000000e+04 3.137700000000000000e+04 1.070540000000000000e+05 1.924940000000000000e+05 1.798101892502849131e+00
2.641300000000000000e+04 2.953000000000000000e+04 3.715100000000000000e+04 2.131300000000000000e+04 1.906000000000000000e+04 1.623300000000000000e+04 8.844000000000000000e+03 2.898600000000000000e+04 1.144070000000000000e+05 1.875300000000000000e+05 1.639147954233569626e+00
1.885000000000000000e+04 2.641300000000000000e+04 2.953000000000000000e+04 3.715100000000000000e+04 2.131300000000000000e+04 1.906000000000000000e+04 1.623300000000000000e+04 8.844000000000000000e+03 1.119440000000000000e+05 1.773940000000000000e+05 1.584667333666833322e+00
1.054900000000000000e+04 1.885000000000000000e+04 2.641300000000000000e+04 2.953000000000000000e+04 3.715100000000000000e+04 2.131300000000000000e+04 1.906000000000000000e+04 1.623300000000000000e+04 8.534200000000000000e+04 1.790990000000000000e+05 2.098603266855709748e+00
3.047000000000000000e+03 1.054900000000000000e+04 1.885000000000000000e+04 2.641300000000000000e+04 2.953000000000000000e+04 3.715100000000000000e+04 2.131300000000000000e+04 1.906000000000000000e+04 5.885900000000000000e+04 1.659130000000000000e+05 2.818821250785776389e+00
4.119000000000000000e+03 3.047000000000000000e+03 1.054900000000000000e+04 1.885000000000000000e+04 2.641300000000000000e+04 2.953000000000000000e+04 3.715100000000000000e+04 2.131300000000000000e+04 3.656500000000000000e+04 1.509720000000000000e+05 4.128866402297278526e+00
1.736300000000000000e+04 4.119000000000000000e+03 3.047000000000000000e+03 1.054900000000000000e+04 1.885000000000000000e+04 2.641300000000000000e+04 2.953000000000000000e+04 3.715100000000000000e+04 3.507800000000000000e+04 1.470220000000000000e+05 4.191287986772335827e+00
-3.500000000000000000e+01 1.736300000000000000e+04 4.119000000000000000e+03 3.047000000000000000e+03 1.054900000000000000e+04 1.885000000000000000e+04 2.641300000000000000e+04 2.953000000000000000e+04 2.449400000000000000e+04 1.098360000000000000e+05 4.484200212296888921e+00
1.280000000000000000e+02 -3.500000000000000000e+01 1.736300000000000000e+04 4.119000000000000000e+03 3.047000000000000000e+03 1.054900000000000000e+04 1.885000000000000000e+04 2.641300000000000000e+04 2.157500000000000000e+04 8.043400000000000000e+04 3.728111239860950388e+00
-1.000000000000000000e+08 1.280000000000000000e+02 -3.500000000000000000e+01 1.736300000000000000e+04 4.119000000000000000e+03 3.047000000000000000e+03 1.054900000000000000e+04 1.885000000000000000e+04 -9.998254400000000000e+07 -9.994597900000000000e+07 9.996342861609922581e-01
