4.017070000000000000e+06 3.989639333333333489e+06 3.943691000000000000e+06 3.890219000000000000e+06 3.884448000000000000e+06 3.863401333333333489e+06 3.800162666666666511e+06 3.754497000000000000e+06 1.584061933333333395e+07 3.114312833333333582e+07 1.966029716262356564e+00
4.117667666666666511e+06 4.017070000000000000e+06 3.989639333333333489e+06 3.943691000000000000e+06 3.890219000000000000e+06 3.884448000000000000e+06 3.863401333333333489e+06 3.800162666666666511e+06 1.606806800000000000e+07 3.150629900000000000e+07 1.960801945821986747e+00
4.173357000000000000e+06 4.117667666666666511e+06 4.017070000000000000e+06 3.989639333333333489e+06 3.943691000000000000e+06 3.890219000000000000e+06 3.884448000000000000e+06 3.863401333333333489e+06 1.629773400000000000e+07 3.187949333333333582e+07 1.956069066615845786e+00
4.245408000000000000e+06 4.173357000000000000e+06 4.117667666666666511e+06 4.017070000000000000e+06 3.989639333333333489e+06 3.943691000000000000e+06 3.890219000000000000e+06 3.884448000000000000e+06 1.655350266666666605e+07 3.226150000000000000e+07 1.948922874490128132e+00
4.326189000000000000e+06 4.245408000000000000e+06 4.173357000000000000e+06 4.117667666666666511e+06 4.017070000000000000e+06 3.989639333333333489e+06 3.943691000000000000e+06 3.890219000000000000e+06 1.686262166666666791e+07 3.270324100000000000e+07 1.939392441250485488e+00
4.368488333333333023e+06 4.326189000000000000e+06 4.245408000000000000e+06 4.173357000000000000e+06 4.117667666666666511e+06 4.017070000000000000e+06 3.989639333333333489e+06 3.943691000000000000e+06 1.711344233333333209e+07 3.318151033333333209e+07 1.938915017039139599e+00
4.437454666666666977e+06 4.368488333333333023e+06 4.326189000000000000e+06 4.245408000000000000e+06 4.173357000000000000e+06 4.117667666666666511e+06 4.017070000000000000e+06 3.989639333333333489e+06 1.737754000000000000e+07 3.367527400000000000e+07 1.937861975860795116e+00
4.506031333333333023e+06 4.437454666666666977e+06 4.368488333333333023e+06 4.326189000000000000e+06 4.245408000000000000e+06 4.173357000000000000e+06 4.117667666666666511e+06 4.017070000000000000e+06 1.763816333333333209e+07 3.419166600000000000e+07 1.938504897240812541e+00
4.572022000000000000e+06 4.506031333333333023e+06 4.437454666666666977e+06 4.368488333333333023e+06 4.326189000000000000e+06 4.245408000000000000e+06 4.173357000000000000e+06 4.117667666666666511e+06 1.788399633333333209e+07 3.474661800000000000e+07 1.942888902031199683e+00
4.640853000000000000e+06 4.572022000000000000e+06 4.506031333333333023e+06 4.437454666666666977e+06 4.368488333333333023e+06 4.326189000000000000e+06 4.245408000000000000e+06 4.173357000000000000e+06 1.815636100000000000e+07 3.526980333333332837e+07 1.942559047671134520e+00
4.702880666666666977e+06 4.640853000000000000e+06 4.572022000000000000e+06 4.506031333333333023e+06 4.437454666666666977e+06 4.368488333333333023e+06 4.326189000000000000e+06 4.245408000000000000e+06 1.842178700000000000e+07 3.579932700000000000e+07 1.943314565519620896e+00
4.773112333333333023e+06 4.702880666666666977e+06 4.640853000000000000e+06 4.572022000000000000e+06 4.506031333333333023e+06 4.437454666666666977e+06 4.368488333333333023e+06 4.326189000000000000e+06 1.868886800000000000e+07 3.632703133333332837e+07 1.943779116709119403e+00
4.847224666666666977e+06 4.773112333333333023e+06 4.702880666666666977e+06 4.640853000000000000e+06 4.572022000000000000e+06 4.506031333333333023e+06 4.437454666666666977e+06 4.368488333333333023e+06 1.896407066666666791e+07 3.684806700000000000e+07 1.943046281976169132e+00
4.883351333333333023e+06 4.847224666666666977e+06 4.773112333333333023e+06 4.702880666666666977e+06 4.640853000000000000e+06 4.572022000000000000e+06 4.506031333333333023e+06 4.437454666666666977e+06 1.920656900000000000e+07 3.736293000000000000e+07 1.945320374503119121e+00
4.954956666666666977e+06 4.883351333333333023e+06 4.847224666666666977e+06 4.773112333333333023e+06 4.702880666666666977e+06 4.640853000000000000e+06 4.572022000000000000e+06 4.506031333333333023e+06 1.945864500000000000e+07 3.788043200000000000e+07 1.946714789236352328e+00
5.020463000000000000e+06 4.954956666666666977e+06 4.883351333333333023e+06 4.847224666666666977e+06 4.773112333333333023e+06 4.702880666666666977e+06 4.640853000000000000e+06 4.572022000000000000e+06 1.970599566666666791e+07 3.839486366666667163e+07 1.948384862969031905e+00
5.077936000000000000e+06 5.020463000000000000e+06 4.954956666666666977e+06 4.883351333333333023e+06 4.847224666666666977e+06 4.773112333333333023e+06 4.702880666666666977e+06 4.640853000000000000e+06 1.993670700000000000e+07 3.890077766666667163e+07 1.951213792060377372e+00
5.153790333333333023e+06 5.077936000000000000e+06 5.020463000000000000e+06 4.954956666666666977e+06 4.883351333333333023e+06 4.847224666666666977e+06 4.773112333333333023e+06 4.702880666666666977e+06 2.020714600000000000e+07 3.941371500000000000e+07 1.950484002045612897e+00
5.244134666666666977e+06 5.153790333333333023e+06 5.077936000000000000e+06 5.020463000000000000e+06 4.954956666666666977e+06 4.883351333333333023e+06 4.847224666666666977e+06 4.773112333333333023e+06 2.049632400000000000e+07 3.995496900000000000e+07 1.949372433808130634e+00
5.298285000000000000e+06 5.244134666666666977e+06 5.153790333333333023e+06 5.077936000000000000e+06 5.020463000000000000e+06 4.954956666666666977e+06 4.883351333333333023e+06 4.847224666666666977e+06 2.077414600000000000e+07 4.048014166666667163e+07 1.948582707884438214e+00
5.376067000000000000e+06 5.298285000000000000e+06 5.244134666666666977e+06 5.153790333333333023e+06 5.077936000000000000e+06 5.020463000000000000e+06 4.954956666666666977e+06 4.883351333333333023e+06 2.107227700000000000e+07 4.100898400000000000e+07 1.946110712193086734e+00
5.456726333333333023e+06 5.376067000000000000e+06 5.298285000000000000e+06 5.244134666666666977e+06 5.153790333333333023e+06 5.077936000000000000e+06 5.020463000000000000e+06 4.954956666666666977e+06 2.137521300000000000e+07 4.158235900000000000e+07 1.945354135184524269e+00
5.495076666666666977e+06 5.456726333333333023e+06 5.376067000000000000e+06 5.298285000000000000e+06 5.244134666666666977e+06 5.153790333333333023e+06 5.077936000000000000e+06 5.020463000000000000e+06 2.162615500000000000e+07 4.212247900000000000e+07 1.947756270127537714e+00
5.603460000000000000e+06 5.495076666666666977e+06 5.456726333333333023e+06 5.376067000000000000e+06 5.298285000000000000e+06 5.244134666666666977e+06 5.153790333333333023e+06 5.077936000000000000e+06 2.193133000000000000e+07 4.270547600000000000e+07 1.947236031740892992e+00
5.687613666666666977e+06 5.603460000000000000e+06 5.495076666666666977e+06 5.456726333333333023e+06 5.376067000000000000e+06 5.298285000000000000e+06 5.244134666666666977e+06 5.153790333333333023e+06 2.224287666666666791e+07 4.331515366666667163e+07 1.947371930159513376e+00
5.745925333333333023e+06 5.687613666666666977e+06 5.603460000000000000e+06 5.495076666666666977e+06 5.456726333333333023e+06 5.376067000000000000e+06 5.298285000000000000e+06 5.244134666666666977e+06 2.253207566666666791e+07 4.390728866666667163e+07 1.948657075194448529e+00
5.857830666666666977e+06 5.745925333333333023e+06 5.687613666666666977e+06 5.603460000000000000e+06 5.495076666666666977e+06 5.456726333333333023e+06 5.376067000000000000e+06 5.298285000000000000e+06 2.289482966666666791e+07 4.452098466666667163e+07 1.944586848422210856e+00
5.952814333333333023e+06 5.857830666666666977e+06 5.745925333333333023e+06 5.687613666666666977e+06 5.603460000000000000e+06 5.495076666666666977e+06 5.456726333333333023e+06 5.376067000000000000e+06 2.324418400000000000e+07 4.517551400000000000e+07 1.943519032545947933e+00
6.055545000000000000e+06 5.952814333333333023e+06 5.857830666666666977e+06 5.745925333333333023e+06 5.687613666666666977e+06 5.603460000000000000e+06 5.495076666666666977e+06 5.456726333333333023e+06 2.361211533333333209e+07 4.585499200000000000e+07 1.942011181660894925e+00
6.129003333333333023e+06 6.055545000000000000e+06 5.952814333333333023e+06 5.857830666666666977e+06 5.745925333333333023e+06 5.687613666666666977e+06 5.603460000000000000e+06 5.495076666666666977e+06 2.399519333333333209e+07 4.652726900000000000e+07 1.939024551861636914e+00
6.252977666666666977e+06 6.129003333333333023e+06 6.055545000000000000e+06 5.952814333333333023e+06 5.857830666666666977e+06 5.745925333333333023e+06 5.687613666666666977e+06 5.603460000000000000e+06 2.439034033333333209e+07 4.728517000000000000e+07 1.938684305088485882e+00
6.357220666666666977e+06 6.252977666666666977e+06 6.129003333333333023e+06 6.055545000000000000e+06 5.952814333333333023e+06 5.857830666666666977e+06 5.745925333333333023e+06 5.687613666666666977e+06 2.479474666666666791e+07 4.803893066666667163e+07 1.937464064968601019e+00
6.488888666666666977e+06 6.357220666666666977e+06 6.252977666666666977e+06 6.129003333333333023e+06 6.055545000000000000e+06 5.952814333333333023e+06 5.857830666666666977e+06 5.745925333333333023e+06 2.522809033333333209e+07 4.884020566666666418e+07 1.935945409317610943e+00
6.642744333333333023e+06 6.488888666666666977e+06 6.357220666666666977e+06 6.252977666666666977e+06 6.129003333333333023e+06 6.055545000000000000e+06 5.952814333333333023e+06 5.857830666666666977e+06 2.574183133333333582e+07 4.973702466666667163e+07 1.932147873343484257e+00
6.737273333333333023e+06 6.642744333333333023e+06 6.488888666666666977e+06 6.357220666666666977e+06 6.252977666666666977e+06 6.129003333333333023e+06 6.055545000000000000e+06 5.952814333333333023e+06 2.622612700000000000e+07 5.061646733333332837e+07 1.930001609972121557e+00
6.845140333333333023e+06 6.737273333333333023e+06 6.642744333333333023e+06 6.488888666666666977e+06 6.357220666666666977e+06 6.252977666666666977e+06 6.129003333333333023e+06 6.055545000000000000e+06 2.671404666666666791e+07 5.150879333333333582e+07 1.928153902553637833e+00
6.944403333333333023e+06 6.845140333333333023e+06 6.737273333333333023e+06 6.642744333333333023e+06 6.488888666666666977e+06 6.357220666666666977e+06 6.252977666666666977e+06 6.129003333333333023e+06 2.716956133333333209e+07 5.239765166666666418e+07 1.928542423774134207e+00
7.020381666666666977e+06 6.944403333333333023e+06 6.845140333333333023e+06 6.737273333333333023e+06 6.642744333333333023e+06 6.488888666666666977e+06 6.357220666666666977e+06 6.252977666666666977e+06 2.754719866666666418e+07 5.328903000000000000e+07 1.934462761343573423e+00
7.072098666666666977e+06 7.020381666666666977e+06 6.944403333333333023e+06 6.845140333333333023e+06 6.737273333333333023e+06 6.642744333333333023e+06 6.488888666666666977e+06 6.357220666666666977e+06 2.788202400000000000e+07 5.410815100000000000e+07 1.940610588384831692e+00
7.103358666666666977e+06 7.072098666666666977e+06 7.020381666666666977e+06 6.944403333333333023e+06 6.845140333333333023e+06 6.737273333333333023e+06 6.642744333333333023e+06 6.488888666666666977e+06 2.814024233333333209e+07 5.485428900000000000e+07 1.949318287675963823e+00
7.216593666666666977e+06 7.103358666666666977e+06 7.072098666666666977e+06 7.020381666666666977e+06 6.944403333333333023e+06 6.845140333333333023e+06 6.737273333333333023e+06 6.642744333333333023e+06 2.841243266666666791e+07 5.558199400000000000e+07 1.956256074658772048e+00
7.251355333333333023e+06 7.216593666666666977e+06 7.103358666666666977e+06 7.072098666666666977e+06 7.020381666666666977e+06 6.944403333333333023e+06 6.845140333333333023e+06 6.737273333333333023e+06 2.864340633333333582e+07 5.619060500000000000e+07 1.961729144435207184e+00
7.344497666666666977e+06 7.251355333333333023e+06 7.216593666666666977e+06 7.103358666666666977e+06 7.072098666666666977e+06 7.020381666666666977e+06 6.944403333333333023e+06 6.845140333333333023e+06 2.891580533333333582e+07 5.679782933333333582e+07 1.964248571968990831e+00
7.433118000000000000e+06 7.344497666666666977e+06 7.251355333333333023e+06 7.216593666666666977e+06 7.103358666666666977e+06 7.072098666666666977e+06 7.020381666666666977e+06 6.944403333333333023e+06 2.924556466666666791e+07 5.738580700000000000e+07 1.962205471293458903e+00
7.507236333333333023e+06 7.433118000000000000e+06 7.344497666666666977e+06 7.251355333333333023e+06 7.216593666666666977e+06 7.103358666666666977e+06 7.072098666666666977e+06 7.020381666666666977e+06 2.953620733333333209e+07 5.794864000000000000e+07 1.961952641583795343e+00
7.593531333333333023e+06 7.507236333333333023e+06 7.433118000000000000e+06 7.344497666666666977e+06 7.251355333333333023e+06 7.216593666666666977e+06 7.103358666666666977e+06 7.072098666666666977e+06 2.987838333333333209e+07 5.852178966666667163e+07 1.958666538740661656e+00
7.684578000000000000e+06 7.593531333333333023e+06 7.507236333333333023e+06 7.433118000000000000e+06 7.344497666666666977e+06 7.251355333333333023e+06 7.216593666666666977e+06 7.103358666666666977e+06 3.021846366666666418e+07 5.913426900000000000e+07 1.956891973473480650e+00
7.845544666666666977e+06 7.684578000000000000e+06 7.593531333333333023e+06 7.507236333333333023e+06 7.433118000000000000e+06 7.344497666666666977e+06 7.251355333333333023e+06 7.216593666666666977e+06 3.063089033333333209e+07 5.987645500000000000e+07 1.954773574924163482e+00
7.938459666666666977e+06 7.845544666666666977e+06 7.684578000000000000e+06 7.593531333333333023e+06 7.507236333333333023e+06 7.433118000000000000e+06 7.344497666666666977e+06 7.251355333333333023e+06 3.106211366666666791e+07 6.059832100000000000e+07 1.950875643888625222e+00
8.076798333333333023e+06 7.938459666666666977e+06 7.845544666666666977e+06 7.684578000000000000e+06 7.593531333333333023e+06 7.507236333333333023e+06 7.433118000000000000e+06 7.344497666666666977e+06 3.154538066666666791e+07 6.142376400000000000e+07 1.947155580370129480e+00
8.186343333333333023e+06 8.076798333333333023e+06 7.938459666666666977e+06 7.845544666666666977e+06 7.684578000000000000e+06 7.593531333333333023e+06 7.507236333333333023e+06 7.433118000000000000e+06 3.204714600000000000e+07 6.226560966666666418e+07 1.942937747613053157e+00
8.312675666666666977e+06 8.186343333333333023e+06 8.076798333333333023e+06 7.938459666666666977e+06 7.845544666666666977e+06 7.684578000000000000e+06 7.593531333333333023e+06 7.507236333333333023e+06 3.251427700000000000e+07 6.314516733333332837e+07 1.942075086994347943e+00
8.464247666666666046e+06 8.312675666666666977e+06 8.186343333333333023e+06 8.076798333333333023e+06 7.938459666666666977e+06 7.845544666666666977e+06 7.684578000000000000e+06 7.593531333333333023e+06 3.304006499999999627e+07 6.410217866666666418e+07 1.940134762648519917e+00
8.573120000000000000e+06 8.464247666666666046e+06 8.312675666666666977e+06 8.186343333333333023e+06 8.076798333333333023e+06 7.938459666666666977e+06 7.845544666666666977e+06 7.684578000000000000e+06 3.353638666666666418e+07 6.508176733333332837e+07 1.940631469341360216e+00
8.723927000000000000e+06 8.573120000000000000e+06 8.464247666666666046e+06 8.312675666666666977e+06 8.186343333333333023e+06 8.076798333333333023e+06 7.938459666666666977e+06 7.845544666666666977e+06 3.407397033333332837e+07 6.612111633333332837e+07 1.940516930856438504e+00
8.888051333333333954e+06 8.723927000000000000e+06 8.573120000000000000e+06 8.464247666666666046e+06 8.312675666666666977e+06 8.186343333333333023e+06 8.076798333333333023e+06 7.938459666666666977e+06 3.464934600000000000e+07 6.716362300000000000e+07 1.938380684010601485e+00
8.991336666666666046e+06 8.888051333333333954e+06 8.723927000000000000e+06 8.573120000000000000e+06 8.464247666666666046e+06 8.312675666666666977e+06 8.186343333333333023e+06 8.076798333333333023e+06 3.517643500000000000e+07 6.821650000000000000e+07 1.939267012134686219e+00
9.134283000000000000e+06 8.991336666666666046e+06 8.888051333333333954e+06 8.723927000000000000e+06 8.573120000000000000e+06 8.464247666666666046e+06 8.312675666666666977e+06 8.186343333333333023e+06 3.573759800000000000e+07 6.927398466666665673e+07 1.938406287592877808e+00
9.253743666666666046e+06 9.134283000000000000e+06 8.991336666666666046e+06 8.888051333333333954e+06 8.723927000000000000e+06 8.573120000000000000e+06 8.464247666666666046e+06 8.312675666666666977e+06 3.626741466666666418e+07 7.034138500000000000e+07 1.939520245556700218e+00
9.374318000000000000e+06 9.253743666666666046e+06 9.134283000000000000e+06 8.991336666666666046e+06 8.888051333333333954e+06 8.723927000000000000e+06 8.573120000000000000e+06 8.464247666666666046e+06 3.675368133333332837e+07 7.140302733333332837e+07 1.942744909979267076e+00
9.453635666666666046e+06 9.374318000000000000e+06 9.253743666666666046e+06 9.134283000000000000e+06 8.991336666666666046e+06 8.888051333333333954e+06 8.723927000000000000e+06 8.573120000000000000e+06 3.721598033333332837e+07 7.239241533333332837e+07 1.945197054731175212e+00
9.591850333333333954e+06 9.453635666666666046e+06 9.374318000000000000e+06 9.253743666666666046e+06 9.134283000000000000e+06 8.991336666666666046e+06 8.888051333333333954e+06 8.723927000000000000e+06 3.767354766666666418e+07 7.341114566666665673e+07 1.948612493737095219e+00
9.700918666666666046e+06 9.591850333333333954e+06 9.453635666666666046e+06 9.374318000000000000e+06 9.253743666666666046e+06 9.134283000000000000e+06 8.991336666666666046e+06 8.888051333333333954e+06 3.812072266666666418e+07 7.438813733333332837e+07 1.951383188188597462e+00
9.799230000000000000e+06 9.700918666666666046e+06 9.591850333333333954e+06 9.453635666666666046e+06 9.374318000000000000e+06 9.253743666666666046e+06 9.134283000000000000e+06 8.991336666666666046e+06 3.854563466666666418e+07 7.529931600000000000e+07 1.953510861895783934e+00
9.910024333333333954e+06 9.799230000000000000e+06 9.700918666666666046e+06 9.591850333333333954e+06 9.453635666666666046e+06 9.374318000000000000e+06 9.253743666666666046e+06 9.134283000000000000e+06 3.900202333333333582e+07 7.621800366666665673e+07 1.954206401428575157e+00
9.974371333333333954e+06 9.910024333333333954e+06 9.799230000000000000e+06 9.700918666666666046e+06 9.591850333333333954e+06 9.453635666666666046e+06 9.374318000000000000e+06 9.253743666666666046e+06 3.938454433333333582e+07 7.705809200000000000e+07 1.956556646887023687e+00
1.009577033333333395e+07 9.974371333333333954e+06 9.910024333333333954e+06 9.799230000000000000e+06 9.700918666666666046e+06 9.591850333333333954e+06 9.453635666666666046e+06 9.374318000000000000e+06 3.977939600000000000e+07 7.790011866666665673e+07 1.958303204670746034e+00
1.012485933333333395e+07 1.009577033333333395e+07 9.974371333333333954e+06 9.910024333333333954e+06 9.799230000000000000e+06 9.700918666666666046e+06 9.591850333333333954e+06 9.453635666666666046e+06 4.010502533333333582e+07 7.865066000000000000e+07 1.961117324980952370e+00
9.859591333333333954e+06 1.012485933333333395e+07 1.009577033333333395e+07 9.974371333333333954e+06 9.910024333333333954e+06 9.799230000000000000e+06 9.700918666666666046e+06 9.591850333333333954e+06 4.005459233333333582e+07 7.905661566666667163e+07 1.973721639924816973e+00
9.770223333333333954e+06 9.859591333333333954e+06 1.012485933333333395e+07 1.009577033333333395e+07 9.974371333333333954e+06 9.910024333333333954e+06 9.799230000000000000e+06 9.700918666666666046e+06 3.985044433333333582e+07 7.923498866666667163e+07 1.988308787824222712e+00
9.769753666666666046e+06 9.770223333333333954e+06 9.859591333333333954e+06 1.012485933333333395e+07 1.009577033333333395e+07 9.974371333333333954e+06 9.910024333333333954e+06 9.799230000000000000e+06 3.952442766666667163e+07 7.930382366666667163e+07 2.006450905133494444e+00
9.890809000000000000e+06 9.769753666666666046e+06 9.770223333333333954e+06 9.859591333333333954e+06 1.012485933333333395e+07 1.009577033333333395e+07 9.974371333333333954e+06 9.910024333333333954e+06 3.929037733333333582e+07 7.939540266666667163e+07 2.020734033503640337e+00
9.957092000000000000e+06 9.890809000000000000e+06 9.769753666666666046e+06 9.770223333333333954e+06 9.859591333333333954e+06 1.012485933333333395e+07 1.009577033333333395e+07 9.974371333333333954e+06 3.938787800000000000e+07 7.944247033333334327e+07 2.016926891398753252e+00
1.004452333333333395e+07 9.957092000000000000e+06 9.890809000000000000e+06 9.769753666666666046e+06 9.770223333333333954e+06 9.859591333333333954e+06 1.012485933333333395e+07 1.009577033333333395e+07 3.966217800000000000e+07 7.951262233333334327e+07 2.004746747224354309e+00
1.013764966666666605e+07 1.004452333333333395e+07 9.957092000000000000e+06 9.890809000000000000e+06 9.769753666666666046e+06 9.770223333333333954e+06 9.859591333333333954e+06 1.012485933333333395e+07 4.003007400000000000e+07 7.955450166666667163e+07 1.987368338781154264e+00
1.023342266666666605e+07 1.013764966666666605e+07 1.004452333333333395e+07 9.957092000000000000e+06 9.890809000000000000e+06 9.769753666666666046e+06 9.770223333333333954e+06 9.859591333333333954e+06 4.037268766666666418e+07 7.966306500000000000e+07 1.973192016784482528e+00
1.039318533333333395e+07 1.023342266666666605e+07 1.013764966666666605e+07 1.004452333333333395e+07 9.957092000000000000e+06 9.890809000000000000e+06 9.769753666666666046e+06 9.770223333333333954e+06 4.080878100000000000e+07 8.019665900000000000e+07 1.965181439749450032e+00
1.052354300000000000e+07 1.039318533333333395e+07 1.023342266666666605e+07 1.013764966666666605e+07 1.004452333333333395e+07 9.957092000000000000e+06 9.890809000000000000e+06 9.769753666666666046e+06 4.128780066666666418e+07 8.094997866666665673e+07 1.960627046235981608e+00
1.065135666666666605e+07 1.052354300000000000e+07 1.039318533333333395e+07 1.023342266666666605e+07 1.013764966666666605e+07 1.004452333333333395e+07 9.957092000000000000e+06 9.890809000000000000e+06 4.180150766666666418e+07 8.183158166666665673e+07 1.957622732634611395e+00
1.075445600000000000e+07 1.065135666666666605e+07 1.052354300000000000e+07 1.039318533333333395e+07 1.023342266666666605e+07 1.013764966666666605e+07 1.004452333333333395e+07 9.957092000000000000e+06 4.232254100000000000e+07 8.269522866666665673e+07 1.953928727168499968e+00
1.082784833333333395e+07 1.075445600000000000e+07 1.065135666666666605e+07 1.052354300000000000e+07 1.039318533333333395e+07 1.023342266666666605e+07 1.013764966666666605e+07 1.004452333333333395e+07 4.275720400000000000e+07 8.356598500000000000e+07 1.954430532922592390e+00
1.095623000000000000e+07 1.082784833333333395e+07 1.075445600000000000e+07 1.065135666666666605e+07 1.052354300000000000e+07 1.039318533333333395e+07 1.023342266666666605e+07 1.013764966666666605e+07 4.318989100000000000e+07 8.447769166666665673e+07 1.955959825568132526e+00
1.100834666666666605e+07 1.095623000000000000e+07 1.082784833333333395e+07 1.075445600000000000e+07 1.065135666666666605e+07 1.052354300000000000e+07 1.039318533333333395e+07 1.023342266666666605e+07 4.354688100000000000e+07 8.534838866666665673e+07 1.959919670634199029e+00
1.107360266666666605e+07 1.100834666666666605e+07 1.095623000000000000e+07 1.082784833333333395e+07 1.075445600000000000e+07 1.065135666666666605e+07 1.052354300000000000e+07 1.039318533333333395e+07 4.386602766666666418e+07 8.618856866666665673e+07 1.964813621183220338e+00
1.116432866666666605e+07 1.107360266666666605e+07 1.100834666666666605e+07 1.095623000000000000e+07 1.082784833333333395e+07 1.075445600000000000e+07 1.065135666666666605e+07 1.052354300000000000e+07 4.420250800000000000e+07 8.695971200000000000e+07 1.967302669794211756e+00
1.125665466666666605e+07 1.116432866666666605e+07 1.107360266666666605e+07 1.100834666666666605e+07 1.095623000000000000e+07 1.082784833333333395e+07 1.075445600000000000e+07 1.065135666666666605e+07 4.450293266666666418e+07 8.769282366666665673e+07 1.970495390124027413e+00
1.128454133333333395e+07 1.125665466666666605e+07 1.116432866666666605e+07 1.107360266666666605e+07 1.100834666666666605e+07 1.095623000000000000e+07 1.082784833333333395e+07 1.075445600000000000e+07 4.477912733333332837e+07 8.832600833333332837e+07 1.972481680490096201e+00
1.137910266666666605e+07 1.128454133333333395e+07 1.125665466666666605e+07 1.116432866666666605e+07 1.107360266666666605e+07 1.100834666666666605e+07 1.095623000000000000e+07 1.082784833333333395e+07 4.508462733333332837e+07 8.895065500000000000e+07 1.972970838648461234e+00
1.152439833333333395e+07 1.137910266666666605e+07 1.128454133333333395e+07 1.125665466666666605e+07 1.116432866666666605e+07 1.107360266666666605e+07 1.100834666666666605e+07 1.095623000000000000e+07 4.544469700000000000e+07 8.964720500000000000e+07 1.972665919634143394e+00
1.164016700000000000e+07 1.152439833333333395e+07 1.137910266666666605e+07 1.128454133333333395e+07 1.125665466666666605e+07 1.116432866666666605e+07 1.107360266666666605e+07 1.100834666666666605e+07 4.582820933333333582e+07 9.033114200000000000e+07 1.971081639759755477e+00
1.179194433333333395e+07 1.164016700000000000e+07 1.152439833333333395e+07 1.137910266666666605e+07 1.128454133333333395e+07 1.125665466666666605e+07 1.116432866666666605e+07 1.107360266666666605e+07 4.633561233333333582e+07 9.111473966666665673e+07 1.966408450830371413e+00
1.194114300000000000e+07 1.179194433333333395e+07 1.164016700000000000e+07 1.152439833333333395e+07 1.137910266666666605e+07 1.128454133333333395e+07 1.125665466666666605e+07 1.116432866666666605e+07 4.689765266666667163e+07 9.198228000000000000e+07 1.961340808542812564e+00
1.208142133333333395e+07 1.194114300000000000e+07 1.179194433333333395e+07 1.164016700000000000e+07 1.152439833333333395e+07 1.137910266666666605e+07 1.128454133333333395e+07 1.125665466666666605e+07 4.745467566666667163e+07 9.289937266666667163e+07 1.957644243935302564e+00
1.214216333333333395e+07 1.208142133333333395e+07 1.194114300000000000e+07 1.179194433333333395e+07 1.164016700000000000e+07 1.152439833333333395e+07 1.137910266666666605e+07 1.128454133333333395e+07 4.795667200000000745e+07 9.378488133333334327e+07 1.955616964691238913e+00
1.228419900000000000e+07 1.214216333333333395e+07 1.208142133333333395e+07 1.194114300000000000e+07 1.179194433333333395e+07 1.164016700000000000e+07 1.152439833333333395e+07 1.137910266666666605e+07 4.844892666666667163e+07 9.478453900000000000e+07 1.956380574788103122e+00
1.240777533333333395e+07 1.228419900000000000e+07 1.214216333333333395e+07 1.208142133333333395e+07 1.194114300000000000e+07 1.179194433333333395e+07 1.164016700000000000e+07 1.152439833333333395e+07 4.891555900000000745e+07 9.581321166666668653e+07 1.958747147644099851e+00
1.249488933333333395e+07 1.240777533333333395e+07 1.228419900000000000e+07 1.214216333333333395e+07 1.208142133333333395e+07 1.194114300000000000e+07 1.179194433333333395e+07 1.164016700000000000e+07 4.932902700000000745e+07 9.678370266666668653e+07 1.962003075119780338e+00
1.257146266666666605e+07 1.249488933333333395e+07 1.240777533333333395e+07 1.228419900000000000e+07 1.214216333333333395e+07 1.208142133333333395e+07 1.194114300000000000e+07 1.179194433333333395e+07 4.975832633333333582e+07 9.771499833333334327e+07 1.963791902459420369e+00
1.275499366666666605e+07 1.257146266666666605e+07 1.249488933333333395e+07 1.240777533333333395e+07 1.228419900000000000e+07 1.214216333333333395e+07 1.208142133333333395e+07 1.194114300000000000e+07 5.022912100000000000e+07 9.867804766666667163e+07 1.964558521075188136e+00
1.289941766666666605e+07 1.275499366666666605e+07 1.257146266666666605e+07 1.249488933333333395e+07 1.240777533333333395e+07 1.228419900000000000e+07 1.214216333333333395e+07 1.208142133333333395e+07 5.072076333333333582e+07 9.963632233333334327e+07 1.964408967556942054e+00
1.305690033333333395e+07 1.289941766666666605e+07 1.275499366666666605e+07 1.257146266666666605e+07 1.249488933333333395e+07 1.240777533333333395e+07 1.228419900000000000e+07 1.214216333333333395e+07 5.128277433333332837e+07 1.006118013333333433e+08 1.961902464156207060e+00
1.319156200000000000e+07 1.305690033333333395e+07 1.289941766666666605e+07 1.275499366666666605e+07 1.257146266666666605e+07 1.249488933333333395e+07 1.240777533333333395e+07 1.228419900000000000e+07 5.190287366666666418e+07 1.016612000000000000e+08 1.958681529907069230e+00
1.330702133333333395e+07 1.319156200000000000e+07 1.305690033333333395e+07 1.289941766666666605e+07 1.275499366666666605e+07 1.257146266666666605e+07 1.249488933333333395e+07 1.240777533333333395e+07 5.245490133333333582e+07 1.026840223333333433e+08 1.957567733867437099e+00
1.343471200000000000e+07 1.330702133333333395e+07 1.319156200000000000e+07 1.305690033333333395e+07 1.289941766666666605e+07 1.275499366666666605e+07 1.257146266666666605e+07 1.249488933333333395e+07 5.299019566666667163e+07 1.037109590000000000e+08 1.957172599482192021e+00
