1.162333333333333485e+02 1.161333333333333258e+02 1.162999999999999972e+02 1.174666666666666544e+02 1.198666666666666600e+02 1.164666666666666544e+02 1.143333333333333286e+02 1.145000000000000000e+02 4.661333333333333258e+02 9.312999999999999545e+02 1.997926201372997701e+00
1.158999999999999915e+02 1.162333333333333485e+02 1.161333333333333258e+02 1.162999999999999972e+02 1.174666666666666544e+02 1.198666666666666600e+02 1.164666666666666544e+02 1.143333333333333286e+02 4.645666666666666629e+02 9.326999999999999318e+02 2.007677405467460652e+00
1.171666666666666714e+02 1.158999999999999915e+02 1.162333333333333485e+02 1.161333333333333258e+02 1.162999999999999972e+02 1.174666666666666544e+02 1.198666666666666600e+02 1.164666666666666544e+02 4.654333333333333371e+02 9.355333333333333030e+02 2.010026498603451728e+00
1.178666666666666742e+02 1.171666666666666714e+02 1.158999999999999915e+02 1.162333333333333485e+02 1.161333333333333258e+02 1.162999999999999972e+02 1.174666666666666544e+02 1.198666666666666600e+02 4.671666666666666856e+02 9.369333333333333940e+02 2.005565465572600736e+00
1.178333333333333286e+02 1.178666666666666742e+02 1.171666666666666714e+02 1.158999999999999915e+02 1.162333333333333485e+02 1.161333333333333258e+02 1.162999999999999972e+02 1.174666666666666544e+02 4.687666666666666515e+02 9.348999999999999773e+02 1.994382421958330376e+00
1.183666666666666742e+02 1.178333333333333286e+02 1.178666666666666742e+02 1.171666666666666714e+02 1.158999999999999915e+02 1.162333333333333485e+02 1.161333333333333258e+02 1.162999999999999972e+02 4.712333333333333485e+02 9.357999999999999545e+02 1.985852726886892405e+00
1.195000000000000000e+02 1.183666666666666742e+02 1.178333333333333286e+02 1.178666666666666742e+02 1.171666666666666714e+02 1.158999999999999915e+02 1.162333333333333485e+02 1.161333333333333258e+02 4.735666666666666629e+02 9.390000000000000000e+02 1.982825367776448244e+00
1.188666666666666742e+02 1.195000000000000000e+02 1.183666666666666742e+02 1.178333333333333286e+02 1.178666666666666742e+02 1.171666666666666714e+02 1.158999999999999915e+02 1.162333333333333485e+02 4.745666666666666629e+02 9.417333333333333485e+02 1.984406827281028463e+00
1.188999999999999915e+02 1.188666666666666742e+02 1.195000000000000000e+02 1.183666666666666742e+02 1.178333333333333286e+02 1.178666666666666742e+02 1.171666666666666714e+02 1.158999999999999915e+02 4.756333333333333258e+02 9.443999999999999773e+02 1.985563108837339774e+00
1.193666666666666600e+02 1.188999999999999915e+02 1.188666666666666742e+02 1.195000000000000000e+02 1.183666666666666742e+02 1.178333333333333286e+02 1.178666666666666742e+02 1.171666666666666714e+02 4.766333333333333258e+02 9.478666666666666742e+02 1.988670536401146993e+00
1.200333333333333456e+02 1.193666666666666600e+02 1.188999999999999915e+02 1.188666666666666742e+02 1.195000000000000000e+02 1.183666666666666742e+02 1.178333333333333286e+02 1.178666666666666742e+02 4.771666666666666856e+02 9.507333333333333485e+02 1.992455466294096977e+00
1.209666666666666544e+02 1.200333333333333456e+02 1.193666666666666600e+02 1.188999999999999915e+02 1.188666666666666742e+02 1.195000000000000000e+02 1.183666666666666742e+02 1.178333333333333286e+02 4.792666666666666515e+02 9.538333333333332575e+02 1.990193350952844442e+00
1.214333333333333371e+02 1.209666666666666544e+02 1.200333333333333456e+02 1.193666666666666600e+02 1.188999999999999915e+02 1.188666666666666742e+02 1.195000000000000000e+02 1.183666666666666742e+02 4.818000000000000114e+02 9.574333333333333940e+02 1.987200774872007747e+00
1.234333333333333371e+02 1.214333333333333371e+02 1.209666666666666544e+02 1.200333333333333456e+02 1.193666666666666600e+02 1.188999999999999915e+02 1.188666666666666742e+02 1.195000000000000000e+02 4.858666666666666742e+02 9.625000000000000000e+02 1.980996158068057067e+00
1.249333333333333371e+02 1.234333333333333371e+02 1.214333333333333371e+02 1.209666666666666544e+02 1.200333333333333456e+02 1.193666666666666600e+02 1.188999999999999915e+02 1.188666666666666742e+02 4.907666666666666515e+02 9.679333333333333940e+02 1.972288256469469703e+00
1.251999999999999886e+02 1.249333333333333371e+02 1.234333333333333371e+02 1.214333333333333371e+02 1.209666666666666544e+02 1.200333333333333456e+02 1.193666666666666600e+02 1.188999999999999915e+02 4.950000000000000000e+02 9.742666666666666515e+02 1.968215488215488085e+00
1.254666666666666544e+02 1.251999999999999886e+02 1.249333333333333371e+02 1.234333333333333371e+02 1.214333333333333371e+02 1.209666666666666544e+02 1.200333333333333456e+02 1.193666666666666600e+02 4.990333333333333030e+02 9.808333333333332575e+02 1.965466568699485661e+00
1.262999999999999972e+02 1.254666666666666544e+02 1.251999999999999886e+02 1.249333333333333371e+02 1.234333333333333371e+02 1.214333333333333371e+02 1.209666666666666544e+02 1.200333333333333456e+02 5.018999999999999773e+02 9.877666666666666515e+02 1.968054725376901182e+00
1.278333333333333286e+02 1.262999999999999972e+02 1.254666666666666544e+02 1.251999999999999886e+02 1.249333333333333371e+02 1.234333333333333371e+02 1.214333333333333371e+02 1.209666666666666544e+02 5.047999999999999545e+02 9.955666666666666060e+02 1.972200211304807160e+00
1.281666666666666572e+02 1.278333333333333286e+02 1.262999999999999972e+02 1.254666666666666544e+02 1.251999999999999886e+02 1.249333333333333371e+02 1.234333333333333371e+02 1.214333333333333371e+02 5.077666666666666515e+02 1.002766666666666652e+03 1.974857217882229454e+00
1.284333333333333087e+02 1.281666666666666572e+02 1.278333333333333286e+02 1.262999999999999972e+02 1.254666666666666544e+02 1.251999999999999886e+02 1.249333333333333371e+02 1.234333333333333371e+02 5.107333333333332916e+02 1.009766666666666652e+03 1.977091763477353048e+00
1.285000000000000000e+02 1.284333333333333087e+02 1.281666666666666572e+02 1.278333333333333286e+02 1.262999999999999972e+02 1.254666666666666544e+02 1.251999999999999886e+02 1.249333333333333371e+02 5.129333333333332803e+02 1.014833333333333258e+03 1.978489732258903011e+00
1.272000000000000028e+02 1.285000000000000000e+02 1.284333333333333087e+02 1.281666666666666572e+02 1.278333333333333286e+02 1.262999999999999972e+02 1.254666666666666544e+02 1.251999999999999886e+02 5.122999999999999545e+02 1.017099999999999909e+03 1.985360140542650864e+00
1.272000000000000028e+02 1.272000000000000028e+02 1.285000000000000000e+02 1.284333333333333087e+02 1.281666666666666572e+02 1.278333333333333286e+02 1.262999999999999972e+02 1.254666666666666544e+02 5.113333333333332575e+02 1.019099999999999909e+03 1.993024771838331377e+00
1.275000000000000000e+02 1.272000000000000028e+02 1.272000000000000028e+02 1.285000000000000000e+02 1.284333333333333087e+02 1.281666666666666572e+02 1.278333333333333286e+02 1.262999999999999972e+02 5.103999999999999773e+02 1.021133333333333212e+03 2.000653082549634032e+00
1.250333333333333456e+02 1.275000000000000000e+02 1.272000000000000028e+02 1.272000000000000028e+02 1.285000000000000000e+02 1.284333333333333087e+02 1.281666666666666572e+02 1.278333333333333286e+02 5.069333333333333371e+02 1.019866666666666561e+03 2.011835875854813160e+00
1.249333333333333371e+02 1.250333333333333456e+02 1.275000000000000000e+02 1.272000000000000028e+02 1.272000000000000028e+02 1.285000000000000000e+02 1.284333333333333087e+02 1.281666666666666572e+02 5.046666666666666856e+02 1.016966666666666697e+03 2.015125495376486331e+00
1.243000000000000114e+02 1.249333333333333371e+02 1.250333333333333456e+02 1.275000000000000000e+02 1.272000000000000028e+02 1.272000000000000028e+02 1.285000000000000000e+02 1.284333333333333087e+02 5.017666666666667084e+02 1.013099999999999909e+03 2.019065966916893107e+00
1.234666666666666544e+02 1.243000000000000114e+02 1.249333333333333371e+02 1.250333333333333456e+02 1.275000000000000000e+02 1.272000000000000028e+02 1.272000000000000028e+02 1.285000000000000000e+02 4.977333333333333485e+02 1.008133333333333326e+03 2.025448700776855127e+00
1.225999999999999801e+02 1.234666666666666544e+02 1.243000000000000114e+02 1.249333333333333371e+02 1.250333333333333456e+02 1.275000000000000000e+02 1.272000000000000028e+02 1.272000000000000028e+02 4.953000000000000114e+02 1.002233333333333348e+03 2.023487448684298862e+00
1.245000000000000000e+02 1.225999999999999801e+02 1.234666666666666544e+02 1.243000000000000114e+02 1.249333333333333371e+02 1.250333333333333456e+02 1.275000000000000000e+02 1.272000000000000028e+02 4.948666666666666174e+02 9.995333333333333030e+02 2.019803314023979723e+00
1.268666666666666742e+02 1.245000000000000000e+02 1.225999999999999801e+02 1.234666666666666544e+02 1.243000000000000114e+02 1.249333333333333371e+02 1.250333333333333456e+02 1.275000000000000000e+02 4.974333333333332803e+02 9.992000000000000455e+02 2.008711385110232950e+00
1.279333333333333371e+02 1.268666666666666742e+02 1.245000000000000000e+02 1.225999999999999801e+02 1.234666666666666544e+02 1.243000000000000114e+02 1.249333333333333371e+02 1.250333333333333456e+02 5.018999999999999773e+02 9.996333333333333258e+02 1.991698213455535660e+00
1.296333333333333542e+02 1.279333333333333371e+02 1.268666666666666742e+02 1.245000000000000000e+02 1.225999999999999801e+02 1.234666666666666544e+02 1.243000000000000114e+02 1.249333333333333371e+02 5.089333333333333940e+02 1.004233333333333348e+03 1.973211946554885854e+00
1.320333333333333314e+02 1.296333333333333542e+02 1.279333333333333371e+02 1.268666666666666742e+02 1.245000000000000000e+02 1.225999999999999801e+02 1.234666666666666544e+02 1.243000000000000114e+02 5.164666666666666970e+02 1.011333333333333258e+03 1.958177358977668536e+00
1.337666666666666799e+02 1.320333333333333314e+02 1.296333333333333542e+02 1.279333333333333371e+02 1.268666666666666742e+02 1.245000000000000000e+02 1.225999999999999801e+02 1.234666666666666544e+02 5.233666666666667879e+02 1.020800000000000068e+03 1.950449015986242651e+00
1.355333333333333314e+02 1.337666666666666799e+02 1.320333333333333314e+02 1.296333333333333542e+02 1.279333333333333371e+02 1.268666666666666742e+02 1.245000000000000000e+02 1.225999999999999801e+02 5.309666666666666970e+02 1.032866666666666788e+03 1.945257078284889252e+00
1.377666666666666515e+02 1.355333333333333314e+02 1.337666666666666799e+02 1.320333333333333314e+02 1.296333333333333542e+02 1.279333333333333371e+02 1.268666666666666742e+02 1.245000000000000000e+02 5.390999999999999091e+02 1.048033333333333303e+03 1.944042540035862521e+00
1.362333333333333485e+02 1.377666666666666515e+02 1.355333333333333314e+02 1.337666666666666799e+02 1.320333333333333314e+02 1.296333333333333542e+02 1.279333333333333371e+02 1.268666666666666742e+02 5.432999999999999545e+02 1.059766666666666652e+03 1.950610466899809881e+00
1.333666666666666742e+02 1.362333333333333485e+02 1.377666666666666515e+02 1.355333333333333314e+02 1.337666666666666799e+02 1.320333333333333314e+02 1.296333333333333542e+02 1.279333333333333371e+02 5.428999999999999773e+02 1.066266666666666879e+03 1.964020384355621429e+00
1.294000000000000057e+02 1.333666666666666742e+02 1.362333333333333485e+02 1.377666666666666515e+02 1.355333333333333314e+02 1.337666666666666799e+02 1.320333333333333314e+02 1.296333333333333542e+02 5.367666666666666515e+02 1.067733333333333348e+03 1.989194560019872160e+00
1.289000000000000057e+02 1.294000000000000057e+02 1.333666666666666742e+02 1.362333333333333485e+02 1.377666666666666515e+02 1.355333333333333314e+02 1.337666666666666799e+02 1.320333333333333314e+02 5.279000000000000909e+02 1.067000000000000000e+03 2.021216139420344504e+00
1.308333333333333428e+02 1.289000000000000057e+02 1.294000000000000057e+02 1.333666666666666742e+02 1.362333333333333485e+02 1.377666666666666515e+02 1.355333333333333314e+02 1.337666666666666799e+02 5.225000000000000000e+02 1.065799999999999955e+03 2.039808612440191293e+00
1.316666666666666572e+02 1.308333333333333428e+02 1.289000000000000057e+02 1.294000000000000057e+02 1.333666666666666742e+02 1.362333333333333485e+02 1.377666666666666515e+02 1.355333333333333314e+02 5.207999999999999545e+02 1.063699999999999818e+03 2.042434715821812574e+00
1.330666666666666345e+02 1.316666666666666572e+02 1.308333333333333428e+02 1.289000000000000057e+02 1.294000000000000057e+02 1.333666666666666742e+02 1.362333333333333485e+02 1.377666666666666515e+02 5.244666666666665833e+02 1.061233333333333121e+03 2.023452396084911786e+00
1.380333333333333314e+02 1.330666666666666345e+02 1.316666666666666572e+02 1.308333333333333428e+02 1.289000000000000057e+02 1.294000000000000057e+02 1.333666666666666742e+02 1.362333333333333485e+02 5.336000000000000227e+02 1.061500000000000000e+03 1.989317841079460081e+00
1.371666666666666572e+02 1.380333333333333314e+02 1.330666666666666345e+02 1.316666666666666572e+02 1.308333333333333428e+02 1.289000000000000057e+02 1.294000000000000057e+02 1.333666666666666742e+02 5.399333333333332803e+02 1.062433333333333394e+03 1.967712063217681440e+00
1.380666666666666629e+02 1.371666666666666572e+02 1.380333333333333314e+02 1.330666666666666345e+02 1.316666666666666572e+02 1.308333333333333428e+02 1.289000000000000057e+02 1.294000000000000057e+02 5.463333333333332575e+02 1.067133333333333212e+03 1.953264185478950532e+00
1.392333333333333485e+02 1.380666666666666629e+02 1.371666666666666572e+02 1.380333333333333314e+02 1.330666666666666345e+02 1.316666666666666572e+02 1.308333333333333428e+02 1.289000000000000057e+02 5.525000000000000000e+02 1.076966666666666697e+03 1.949260935143288131e+00
1.422000000000000171e+02 1.392333333333333485e+02 1.380666666666666629e+02 1.371666666666666572e+02 1.380333333333333314e+02 1.330666666666666345e+02 1.316666666666666572e+02 1.308333333333333428e+02 5.566666666666667425e+02 1.090266666666666879e+03 1.958562874251497110e+00
1.462666666666666799e+02 1.422000000000000171e+02 1.392333333333333485e+02 1.380666666666666629e+02 1.371666666666666572e+02 1.380333333333333314e+02 1.330666666666666345e+02 1.316666666666666572e+02 5.657666666666666515e+02 1.105699999999999818e+03 1.954339244682731236e+00
1.476999999999999886e+02 1.462666666666666799e+02 1.422000000000000171e+02 1.392333333333333485e+02 1.380666666666666629e+02 1.371666666666666572e+02 1.380333333333333314e+02 1.330666666666666345e+02 5.754000000000000909e+02 1.121733333333333348e+03 1.949484416637701001e+00
1.505333333333333314e+02 1.476999999999999886e+02 1.462666666666666799e+02 1.422000000000000171e+02 1.392333333333333485e+02 1.380666666666666629e+02 1.371666666666666572e+02 1.380333333333333314e+02 5.867000000000000455e+02 1.139200000000000045e+03 1.941707857508096158e+00
1.520666666666666629e+02 1.505333333333333314e+02 1.476999999999999886e+02 1.462666666666666799e+02 1.422000000000000171e+02 1.392333333333333485e+02 1.380666666666666629e+02 1.371666666666666572e+02 5.965666666666667197e+02 1.153233333333333576e+03 1.933117282226071598e+00
1.545333333333333314e+02 1.520666666666666629e+02 1.505333333333333314e+02 1.476999999999999886e+02 1.462666666666666799e+02 1.422000000000000171e+02 1.392333333333333485e+02 1.380666666666666629e+02 6.048333333333332575e+02 1.170599999999999909e+03 1.935409203637365794e+00
1.586999999999999886e+02 1.545333333333333314e+02 1.520666666666666629e+02 1.505333333333333314e+02 1.476999999999999886e+02 1.462666666666666799e+02 1.422000000000000171e+02 1.392333333333333485e+02 6.158333333333333712e+02 1.191233333333333576e+03 1.934343707713126026e+00
1.642999999999999829e+02 1.586999999999999886e+02 1.545333333333333314e+02 1.520666666666666629e+02 1.505333333333333314e+02 1.476999999999999886e+02 1.462666666666666799e+02 1.422000000000000171e+02 6.295999999999999091e+02 1.216299999999999955e+03 1.931861499364676105e+00
1.627666666666666799e+02 1.642999999999999829e+02 1.586999999999999886e+02 1.545333333333333314e+02 1.520666666666666629e+02 1.505333333333333314e+02 1.476999999999999886e+02 1.462666666666666799e+02 6.402999999999999545e+02 1.236866666666666788e+03 1.931698682909053444e+00
1.654000000000000057e+02 1.627666666666666799e+02 1.642999999999999829e+02 1.586999999999999886e+02 1.545333333333333314e+02 1.520666666666666629e+02 1.505333333333333314e+02 1.476999999999999886e+02 6.511666666666667425e+02 1.256000000000000000e+03 1.928845661632966335e+00
1.667000000000000171e+02 1.654000000000000057e+02 1.627666666666666799e+02 1.642999999999999829e+02 1.586999999999999886e+02 1.545333333333333314e+02 1.520666666666666629e+02 1.505333333333333314e+02 6.591666666666666288e+02 1.275000000000000000e+03 1.934260429835651163e+00
1.641333333333333258e+02 1.667000000000000171e+02 1.654000000000000057e+02 1.627666666666666799e+02 1.642999999999999829e+02 1.586999999999999886e+02 1.545333333333333314e+02 1.520666666666666629e+02 6.590000000000000000e+02 1.288599999999999909e+03 1.955386949924127427e+00
1.667000000000000171e+02 1.641333333333333258e+02 1.667000000000000171e+02 1.654000000000000057e+02 1.627666666666666799e+02 1.642999999999999829e+02 1.586999999999999886e+02 1.545333333333333314e+02 6.629333333333333940e+02 1.303233333333333348e+03 1.965858809332260426e+00
1.728333333333333428e+02 1.667000000000000171e+02 1.641333333333333258e+02 1.667000000000000171e+02 1.654000000000000057e+02 1.627666666666666799e+02 1.642999999999999829e+02 1.586999999999999886e+02 6.703666666666666742e+02 1.321533333333333303e+03 1.971358957784297150e+00
1.736666666666666572e+02 1.728333333333333428e+02 1.667000000000000171e+02 1.641333333333333258e+02 1.667000000000000171e+02 1.654000000000000057e+02 1.627666666666666799e+02 1.642999999999999829e+02 6.773333333333333712e+02 1.336500000000000000e+03 1.973179133858267598e+00
1.774333333333333087e+02 1.736666666666666572e+02 1.728333333333333428e+02 1.667000000000000171e+02 1.641333333333333258e+02 1.667000000000000171e+02 1.654000000000000057e+02 1.627666666666666799e+02 6.906333333333333258e+02 1.349633333333333212e+03 1.954196631111539961e+00
1.838666666666666742e+02 1.774333333333333087e+02 1.736666666666666572e+02 1.728333333333333428e+02 1.667000000000000171e+02 1.641333333333333258e+02 1.667000000000000171e+02 1.654000000000000057e+02 7.077999999999999545e+02 1.370733333333333348e+03 1.936611095413016903e+00
1.960000000000000000e+02 1.838666666666666742e+02 1.774333333333333087e+02 1.736666666666666572e+02 1.728333333333333428e+02 1.667000000000000171e+02 1.641333333333333258e+02 1.667000000000000171e+02 7.309666666666665833e+02 1.401333333333333258e+03 1.917096082812713931e+00
2.004666666666666686e+02 1.960000000000000000e+02 1.838666666666666742e+02 1.774333333333333087e+02 1.736666666666666572e+02 1.728333333333333428e+02 1.667000000000000171e+02 1.641333333333333258e+02 7.577666666666666515e+02 1.435099999999999909e+03 1.893854748603351901e+00
1.780333333333333314e+02 2.004666666666666686e+02 1.960000000000000000e+02 1.838666666666666742e+02 1.774333333333333087e+02 1.736666666666666572e+02 1.728333333333333428e+02 1.667000000000000171e+02 7.583666666666666742e+02 1.449000000000000000e+03 1.910685244604632738e+00
1.695333333333333314e+02 1.780333333333333314e+02 2.004666666666666686e+02 1.960000000000000000e+02 1.838666666666666742e+02 1.774333333333333087e+02 1.736666666666666572e+02 1.728333333333333428e+02 7.440333333333333030e+02 1.451833333333333258e+03 1.951301464988127732e+00
1.713333333333333428e+02 1.695333333333333314e+02 1.780333333333333314e+02 2.004666666666666686e+02 1.960000000000000000e+02 1.838666666666666742e+02 1.774333333333333087e+02 1.736666666666666572e+02 7.193666666666666742e+02 1.450333333333333258e+03 2.016125295398730088e+00
1.738666666666666742e+02 1.713333333333333428e+02 1.695333333333333314e+02 1.780333333333333314e+02 2.004666666666666686e+02 1.960000000000000000e+02 1.838666666666666742e+02 1.774333333333333087e+02 6.927666666666666515e+02 1.450533333333333303e+03 2.093826685271616306e+00
1.769000000000000057e+02 1.738666666666666742e+02 1.713333333333333428e+02 1.695333333333333314e+02 1.780333333333333314e+02 2.004666666666666686e+02 1.960000000000000000e+02 1.838666666666666742e+02 6.916333333333333258e+02 1.450000000000000000e+03 2.096486577666393458e+00
1.820666666666666913e+02 1.769000000000000057e+02 1.738666666666666742e+02 1.713333333333333428e+02 1.695333333333333314e+02 1.780333333333333314e+02 2.004666666666666686e+02 1.960000000000000000e+02 7.041666666666667425e+02 1.448200000000000045e+03 2.056615384615384290e+00
1.842333333333333485e+02 1.820666666666666913e+02 1.769000000000000057e+02 1.738666666666666742e+02 1.713333333333333428e+02 1.695333333333333314e+02 1.780333333333333314e+02 2.004666666666666686e+02 7.170666666666667197e+02 1.436433333333333394e+03 2.003207512086277564e+00
1.846333333333333258e+02 1.842333333333333485e+02 1.820666666666666913e+02 1.769000000000000057e+02 1.738666666666666742e+02 1.713333333333333428e+02 1.695333333333333314e+02 1.780333333333333314e+02 7.278333333333333712e+02 1.420599999999999909e+03 1.951820471719715844e+00
1.880000000000000000e+02 1.846333333333333258e+02 1.842333333333333485e+02 1.820666666666666913e+02 1.769000000000000057e+02 1.738666666666666742e+02 1.713333333333333428e+02 1.695333333333333314e+02 7.389333333333333940e+02 1.430566666666666606e+03 1.935988812702995165e+00
1.959000000000000057e+02 1.880000000000000000e+02 1.846333333333333258e+02 1.842333333333333485e+02 1.820666666666666913e+02 1.769000000000000057e+02 1.738666666666666742e+02 1.713333333333333428e+02 7.527666666666666515e+02 1.456933333333333394e+03 1.935438161448877592e+00
2.037000000000000171e+02 1.959000000000000057e+02 1.880000000000000000e+02 1.846333333333333258e+02 1.842333333333333485e+02 1.820666666666666913e+02 1.769000000000000057e+02 1.738666666666666742e+02 7.722333333333333485e+02 1.489300000000000182e+03 1.928562178961453988e+00
2.038333333333333428e+02 2.037000000000000171e+02 1.959000000000000057e+02 1.880000000000000000e+02 1.846333333333333258e+02 1.842333333333333485e+02 1.820666666666666913e+02 1.769000000000000057e+02 7.914333333333333940e+02 1.519266666666666879e+03 1.919639472686686776e+00
2.007666666666666515e+02 2.038333333333333428e+02 2.037000000000000171e+02 1.959000000000000057e+02 1.880000000000000000e+02 1.846333333333333258e+02 1.842333333333333485e+02 1.820666666666666913e+02 8.042000000000000455e+02 1.543133333333333439e+03 1.918842742269750490e+00
2.021666666666666572e+02 2.007666666666666515e+02 2.038333333333333428e+02 2.037000000000000171e+02 1.959000000000000057e+02 1.880000000000000000e+02 1.846333333333333258e+02 1.842333333333333485e+02 8.104666666666666970e+02 1.563233333333333348e+03 1.928806448959447195e+00
2.018000000000000398e+02 2.021666666666666572e+02 2.007666666666666515e+02 2.038333333333333428e+02 2.037000000000000171e+02 1.959000000000000057e+02 1.880000000000000000e+02 1.846333333333333258e+02 8.085666666666667197e+02 1.580800000000000182e+03 1.955064517458877882e+00
2.023999999999999773e+02 2.018000000000000398e+02 2.021666666666666572e+02 2.007666666666666515e+02 2.038333333333333428e+02 2.037000000000000171e+02 1.959000000000000057e+02 1.880000000000000000e+02 8.071333333333333258e+02 1.598566666666666606e+03 1.980548443049475527e+00
2.022666666666666515e+02 2.023999999999999773e+02 2.018000000000000398e+02 2.021666666666666572e+02 2.007666666666666515e+02 2.038333333333333428e+02 2.037000000000000171e+02 1.959000000000000057e+02 8.086333333333333258e+02 1.612833333333333485e+03 1.994517498660291155e+00
2.035999999999999943e+02 2.022666666666666515e+02 2.023999999999999773e+02 2.018000000000000398e+02 2.021666666666666572e+02 2.007666666666666515e+02 2.038333333333333428e+02 2.037000000000000171e+02 8.100666666666667197e+02 1.620533333333333303e+03 2.000493786519627726e+00
2.039666666666666970e+02 2.035999999999999943e+02 2.022666666666666515e+02 2.023999999999999773e+02 2.018000000000000398e+02 2.021666666666666572e+02 2.007666666666666515e+02 2.038333333333333428e+02 8.122333333333333485e+02 1.620800000000000182e+03 1.995485697870070352e+00
2.041666666666666572e+02 2.039666666666666970e+02 2.035999999999999943e+02 2.022666666666666515e+02 2.023999999999999773e+02 2.018000000000000398e+02 2.021666666666666572e+02 2.007666666666666515e+02 8.140000000000000000e+02 1.621133333333333212e+03 1.991564291564291489e+00
2.019000000000000057e+02 2.041666666666666572e+02 2.039666666666666970e+02 2.035999999999999943e+02 2.022666666666666515e+02 2.023999999999999773e+02 2.018000000000000398e+02 2.021666666666666572e+02 8.136333333333333258e+02 1.622266666666666652e+03 1.993854725715924481e+00
2.055000000000000000e+02 2.019000000000000057e+02 2.041666666666666572e+02 2.039666666666666970e+02 2.035999999999999943e+02 2.022666666666666515e+02 2.023999999999999773e+02 2.018000000000000398e+02 8.155333333333333030e+02 1.625599999999999909e+03 1.993296820076841280e+00
2.082000000000000171e+02 2.055000000000000000e+02 2.019000000000000057e+02 2.041666666666666572e+02 2.039666666666666970e+02 2.035999999999999943e+02 2.022666666666666515e+02 2.023999999999999773e+02 8.197666666666666515e+02 1.632000000000000000e+03 1.990810393201317474e+00
2.071333333333333258e+02 2.082000000000000171e+02 2.055000000000000000e+02 2.019000000000000057e+02 2.041666666666666572e+02 2.039666666666666970e+02 2.035999999999999943e+02 2.022666666666666515e+02 8.227333333333333485e+02 1.636733333333333348e+03 1.989384976906247493e+00
2.004333333333333087e+02 2.071333333333333258e+02 2.082000000000000171e+02 2.055000000000000000e+02 2.019000000000000057e+02 2.041666666666666572e+02 2.039666666666666970e+02 2.035999999999999943e+02 8.212666666666666515e+02 1.634900000000000091e+03 1.990705414400519624e+00
1.915333333333333314e+02 2.004333333333333087e+02 2.071333333333333258e+02 2.082000000000000171e+02 2.055000000000000000e+02 2.019000000000000057e+02 2.041666666666666572e+02 2.039666666666666970e+02 8.072999999999999545e+02 1.622833333333333258e+03 2.010198604401502998e+00
1.930333333333333314e+02 1.915333333333333314e+02 2.004333333333333087e+02 2.071333333333333258e+02 2.082000000000000171e+02 2.055000000000000000e+02 2.019000000000000057e+02 2.041666666666666572e+02 7.921333333333333258e+02 1.611900000000000091e+03 2.034884699545531195e+00
1.916333333333333258e+02 1.930333333333333314e+02 1.915333333333333314e+02 2.004333333333333087e+02 2.071333333333333258e+02 2.082000000000000171e+02 2.055000000000000000e+02 2.019000000000000057e+02 7.766333333333332121e+02 1.599366666666666561e+03 2.059358770762693691e+00
1.855666666666666913e+02 1.916333333333333258e+02 1.930333333333333314e+02 1.915333333333333314e+02 2.004333333333333087e+02 2.071333333333333258e+02 2.082000000000000171e+02 2.055000000000000000e+02 7.617666666666666515e+02 1.583033333333333303e+03 2.078107907058154513e+00
1.820000000000000000e+02 1.855666666666666913e+02 1.916333333333333258e+02 1.930333333333333314e+02 1.915333333333333314e+02 2.004333333333333087e+02 2.071333333333333258e+02 2.082000000000000171e+02 7.522333333333333485e+02 1.559533333333333303e+03 2.073204236274205581e+00
1.853666666666666742e+02 1.820000000000000000e+02 1.855666666666666913e+02 1.916333333333333258e+02 1.930333333333333314e+02 1.915333333333333314e+02 2.004333333333333087e+02 2.071333333333333258e+02 7.445666666666667197e+02 1.536700000000000045e+03 2.063885033800420654e+00
1.870666666666666345e+02 1.853666666666666742e+02 1.820000000000000000e+02 1.855666666666666913e+02 1.916333333333333258e+02 1.930333333333333314e+02 1.915333333333333314e+02 2.004333333333333087e+02 7.400000000000000000e+02 1.516633333333333212e+03 2.049504504504504165e+00
1.870666666666666913e+02 1.870666666666666345e+02 1.853666666666666742e+02 1.820000000000000000e+02 1.855666666666666913e+02 1.916333333333333258e+02 1.930333333333333314e+02 1.915333333333333314e+02 7.415000000000000000e+02 1.503266666666666652e+03 2.027331984715666557e+00
1.912666666666666515e+02 1.870666666666666913e+02 1.870666666666666345e+02 1.853666666666666742e+02 1.820000000000000000e+02 1.855666666666666913e+02 1.916333333333333258e+02 1.930333333333333314e+02 7.507666666666666515e+02 1.503000000000000000e+03 2.001953558584558035e+00
1.931333333333333258e+02 1.912666666666666515e+02 1.870666666666666913e+02 1.870666666666666345e+02 1.853666666666666742e+02 1.820000000000000000e+02 1.855666666666666913e+02 1.916333333333333258e+02 7.585333333333333030e+02 1.503099999999999909e+03 1.981587273686060691e+00
1.938666666666666742e+02 1.931333333333333258e+02 1.912666666666666515e+02 1.870666666666666913e+02 1.870666666666666345e+02 1.853666666666666742e+02 1.820000000000000000e+02 1.855666666666666913e+02 7.653333333333333712e+02 1.505333333333333485e+03 1.966898954703832914e+00
