-1.000000000000000000e+08 -1.000000000000000000e+08 -1.000000000000000000e+08 -1.000000000000000000e+08 -1.000000000000000000e+08 -1.000000000000000000e+08 -1.000000000000000000e+08 -1.000000000000000000e+08 -4.000000000000000000e+08 -8.000000000000000000e+08 2.000000000000000000e+00
-1.000000000000000000e+08 -1.000000000000000000e+08 -1.000000000000000000e+08 -1.000000000000000000e+08 -1.000000000000000000e+08 -1.000000000000000000e+08 -1.000000000000000000e+08 -1.000000000000000000e+08 -4.000000000000000000e+08 -8.000000000000000000e+08 2.000000000000000000e+00
-1.000000000000000000e+08 -1.000000000000000000e+08 -1.000000000000000000e+08 -1.000000000000000000e+08 -1.000000000000000000e+08 -1.000000000000000000e+08 -1.000000000000000000e+08 -1.000000000000000000e+08 -4.000000000000000000e+08 -8.000000000000000000e+08 2.000000000000000000e+00
-1.000000000000000000e+08 -1.000000000000000000e+08 -1.000000000000000000e+08 -1.000000000000000000e+08 -1.000000000000000000e+08 -1.000000000000000000e+08 -1.000000000000000000e+08 -1.000000000000000000e+08 -4.000000000000000000e+08 -8.000000000000000000e+08 2.000000000000000000e+00
-1.000000000000000000e+08 -1.000000000000000000e+08 -1.000000000000000000e+08 -1.000000000000000000e+08 -1.000000000000000000e+08 -1.000000000000000000e+08 -1.000000000000000000e+08 -1.000000000000000000e+08 -4.000000000000000000e+08 -8.000000000000000000e+08 2.000000000000000000e+00
-1.000000000000000000e+08 -1.000000000000000000e+08 -1.000000000000000000e+08 -1.000000000000000000e+08 -1.000000000000000000e+08 -1.000000000000000000e+08 -1.000000000000000000e+08 -1.000000000000000000e+08 -4.000000000000000000e+08 -8.000000000000000000e+08 2.000000000000000000e+00
-1.000000000000000000e+08 -1.000000000000000000e+08 -1.000000000000000000e+08 -1.000000000000000000e+08 -1.000000000000000000e+08 -1.000000000000000000e+08 -1.000000000000000000e+08 -1.000000000000000000e+08 -4.000000000000000000e+08 -8.000000000000000000e+08 2.000000000000000000e+00
-1.000000000000000000e+08 -1.000000000000000000e+08 -1.000000000000000000e+08 -1.000000000000000000e+08 -1.000000000000000000e+08 -1.000000000000000000e+08 -1.000000000000000000e+08 -1.000000000000000000e+08 -4.000000000000000000e+08 -8.000000000000000000e+08 2.000000000000000000e+00
-1.000000000000000000e+08 -1.000000000000000000e+08 -1.000000000000000000e+08 -1.000000000000000000e+08 -1.000000000000000000e+08 -1.000000000000000000e+08 -1.000000000000000000e+08 -1.000000000000000000e+08 -4.000000000000000000e+08 -8.000000000000000000e+08 2.000000000000000000e+00
-1.000000000000000000e+08 -1.000000000000000000e+08 -1.000000000000000000e+08 -1.000000000000000000e+08 -1.000000000000000000e+08 -1.000000000000000000e+08 -1.000000000000000000e+08 -1.000000000000000000e+08 -4.000000000000000000e+08 -8.000000000000000000e+08 2.000000000000000000e+00
-1.000000000000000000e+08 -1.000000000000000000e+08 -1.000000000000000000e+08 -1.000000000000000000e+08 -1.000000000000000000e+08 -1.000000000000000000e+08 -1.000000000000000000e+08 -1.000000000000000000e+08 -4.000000000000000000e+08 -8.000000000000000000e+08 2.000000000000000000e+00
-1.000000000000000000e+08 -1.000000000000000000e+08 -1.000000000000000000e+08 -1.000000000000000000e+08 -1.000000000000000000e+08 -1.000000000000000000e+08 -1.000000000000000000e+08 -1.000000000000000000e+08 -4.000000000000000000e+08 -8.000000000000000000e+08 2.000000000000000000e+00
1.239999999999999991e+00 -1.000000000000000000e+08 -1.000000000000000000e+08 -1.000000000000000000e+08 -1.000000000000000000e+08 -1.000000000000000000e+08 -1.000000000000000000e+08 -1.000000000000000000e+08 -2.999999987599999905e+08 -6.999999987599999905e+08 2.333333338844444604e+00
1.246000000000000218e+00 1.239999999999999991e+00 -1.000000000000000000e+08 -1.000000000000000000e+08 -1.000000000000000000e+08 -1.000000000000000000e+08 -1.000000000000000000e+08 -1.000000000000000000e+08 -1.999999975139999986e+08 -5.999999975139999390e+08 3.000000024859999836e+00
1.337333333333333485e+00 1.246000000000000218e+00 1.239999999999999991e+00 -1.000000000000000000e+08 -1.000000000000000000e+08 -1.000000000000000000e+08 -1.000000000000000000e+08 -1.000000000000000000e+08 -9.999999617666666210e+07 -4.999999961766666770e+08 5.000000152933339770e+00
1.310666666666666647e+00 1.337333333333333485e+00 1.246000000000000218e+00 1.239999999999999991e+00 -1.000000000000000000e+08 -1.000000000000000000e+08 -1.000000000000000000e+08 -1.000000000000000000e+08 5.134000000000000341e+00 -3.999999948659999967e+08 -7.791195848578105867e+07
1.250333333333333297e+00 1.310666666666666647e+00 1.337333333333333485e+00 1.246000000000000218e+00 1.239999999999999991e+00 -1.000000000000000000e+08 -1.000000000000000000e+08 -1.000000000000000000e+08 5.144333333333333869e+00 -2.999999936156666279e+08 -5.831659306985031068e+07
1.278666666666666840e+00 1.250333333333333297e+00 1.310666666666666647e+00 1.337333333333333485e+00 1.246000000000000218e+00 1.239999999999999991e+00 -1.000000000000000000e+08 -1.000000000000000000e+08 5.176999999999999602e+00 -1.999999923370000124e+08 -3.863241111396562308e+07
1.420666666666666522e+00 1.278666666666666840e+00 1.250333333333333297e+00 1.310666666666666647e+00 1.337333333333333485e+00 1.246000000000000218e+00 1.239999999999999991e+00 -1.000000000000000000e+08 5.260333333333333528e+00 -9.999999091633333266e+07 -1.901020041499271244e+07
1.381666666666666599e+00 1.420666666666666522e+00 1.278666666666666840e+00 1.250333333333333297e+00 1.310666666666666647e+00 1.337333333333333485e+00 1.246000000000000218e+00 1.239999999999999991e+00 5.331333333333333258e+00 1.046533333333333360e+01 1.962986119794923212e+00
1.403333333333333321e+00 1.381666666666666599e+00 1.420666666666666522e+00 1.278666666666666840e+00 1.250333333333333297e+00 1.310666666666666647e+00 1.337333333333333485e+00 1.246000000000000218e+00 5.484333333333333727e+00 1.062866666666666760e+01 1.938005227010271669e+00
1.399666666666666615e+00 1.403333333333333321e+00 1.381666666666666599e+00 1.420666666666666522e+00 1.278666666666666840e+00 1.250333333333333297e+00 1.310666666666666647e+00 1.337333333333333485e+00 5.605333333333333279e+00 1.078233333333333377e+01 1.923584681255946727e+00
1.366333333333333400e+00 1.399666666666666615e+00 1.403333333333333321e+00 1.381666666666666599e+00 1.420666666666666522e+00 1.278666666666666840e+00 1.250333333333333297e+00 1.310666666666666647e+00 5.551000000000000156e+00 1.081133333333333368e+01 1.947637062391160745e+00
1.375333333333333519e+00 1.366333333333333400e+00 1.399666666666666615e+00 1.403333333333333321e+00 1.381666666666666599e+00 1.420666666666666522e+00 1.278666666666666840e+00 1.250333333333333297e+00 5.544666666666667076e+00 1.087600000000000122e+01 1.961524588192858021e+00
1.335666666666666780e+00 1.375333333333333519e+00 1.366333333333333400e+00 1.399666666666666615e+00 1.403333333333333321e+00 1.381666666666666599e+00 1.420666666666666522e+00 1.278666666666666840e+00 5.477000000000000313e+00 1.096133333333333404e+01 2.001338932505629664e+00
1.229333333333333167e+00 1.335666666666666780e+00 1.375333333333333519e+00 1.366333333333333400e+00 1.399666666666666615e+00 1.403333333333333321e+00 1.381666666666666599e+00 1.420666666666666522e+00 5.306666666666666643e+00 1.091199999999999903e+01 2.056281407035175590e+00
1.221000000000000085e+00 1.229333333333333167e+00 1.335666666666666780e+00 1.375333333333333519e+00 1.366333333333333400e+00 1.399666666666666615e+00 1.403333333333333321e+00 1.381666666666666599e+00 5.161333333333333329e+00 1.071233333333333348e+01 2.075497287522603873e+00
1.192666666666666764e+00 1.221000000000000085e+00 1.229333333333333167e+00 1.335666666666666780e+00 1.375333333333333519e+00 1.366333333333333400e+00 1.399666666666666615e+00 1.403333333333333321e+00 4.978666666666666352e+00 1.052333333333333343e+01 2.113685056239957394e+00
1.154000000000000137e+00 1.192666666666666764e+00 1.221000000000000085e+00 1.229333333333333167e+00 1.335666666666666780e+00 1.375333333333333519e+00 1.366333333333333400e+00 1.399666666666666615e+00 4.796999999999999709e+00 1.027400000000000091e+01 2.141755263706483614e+00
1.109333333333333282e+00 1.154000000000000137e+00 1.192666666666666764e+00 1.221000000000000085e+00 1.229333333333333167e+00 1.335666666666666780e+00 1.375333333333333519e+00 1.366333333333333400e+00 4.677000000000000490e+00 9.983666666666668021e+00 2.134630461121801659e+00
1.276000000000000023e+00 1.109333333333333282e+00 1.154000000000000137e+00 1.192666666666666764e+00 1.221000000000000085e+00 1.229333333333333167e+00 1.335666666666666780e+00 1.375333333333333519e+00 4.732000000000000206e+00 9.893333333333334423e+00 2.090729783037475364e+00
1.370333333333333181e+00 1.276000000000000023e+00 1.109333333333333282e+00 1.154000000000000137e+00 1.192666666666666764e+00 1.221000000000000085e+00 1.229333333333333167e+00 1.335666666666666780e+00 4.909666666666666401e+00 9.888333333333331865e+00 2.014053907257790765e+00
1.428000000000000158e+00 1.370333333333333181e+00 1.276000000000000023e+00 1.109333333333333282e+00 1.154000000000000137e+00 1.192666666666666764e+00 1.221000000000000085e+00 1.229333333333333167e+00 5.183666666666667311e+00 9.980666666666667908e+00 1.925406726255546319e+00
1.560666666666666424e+00 1.428000000000000158e+00 1.370333333333333181e+00 1.276000000000000023e+00 1.109333333333333282e+00 1.154000000000000137e+00 1.192666666666666764e+00 1.221000000000000085e+00 5.634999999999999787e+00 1.031200000000000117e+01 1.829991126885537112e+00
1.674999999999999822e+00 1.560666666666666424e+00 1.428000000000000158e+00 1.370333333333333181e+00 1.276000000000000023e+00 1.109333333333333282e+00 1.154000000000000137e+00 1.192666666666666764e+00 6.033999999999998920e+00 1.076599999999999824e+01 1.784222737819025628e+00
1.676999999999999824e+00 1.674999999999999822e+00 1.560666666666666424e+00 1.428000000000000158e+00 1.370333333333333181e+00 1.276000000000000023e+00 1.109333333333333282e+00 1.154000000000000137e+00 6.340666666666665563e+00 1.125033333333333196e+01 1.774313952265797578e+00
1.651000000000000023e+00 1.676999999999999824e+00 1.674999999999999822e+00 1.560666666666666424e+00 1.428000000000000158e+00 1.370333333333333181e+00 1.276000000000000023e+00 1.109333333333333282e+00 6.563666666666666316e+00 1.174733333333333363e+01 1.789751663196384346e+00
1.596333333333333160e+00 1.651000000000000023e+00 1.676999999999999824e+00 1.674999999999999822e+00 1.560666666666666424e+00 1.428000000000000158e+00 1.370333333333333181e+00 1.276000000000000023e+00 6.599333333333333051e+00 1.223433333333333195e+01 1.853874128699868562e+00
1.747666666666666702e+00 1.596333333333333160e+00 1.651000000000000023e+00 1.676999999999999824e+00 1.674999999999999822e+00 1.560666666666666424e+00 1.428000000000000158e+00 1.370333333333333181e+00 6.671999999999999709e+00 1.270599999999999952e+01 1.904376498800959272e+00
1.581999999999999851e+00 1.747666666666666702e+00 1.596333333333333160e+00 1.651000000000000023e+00 1.676999999999999824e+00 1.674999999999999822e+00 1.560666666666666424e+00 1.428000000000000158e+00 6.576999999999999069e+00 1.291766666666666552e+01 1.964066697075667944e+00
1.341666666666666785e+00 1.581999999999999851e+00 1.747666666666666702e+00 1.596333333333333160e+00 1.651000000000000023e+00 1.676999999999999824e+00 1.674999999999999822e+00 1.560666666666666424e+00 6.267666666666666053e+00 1.283133333333333326e+01 2.047226506408552194e+00
1.316000000000000059e+00 1.341666666666666785e+00 1.581999999999999851e+00 1.747666666666666702e+00 1.596333333333333160e+00 1.651000000000000023e+00 1.676999999999999824e+00 1.674999999999999822e+00 5.987333333333332952e+00 1.258666666666666600e+01 2.102215788887651815e+00
1.536666666666666847e+00 1.316000000000000059e+00 1.341666666666666785e+00 1.581999999999999851e+00 1.747666666666666702e+00 1.596333333333333160e+00 1.651000000000000023e+00 1.676999999999999824e+00 5.776333333333333542e+00 1.244833333333333414e+01 2.155057995268047755e+00
1.543666666666666742e+00 1.536666666666666847e+00 1.316000000000000059e+00 1.341666666666666785e+00 1.581999999999999851e+00 1.747666666666666702e+00 1.596333333333333160e+00 1.651000000000000023e+00 5.738000000000000433e+00 1.231499999999999950e+01 2.146218194492854447e+00
1.571333333333333471e+00 1.543666666666666742e+00 1.536666666666666847e+00 1.316000000000000059e+00 1.341666666666666785e+00 1.581999999999999851e+00 1.747666666666666702e+00 1.596333333333333160e+00 5.967666666666667119e+00 1.223533333333333317e+01 2.050270904317712084e+00
1.731333333333333391e+00 1.571333333333333471e+00 1.543666666666666742e+00 1.536666666666666847e+00 1.316000000000000059e+00 1.341666666666666785e+00 1.581999999999999851e+00 1.747666666666666702e+00 6.383000000000000895e+00 1.237033333333333474e+01 1.938012428847459390e+00
1.650333333333333208e+00 1.731333333333333391e+00 1.571333333333333471e+00 1.543666666666666742e+00 1.536666666666666847e+00 1.316000000000000059e+00 1.341666666666666785e+00 1.581999999999999851e+00 6.496666666666667034e+00 1.227299999999999969e+01 1.889122626988198883e+00
1.739666666666666694e+00 1.650333333333333208e+00 1.731333333333333391e+00 1.571333333333333471e+00 1.543666666666666742e+00 1.536666666666666847e+00 1.316000000000000059e+00 1.341666666666666785e+00 6.692666666666666764e+00 1.243066666666666720e+01 1.857356310389481013e+00
1.661000000000000254e+00 1.739666666666666694e+00 1.650333333333333208e+00 1.731333333333333391e+00 1.571333333333333471e+00 1.543666666666666742e+00 1.536666666666666847e+00 1.316000000000000059e+00 6.782333333333333769e+00 1.275000000000000000e+01 1.879884012385118153e+00
1.806666666666666643e+00 1.661000000000000254e+00 1.739666666666666694e+00 1.650333333333333208e+00 1.731333333333333391e+00 1.571333333333333471e+00 1.543666666666666742e+00 1.536666666666666847e+00 6.857666666666666799e+00 1.324066666666666769e+01 1.930783065182520852e+00
2.049666666666666970e+00 1.806666666666666643e+00 1.661000000000000254e+00 1.739666666666666694e+00 1.650333333333333208e+00 1.731333333333333391e+00 1.571333333333333471e+00 1.543666666666666742e+00 7.257000000000000561e+00 1.375366666666666760e+01 1.895227596343759924e+00
2.032333333333333325e+00 2.049666666666666970e+00 1.806666666666666643e+00 1.661000000000000254e+00 1.739666666666666694e+00 1.650333333333333208e+00 1.731333333333333391e+00 1.571333333333333471e+00 7.549666666666667858e+00 1.424233333333333462e+01 1.886485054527793581e+00
2.088666666666666671e+00 2.032333333333333325e+00 2.049666666666666970e+00 1.806666666666666643e+00 1.661000000000000254e+00 1.739666666666666694e+00 1.650333333333333208e+00 1.731333333333333391e+00 7.977333333333334053e+00 1.475966666666666782e+01 1.850200568276784141e+00
2.109666666666666579e+00 2.088666666666666671e+00 2.032333333333333325e+00 2.049666666666666970e+00 1.806666666666666643e+00 1.661000000000000254e+00 1.739666666666666694e+00 1.650333333333333208e+00 8.280333333333333101e+00 1.513799999999999990e+01 1.828187271043838935e+00
2.339000000000000412e+00 2.109666666666666579e+00 2.088666666666666671e+00 2.032333333333333325e+00 2.049666666666666970e+00 1.806666666666666643e+00 1.661000000000000254e+00 1.739666666666666694e+00 8.569666666666666544e+00 1.582666666666666799e+01 1.846824069392041912e+00
2.715999999999999748e+00 2.339000000000000412e+00 2.109666666666666579e+00 2.088666666666666671e+00 2.032333333333333325e+00 2.049666666666666970e+00 1.806666666666666643e+00 1.661000000000000254e+00 9.253333333333333854e+00 1.680300000000000082e+01 1.815886167146974151e+00
2.569666666666666544e+00 2.715999999999999748e+00 2.339000000000000412e+00 2.109666666666666579e+00 2.088666666666666671e+00 2.032333333333333325e+00 2.049666666666666970e+00 1.806666666666666643e+00 9.734333333333331950e+00 1.771166666666666600e+01 1.819504845392596826e+00
2.521999999999999797e+00 2.569666666666666544e+00 2.715999999999999748e+00 2.339000000000000412e+00 2.109666666666666579e+00 2.088666666666666671e+00 2.032333333333333325e+00 2.049666666666666970e+00 1.014666666666666650e+01 1.842699999999999960e+01 1.816064388961892151e+00
2.984999999999999432e+00 2.521999999999999797e+00 2.569666666666666544e+00 2.715999999999999748e+00 2.339000000000000412e+00 2.109666666666666579e+00 2.088666666666666671e+00 2.032333333333333325e+00 1.079266666666666552e+01 1.936233333333333206e+01 1.794026808326641520e+00
2.983333333333333837e+00 2.984999999999999432e+00 2.521999999999999797e+00 2.569666666666666544e+00 2.715999999999999748e+00 2.339000000000000412e+00 2.109666666666666579e+00 2.088666666666666671e+00 1.106000000000000050e+01 2.031333333333333258e+01 1.836648583484026265e+00
2.440999999999999837e+00 2.983333333333333837e+00 2.984999999999999432e+00 2.521999999999999797e+00 2.569666666666666544e+00 2.715999999999999748e+00 2.339000000000000412e+00 2.109666666666666579e+00 1.093133333333333290e+01 2.066566666666666663e+01 1.890498261877172625e+00
2.514333333333333531e+00 2.440999999999999837e+00 2.983333333333333837e+00 2.984999999999999432e+00 2.521999999999999797e+00 2.569666666666666544e+00 2.715999999999999748e+00 2.339000000000000412e+00 1.092366666666666752e+01 2.107033333333333402e+01 1.928870037533184645e+00
3.174333333333333229e+00 2.514333333333333531e+00 2.440999999999999837e+00 2.983333333333333837e+00 2.984999999999999432e+00 2.521999999999999797e+00 2.569666666666666544e+00 2.715999999999999748e+00 1.111299999999999955e+01 2.190566666666666507e+01 1.971174900266954522e+00
3.049666666666666970e+00 3.174333333333333229e+00 2.514333333333333531e+00 2.440999999999999837e+00 2.983333333333333837e+00 2.984999999999999432e+00 2.521999999999999797e+00 2.569666666666666544e+00 1.117933333333333223e+01 2.223933333333333451e+01 1.989325541177172418e+00
3.170333333333333226e+00 3.049666666666666970e+00 3.174333333333333229e+00 2.514333333333333531e+00 2.440999999999999837e+00 2.983333333333333837e+00 2.984999999999999432e+00 2.521999999999999797e+00 1.190866666666666696e+01 2.283999999999999986e+01 1.917930918658679929e+00
3.310999999999999943e+00 3.170333333333333226e+00 3.049666666666666970e+00 3.174333333333333229e+00 2.514333333333333531e+00 2.440999999999999837e+00 2.983333333333333837e+00 2.984999999999999432e+00 1.270533333333333381e+01 2.362900000000000134e+01 1.859770175254486402e+00
3.943999999999999506e+00 3.310999999999999943e+00 3.170333333333333226e+00 3.049666666666666970e+00 3.174333333333333229e+00 2.514333333333333531e+00 2.440999999999999837e+00 2.983333333333333837e+00 1.347499999999999964e+01 2.458800000000000097e+01 1.824712430426716159e+00
4.055000000000000604e+00 3.943999999999999506e+00 3.310999999999999943e+00 3.170333333333333226e+00 3.049666666666666970e+00 3.174333333333333229e+00 2.514333333333333531e+00 2.440999999999999837e+00 1.448033333333333417e+01 2.565966666666666640e+01 1.772035634538799531e+00
2.514999999999999680e+00 4.055000000000000604e+00 3.943999999999999506e+00 3.310999999999999943e+00 3.170333333333333226e+00 3.049666666666666970e+00 3.174333333333333229e+00 2.514333333333333531e+00 1.382499999999999929e+01 2.573366666666666447e+01 1.861386377335744413e+00
2.101666666666666572e+00 2.514999999999999680e+00 4.055000000000000604e+00 3.943999999999999506e+00 3.310999999999999943e+00 3.170333333333333226e+00 3.049666666666666970e+00 3.174333333333333229e+00 1.261566666666666592e+01 2.532099999999999795e+01 2.007107564668269450e+00
2.518333333333333091e+00 2.101666666666666572e+00 2.514999999999999680e+00 4.055000000000000604e+00 3.943999999999999506e+00 3.310999999999999943e+00 3.170333333333333226e+00 3.049666666666666970e+00 1.118999999999999950e+01 2.466499999999999915e+01 2.204200178731009707e+00
2.748666666666666814e+00 2.518333333333333091e+00 2.101666666666666572e+00 2.514999999999999680e+00 4.055000000000000604e+00 3.943999999999999506e+00 3.310999999999999943e+00 3.170333333333333226e+00 9.883666666666666600e+00 2.436400000000000077e+01 2.465077063168190197e+00
2.803000000000000380e+00 2.748666666666666814e+00 2.518333333333333091e+00 2.101666666666666572e+00 2.514999999999999680e+00 4.055000000000000604e+00 3.943999999999999506e+00 3.310999999999999943e+00 1.017166666666666686e+01 2.399666666666666615e+01 2.359167622480747184e+00
2.920666666666666966e+00 2.803000000000000380e+00 2.748666666666666814e+00 2.518333333333333091e+00 2.101666666666666572e+00 2.514999999999999680e+00 4.055000000000000604e+00 3.943999999999999506e+00 1.099066666666666769e+01 2.360633333333333184e+01 2.147852723522988949e+00
3.005333333333332746e+00 2.920666666666666966e+00 2.803000000000000380e+00 2.748666666666666814e+00 2.518333333333333091e+00 2.101666666666666572e+00 2.514999999999999680e+00 4.055000000000000604e+00 1.147766666666666779e+01 2.266766666666666907e+01 1.974936833851247409e+00
2.912999999999999812e+00 3.005333333333332746e+00 2.920666666666666966e+00 2.803000000000000380e+00 2.748666666666666814e+00 2.518333333333333091e+00 2.101666666666666572e+00 2.514999999999999680e+00 1.164200000000000124e+01 2.152566666666666606e+01 1.848966386073412016e+00
3.088666666666666227e+00 2.912999999999999812e+00 3.005333333333332746e+00 2.920666666666666966e+00 2.803000000000000380e+00 2.748666666666666814e+00 2.518333333333333091e+00 2.101666666666666572e+00 1.192766666666666531e+01 2.209933333333333394e+01 1.852779252717771330e+00
3.491999999999999549e+00 3.088666666666666227e+00 2.912999999999999812e+00 3.005333333333332746e+00 2.920666666666666966e+00 2.803000000000000380e+00 2.748666666666666814e+00 2.518333333333333091e+00 1.249899999999999878e+01 2.348966666666666470e+01 1.879323679227671517e+00
3.983000000000000096e+00 3.491999999999999549e+00 3.088666666666666227e+00 2.912999999999999812e+00 3.005333333333332746e+00 2.920666666666666966e+00 2.803000000000000380e+00 2.748666666666666814e+00 1.347666666666666657e+01 2.495433333333333437e+01 1.851669552312639189e+00
3.846000000000000085e+00 3.983000000000000096e+00 3.491999999999999549e+00 3.088666666666666227e+00 2.912999999999999812e+00 3.005333333333332746e+00 2.920666666666666966e+00 2.803000000000000380e+00 1.440966666666666640e+01 2.605166666666666941e+01 1.807929861898262880e+00
3.580000000000000071e+00 3.846000000000000085e+00 3.983000000000000096e+00 3.491999999999999549e+00 3.088666666666666227e+00 2.912999999999999812e+00 3.005333333333332746e+00 2.920666666666666966e+00 1.490099999999999980e+01 2.682866666666666333e+01 1.800460819184394490e+00
3.813333333333333020e+00 3.580000000000000071e+00 3.846000000000000085e+00 3.983000000000000096e+00 3.491999999999999549e+00 3.088666666666666227e+00 2.912999999999999812e+00 3.005333333333332746e+00 1.522233333333333327e+01 2.772133333333333383e+01 1.821096196378128695e+00
3.904999999999999805e+00 3.813333333333333020e+00 3.580000000000000071e+00 3.846000000000000085e+00 3.983000000000000096e+00 3.491999999999999549e+00 3.088666666666666227e+00 2.912999999999999812e+00 1.514433333333333209e+01 2.862099999999999866e+01 1.889881803975084207e+00
3.884666666666666490e+00 3.904999999999999805e+00 3.813333333333333020e+00 3.580000000000000071e+00 3.846000000000000085e+00 3.983000000000000096e+00 3.491999999999999549e+00 3.088666666666666227e+00 1.518299999999999983e+01 2.959266666666666623e+01 1.949065841182023640e+00
3.731999999999999762e+00 3.884666666666666490e+00 3.904999999999999805e+00 3.813333333333333020e+00 3.580000000000000071e+00 3.846000000000000085e+00 3.983000000000000096e+00 3.491999999999999549e+00 1.533499999999999908e+01 3.023599999999999710e+01 1.971698728399086997e+00
3.817666666666666320e+00 3.731999999999999762e+00 3.884666666666666490e+00 3.904999999999999805e+00 3.813333333333333020e+00 3.580000000000000071e+00 3.846000000000000085e+00 3.983000000000000096e+00 1.533933333333333238e+01 3.056166666666666742e+01 1.992372549871789467e+00
3.835333333333333261e+00 3.817666666666666320e+00 3.731999999999999762e+00 3.884666666666666490e+00 3.904999999999999805e+00 3.813333333333333020e+00 3.580000000000000071e+00 3.846000000000000085e+00 1.526966666666666583e+01 3.041399999999999793e+01 1.991792005937697896e+00
3.825333333333333030e+00 3.835333333333333261e+00 3.817666666666666320e+00 3.731999999999999762e+00 3.884666666666666490e+00 3.904999999999999805e+00 3.813333333333333020e+00 3.580000000000000071e+00 1.521033333333333104e+01 3.039333333333333087e+01 1.998202976046985713e+00
3.585999999999999854e+00 3.825333333333333030e+00 3.835333333333333261e+00 3.817666666666666320e+00 3.731999999999999762e+00 3.884666666666666490e+00 3.904999999999999805e+00 3.813333333333333020e+00 1.506433333333333202e+01 3.039933333333333110e+01 2.017967384329431457e+00
3.701333333333332920e+00 3.585999999999999854e+00 3.825333333333333030e+00 3.835333333333333261e+00 3.817666666666666320e+00 3.731999999999999762e+00 3.884666666666666490e+00 3.904999999999999805e+00 1.494799999999999862e+01 3.028733333333332922e+01 2.026179644991525919e+00
3.960666666666666558e+00 3.701333333333332920e+00 3.585999999999999854e+00 3.825333333333333030e+00 3.835333333333333261e+00 3.817666666666666320e+00 3.731999999999999762e+00 3.884666666666666490e+00 1.507333333333333236e+01 3.034299999999999642e+01 2.013025210084033567e+00
3.798000000000000043e+00 3.960666666666666558e+00 3.701333333333332920e+00 3.585999999999999854e+00 3.825333333333333030e+00 3.835333333333333261e+00 3.817666666666666320e+00 3.731999999999999762e+00 1.504599999999999937e+01 3.025633333333333042e+01 2.010922061234436509e+00
3.217666666666666675e+00 3.798000000000000043e+00 3.960666666666666558e+00 3.701333333333332920e+00 3.585999999999999854e+00 3.825333333333333030e+00 3.835333333333333261e+00 3.817666666666666320e+00 1.467766666666666531e+01 2.974199999999999733e+01 2.026343878454795355e+00
2.582000000000000295e+00 3.217666666666666675e+00 3.798000000000000043e+00 3.960666666666666558e+00 3.701333333333332920e+00 3.585999999999999854e+00 3.825333333333333030e+00 3.835333333333333261e+00 1.355833333333333357e+01 2.850633333333333042e+01 2.102495390288874777e+00
2.939666666666666206e+00 2.582000000000000295e+00 3.217666666666666675e+00 3.798000000000000043e+00 3.960666666666666558e+00 3.701333333333332920e+00 3.585999999999999854e+00 3.825333333333333030e+00 1.253733333333333277e+01 2.761066666666666691e+01 2.202275869403381936e+00
2.899666666666667059e+00 2.939666666666666206e+00 2.582000000000000295e+00 3.217666666666666675e+00 3.798000000000000043e+00 3.960666666666666558e+00 3.701333333333332920e+00 3.585999999999999854e+00 1.163899999999999935e+01 2.668499999999999872e+01 2.292722742503651379e+00
2.556000000000000050e+00 2.899666666666667059e+00 2.939666666666666206e+00 2.582000000000000295e+00 3.217666666666666675e+00 3.798000000000000043e+00 3.960666666666666558e+00 3.701333333333332920e+00 1.097733333333333405e+01 2.565500000000000114e+01 2.337088546094983510e+00
2.295333333333333670e+00 2.556000000000000050e+00 2.899666666666667059e+00 2.939666666666666206e+00 2.582000000000000295e+00 3.217666666666666675e+00 3.798000000000000043e+00 3.960666666666666558e+00 1.069066666666666698e+01 2.424900000000000233e+01 2.268240209528560758e+00
2.654666666666666952e+00 2.295333333333333670e+00 2.556000000000000050e+00 2.899666666666667059e+00 2.939666666666666206e+00 2.582000000000000295e+00 3.217666666666666675e+00 3.798000000000000043e+00 1.040566666666666862e+01 2.294300000000000139e+01 2.204856328282666311e+00
2.645333333333333314e+00 2.654666666666666952e+00 2.295333333333333670e+00 2.556000000000000050e+00 2.899666666666667059e+00 2.939666666666666206e+00 2.582000000000000295e+00 3.217666666666666675e+00 1.015133333333333354e+01 2.179033333333333289e+01 2.146548893413016135e+00
2.682333333333333680e+00 2.645333333333333314e+00 2.654666666666666952e+00 2.295333333333333670e+00 2.556000000000000050e+00 2.899666666666667059e+00 2.939666666666666206e+00 2.582000000000000295e+00 1.027766666666666850e+01 2.125500000000000256e+01 2.068076411636882384e+00
2.770000000000000018e+00 2.682333333333333680e+00 2.645333333333333314e+00 2.654666666666666952e+00 2.295333333333333670e+00 2.556000000000000050e+00 2.899666666666667059e+00 2.939666666666666206e+00 1.075233333333333441e+01 2.144300000000000139e+01 1.994264810738754390e+00
2.822333333333332916e+00 2.770000000000000018e+00 2.682333333333333680e+00 2.645333333333333314e+00 2.654666666666666952e+00 2.295333333333333670e+00 2.556000000000000050e+00 2.899666666666667059e+00 1.091999999999999993e+01 2.132566666666667032e+01 1.952899877899878289e+00
2.899666666666666615e+00 2.822333333333332916e+00 2.770000000000000018e+00 2.682333333333333680e+00 2.645333333333333314e+00 2.654666666666666952e+00 2.295333333333333670e+00 2.556000000000000050e+00 1.117433333333333323e+01 2.132566666666666677e+01 1.908450914297646461e+00
