-1.000000000000000000e+08 -1.000000000000000000e+08 -1.000000000000000000e+08 -1.000000000000000000e+08 -1.000000000000000000e+08 -1.000000000000000000e+08 -1.000000000000000000e+08 -1.000000000000000000e+08 -4.000000000000000000e+08 -8.000000000000000000e+08 2.000000000000000000e+00
1.509303333333333430e+05 -1.000000000000000000e+08 -1.000000000000000000e+08 -1.000000000000000000e+08 -1.000000000000000000e+08 -1.000000000000000000e+08 -1.000000000000000000e+08 -1.000000000000000000e+08 -2.998490696666666865e+08 -6.998490696666667461e+08 2.334004472465657898e+00
1.674666666666666570e+05 1.509303333333333430e+05 -1.000000000000000000e+08 -1.000000000000000000e+08 -1.000000000000000000e+08 -1.000000000000000000e+08 -1.000000000000000000e+08 -1.000000000000000000e+08 -1.996816030000000000e+08 -5.996816030000000000e+08 3.003189046914852778e+00
1.682903333333333430e+05 1.674666666666666570e+05 1.509303333333333430e+05 -1.000000000000000000e+08 -1.000000000000000000e+08 -1.000000000000000000e+08 -1.000000000000000000e+08 -1.000000000000000000e+08 -9.951331266666667163e+07 -4.995133126666666865e+08 5.019562702528597598e+00
1.846800000000000000e+05 1.682903333333333430e+05 1.674666666666666570e+05 1.509303333333333430e+05 -1.000000000000000000e+08 -1.000000000000000000e+08 -1.000000000000000000e+08 -1.000000000000000000e+08 6.713673333333333721e+05 -3.993286326666666865e+08 -5.947990211022083713e+02
1.579156666666666570e+05 1.846800000000000000e+05 1.682903333333333430e+05 1.674666666666666570e+05 1.509303333333333430e+05 -1.000000000000000000e+08 -1.000000000000000000e+08 -1.000000000000000000e+08 6.783526666666666279e+05 -2.991707170000000000e+08 -4.410253422752570600e+02
1.800740000000000000e+05 1.579156666666666570e+05 1.846800000000000000e+05 1.682903333333333430e+05 1.674666666666666570e+05 1.509303333333333430e+05 -1.000000000000000000e+08 -1.000000000000000000e+08 6.909600000000000000e+05 -1.989906430000000000e+08 -2.879915523329859752e+02
1.814686666666666570e+05 1.800740000000000000e+05 1.579156666666666570e+05 1.846800000000000000e+05 1.682903333333333430e+05 1.674666666666666570e+05 1.509303333333333430e+05 -1.000000000000000000e+08 7.041383333333332557e+05 -9.880917433333334327e+07 -1.403263672147755301e+02
1.982400000000000000e+05 1.814686666666666570e+05 1.800740000000000000e+05 1.579156666666666570e+05 1.846800000000000000e+05 1.682903333333333430e+05 1.674666666666666570e+05 1.509303333333333430e+05 7.176983333333332557e+05 1.389065666666666511e+06 1.935445022165765971e+00
1.721696666666666570e+05 1.982400000000000000e+05 1.814686666666666570e+05 1.800740000000000000e+05 1.579156666666666570e+05 1.846800000000000000e+05 1.682903333333333430e+05 1.674666666666666570e+05 7.319523333333332557e+05 1.410305000000000000e+06 1.926771643144339796e+00
1.941473333333333430e+05 1.721696666666666570e+05 1.982400000000000000e+05 1.814686666666666570e+05 1.800740000000000000e+05 1.579156666666666570e+05 1.846800000000000000e+05 1.682903333333333430e+05 7.460256666666666279e+05 1.436985666666666511e+06 1.926187972978588236e+00
1.965656666666666570e+05 1.941473333333333430e+05 1.721696666666666570e+05 1.982400000000000000e+05 1.814686666666666570e+05 1.800740000000000000e+05 1.579156666666666570e+05 1.846800000000000000e+05 7.611226666666666279e+05 1.465261000000000000e+06 1.925131209686743450e+00
2.138623333333333430e+05 1.965656666666666570e+05 1.941473333333333430e+05 1.721696666666666570e+05 1.982400000000000000e+05 1.814686666666666570e+05 1.800740000000000000e+05 1.579156666666666570e+05 7.767450000000000000e+05 1.494443333333333256e+06 1.923981915987014180e+00
1.829203333333333430e+05 2.138623333333333430e+05 1.965656666666666570e+05 1.941473333333333430e+05 1.721696666666666570e+05 1.982400000000000000e+05 1.814686666666666570e+05 1.800740000000000000e+05 7.874956666666667443e+05 1.519448000000000000e+06 1.929468394958363531e+00
2.061203333333333430e+05 1.829203333333333430e+05 2.138623333333333430e+05 1.965656666666666570e+05 1.941473333333333430e+05 1.721696666666666570e+05 1.982400000000000000e+05 1.814686666666666570e+05 7.994686666666666279e+05 1.545494333333333256e+06 1.933151851688162948e+00
2.065936666666666570e+05 2.061203333333333430e+05 1.829203333333333430e+05 2.138623333333333430e+05 1.965656666666666570e+05 1.941473333333333430e+05 1.721696666666666570e+05 1.982400000000000000e+05 8.094966666666667443e+05 1.570619333333333489e+06 1.940241878698285793e+00
2.212416666666666570e+05 2.065936666666666570e+05 2.061203333333333430e+05 1.829203333333333430e+05 2.138623333333333430e+05 1.965656666666666570e+05 1.941473333333333430e+05 1.721696666666666570e+05 8.168760000000000000e+05 1.593621000000000000e+06 1.950872592657882043e+00
1.965030000000000000e+05 2.212416666666666570e+05 2.065936666666666570e+05 2.061203333333333430e+05 1.829203333333333430e+05 2.138623333333333430e+05 1.965656666666666570e+05 1.941473333333333430e+05 8.304586666666666279e+05 1.617954333333333489e+06 1.948265938180347101e+00
2.187216666666666570e+05 1.965030000000000000e+05 2.212416666666666570e+05 2.065936666666666570e+05 2.061203333333333430e+05 1.829203333333333430e+05 2.138623333333333430e+05 1.965656666666666570e+05 8.430599999999998836e+05 1.642528666666666511e+06 1.948293913442301628e+00
2.178076666666666570e+05 2.187216666666666570e+05 1.965030000000000000e+05 2.212416666666666570e+05 2.065936666666666570e+05 2.061203333333333430e+05 1.829203333333333430e+05 2.138623333333333430e+05 8.542739999999998836e+05 1.663770666666666511e+06 1.947584342572367566e+00
2.348990000000000000e+05 2.178076666666666570e+05 2.187216666666666570e+05 1.965030000000000000e+05 2.212416666666666570e+05 2.065936666666666570e+05 2.061203333333333430e+05 1.829203333333333430e+05 8.679313333333332557e+05 1.684807333333333256e+06 1.941175838027125122e+00
2.076926666666666570e+05 2.348990000000000000e+05 2.178076666666666570e+05 2.187216666666666570e+05 1.965030000000000000e+05 2.212416666666666570e+05 2.065936666666666570e+05 2.061203333333333430e+05 8.791209999999998836e+05 1.709579666666666511e+06 1.944646603444425415e+00
2.272946666666666570e+05 2.076926666666666570e+05 2.348990000000000000e+05 2.178076666666666570e+05 2.187216666666666570e+05 1.965030000000000000e+05 2.212416666666666570e+05 2.065936666666666570e+05 8.876939999999998836e+05 1.730753999999999767e+06 1.949719159980804140e+00
2.298600000000000000e+05 2.272946666666666570e+05 2.076926666666666570e+05 2.348990000000000000e+05 2.178076666666666570e+05 2.187216666666666570e+05 1.965030000000000000e+05 2.212416666666666570e+05 8.997463333333332557e+05 1.754020333333333023e+06 1.949460940657718577e+00
2.438630000000000000e+05 2.298600000000000000e+05 2.272946666666666570e+05 2.076926666666666570e+05 2.348990000000000000e+05 2.178076666666666570e+05 2.187216666666666570e+05 1.965030000000000000e+05 9.087103333333332557e+05 1.776641666666666511e+06 1.955124313541792391e+00
2.140096666666666570e+05 2.438630000000000000e+05 2.298600000000000000e+05 2.272946666666666570e+05 2.076926666666666570e+05 2.348990000000000000e+05 2.178076666666666570e+05 2.187216666666666570e+05 9.150273333333332557e+05 1.794148333333333023e+06 1.960759277864923433e+00
2.411990000000000000e+05 2.140096666666666570e+05 2.438630000000000000e+05 2.298600000000000000e+05 2.272946666666666570e+05 2.076926666666666570e+05 2.348990000000000000e+05 2.178076666666666570e+05 9.289316666666666279e+05 1.816625666666666511e+06 1.955607427169920864e+00
2.377120000000000000e+05 2.411990000000000000e+05 2.140096666666666570e+05 2.438630000000000000e+05 2.298600000000000000e+05 2.272946666666666570e+05 2.076926666666666570e+05 2.348990000000000000e+05 9.367836666666666279e+05 1.836530000000000000e+06 1.960463301559129068e+00
2.580646666666666570e+05 2.377120000000000000e+05 2.411990000000000000e+05 2.140096666666666570e+05 2.438630000000000000e+05 2.298600000000000000e+05 2.272946666666666570e+05 2.076926666666666570e+05 9.509853333333332557e+05 1.859695666666666511e+06 1.955546107265587086e+00
2.307753333333333430e+05 2.580646666666666570e+05 2.377120000000000000e+05 2.411990000000000000e+05 2.140096666666666570e+05 2.438630000000000000e+05 2.298600000000000000e+05 2.272946666666666570e+05 9.677510000000000000e+05 1.882778333333333256e+06 1.945519388079509415e+00
2.579380000000000000e+05 2.307753333333333430e+05 2.580646666666666570e+05 2.377120000000000000e+05 2.411990000000000000e+05 2.140096666666666570e+05 2.438630000000000000e+05 2.298600000000000000e+05 9.844900000000000000e+05 1.913421666666666511e+06 1.943566381239694163e+00
2.603483333333333430e+05 2.579380000000000000e+05 2.307753333333333430e+05 2.580646666666666570e+05 2.377120000000000000e+05 2.411990000000000000e+05 2.140096666666666570e+05 2.438630000000000000e+05 1.007126333333333372e+06 1.943910000000000000e+06 1.930155071574933157e+00
2.799350000000000000e+05 2.603483333333333430e+05 2.579380000000000000e+05 2.307753333333333430e+05 2.580646666666666570e+05 2.377120000000000000e+05 2.411990000000000000e+05 2.140096666666666570e+05 1.028996666666666744e+06 1.979982000000000000e+06 1.924186991211503717e+00
2.555056666666666570e+05 2.799350000000000000e+05 2.603483333333333430e+05 2.579380000000000000e+05 2.307753333333333430e+05 2.580646666666666570e+05 2.377120000000000000e+05 2.411990000000000000e+05 1.053727000000000000e+06 2.021478000000000000e+06 1.918407709017610818e+00
2.764703333333333139e+05 2.555056666666666570e+05 2.799350000000000000e+05 2.603483333333333430e+05 2.579380000000000000e+05 2.307753333333333430e+05 2.580646666666666570e+05 2.377120000000000000e+05 1.072259333333333256e+06 2.056749333333333256e+06 1.918145423774969993e+00
2.747483333333333139e+05 2.764703333333333139e+05 2.555056666666666570e+05 2.799350000000000000e+05 2.603483333333333430e+05 2.579380000000000000e+05 2.307753333333333430e+05 2.580646666666666570e+05 1.086659333333333256e+06 2.093785666666666511e+06 1.926809628776635863e+00
2.891213333333333139e+05 2.747483333333333139e+05 2.764703333333333139e+05 2.555056666666666570e+05 2.799350000000000000e+05 2.603483333333333430e+05 2.579380000000000000e+05 2.307753333333333430e+05 1.095845666666666744e+06 2.124842333333333489e+06 1.938997796830879805e+00
2.596556666666666570e+05 2.891213333333333139e+05 2.747483333333333139e+05 2.764703333333333139e+05 2.555056666666666570e+05 2.799350000000000000e+05 2.603483333333333430e+05 2.579380000000000000e+05 1.099995666666666511e+06 2.153722666666666511e+06 1.957937410056463934e+00
2.862730000000000000e+05 2.596556666666666570e+05 2.891213333333333139e+05 2.747483333333333139e+05 2.764703333333333139e+05 2.555056666666666570e+05 2.799350000000000000e+05 2.603483333333333430e+05 1.109798333333333256e+06 2.182057666666666511e+06 1.966174935686513692e+00
2.785950000000000000e+05 2.862730000000000000e+05 2.596556666666666570e+05 2.891213333333333139e+05 2.747483333333333139e+05 2.764703333333333139e+05 2.555056666666666570e+05 2.799350000000000000e+05 1.113645000000000000e+06 2.200304333333333023e+06 1.975768160709501675e+00
3.017783333333333139e+05 2.785950000000000000e+05 2.862730000000000000e+05 2.596556666666666570e+05 2.891213333333333139e+05 2.747483333333333139e+05 2.764703333333333139e+05 2.555056666666666570e+05 1.126302000000000000e+06 2.222147666666666977e+06 1.972958999155348225e+00
2.646483333333333139e+05 3.017783333333333139e+05 2.785950000000000000e+05 2.862730000000000000e+05 2.596556666666666570e+05 2.891213333333333139e+05 2.747483333333333139e+05 2.764703333333333139e+05 1.131294666666666511e+06 2.231290333333333023e+06 1.972333468085532671e+00
2.913343333333333139e+05 2.646483333333333139e+05 3.017783333333333139e+05 2.785950000000000000e+05 2.862730000000000000e+05 2.596556666666666570e+05 2.891213333333333139e+05 2.747483333333333139e+05 1.136356000000000000e+06 2.246154333333333023e+06 1.976629096280860143e+00
2.919593333333333139e+05 2.913343333333333139e+05 2.646483333333333139e+05 3.017783333333333139e+05 2.785950000000000000e+05 2.862730000000000000e+05 2.596556666666666570e+05 2.891213333333333139e+05 1.149720333333333256e+06 2.263365333333333023e+06 1.968622514286807679e+00
3.050836666666666861e+05 2.919593333333333139e+05 2.913343333333333139e+05 2.646483333333333139e+05 3.017783333333333139e+05 2.785950000000000000e+05 2.862730000000000000e+05 2.596556666666666570e+05 1.153025666666666511e+06 2.279327666666666511e+06 1.976823007987390968e+00
2.736906666666666861e+05 3.050836666666666861e+05 2.919593333333333139e+05 2.913343333333333139e+05 2.646483333333333139e+05 3.017783333333333139e+05 2.785950000000000000e+05 2.862730000000000000e+05 1.162068000000000000e+06 2.293362666666666511e+06 1.973518474535626677e+00
3.025460000000000000e+05 2.736906666666666861e+05 3.050836666666666861e+05 2.919593333333333139e+05 2.913343333333333139e+05 2.646483333333333139e+05 3.017783333333333139e+05 2.785950000000000000e+05 1.173279666666666744e+06 2.309635666666666977e+06 1.968529526492547088e+00
3.069563333333333139e+05 3.025460000000000000e+05 2.736906666666666861e+05 3.050836666666666861e+05 2.919593333333333139e+05 2.913343333333333139e+05 2.646483333333333139e+05 3.017783333333333139e+05 1.188276666666666744e+06 2.337997000000000000e+06 1.967552730424732665e+00
3.209593333333333139e+05 3.069563333333333139e+05 3.025460000000000000e+05 2.736906666666666861e+05 3.050836666666666861e+05 2.919593333333333139e+05 2.913343333333333139e+05 2.646483333333333139e+05 1.204152333333333256e+06 2.357178000000000000e+06 1.957541363122107914e+00
2.943270000000000000e+05 3.209593333333333139e+05 3.069563333333333139e+05 3.025460000000000000e+05 2.736906666666666861e+05 3.050836666666666861e+05 2.919593333333333139e+05 2.913343333333333139e+05 1.224788666666666511e+06 2.386856666666666511e+06 1.948790621293578385e+00
3.215476666666666861e+05 2.943270000000000000e+05 3.209593333333333139e+05 3.069563333333333139e+05 3.025460000000000000e+05 2.736906666666666861e+05 3.050836666666666861e+05 2.919593333333333139e+05 1.243790333333333256e+06 2.417070000000000000e+06 1.943309845094470800e+00
3.226136666666666861e+05 3.215476666666666861e+05 2.943270000000000000e+05 3.209593333333333139e+05 3.069563333333333139e+05 3.025460000000000000e+05 2.736906666666666861e+05 3.050836666666666861e+05 1.259447666666666744e+06 2.447724333333333489e+06 1.943490307788361182e+00
3.437133333333333139e+05 3.226136666666666861e+05 3.215476666666666861e+05 2.943270000000000000e+05 3.209593333333333139e+05 3.069563333333333139e+05 3.025460000000000000e+05 2.736906666666666861e+05 1.282201666666666744e+06 2.486354000000000000e+06 1.939128660208157440e+00
3.091546666666666861e+05 3.437133333333333139e+05 3.226136666666666861e+05 3.215476666666666861e+05 2.943270000000000000e+05 3.209593333333333139e+05 3.069563333333333139e+05 3.025460000000000000e+05 1.297029333333333489e+06 2.521818000000000000e+06 1.944302981582528789e+00
3.439750000000000000e+05 3.091546666666666861e+05 3.437133333333333139e+05 3.226136666666666861e+05 3.215476666666666861e+05 2.943270000000000000e+05 3.209593333333333139e+05 3.069563333333333139e+05 1.319456666666666744e+06 2.563247000000000000e+06 1.942653415420993790e+00
3.469390000000000000e+05 3.439750000000000000e+05 3.091546666666666861e+05 3.437133333333333139e+05 3.226136666666666861e+05 3.215476666666666861e+05 2.943270000000000000e+05 3.209593333333333139e+05 1.343782000000000000e+06 2.603229666666666977e+06 1.937241060429941042e+00
3.618466666666666861e+05 3.469390000000000000e+05 3.439750000000000000e+05 3.091546666666666861e+05 3.437133333333333139e+05 3.226136666666666861e+05 3.215476666666666861e+05 2.943270000000000000e+05 1.361915333333333489e+06 2.644117000000000000e+06 1.941469440342106223e+00
3.315300000000000000e+05 3.618466666666666861e+05 3.469390000000000000e+05 3.439750000000000000e+05 3.091546666666666861e+05 3.437133333333333139e+05 3.226136666666666861e+05 3.215476666666666861e+05 1.384290666666666744e+06 2.681320000000000000e+06 1.936963142615520050e+00
3.639473333333333139e+05 3.315300000000000000e+05 3.618466666666666861e+05 3.469390000000000000e+05 3.439750000000000000e+05 3.091546666666666861e+05 3.437133333333333139e+05 3.226136666666666861e+05 1.404263000000000000e+06 2.723719666666666977e+06 1.939607941437371030e+00
3.614040000000000000e+05 3.639473333333333139e+05 3.315300000000000000e+05 3.618466666666666861e+05 3.469390000000000000e+05 3.439750000000000000e+05 3.091546666666666861e+05 3.437133333333333139e+05 1.418728000000000000e+06 2.762510000000000000e+06 1.947173806395588125e+00
3.745716666666666861e+05 3.614040000000000000e+05 3.639473333333333139e+05 3.315300000000000000e+05 3.618466666666666861e+05 3.469390000000000000e+05 3.439750000000000000e+05 3.091546666666666861e+05 1.431453000000000000e+06 2.793368333333333489e+06 1.951421620782054056e+00
3.420603333333333139e+05 3.745716666666666861e+05 3.614040000000000000e+05 3.639473333333333139e+05 3.315300000000000000e+05 3.618466666666666861e+05 3.469390000000000000e+05 3.439750000000000000e+05 1.441983333333333256e+06 2.826274000000000000e+06 1.959990753476115177e+00
3.755620000000000000e+05 3.420603333333333139e+05 3.745716666666666861e+05 3.614040000000000000e+05 3.639473333333333139e+05 3.315300000000000000e+05 3.618466666666666861e+05 3.469390000000000000e+05 1.453598000000000000e+06 2.857861000000000000e+06 1.966060079884534684e+00
3.714353333333333139e+05 3.755620000000000000e+05 3.420603333333333139e+05 3.745716666666666861e+05 3.614040000000000000e+05 3.639473333333333139e+05 3.315300000000000000e+05 3.618466666666666861e+05 1.463629333333333256e+06 2.882357333333333023e+06 1.969321923036980060e+00
3.908533333333333139e+05 3.714353333333333139e+05 3.755620000000000000e+05 3.420603333333333139e+05 3.745716666666666861e+05 3.614040000000000000e+05 3.639473333333333139e+05 3.315300000000000000e+05 1.479910999999999767e+06 2.911364000000000000e+06 1.967256139051605457e+00
3.531813333333333139e+05 3.908533333333333139e+05 3.714353333333333139e+05 3.755620000000000000e+05 3.420603333333333139e+05 3.745716666666666861e+05 3.614040000000000000e+05 3.639473333333333139e+05 1.491032000000000000e+06 2.933015333333333023e+06 1.967104215961383185e+00
3.817763333333333139e+05 3.531813333333333139e+05 3.908533333333333139e+05 3.714353333333333139e+05 3.755620000000000000e+05 3.420603333333333139e+05 3.745716666666666861e+05 3.614040000000000000e+05 1.497246333333333256e+06 2.950844333333333023e+06 1.970847593771588135e+00
3.723483333333333139e+05 3.817763333333333139e+05 3.531813333333333139e+05 3.908533333333333139e+05 3.714353333333333139e+05 3.755620000000000000e+05 3.420603333333333139e+05 3.745716666666666861e+05 1.498159333333333256e+06 2.961788666666666511e+06 1.976951717196079317e+00
3.565540000000000000e+05 3.723483333333333139e+05 3.817763333333333139e+05 3.531813333333333139e+05 3.908533333333333139e+05 3.714353333333333139e+05 3.755620000000000000e+05 3.420603333333333139e+05 1.463859999999999767e+06 2.943770999999999534e+06 2.010964846365089542e+00
3.127573333333333139e+05 3.565540000000000000e+05 3.723483333333333139e+05 3.817763333333333139e+05 3.531813333333333139e+05 3.908533333333333139e+05 3.714353333333333139e+05 3.755620000000000000e+05 1.423435999999999767e+06 2.914468000000000000e+06 2.047487909537204498e+00
3.406590000000000000e+05 3.127573333333333139e+05 3.565540000000000000e+05 3.723483333333333139e+05 3.817763333333333139e+05 3.531813333333333139e+05 3.908533333333333139e+05 3.714353333333333139e+05 1.382318666666666511e+06 2.879565000000000000e+06 2.083141224551213089e+00
3.420500000000000000e+05 3.406590000000000000e+05 3.127573333333333139e+05 3.565540000000000000e+05 3.723483333333333139e+05 3.817763333333333139e+05 3.531813333333333139e+05 3.908533333333333139e+05 1.352020333333333256e+06 2.850179666666666511e+06 2.108089350727220257e+00
3.593590000000000000e+05 3.420500000000000000e+05 3.406590000000000000e+05 3.127573333333333139e+05 3.565540000000000000e+05 3.723483333333333139e+05 3.817763333333333139e+05 3.531813333333333139e+05 1.354825333333333256e+06 2.818685333333333023e+06 2.080478762822071115e+00
3.287556666666666861e+05 3.593590000000000000e+05 3.420500000000000000e+05 3.406590000000000000e+05 3.127573333333333139e+05 3.565540000000000000e+05 3.723483333333333139e+05 3.817763333333333139e+05 1.370823666666666744e+06 2.794259666666666511e+06 2.038380088272962798e+00
3.601970000000000000e+05 3.287556666666666861e+05 3.593590000000000000e+05 3.420500000000000000e+05 3.406590000000000000e+05 3.127573333333333139e+05 3.565540000000000000e+05 3.723483333333333139e+05 1.390361666666666744e+06 2.772680333333333023e+06 1.994215174229246879e+00
3.568510000000000000e+05 3.601970000000000000e+05 3.287556666666666861e+05 3.593590000000000000e+05 3.420500000000000000e+05 3.406590000000000000e+05 3.127573333333333139e+05 3.565540000000000000e+05 1.405162666666666744e+06 2.757183000000000000e+06 1.962180653817541254e+00
3.825190000000000000e+05 3.568510000000000000e+05 3.601970000000000000e+05 3.287556666666666861e+05 3.593590000000000000e+05 3.420500000000000000e+05 3.406590000000000000e+05 3.127573333333333139e+05 1.428322666666666744e+06 2.783148000000000000e+06 1.948542906271411912e+00
3.533900000000000000e+05 3.825190000000000000e+05 3.568510000000000000e+05 3.601970000000000000e+05 3.287556666666666861e+05 3.593590000000000000e+05 3.420500000000000000e+05 3.406590000000000000e+05 1.452957000000000000e+06 2.823780666666666977e+06 1.943471600788369447e+00
3.872036666666666861e+05 3.533900000000000000e+05 3.825190000000000000e+05 3.568510000000000000e+05 3.601970000000000000e+05 3.287556666666666861e+05 3.593590000000000000e+05 3.420500000000000000e+05 1.479963666666666744e+06 2.870325333333333489e+06 1.939456621795444979e+00
3.847733333333333139e+05 3.872036666666666861e+05 3.533900000000000000e+05 3.825190000000000000e+05 3.568510000000000000e+05 3.601970000000000000e+05 3.287556666666666861e+05 3.593590000000000000e+05 1.507886000000000000e+06 2.913048666666666977e+06 1.931875928728476133e+00
4.074003333333333139e+05 3.847733333333333139e+05 3.872036666666666861e+05 3.533900000000000000e+05 3.825190000000000000e+05 3.568510000000000000e+05 3.601970000000000000e+05 3.287556666666666861e+05 1.532767333333333256e+06 2.961090000000000000e+06 1.931858760037944434e+00
3.806196666666666861e+05 4.074003333333333139e+05 3.847733333333333139e+05 3.872036666666666861e+05 3.533900000000000000e+05 3.825190000000000000e+05 3.568510000000000000e+05 3.601970000000000000e+05 1.559997000000000000e+06 3.012954000000000000e+06 1.931384483431698884e+00
4.042043333333333139e+05 3.806196666666666861e+05 4.074003333333333139e+05 3.847733333333333139e+05 3.872036666666666861e+05 3.533900000000000000e+05 3.825190000000000000e+05 3.568510000000000000e+05 1.576997666666666511e+06 3.056961333333333023e+06 1.938469154361462721e+00
3.998310000000000000e+05 4.042043333333333139e+05 3.806196666666666861e+05 4.074003333333333139e+05 3.847733333333333139e+05 3.872036666666666861e+05 3.533900000000000000e+05 3.825190000000000000e+05 1.592055333333333256e+06 3.099941333333333023e+06 1.947131653296807485e+00
4.241416666666666861e+05 3.998310000000000000e+05 4.042043333333333139e+05 3.806196666666666861e+05 4.074003333333333139e+05 3.847733333333333139e+05 3.872036666666666861e+05 3.533900000000000000e+05 1.608796666666666744e+06 3.141564000000000000e+06 1.952741490016347559e+00
3.904266666666666861e+05 4.241416666666666861e+05 3.998310000000000000e+05 4.042043333333333139e+05 3.806196666666666861e+05 4.074003333333333139e+05 3.847733333333333139e+05 3.872036666666666861e+05 1.618603666666666744e+06 3.178600666666666977e+06 1.963791836214383135e+00
4.201503333333333139e+05 3.904266666666666861e+05 4.241416666666666861e+05 3.998310000000000000e+05 4.042043333333333139e+05 3.806196666666666861e+05 4.074003333333333139e+05 3.847733333333333139e+05 1.634549666666666744e+06 3.211547333333333023e+06 1.964790302079124862e+00
4.179186666666666861e+05 4.201503333333333139e+05 3.904266666666666861e+05 4.241416666666666861e+05 3.998310000000000000e+05 4.042043333333333139e+05 3.806196666666666861e+05 4.074003333333333139e+05 1.652637333333333489e+06 3.244692666666666977e+06 1.963342229551472418e+00
4.387586666666666861e+05 4.179186666666666861e+05 4.201503333333333139e+05 3.904266666666666861e+05 4.241416666666666861e+05 3.998310000000000000e+05 4.042043333333333139e+05 3.806196666666666861e+05 1.667254333333333489e+06 3.276051000000000000e+06 1.964937762944785504e+00
3.988473333333333139e+05 4.387586666666666861e+05 4.179186666666666861e+05 4.201503333333333139e+05 3.904266666666666861e+05 4.241416666666666861e+05 3.998310000000000000e+05 4.042043333333333139e+05 1.675675000000000000e+06 3.294278666666666977e+06 1.965941287341917088e+00
4.413183333333333139e+05 3.988473333333333139e+05 4.387586666666666861e+05 4.179186666666666861e+05 4.201503333333333139e+05 3.904266666666666861e+05 4.241416666666666861e+05 3.998310000000000000e+05 1.696843000000000000e+06 3.331392666666666977e+06 1.963288687678628408e+00
4.386890000000000000e+05 4.413183333333333139e+05 3.988473333333333139e+05 4.387586666666666861e+05 4.179186666666666861e+05 4.201503333333333139e+05 3.904266666666666861e+05 4.241416666666666861e+05 1.717613333333333256e+06 3.370250666666666977e+06 1.962170764083496000e+00
4.596973333333333139e+05 4.386890000000000000e+05 4.413183333333333139e+05 3.988473333333333139e+05 4.387586666666666861e+05 4.179186666666666861e+05 4.201503333333333139e+05 3.904266666666666861e+05 1.738551999999999767e+06 3.405806333333333023e+06 1.958990201807788045e+00
4.107816666666666861e+05 4.596973333333333139e+05 4.386890000000000000e+05 4.413183333333333139e+05 3.988473333333333139e+05 4.387586666666666861e+05 4.179186666666666861e+05 4.201503333333333139e+05 1.750486333333333256e+06 3.426161333333333023e+06 1.957262543609309180e+00
4.513333333333333139e+05 4.107816666666666861e+05 4.596973333333333139e+05 4.386890000000000000e+05 4.413183333333333139e+05 3.988473333333333139e+05 4.387586666666666861e+05 4.179186666666666861e+05 1.760501333333333256e+06 3.457344333333333023e+06 1.963840792319763384e+00
4.502066666666666861e+05 4.513333333333333139e+05 4.107816666666666861e+05 4.596973333333333139e+05 4.386890000000000000e+05 4.413183333333333139e+05 3.988473333333333139e+05 4.387586666666666861e+05 1.772019000000000000e+06 3.489632333333333023e+06 1.969297357044892394e+00
4.711810000000000000e+05 4.502066666666666861e+05 4.513333333333333139e+05 4.107816666666666861e+05 4.596973333333333139e+05 4.386890000000000000e+05 4.413183333333333139e+05 3.988473333333333139e+05 1.783502666666666744e+06 3.522054666666666511e+06 1.974796411854724543e+00
4.268810000000000000e+05 4.711810000000000000e+05 4.502066666666666861e+05 4.513333333333333139e+05 4.107816666666666861e+05 4.596973333333333139e+05 4.386890000000000000e+05 4.413183333333333139e+05 1.799602000000000000e+06 3.550088333333333023e+06 1.972707483839945208e+00
4.633146666666666861e+05 4.268810000000000000e+05 4.711810000000000000e+05 4.502066666666666861e+05 4.513333333333333139e+05 4.107816666666666861e+05 4.596973333333333139e+05 4.386890000000000000e+05 1.811583333333333489e+06 3.572084666666666977e+06 1.971802566815400892e+00
4.621206666666666861e+05 4.633146666666666861e+05 4.268810000000000000e+05 4.711810000000000000e+05 4.502066666666666861e+05 4.513333333333333139e+05 4.107816666666666861e+05 4.596973333333333139e+05 1.823497333333333489e+06 3.595516333333333489e+06 1.971769449621715742e+00
4.886600000000000000e+05 4.621206666666666861e+05 4.633146666666666861e+05 4.268810000000000000e+05 4.711810000000000000e+05 4.502066666666666861e+05 4.513333333333333139e+05 4.107816666666666861e+05 1.840976333333333489e+06 3.624479000000000000e+06 1.968780876958584614e+00
4.426710000000000000e+05 4.886600000000000000e+05 4.621206666666666861e+05 4.633146666666666861e+05 4.268810000000000000e+05 4.711810000000000000e+05 4.502066666666666861e+05 4.513333333333333139e+05 1.856766333333333489e+06 3.656368333333333489e+06 1.969212963253857529e+00
4.826686666666666861e+05 4.426710000000000000e+05 4.886600000000000000e+05 4.621206666666666861e+05 4.633146666666666861e+05 4.268810000000000000e+05 4.711810000000000000e+05 4.502066666666666861e+05 1.876120333333333489e+06 3.687703666666666977e+06 1.965600820558595974e+00
4.796386666666666861e+05 4.826686666666666861e+05 4.426710000000000000e+05 4.886600000000000000e+05 4.621206666666666861e+05 4.633146666666666861e+05 4.268810000000000000e+05 4.711810000000000000e+05 1.893638333333333489e+06 3.717135666666666977e+06 1.962959664068200327e+00
