3.871033333333332962e+02 3.856099999999999568e+02 3.786533333333333644e+02 3.533433333333333053e+02 3.170533333333333417e+02 3.353966666666667038e+02 3.496066666666667402e+02 3.362933333333333508e+02 1.504709999999999809e+03 2.843059999999999945e+03 1.889440490194123967e+00
4.120000000000000000e+02 3.871033333333332962e+02 3.856099999999999568e+02 3.786533333333333644e+02 3.533433333333333053e+02 3.170533333333333417e+02 3.353966666666667038e+02 3.496066666666667402e+02 1.563366666666666561e+03 2.918766666666666424e+03 1.866975117801326078e+00
4.101633333333333553e+02 4.120000000000000000e+02 3.871033333333332962e+02 3.856099999999999568e+02 3.786533333333333644e+02 3.533433333333333053e+02 3.170533333333333417e+02 3.353966666666667038e+02 1.594876666666666551e+03 2.979323333333333267e+03 1.868058763164549996e+00
4.171533333333333644e+02 4.101633333333333553e+02 4.120000000000000000e+02 3.871033333333332962e+02 3.856099999999999568e+02 3.786533333333333644e+02 3.533433333333333053e+02 3.170533333333333417e+02 1.626419999999999845e+03 3.061079999999999927e+03 1.882096875345851794e+00
4.236600000000000250e+02 4.171533333333333644e+02 4.101633333333333553e+02 4.120000000000000000e+02 3.871033333333332962e+02 3.856099999999999568e+02 3.786533333333333644e+02 3.533433333333333053e+02 1.662976666666666688e+03 3.167686666666666497e+03 1.904829292052604428e+00
4.423633333333334008e+02 4.236600000000000250e+02 4.171533333333333644e+02 4.101633333333333553e+02 4.120000000000000000e+02 3.871033333333332962e+02 3.856099999999999568e+02 3.786533333333333644e+02 1.693340000000000146e+03 3.256706666666666933e+03 1.923244396675603651e+00
4.454633333333333098e+02 4.423633333333334008e+02 4.236600000000000250e+02 4.171533333333333644e+02 4.101633333333333553e+02 4.120000000000000000e+02 3.871033333333332962e+02 3.856099999999999568e+02 1.728640000000000100e+03 3.323516666666666424e+03 1.922619323090213328e+00
4.535533333333333417e+02 4.454633333333333098e+02 4.423633333333334008e+02 4.236600000000000250e+02 4.171533333333333644e+02 4.101633333333333553e+02 4.120000000000000000e+02 3.871033333333332962e+02 1.765040000000000191e+03 3.391460000000000036e+03 1.921463536237138836e+00
4.642466666666666697e+02 4.535533333333333417e+02 4.454633333333333098e+02 4.423633333333334008e+02 4.236600000000000250e+02 4.171533333333333644e+02 4.101633333333333553e+02 4.120000000000000000e+02 1.805626666666666779e+03 3.468603333333333467e+03 1.920996957658283044e+00
4.694599999999999795e+02 4.642466666666666697e+02 4.535533333333333417e+02 4.454633333333333098e+02 4.423633333333334008e+02 4.236600000000000250e+02 4.171533333333333644e+02 4.101633333333333553e+02 1.832723333333333358e+03 3.526063333333333503e+03 1.923947422506033789e+00
4.509866666666666788e+02 4.694599999999999795e+02 4.642466666666666697e+02 4.535533333333333417e+02 4.454633333333333098e+02 4.423633333333334008e+02 4.236600000000000250e+02 4.171533333333333644e+02 1.838246666666666670e+03 3.566886666666666770e+03 1.940374342217402903e+00
4.608666666666666174e+02 4.509866666666666788e+02 4.694599999999999795e+02 4.642466666666666697e+02 4.535533333333333417e+02 4.454633333333333098e+02 4.423633333333334008e+02 4.236600000000000250e+02 1.845559999999999945e+03 3.610600000000000364e+03 1.956370965994061573e+00
4.600033333333333303e+02 4.608666666666666174e+02 4.509866666666666788e+02 4.694599999999999795e+02 4.642466666666666697e+02 4.535533333333333417e+02 4.454633333333333098e+02 4.423633333333334008e+02 1.841316666666666606e+03 3.646943333333333612e+03 1.980617130857448283e+00
4.801066666666667402e+02 4.600033333333333303e+02 4.608666666666666174e+02 4.509866666666666788e+02 4.694599999999999795e+02 4.642466666666666697e+02 4.535533333333333417e+02 4.454633333333333098e+02 1.851963333333333367e+03 3.684686666666666497e+03 1.989611025416269774e+00
5.236900000000000546e+02 4.801066666666667402e+02 4.600033333333333303e+02 4.608666666666666174e+02 4.509866666666666788e+02 4.694599999999999795e+02 4.642466666666666697e+02 4.535533333333333417e+02 1.924666666666666742e+03 3.762913333333333412e+03 1.955098718392795254e+00
5.650833333333333712e+02 5.236900000000000546e+02 4.801066666666667402e+02 4.600033333333333303e+02 4.608666666666666174e+02 4.509866666666666788e+02 4.694599999999999795e+02 4.642466666666666697e+02 2.028883333333333667e+03 3.874443333333333612e+03 1.909643235605792855e+00
5.976733333333332894e+02 5.650833333333333712e+02 5.236900000000000546e+02 4.801066666666667402e+02 4.600033333333333303e+02 4.608666666666666174e+02 4.509866666666666788e+02 4.694599999999999795e+02 2.166553333333333285e+03 4.007869999999999891e+03 1.849882916952579004e+00
6.370100000000001046e+02 5.976733333333332894e+02 5.650833333333333712e+02 5.236900000000000546e+02 4.801066666666667402e+02 4.600033333333333303e+02 4.608666666666666174e+02 4.509866666666666788e+02 2.323456666666666933e+03 4.175420000000000073e+03 1.797072465306719602e+00
6.589666666666666970e+02 6.370100000000001046e+02 5.976733333333332894e+02 5.650833333333333712e+02 5.236900000000000546e+02 4.801066666666667402e+02 4.600033333333333303e+02 4.608666666666666174e+02 2.458733333333333576e+03 4.383400000000000546e+03 1.782787885361025948e+00
6.605433333333334076e+02 6.589666666666666970e+02 6.370100000000001046e+02 5.976733333333332894e+02 5.650833333333333712e+02 5.236900000000000546e+02 4.801066666666667402e+02 4.600033333333333303e+02 2.554193333333333612e+03 4.583076666666667734e+03 1.794334284275009406e+00
7.267933333333334076e+02 6.605433333333334076e+02 6.589666666666666970e+02 6.370100000000001046e+02 5.976733333333332894e+02 5.650833333333333712e+02 5.236900000000000546e+02 4.801066666666667402e+02 2.683313333333333503e+03 4.849866666666666788e+03 1.807417198140607084e+00
7.855900000000000318e+02 7.267933333333334076e+02 6.605433333333334076e+02 6.589666666666666970e+02 6.370100000000001046e+02 5.976733333333332894e+02 5.650833333333333712e+02 5.236900000000000546e+02 2.831893333333333430e+03 5.155350000000000364e+03 1.820460516403631157e+00
8.244366666666666106e+02 7.855900000000000318e+02 7.267933333333334076e+02 6.605433333333334076e+02 6.589666666666666970e+02 6.370100000000001046e+02 5.976733333333332894e+02 5.650833333333333712e+02 2.997363333333333685e+03 5.456096666666667261e+03 1.820298729216455857e+00
9.298500000000000227e+02 8.244366666666666106e+02 7.855900000000000318e+02 7.267933333333334076e+02 6.605433333333334076e+02 6.589666666666666970e+02 6.370100000000001046e+02 5.976733333333332894e+02 3.266670000000000073e+03 5.820863333333333685e+03 1.781895120515183173e+00
9.508166666666666060e+02 9.298500000000000227e+02 8.244366666666666106e+02 7.855900000000000318e+02 7.267933333333334076e+02 6.605433333333334076e+02 6.589666666666666970e+02 6.370100000000001046e+02 3.490693333333333157e+03 6.174006666666666206e+03 1.768704975515847710e+00
1.021309999999999945e+03 9.508166666666666060e+02 9.298500000000000227e+02 8.244366666666666106e+02 7.855900000000000318e+02 7.267933333333334076e+02 6.605433333333334076e+02 6.589666666666666970e+02 3.726413333333332957e+03 6.558306666666666388e+03 1.759951481496058845e+00
1.109670000000000073e+03 1.021309999999999945e+03 9.508166666666666060e+02 9.298500000000000227e+02 8.244366666666666106e+02 7.855900000000000318e+02 7.267933333333334076e+02 6.605433333333334076e+02 4.011646666666666533e+03 7.009010000000000218e+03 1.747165336927313462e+00
1.083946666666666488e+03 1.109670000000000073e+03 1.021309999999999945e+03 9.508166666666666060e+02 9.298500000000000227e+02 8.244366666666666106e+02 7.855900000000000318e+02 7.267933333333334076e+02 4.165743333333333794e+03 7.432413333333333867e+03 1.784174573085395732e+00
1.122316666666666606e+03 1.083946666666666488e+03 1.109670000000000073e+03 1.021309999999999945e+03 9.508166666666666060e+02 9.298500000000000227e+02 8.244366666666666106e+02 7.855900000000000318e+02 4.337243333333333794e+03 7.827936666666666497e+03 1.804818421531956041e+00
1.259003333333333330e+03 1.122316666666666606e+03 1.083946666666666488e+03 1.109670000000000073e+03 1.021309999999999945e+03 9.508166666666666060e+02 9.298500000000000227e+02 8.244366666666666106e+02 4.574936666666666497e+03 8.301349999999998545e+03 1.814527851387377710e+00
1.329793333333333294e+03 1.259003333333333330e+03 1.122316666666666606e+03 1.083946666666666488e+03 1.109670000000000073e+03 1.021309999999999945e+03 9.508166666666666060e+02 9.298500000000000227e+02 4.795059999999999491e+03 8.806706666666665114e+03 1.836620744405005556e+00
1.342216666666666697e+03 1.329793333333333294e+03 1.259003333333333330e+03 1.122316666666666606e+03 1.083946666666666488e+03 1.109670000000000073e+03 1.021309999999999945e+03 9.508166666666666060e+02 5.053329999999999927e+03 9.219073333333333721e+03 1.824356084667602129e+00
1.373230000000000246e+03 1.342216666666666697e+03 1.329793333333333294e+03 1.259003333333333330e+03 1.122316666666666606e+03 1.083946666666666488e+03 1.109670000000000073e+03 1.021309999999999945e+03 5.304243333333332885e+03 9.641486666666667588e+03 1.817693129965757270e+00
1.418890000000000100e+03 1.373230000000000246e+03 1.342216666666666697e+03 1.329793333333333294e+03 1.259003333333333330e+03 1.122316666666666606e+03 1.083946666666666488e+03 1.109670000000000073e+03 5.464130000000000109e+03 1.003906666666666570e+04 1.837267170925044990e+00
1.447266666666666652e+03 1.418890000000000100e+03 1.373230000000000246e+03 1.342216666666666697e+03 1.329793333333333294e+03 1.259003333333333330e+03 1.122316666666666606e+03 1.083946666666666488e+03 5.581603333333334376e+03 1.037666333333333387e+04 1.859082903896789318e+00
1.475503333333333330e+03 1.447266666666666652e+03 1.418890000000000100e+03 1.373230000000000246e+03 1.342216666666666697e+03 1.329793333333333294e+03 1.259003333333333330e+03 1.122316666666666606e+03 5.714890000000000327e+03 1.076822000000000116e+04 1.884239241700190304e+00
1.366370000000000118e+03 1.475503333333333330e+03 1.447266666666666652e+03 1.418890000000000100e+03 1.373230000000000246e+03 1.342216666666666697e+03 1.329793333333333294e+03 1.259003333333333330e+03 5.708030000000000655e+03 1.101227333333333445e+04 1.929259890598566063e+00
1.275743333333333339e+03 1.366370000000000118e+03 1.475503333333333330e+03 1.447266666666666652e+03 1.418890000000000100e+03 1.373230000000000246e+03 1.342216666666666697e+03 1.329793333333333294e+03 5.564883333333333212e+03 1.102901333333333241e+04 1.981894798633094812e+00
1.232973333333333358e+03 1.275743333333333339e+03 1.366370000000000118e+03 1.475503333333333330e+03 1.447266666666666652e+03 1.418890000000000100e+03 1.373230000000000246e+03 1.342216666666666697e+03 5.350590000000000146e+03 1.093219333333333452e+04 2.043175300916970638e+00
1.142529999999999973e+03 1.232973333333333358e+03 1.275743333333333339e+03 1.366370000000000118e+03 1.475503333333333330e+03 1.447266666666666652e+03 1.418890000000000100e+03 1.373230000000000246e+03 5.017616666666666788e+03 1.073250666666666802e+04 2.138965046486213772e+00
1.117066666666666606e+03 1.142529999999999973e+03 1.232973333333333358e+03 1.275743333333333339e+03 1.366370000000000118e+03 1.475503333333333330e+03 1.447266666666666652e+03 1.418890000000000100e+03 4.768313333333333503e+03 1.047634333333333416e+04 2.197075276093433338e+00
1.131556666666666615e+03 1.117066666666666606e+03 1.142529999999999973e+03 1.232973333333333358e+03 1.275743333333333339e+03 1.366370000000000118e+03 1.475503333333333330e+03 1.447266666666666652e+03 4.624126666666666097e+03 1.018900999999999840e+04 2.203445263177623570e+00
1.068400000000000091e+03 1.131556666666666615e+03 1.117066666666666606e+03 1.142529999999999973e+03 1.232973333333333358e+03 1.275743333333333339e+03 1.366370000000000118e+03 1.475503333333333330e+03 4.459553333333333285e+03 9.810143333333333430e+03 2.199804016246769134e+00
8.946499999999999773e+02 1.068400000000000091e+03 1.131556666666666615e+03 1.117066666666666606e+03 1.142529999999999973e+03 1.232973333333333358e+03 1.275743333333333339e+03 1.366370000000000118e+03 4.211673333333333176e+03 9.229290000000000873e+03 2.191359412173467192e+00
8.879133333333332985e+02 8.946499999999999773e+02 1.068400000000000091e+03 1.131556666666666615e+03 1.117066666666666606e+03 1.142529999999999973e+03 1.232973333333333358e+03 1.275743333333333339e+03 3.982519999999999527e+03 8.750833333333332121e+03 2.197310580570425831e+00
8.598333333333333712e+02 8.879133333333332985e+02 8.946499999999999773e+02 1.068400000000000091e+03 1.131556666666666615e+03 1.117066666666666606e+03 1.142529999999999973e+03 1.232973333333333358e+03 3.710796666666666624e+03 8.334923333333332266e+03 2.246127740763663283e+00
9.379966666666665560e+02 8.598333333333333712e+02 8.879133333333332985e+02 8.946499999999999773e+02 1.068400000000000091e+03 1.131556666666666615e+03 1.117066666666666606e+03 1.142529999999999973e+03 3.580393333333333430e+03 8.039946666666666715e+03 2.245548440674115742e+00
1.000503333333333444e+03 9.379966666666665560e+02 8.598333333333333712e+02 8.879133333333332985e+02 8.946499999999999773e+02 1.068400000000000091e+03 1.131556666666666615e+03 1.117066666666666606e+03 3.686246666666666897e+03 7.897920000000000073e+03 2.142537034056320788e+00
1.056423333333333403e+03 1.000503333333333444e+03 9.379966666666665560e+02 8.598333333333333712e+02 8.879133333333332985e+02 8.946499999999999773e+02 1.068400000000000091e+03 1.131556666666666615e+03 3.854756666666666661e+03 7.837276666666666642e+03 2.033144331635286850e+00
1.133286666666666633e+03 1.056423333333333403e+03 1.000503333333333444e+03 9.379966666666665560e+02 8.598333333333333712e+02 8.879133333333332985e+02 8.946499999999999773e+02 1.068400000000000091e+03 4.128210000000000036e+03 7.839006666666666206e+03 1.898887572741373653e+00
1.122966666666666470e+03 1.133286666666666633e+03 1.056423333333333403e+03 1.000503333333333444e+03 9.379966666666665560e+02 8.598333333333333712e+02 8.879133333333332985e+02 8.946499999999999773e+02 4.313179999999999382e+03 7.893573333333332812e+03 1.830105243308494778e+00
1.104149999999999864e+03 1.122966666666666470e+03 1.133286666666666633e+03 1.056423333333333403e+03 1.000503333333333444e+03 9.379966666666665560e+02 8.598333333333333712e+02 8.879133333333332985e+02 4.416826666666665915e+03 8.103073333333332812e+03 1.834591652528814176e+00
1.161786666666666633e+03 1.104149999999999864e+03 1.122966666666666470e+03 1.133286666666666633e+03 1.056423333333333403e+03 1.000503333333333444e+03 9.379966666666665560e+02 8.598333333333333712e+02 4.522189999999999600e+03 8.376946666666666715e+03 1.852409267781023772e+00
1.191980000000000018e+03 1.161786666666666633e+03 1.104149999999999864e+03 1.122966666666666470e+03 1.133286666666666633e+03 1.056423333333333403e+03 1.000503333333333444e+03 9.379966666666665560e+02 4.580883333333332303e+03 8.709093333333332339e+03 1.901182086424379802e+00
1.181653333333333421e+03 1.191980000000000018e+03 1.161786666666666633e+03 1.104149999999999864e+03 1.122966666666666470e+03 1.133286666666666633e+03 1.056423333333333403e+03 1.000503333333333444e+03 4.639569999999999709e+03 8.952750000000000000e+03 1.929650808156790465e+00
1.224143333333333430e+03 1.181653333333333421e+03 1.191980000000000018e+03 1.161786666666666633e+03 1.104149999999999864e+03 1.122966666666666470e+03 1.133286666666666633e+03 1.056423333333333403e+03 4.759563333333333503e+03 9.176389999999999418e+03 1.927989892630206148e+00
1.230466666666666470e+03 1.224143333333333430e+03 1.181653333333333421e+03 1.191980000000000018e+03 1.161786666666666633e+03 1.104149999999999864e+03 1.122966666666666470e+03 1.133286666666666633e+03 4.828243333333333794e+03 9.350433333333334303e+03 1.936611866427610407e+00
1.283039999999999964e+03 1.230466666666666470e+03 1.224143333333333430e+03 1.181653333333333421e+03 1.191980000000000018e+03 1.161786666666666633e+03 1.104149999999999864e+03 1.122966666666666470e+03 4.919303333333333285e+03 9.500186666666664678e+03 1.931205705957008467e+00
1.281783333333333530e+03 1.283039999999999964e+03 1.230466666666666470e+03 1.224143333333333430e+03 1.181653333333333421e+03 1.191980000000000018e+03 1.161786666666666633e+03 1.104149999999999864e+03 5.019433333333333394e+03 9.659003333333334012e+03 1.924321470551124680e+00
1.288376666666666779e+03 1.281783333333333530e+03 1.283039999999999964e+03 1.230466666666666470e+03 1.224143333333333430e+03 1.181653333333333421e+03 1.191980000000000018e+03 1.161786666666666633e+03 5.083666666666666970e+03 9.843229999999999563e+03 1.936246147793587058e+00
1.389480000000000246e+03 1.288376666666666779e+03 1.281783333333333530e+03 1.283039999999999964e+03 1.230466666666666470e+03 1.224143333333333430e+03 1.181653333333333421e+03 1.191980000000000018e+03 5.242680000000000291e+03 1.007092333333333409e+04 1.920949463505942312e+00
1.425303333333333285e+03 1.389480000000000246e+03 1.288376666666666779e+03 1.281783333333333530e+03 1.283039999999999964e+03 1.230466666666666470e+03 1.224143333333333430e+03 1.181653333333333421e+03 5.384943333333334522e+03 1.030424666666666781e+04 1.913529266479436552e+00
1.496323333333333494e+03 1.425303333333333285e+03 1.389480000000000246e+03 1.288376666666666779e+03 1.281783333333333530e+03 1.283039999999999964e+03 1.230466666666666470e+03 1.224143333333333430e+03 5.599483333333334485e+03 1.061891666666666788e+04 1.896410085454312666e+00
1.490816666666666606e+03 1.496323333333333494e+03 1.425303333333333285e+03 1.389480000000000246e+03 1.288376666666666779e+03 1.281783333333333530e+03 1.283039999999999964e+03 1.230466666666666470e+03 5.801923333333334085e+03 1.088559000000000015e+04 1.876203695671033067e+00
1.494090000000000146e+03 1.490816666666666606e+03 1.496323333333333494e+03 1.425303333333333285e+03 1.389480000000000246e+03 1.288376666666666779e+03 1.281783333333333530e+03 1.283039999999999964e+03 5.906533333333333758e+03 1.114921333333333314e+04 1.887606943723334485e+00
1.350190000000000055e+03 1.494090000000000146e+03 1.490816666666666606e+03 1.496323333333333494e+03 1.425303333333333285e+03 1.389480000000000246e+03 1.288376666666666779e+03 1.281783333333333530e+03 5.831420000000000073e+03 1.121636333333333459e+04 1.923436029874941999e+00
1.371646666666666761e+03 1.350190000000000055e+03 1.494090000000000146e+03 1.490816666666666606e+03 1.496323333333333494e+03 1.425303333333333285e+03 1.389480000000000246e+03 1.288376666666666779e+03 5.706743333333333794e+03 1.130622666666666919e+04 1.981204691759398395e+00
1.251916666666666742e+03 1.371646666666666761e+03 1.350190000000000055e+03 1.494090000000000146e+03 1.490816666666666606e+03 1.496323333333333494e+03 1.425303333333333285e+03 1.389480000000000246e+03 5.467843333333334158e+03 1.126976666666666824e+04 2.061099043925301633e+00
9.097999999999998408e+02 1.251916666666666742e+03 1.371646666666666761e+03 1.350190000000000055e+03 1.494090000000000146e+03 1.490816666666666606e+03 1.496323333333333494e+03 1.425303333333333285e+03 4.883553333333333285e+03 1.079008666666666613e+04 2.209474521966928506e+00
8.093133333333333894e+02 9.097999999999998408e+02 1.251916666666666742e+03 1.371646666666666761e+03 1.350190000000000055e+03 1.494090000000000146e+03 1.490816666666666606e+03 1.496323333333333494e+03 4.342676666666666279e+03 1.017409666666666635e+04 2.342816987679641638e+00
8.922266666666665742e+02 8.093133333333333894e+02 9.097999999999998408e+02 1.251916666666666742e+03 1.371646666666666761e+03 1.350190000000000055e+03 1.494090000000000146e+03 1.490816666666666606e+03 3.863256666666666206e+03 9.570000000000000000e+03 2.477184620574869545e+00
9.967000000000001592e+02 8.922266666666665742e+02 8.093133333333333894e+02 9.097999999999998408e+02 1.251916666666666742e+03 1.371646666666666761e+03 1.350190000000000055e+03 1.494090000000000146e+03 3.608039999999999964e+03 9.075883333333335031e+03 2.515460841158450478e+00
1.088703333333333376e+03 9.967000000000001592e+02 8.922266666666665742e+02 8.093133333333333894e+02 9.097999999999998408e+02 1.251916666666666742e+03 1.371646666666666761e+03 1.350190000000000055e+03 3.786943333333333612e+03 8.670496666666665988e+03 2.289576553825732663e+00
1.121596666666666579e+03 1.088703333333333376e+03 9.967000000000001592e+02 8.922266666666665742e+02 8.093133333333333894e+02 9.097999999999998408e+02 1.251916666666666742e+03 1.371646666666666761e+03 4.099226666666667370e+03 8.441903333333333649e+03 2.059389250655407899e+00
1.135246666666666670e+03 1.121596666666666579e+03 1.088703333333333376e+03 9.967000000000001592e+02 8.922266666666665742e+02 8.093133333333333894e+02 9.097999999999998408e+02 1.251916666666666742e+03 4.342246666666666897e+03 8.205503333333334012e+03 1.889690743808504658e+00
1.096386666666666542e+03 1.135246666666666670e+03 1.121596666666666579e+03 1.088703333333333376e+03 9.967000000000001592e+02 8.922266666666665742e+02 8.093133333333333894e+02 9.097999999999998408e+02 4.441933333333332484e+03 8.049973333333332448e+03 1.812267931381230435e+00
1.204000000000000000e+03 1.096386666666666542e+03 1.135246666666666670e+03 1.121596666666666579e+03 1.088703333333333376e+03 9.967000000000001592e+02 8.922266666666665742e+02 8.093133333333333894e+02 4.557229999999999563e+03 8.344173333333332266e+03 1.830974809990571606e+00
1.302743333333333112e+03 1.204000000000000000e+03 1.096386666666666542e+03 1.135246666666666670e+03 1.121596666666666579e+03 1.088703333333333376e+03 9.967000000000001592e+02 8.922266666666665742e+02 4.738376666666666097e+03 8.837603333333332557e+03 1.865112032039102141e+00
1.319036666666666633e+03 1.302743333333333112e+03 1.204000000000000000e+03 1.096386666666666542e+03 1.135246666666666670e+03 1.121596666666666579e+03 1.088703333333333376e+03 9.967000000000001592e+02 4.922166666666666060e+03 9.264413333333333867e+03 1.882181965936410517e+00
1.228126666666666779e+03 1.319036666666666633e+03 1.302743333333333112e+03 1.204000000000000000e+03 1.096386666666666542e+03 1.135246666666666670e+03 1.121596666666666579e+03 1.088703333333333376e+03 5.053906666666666752e+03 9.495840000000000146e+03 1.878910835973754967e+00
1.225653333333333421e+03 1.228126666666666779e+03 1.319036666666666633e+03 1.302743333333333112e+03 1.204000000000000000e+03 1.096386666666666542e+03 1.135246666666666670e+03 1.121596666666666579e+03 5.075559999999999491e+03 9.632789999999999054e+03 1.897877278566306058e+00
1.347436666666666497e+03 1.225653333333333421e+03 1.228126666666666779e+03 1.319036666666666633e+03 1.302743333333333112e+03 1.204000000000000000e+03 1.096386666666666542e+03 1.135246666666666670e+03 5.120253333333334012e+03 9.858630000000001019e+03 1.925418403776896437e+00
1.350393333333333203e+03 1.347436666666666497e+03 1.225653333333333421e+03 1.228126666666666779e+03 1.319036666666666633e+03 1.302743333333333112e+03 1.204000000000000000e+03 1.096386666666666542e+03 5.151610000000000582e+03 1.007377666666666664e+04 1.955461820026489939e+00
1.402216666666666470e+03 1.350393333333333203e+03 1.347436666666666497e+03 1.225653333333333421e+03 1.228126666666666779e+03 1.319036666666666633e+03 1.302743333333333112e+03 1.204000000000000000e+03 5.325699999999999818e+03 1.037960666666666657e+04 1.948965707168384798e+00
1.418206666666666706e+03 1.402216666666666470e+03 1.350393333333333203e+03 1.347436666666666497e+03 1.225653333333333421e+03 1.228126666666666779e+03 1.319036666666666633e+03 1.302743333333333112e+03 5.518253333333333103e+03 1.059381333333333168e+04 1.919776547651551368e+00
1.514513333333333321e+03 1.418206666666666706e+03 1.402216666666666470e+03 1.350393333333333203e+03 1.347436666666666497e+03 1.225653333333333421e+03 1.228126666666666779e+03 1.319036666666666633e+03 5.685329999999999927e+03 1.080558333333333394e+04 1.900607938911784256e+00
1.609769999999999754e+03 1.514513333333333321e+03 1.418206666666666706e+03 1.402216666666666470e+03 1.350393333333333203e+03 1.347436666666666497e+03 1.225653333333333421e+03 1.228126666666666779e+03 5.944706666666666024e+03 1.109631666666666570e+04 1.866587754259812160e+00
1.675313333333333503e+03 1.609769999999999754e+03 1.514513333333333321e+03 1.418206666666666706e+03 1.402216666666666470e+03 1.350393333333333203e+03 1.347436666666666497e+03 1.225653333333333421e+03 6.217803333333333285e+03 1.154350333333333401e+04 1.856524356672587084e+00
1.770449999999999818e+03 1.675313333333333503e+03 1.609769999999999754e+03 1.514513333333333321e+03 1.418206666666666706e+03 1.402216666666666470e+03 1.350393333333333203e+03 1.347436666666666497e+03 6.570046666666666169e+03 1.208829999999999927e+04 1.839910827624765766e+00
1.834306666666666615e+03 1.770449999999999818e+03 1.675313333333333503e+03 1.609769999999999754e+03 1.514513333333333321e+03 1.418206666666666706e+03 1.402216666666666470e+03 1.350393333333333203e+03 6.889839999999999236e+03 1.257516999999999825e+04 1.825175911196776690e+00
1.900373333333333221e+03 1.834306666666666615e+03 1.770449999999999818e+03 1.675313333333333503e+03 1.609769999999999754e+03 1.514513333333333321e+03 1.418206666666666706e+03 1.402216666666666470e+03 7.180443333333332703e+03 1.312514999999999782e+04 1.827902455419419203e+00
1.975953333333333603e+03 1.900373333333333221e+03 1.834306666666666615e+03 1.770449999999999818e+03 1.675313333333333503e+03 1.609769999999999754e+03 1.514513333333333321e+03 1.418206666666666706e+03 7.481083333333333030e+03 1.369888666666666541e+04 1.831136756040234737e+00
2.012036666666666861e+03 1.975953333333333603e+03 1.900373333333333221e+03 1.834306666666666615e+03 1.770449999999999818e+03 1.675313333333333503e+03 1.609769999999999754e+03 1.514513333333333321e+03 7.722670000000000073e+03 1.429271666666666715e+04 1.850748078924344453e+00
2.063456666666666479e+03 2.012036666666666861e+03 1.975953333333333603e+03 1.900373333333333221e+03 1.834306666666666615e+03 1.770449999999999818e+03 1.675313333333333503e+03 1.609769999999999754e+03 7.951819999999999709e+03 1.484165999999999985e+04 1.866448184189279935e+00
2.102030000000000200e+03 2.063456666666666479e+03 2.012036666666666861e+03 1.975953333333333603e+03 1.900373333333333221e+03 1.834306666666666615e+03 1.770449999999999818e+03 1.675313333333333503e+03 8.153476666666667370e+03 1.533392000000000007e+04 1.880660315456432974e+00
2.026140000000000100e+03 2.102030000000000200e+03 2.063456666666666479e+03 2.012036666666666861e+03 1.975953333333333603e+03 1.900373333333333221e+03 1.834306666666666615e+03 1.770449999999999818e+03 8.203663333333333867e+03 1.568474666666666599e+04 1.911919837438477376e+00
2.053170000000000073e+03 2.026140000000000100e+03 2.102030000000000200e+03 2.063456666666666479e+03 2.012036666666666861e+03 1.975953333333333603e+03 1.900373333333333221e+03 1.834306666666666615e+03 8.244796666666667079e+03 1.596746666666666715e+04 1.936671977760518804e+00
1.948323333333333494e+03 2.053170000000000073e+03 2.026140000000000100e+03 2.102030000000000200e+03 2.063456666666666479e+03 2.012036666666666861e+03 1.975953333333333603e+03 1.900373333333333221e+03 8.129663333333333867e+03 1.608148333333333358e+04 1.978124145362313069e+00
2.074993333333333339e+03 1.948323333333333494e+03 2.053170000000000073e+03 2.026140000000000100e+03 2.102030000000000200e+03 2.063456666666666479e+03 2.012036666666666861e+03 1.975953333333333603e+03 8.102626666666667006e+03 1.625610333333333438e+04 2.006275742680974083e+00
2.159180000000000291e+03 2.074993333333333339e+03 1.948323333333333494e+03 2.053170000000000073e+03 2.026140000000000100e+03 2.102030000000000200e+03 2.063456666666666479e+03 2.012036666666666861e+03 8.235666666666667879e+03 1.643933000000000175e+04 1.996114056745051935e+00
2.184880000000000109e+03 2.159180000000000291e+03 2.074993333333333339e+03 1.948323333333333494e+03 2.053170000000000073e+03 2.026140000000000100e+03 2.102030000000000200e+03 2.063456666666666479e+03 8.367376666666667006e+03 1.661217333333333227e+04 1.985350247170259763e+00
2.323950000000000273e+03 2.184880000000000109e+03 2.159180000000000291e+03 2.074993333333333339e+03 1.948323333333333494e+03 2.053170000000000073e+03 2.026140000000000100e+03 2.102030000000000200e+03 8.743003333333334012e+03 1.687266666666666788e+04 1.929847905048646561e+00
2.396216666666666697e+03 2.323950000000000273e+03 2.184880000000000109e+03 2.159180000000000291e+03 2.074993333333333339e+03 1.948323333333333494e+03 2.053170000000000073e+03 2.026140000000000100e+03 9.064226666666667370e+03 1.716685333333333256e+04 1.893912626486245365e+00
2.467719999999999800e+03 2.396216666666666697e+03 2.323950000000000273e+03 2.184880000000000109e+03 2.159180000000000291e+03 2.074993333333333339e+03 1.948323333333333494e+03 2.053170000000000073e+03 9.372766666666666424e+03 1.760843333333333430e+04 1.878680432316320870e+00
