1.600000000000000000e+01 1.400000000000000000e+01 1.400000000000000000e+01 1.800000000000000000e+01 2.000000000000000000e+01 2.400000000000000000e+01 3.500000000000000000e+01 2.900000000000000000e+01 6.200000000000000000e+01 1.700000000000000000e+02 2.741935483870967527e+00
1.600000000000000000e+01 1.600000000000000000e+01 1.400000000000000000e+01 1.400000000000000000e+01 1.800000000000000000e+01 2.000000000000000000e+01 2.400000000000000000e+01 3.500000000000000000e+01 6.000000000000000000e+01 1.570000000000000000e+02 2.616666666666666696e+00
1.500000000000000000e+01 1.600000000000000000e+01 1.600000000000000000e+01 1.400000000000000000e+01 1.400000000000000000e+01 1.800000000000000000e+01 2.000000000000000000e+01 2.400000000000000000e+01 6.100000000000000000e+01 1.370000000000000000e+02 2.245901639344262346e+00
1.300000000000000000e+01 1.500000000000000000e+01 1.600000000000000000e+01 1.600000000000000000e+01 1.400000000000000000e+01 1.400000000000000000e+01 1.800000000000000000e+01 2.000000000000000000e+01 6.000000000000000000e+01 1.260000000000000000e+02 2.100000000000000089e+00
1.400000000000000000e+01 1.300000000000000000e+01 1.500000000000000000e+01 1.600000000000000000e+01 1.600000000000000000e+01 1.400000000000000000e+01 1.400000000000000000e+01 1.800000000000000000e+01 5.800000000000000000e+01 1.200000000000000000e+02 2.068965517241379448e+00
1.200000000000000000e+01 1.400000000000000000e+01 1.300000000000000000e+01 1.500000000000000000e+01 1.600000000000000000e+01 1.600000000000000000e+01 1.400000000000000000e+01 1.400000000000000000e+01 5.400000000000000000e+01 1.140000000000000000e+02 2.111111111111111160e+00
1.600000000000000000e+01 1.200000000000000000e+01 1.400000000000000000e+01 1.300000000000000000e+01 1.500000000000000000e+01 1.600000000000000000e+01 1.600000000000000000e+01 1.400000000000000000e+01 5.500000000000000000e+01 1.160000000000000000e+02 2.109090909090908905e+00
1.700000000000000000e+01 1.600000000000000000e+01 1.200000000000000000e+01 1.400000000000000000e+01 1.300000000000000000e+01 1.500000000000000000e+01 1.600000000000000000e+01 1.600000000000000000e+01 5.900000000000000000e+01 1.190000000000000000e+02 2.016949152542372836e+00
1.900000000000000000e+01 1.700000000000000000e+01 1.600000000000000000e+01 1.200000000000000000e+01 1.400000000000000000e+01 1.300000000000000000e+01 1.500000000000000000e+01 1.600000000000000000e+01 6.400000000000000000e+01 1.220000000000000000e+02 1.906250000000000000e+00
2.100000000000000000e+01 1.900000000000000000e+01 1.700000000000000000e+01 1.600000000000000000e+01 1.200000000000000000e+01 1.400000000000000000e+01 1.300000000000000000e+01 1.500000000000000000e+01 7.300000000000000000e+01 1.270000000000000000e+02 1.739726027397260344e+00
3.200000000000000000e+01 2.100000000000000000e+01 1.900000000000000000e+01 1.700000000000000000e+01 1.600000000000000000e+01 1.200000000000000000e+01 1.400000000000000000e+01 1.300000000000000000e+01 8.900000000000000000e+01 1.440000000000000000e+02 1.617977528089887596e+00
3.000000000000000000e+01 3.200000000000000000e+01 2.100000000000000000e+01 1.900000000000000000e+01 1.700000000000000000e+01 1.600000000000000000e+01 1.200000000000000000e+01 1.400000000000000000e+01 1.020000000000000000e+02 1.610000000000000000e+02 1.578431372549019551e+00
3.400000000000000000e+01 3.000000000000000000e+01 3.200000000000000000e+01 2.100000000000000000e+01 1.900000000000000000e+01 1.700000000000000000e+01 1.600000000000000000e+01 1.200000000000000000e+01 1.170000000000000000e+02 1.810000000000000000e+02 1.547008547008547064e+00
2.700000000000000000e+01 3.400000000000000000e+01 3.000000000000000000e+01 3.200000000000000000e+01 2.100000000000000000e+01 1.900000000000000000e+01 1.700000000000000000e+01 1.600000000000000000e+01 1.230000000000000000e+02 1.960000000000000000e+02 1.593495934959349603e+00
3.200000000000000000e+01 2.700000000000000000e+01 3.400000000000000000e+01 3.000000000000000000e+01 3.200000000000000000e+01 2.100000000000000000e+01 1.900000000000000000e+01 1.700000000000000000e+01 1.230000000000000000e+02 2.120000000000000000e+02 1.723577235772357774e+00
3.700000000000000000e+01 3.200000000000000000e+01 2.700000000000000000e+01 3.400000000000000000e+01 3.000000000000000000e+01 3.200000000000000000e+01 2.100000000000000000e+01 1.900000000000000000e+01 1.300000000000000000e+02 2.320000000000000000e+02 1.784615384615384714e+00
3.300000000000000000e+01 3.700000000000000000e+01 3.200000000000000000e+01 2.700000000000000000e+01 3.400000000000000000e+01 3.000000000000000000e+01 3.200000000000000000e+01 2.100000000000000000e+01 1.290000000000000000e+02 2.460000000000000000e+02 1.906976744186046568e+00
2.900000000000000000e+01 3.300000000000000000e+01 3.700000000000000000e+01 3.200000000000000000e+01 2.700000000000000000e+01 3.400000000000000000e+01 3.000000000000000000e+01 3.200000000000000000e+01 1.310000000000000000e+02 2.540000000000000000e+02 1.938931297709923562e+00
3.400000000000000000e+01 2.900000000000000000e+01 3.300000000000000000e+01 3.700000000000000000e+01 3.200000000000000000e+01 2.700000000000000000e+01 3.400000000000000000e+01 3.000000000000000000e+01 1.330000000000000000e+02 2.560000000000000000e+02 1.924812030075187863e+00
3.700000000000000000e+01 3.400000000000000000e+01 2.900000000000000000e+01 3.300000000000000000e+01 3.700000000000000000e+01 3.200000000000000000e+01 2.700000000000000000e+01 3.400000000000000000e+01 1.330000000000000000e+02 2.630000000000000000e+02 1.977443609022556448e+00
3.800000000000000000e+01 3.700000000000000000e+01 3.400000000000000000e+01 2.900000000000000000e+01 3.300000000000000000e+01 3.700000000000000000e+01 3.200000000000000000e+01 2.700000000000000000e+01 1.380000000000000000e+02 2.670000000000000000e+02 1.934782608695652106e+00
2.800000000000000000e+01 3.800000000000000000e+01 3.700000000000000000e+01 3.400000000000000000e+01 2.900000000000000000e+01 3.300000000000000000e+01 3.700000000000000000e+01 3.200000000000000000e+01 1.370000000000000000e+02 2.680000000000000000e+02 1.956204379562043849e+00
4.700000000000000000e+01 2.800000000000000000e+01 3.800000000000000000e+01 3.700000000000000000e+01 3.400000000000000000e+01 2.900000000000000000e+01 3.300000000000000000e+01 3.700000000000000000e+01 1.500000000000000000e+02 2.830000000000000000e+02 1.886666666666666714e+00
4.300000000000000000e+01 4.700000000000000000e+01 2.800000000000000000e+01 3.800000000000000000e+01 3.700000000000000000e+01 3.400000000000000000e+01 2.900000000000000000e+01 3.300000000000000000e+01 1.560000000000000000e+02 2.890000000000000000e+02 1.852564102564102644e+00
4.600000000000000000e+01 4.300000000000000000e+01 4.700000000000000000e+01 2.800000000000000000e+01 3.800000000000000000e+01 3.700000000000000000e+01 3.400000000000000000e+01 2.900000000000000000e+01 1.640000000000000000e+02 3.020000000000000000e+02 1.841463414634146423e+00
3.300000000000000000e+01 4.600000000000000000e+01 4.300000000000000000e+01 4.700000000000000000e+01 2.800000000000000000e+01 3.800000000000000000e+01 3.700000000000000000e+01 3.400000000000000000e+01 1.690000000000000000e+02 3.060000000000000000e+02 1.810650887573964418e+00
4.200000000000000000e+01 3.300000000000000000e+01 4.600000000000000000e+01 4.300000000000000000e+01 4.700000000000000000e+01 2.800000000000000000e+01 3.800000000000000000e+01 3.700000000000000000e+01 1.640000000000000000e+02 3.140000000000000000e+02 1.914634146341463339e+00
4.700000000000000000e+01 4.200000000000000000e+01 3.300000000000000000e+01 4.600000000000000000e+01 4.300000000000000000e+01 4.700000000000000000e+01 2.800000000000000000e+01 3.800000000000000000e+01 1.680000000000000000e+02 3.240000000000000000e+02 1.928571428571428603e+00
4.700000000000000000e+01 4.700000000000000000e+01 4.200000000000000000e+01 3.300000000000000000e+01 4.600000000000000000e+01 4.300000000000000000e+01 4.700000000000000000e+01 2.800000000000000000e+01 1.690000000000000000e+02 3.330000000000000000e+02 1.970414201183432024e+00
4.400000000000000000e+01 4.700000000000000000e+01 4.700000000000000000e+01 4.200000000000000000e+01 3.300000000000000000e+01 4.600000000000000000e+01 4.300000000000000000e+01 4.700000000000000000e+01 1.800000000000000000e+02 3.490000000000000000e+02 1.938888888888888884e+00
3.700000000000000000e+01 4.400000000000000000e+01 4.700000000000000000e+01 4.700000000000000000e+01 4.200000000000000000e+01 3.300000000000000000e+01 4.600000000000000000e+01 4.300000000000000000e+01 1.750000000000000000e+02 3.390000000000000000e+02 1.937142857142857055e+00
4.500000000000000000e+01 3.700000000000000000e+01 4.400000000000000000e+01 4.700000000000000000e+01 4.700000000000000000e+01 4.200000000000000000e+01 3.300000000000000000e+01 4.600000000000000000e+01 1.730000000000000000e+02 3.410000000000000000e+02 1.971098265895953716e+00
3.900000000000000000e+01 4.500000000000000000e+01 3.700000000000000000e+01 4.400000000000000000e+01 4.700000000000000000e+01 4.700000000000000000e+01 4.200000000000000000e+01 3.300000000000000000e+01 1.650000000000000000e+02 3.340000000000000000e+02 2.024242424242424399e+00
4.000000000000000000e+01 3.900000000000000000e+01 4.500000000000000000e+01 3.700000000000000000e+01 4.400000000000000000e+01 4.700000000000000000e+01 4.700000000000000000e+01 4.200000000000000000e+01 1.610000000000000000e+02 3.410000000000000000e+02 2.118012422360248337e+00
4.400000000000000000e+01 4.000000000000000000e+01 3.900000000000000000e+01 4.500000000000000000e+01 3.700000000000000000e+01 4.400000000000000000e+01 4.700000000000000000e+01 4.700000000000000000e+01 1.680000000000000000e+02 3.430000000000000000e+02 2.041666666666666519e+00
3.500000000000000000e+01 4.400000000000000000e+01 4.000000000000000000e+01 3.900000000000000000e+01 4.500000000000000000e+01 3.700000000000000000e+01 4.400000000000000000e+01 4.700000000000000000e+01 1.580000000000000000e+02 3.310000000000000000e+02 2.094936708860759556e+00
3.800000000000000000e+01 3.500000000000000000e+01 4.400000000000000000e+01 4.000000000000000000e+01 3.900000000000000000e+01 4.500000000000000000e+01 3.700000000000000000e+01 4.400000000000000000e+01 1.570000000000000000e+02 3.220000000000000000e+02 2.050955414012738842e+00
3.400000000000000000e+01 3.800000000000000000e+01 3.500000000000000000e+01 4.400000000000000000e+01 4.000000000000000000e+01 3.900000000000000000e+01 4.500000000000000000e+01 3.700000000000000000e+01 1.510000000000000000e+02 3.120000000000000000e+02 2.066225165562913801e+00
3.600000000000000000e+01 3.400000000000000000e+01 3.800000000000000000e+01 3.500000000000000000e+01 4.400000000000000000e+01 4.000000000000000000e+01 3.900000000000000000e+01 4.500000000000000000e+01 1.430000000000000000e+02 3.110000000000000000e+02 2.174825174825175012e+00
3.800000000000000000e+01 3.600000000000000000e+01 3.400000000000000000e+01 3.800000000000000000e+01 3.500000000000000000e+01 4.400000000000000000e+01 4.000000000000000000e+01 3.900000000000000000e+01 1.460000000000000000e+02 3.040000000000000000e+02 2.082191780821917693e+00
3.400000000000000000e+01 3.800000000000000000e+01 3.600000000000000000e+01 3.400000000000000000e+01 3.800000000000000000e+01 3.500000000000000000e+01 4.400000000000000000e+01 4.000000000000000000e+01 1.420000000000000000e+02 2.990000000000000000e+02 2.105633802816901490e+00
3.800000000000000000e+01 3.400000000000000000e+01 3.800000000000000000e+01 3.600000000000000000e+01 3.400000000000000000e+01 3.800000000000000000e+01 3.500000000000000000e+01 4.400000000000000000e+01 1.460000000000000000e+02 2.970000000000000000e+02 2.034246575342465668e+00
4.400000000000000000e+01 3.800000000000000000e+01 3.400000000000000000e+01 3.800000000000000000e+01 3.600000000000000000e+01 3.400000000000000000e+01 3.800000000000000000e+01 3.500000000000000000e+01 1.540000000000000000e+02 2.970000000000000000e+02 1.928571428571428603e+00
4.000000000000000000e+01 4.400000000000000000e+01 3.800000000000000000e+01 3.400000000000000000e+01 3.800000000000000000e+01 3.600000000000000000e+01 3.400000000000000000e+01 3.800000000000000000e+01 1.560000000000000000e+02 3.020000000000000000e+02 1.935897435897435903e+00
3.200000000000000000e+01 4.000000000000000000e+01 4.400000000000000000e+01 3.800000000000000000e+01 3.400000000000000000e+01 3.800000000000000000e+01 3.600000000000000000e+01 3.400000000000000000e+01 1.540000000000000000e+02 2.960000000000000000e+02 1.922077922077922052e+00
3.300000000000000000e+01 3.200000000000000000e+01 4.000000000000000000e+01 4.400000000000000000e+01 3.800000000000000000e+01 3.400000000000000000e+01 3.800000000000000000e+01 3.600000000000000000e+01 1.490000000000000000e+02 2.950000000000000000e+02 1.979865771812080455e+00
3.900000000000000000e+01 3.300000000000000000e+01 3.200000000000000000e+01 4.000000000000000000e+01 4.400000000000000000e+01 3.800000000000000000e+01 3.400000000000000000e+01 3.800000000000000000e+01 1.440000000000000000e+02 2.980000000000000000e+02 2.069444444444444642e+00
3.900000000000000000e+01 3.900000000000000000e+01 3.300000000000000000e+01 3.200000000000000000e+01 4.000000000000000000e+01 4.400000000000000000e+01 3.800000000000000000e+01 3.400000000000000000e+01 1.430000000000000000e+02 2.990000000000000000e+02 2.090909090909090828e+00
4.200000000000000000e+01 3.900000000000000000e+01 3.900000000000000000e+01 3.300000000000000000e+01 3.200000000000000000e+01 4.000000000000000000e+01 4.400000000000000000e+01 3.800000000000000000e+01 1.530000000000000000e+02 3.070000000000000000e+02 2.006535947712418277e+00
4.100000000000000000e+01 4.200000000000000000e+01 3.900000000000000000e+01 3.900000000000000000e+01 3.300000000000000000e+01 3.200000000000000000e+01 4.000000000000000000e+01 4.400000000000000000e+01 1.610000000000000000e+02 3.100000000000000000e+02 1.925465838509316852e+00
4.000000000000000000e+01 4.100000000000000000e+01 4.200000000000000000e+01 3.900000000000000000e+01 3.900000000000000000e+01 3.300000000000000000e+01 3.200000000000000000e+01 4.000000000000000000e+01 1.620000000000000000e+02 3.060000000000000000e+02 1.888888888888888840e+00
4.000000000000000000e+01 4.000000000000000000e+01 4.100000000000000000e+01 4.200000000000000000e+01 3.900000000000000000e+01 3.900000000000000000e+01 3.300000000000000000e+01 3.200000000000000000e+01 1.630000000000000000e+02 3.060000000000000000e+02 1.877300613496932558e+00
4.300000000000000000e+01 4.000000000000000000e+01 4.000000000000000000e+01 4.100000000000000000e+01 4.200000000000000000e+01 3.900000000000000000e+01 3.900000000000000000e+01 3.300000000000000000e+01 1.640000000000000000e+02 3.170000000000000000e+02 1.932926829268292623e+00
3.500000000000000000e+01 4.300000000000000000e+01 4.000000000000000000e+01 4.000000000000000000e+01 4.100000000000000000e+01 4.200000000000000000e+01 3.900000000000000000e+01 3.900000000000000000e+01 1.580000000000000000e+02 3.190000000000000000e+02 2.018987341772152000e+00
4.300000000000000000e+01 3.500000000000000000e+01 4.300000000000000000e+01 4.000000000000000000e+01 4.000000000000000000e+01 4.100000000000000000e+01 4.200000000000000000e+01 3.900000000000000000e+01 1.610000000000000000e+02 3.230000000000000000e+02 2.006211180124223503e+00
4.100000000000000000e+01 4.300000000000000000e+01 3.500000000000000000e+01 4.300000000000000000e+01 4.000000000000000000e+01 4.000000000000000000e+01 4.100000000000000000e+01 4.200000000000000000e+01 1.620000000000000000e+02 3.250000000000000000e+02 2.006172839506172867e+00
4.500000000000000000e+01 4.100000000000000000e+01 4.300000000000000000e+01 3.500000000000000000e+01 4.300000000000000000e+01 4.000000000000000000e+01 4.000000000000000000e+01 4.100000000000000000e+01 1.640000000000000000e+02 3.280000000000000000e+02 2.000000000000000000e+00
4.000000000000000000e+01 4.500000000000000000e+01 4.100000000000000000e+01 4.300000000000000000e+01 3.500000000000000000e+01 4.300000000000000000e+01 4.000000000000000000e+01 4.000000000000000000e+01 1.690000000000000000e+02 3.270000000000000000e+02 1.934911242603550185e+00
3.800000000000000000e+01 4.000000000000000000e+01 4.500000000000000000e+01 4.100000000000000000e+01 4.300000000000000000e+01 3.500000000000000000e+01 4.300000000000000000e+01 4.000000000000000000e+01 1.640000000000000000e+02 3.250000000000000000e+02 1.981707317073170715e+00
3.900000000000000000e+01 3.800000000000000000e+01 4.000000000000000000e+01 4.500000000000000000e+01 4.100000000000000000e+01 4.300000000000000000e+01 3.500000000000000000e+01 4.300000000000000000e+01 1.620000000000000000e+02 3.240000000000000000e+02 2.000000000000000000e+00
3.600000000000000000e+01 3.900000000000000000e+01 3.800000000000000000e+01 4.000000000000000000e+01 4.500000000000000000e+01 4.100000000000000000e+01 4.300000000000000000e+01 3.500000000000000000e+01 1.530000000000000000e+02 3.170000000000000000e+02 2.071895424836601496e+00
2.800000000000000000e+01 3.600000000000000000e+01 3.900000000000000000e+01 3.800000000000000000e+01 4.000000000000000000e+01 4.500000000000000000e+01 4.100000000000000000e+01 4.300000000000000000e+01 1.410000000000000000e+02 3.100000000000000000e+02 2.198581560283687786e+00
3.400000000000000000e+01 2.800000000000000000e+01 3.600000000000000000e+01 3.900000000000000000e+01 3.800000000000000000e+01 4.000000000000000000e+01 4.500000000000000000e+01 4.100000000000000000e+01 1.370000000000000000e+02 3.010000000000000000e+02 2.197080291970802790e+00
3.800000000000000000e+01 3.400000000000000000e+01 2.800000000000000000e+01 3.600000000000000000e+01 3.900000000000000000e+01 3.800000000000000000e+01 4.000000000000000000e+01 4.500000000000000000e+01 1.360000000000000000e+02 2.980000000000000000e+02 2.191176470588235503e+00
4.100000000000000000e+01 3.800000000000000000e+01 3.400000000000000000e+01 2.800000000000000000e+01 3.600000000000000000e+01 3.900000000000000000e+01 3.800000000000000000e+01 4.000000000000000000e+01 1.410000000000000000e+02 2.940000000000000000e+02 2.085106382978723527e+00
3.300000000000000000e+01 4.100000000000000000e+01 3.800000000000000000e+01 3.400000000000000000e+01 2.800000000000000000e+01 3.600000000000000000e+01 3.900000000000000000e+01 3.800000000000000000e+01 1.460000000000000000e+02 2.870000000000000000e+02 1.965753424657534332e+00
3.700000000000000000e+01 3.300000000000000000e+01 4.100000000000000000e+01 3.800000000000000000e+01 3.400000000000000000e+01 2.800000000000000000e+01 3.600000000000000000e+01 3.900000000000000000e+01 1.490000000000000000e+02 2.860000000000000000e+02 1.919463087248322042e+00
3.100000000000000000e+01 3.700000000000000000e+01 3.300000000000000000e+01 4.100000000000000000e+01 3.800000000000000000e+01 3.400000000000000000e+01 2.800000000000000000e+01 3.600000000000000000e+01 1.420000000000000000e+02 2.780000000000000000e+02 1.957746478873239493e+00
2.900000000000000000e+01 3.100000000000000000e+01 3.700000000000000000e+01 3.300000000000000000e+01 4.100000000000000000e+01 3.800000000000000000e+01 3.400000000000000000e+01 2.800000000000000000e+01 1.300000000000000000e+02 2.710000000000000000e+02 2.084615384615384759e+00
1.700000000000000000e+01 2.900000000000000000e+01 3.100000000000000000e+01 3.700000000000000000e+01 3.300000000000000000e+01 4.100000000000000000e+01 3.800000000000000000e+01 3.400000000000000000e+01 1.140000000000000000e+02 2.600000000000000000e+02 2.280701754385964897e+00
1.200000000000000000e+01 1.700000000000000000e+01 2.900000000000000000e+01 3.100000000000000000e+01 3.700000000000000000e+01 3.300000000000000000e+01 4.100000000000000000e+01 3.800000000000000000e+01 8.900000000000000000e+01 2.380000000000000000e+02 2.674157303370786387e+00
1.000000000000000000e+01 1.200000000000000000e+01 1.700000000000000000e+01 2.900000000000000000e+01 3.100000000000000000e+01 3.700000000000000000e+01 3.300000000000000000e+01 4.100000000000000000e+01 6.800000000000000000e+01 2.100000000000000000e+02 3.088235294117647189e+00
8.000000000000000000e+00 1.000000000000000000e+01 1.200000000000000000e+01 1.700000000000000000e+01 2.900000000000000000e+01 3.100000000000000000e+01 3.700000000000000000e+01 3.300000000000000000e+01 4.700000000000000000e+01 1.770000000000000000e+02 3.765957446808510856e+00
9.000000000000000000e+00 8.000000000000000000e+00 1.000000000000000000e+01 1.200000000000000000e+01 1.700000000000000000e+01 2.900000000000000000e+01 3.100000000000000000e+01 3.700000000000000000e+01 3.900000000000000000e+01 1.530000000000000000e+02 3.923076923076922906e+00
1.500000000000000000e+01 9.000000000000000000e+00 8.000000000000000000e+00 1.000000000000000000e+01 1.200000000000000000e+01 1.700000000000000000e+01 2.900000000000000000e+01 3.100000000000000000e+01 4.200000000000000000e+01 1.310000000000000000e+02 3.119047619047619069e+00
1.800000000000000000e+01 1.500000000000000000e+01 9.000000000000000000e+00 8.000000000000000000e+00 1.000000000000000000e+01 1.200000000000000000e+01 1.700000000000000000e+01 2.900000000000000000e+01 5.000000000000000000e+01 1.180000000000000000e+02 2.359999999999999876e+00
9.000000000000000000e+00 1.800000000000000000e+01 1.500000000000000000e+01 9.000000000000000000e+00 8.000000000000000000e+00 1.000000000000000000e+01 1.200000000000000000e+01 1.700000000000000000e+01 5.100000000000000000e+01 9.800000000000000000e+01 1.921568627450980449e+00
2.100000000000000000e+01 9.000000000000000000e+00 1.800000000000000000e+01 1.500000000000000000e+01 9.000000000000000000e+00 8.000000000000000000e+00 1.000000000000000000e+01 1.200000000000000000e+01 6.300000000000000000e+01 1.020000000000000000e+02 1.619047619047619069e+00
1.300000000000000000e+01 2.100000000000000000e+01 9.000000000000000000e+00 1.800000000000000000e+01 1.500000000000000000e+01 9.000000000000000000e+00 8.000000000000000000e+00 1.000000000000000000e+01 6.100000000000000000e+01 1.030000000000000000e+02 1.688524590163934525e+00
2.300000000000000000e+01 1.300000000000000000e+01 2.100000000000000000e+01 9.000000000000000000e+00 1.800000000000000000e+01 1.500000000000000000e+01 9.000000000000000000e+00 8.000000000000000000e+00 6.600000000000000000e+01 1.160000000000000000e+02 1.757575757575757569e+00
2.200000000000000000e+01 2.300000000000000000e+01 1.300000000000000000e+01 2.100000000000000000e+01 9.000000000000000000e+00 1.800000000000000000e+01 1.500000000000000000e+01 9.000000000000000000e+00 7.900000000000000000e+01 1.300000000000000000e+02 1.645569620253164667e+00
2.800000000000000000e+01 2.200000000000000000e+01 2.300000000000000000e+01 1.300000000000000000e+01 2.100000000000000000e+01 9.000000000000000000e+00 1.800000000000000000e+01 1.500000000000000000e+01 8.600000000000000000e+01 1.490000000000000000e+02 1.732558139534883690e+00
2.700000000000000000e+01 2.800000000000000000e+01 2.200000000000000000e+01 2.300000000000000000e+01 1.300000000000000000e+01 2.100000000000000000e+01 9.000000000000000000e+00 1.800000000000000000e+01 1.000000000000000000e+02 1.610000000000000000e+02 1.610000000000000098e+00
2.500000000000000000e+01 2.700000000000000000e+01 2.800000000000000000e+01 2.200000000000000000e+01 2.300000000000000000e+01 1.300000000000000000e+01 2.100000000000000000e+01 9.000000000000000000e+00 1.020000000000000000e+02 1.680000000000000000e+02 1.647058823529411686e+00
3.600000000000000000e+01 2.500000000000000000e+01 2.700000000000000000e+01 2.800000000000000000e+01 2.200000000000000000e+01 2.300000000000000000e+01 1.300000000000000000e+01 2.100000000000000000e+01 1.160000000000000000e+02 1.950000000000000000e+02 1.681034482758620774e+00
3.800000000000000000e+01 3.600000000000000000e+01 2.500000000000000000e+01 2.700000000000000000e+01 2.800000000000000000e+01 2.200000000000000000e+01 2.300000000000000000e+01 1.300000000000000000e+01 1.260000000000000000e+02 2.120000000000000000e+02 1.682539682539682557e+00
3.200000000000000000e+01 3.800000000000000000e+01 3.600000000000000000e+01 2.500000000000000000e+01 2.700000000000000000e+01 2.800000000000000000e+01 2.200000000000000000e+01 2.300000000000000000e+01 1.310000000000000000e+02 2.310000000000000000e+02 1.763358778625954137e+00
3.100000000000000000e+01 3.200000000000000000e+01 3.800000000000000000e+01 3.600000000000000000e+01 2.500000000000000000e+01 2.700000000000000000e+01 2.800000000000000000e+01 2.200000000000000000e+01 1.370000000000000000e+02 2.390000000000000000e+02 1.744525547445255453e+00
3.700000000000000000e+01 3.100000000000000000e+01 3.200000000000000000e+01 3.800000000000000000e+01 3.600000000000000000e+01 2.500000000000000000e+01 2.700000000000000000e+01 2.800000000000000000e+01 1.380000000000000000e+02 2.540000000000000000e+02 1.840579710144927494e+00
3.400000000000000000e+01 3.700000000000000000e+01 3.100000000000000000e+01 3.200000000000000000e+01 3.800000000000000000e+01 3.600000000000000000e+01 2.500000000000000000e+01 2.700000000000000000e+01 1.340000000000000000e+02 2.600000000000000000e+02 1.940298507462686617e+00
3.900000000000000000e+01 3.400000000000000000e+01 3.700000000000000000e+01 3.100000000000000000e+01 3.200000000000000000e+01 3.800000000000000000e+01 3.600000000000000000e+01 2.500000000000000000e+01 1.410000000000000000e+02 2.720000000000000000e+02 1.929078014184397061e+00
4.200000000000000000e+01 3.900000000000000000e+01 3.400000000000000000e+01 3.700000000000000000e+01 3.100000000000000000e+01 3.200000000000000000e+01 3.800000000000000000e+01 3.600000000000000000e+01 1.520000000000000000e+02 2.890000000000000000e+02 1.901315789473684292e+00
3.500000000000000000e+01 4.200000000000000000e+01 3.900000000000000000e+01 3.400000000000000000e+01 3.700000000000000000e+01 3.100000000000000000e+01 3.200000000000000000e+01 3.800000000000000000e+01 1.500000000000000000e+02 2.880000000000000000e+02 1.919999999999999929e+00
3.500000000000000000e+01 3.500000000000000000e+01 4.200000000000000000e+01 3.900000000000000000e+01 3.400000000000000000e+01 3.700000000000000000e+01 3.100000000000000000e+01 3.200000000000000000e+01 1.510000000000000000e+02 2.850000000000000000e+02 1.887417218543046449e+00
3.800000000000000000e+01 3.500000000000000000e+01 3.500000000000000000e+01 4.200000000000000000e+01 3.900000000000000000e+01 3.400000000000000000e+01 3.700000000000000000e+01 3.100000000000000000e+01 1.500000000000000000e+02 2.910000000000000000e+02 1.939999999999999947e+00
5.400000000000000000e+01 3.800000000000000000e+01 3.500000000000000000e+01 3.500000000000000000e+01 4.200000000000000000e+01 3.900000000000000000e+01 3.400000000000000000e+01 3.700000000000000000e+01 1.620000000000000000e+02 3.140000000000000000e+02 1.938271604938271553e+00
4.100000000000000000e+01 5.400000000000000000e+01 3.800000000000000000e+01 3.500000000000000000e+01 3.500000000000000000e+01 4.200000000000000000e+01 3.900000000000000000e+01 3.400000000000000000e+01 1.680000000000000000e+02 3.180000000000000000e+02 1.892857142857142794e+00
3.500000000000000000e+01 4.100000000000000000e+01 5.400000000000000000e+01 3.800000000000000000e+01 3.500000000000000000e+01 3.500000000000000000e+01 4.200000000000000000e+01 3.900000000000000000e+01 1.680000000000000000e+02 3.190000000000000000e+02 1.898809523809523725e+00
4.600000000000000000e+01 3.500000000000000000e+01 4.100000000000000000e+01 5.400000000000000000e+01 3.800000000000000000e+01 3.500000000000000000e+01 3.500000000000000000e+01 4.200000000000000000e+01 1.760000000000000000e+02 3.260000000000000000e+02 1.852272727272727293e+00
4.600000000000000000e+01 4.600000000000000000e+01 3.500000000000000000e+01 4.100000000000000000e+01 5.400000000000000000e+01 3.800000000000000000e+01 3.500000000000000000e+01 3.500000000000000000e+01 1.680000000000000000e+02 3.300000000000000000e+02 1.964285714285714191e+00
3.700000000000000000e+01 4.600000000000000000e+01 4.600000000000000000e+01 3.500000000000000000e+01 4.100000000000000000e+01 5.400000000000000000e+01 3.800000000000000000e+01 3.500000000000000000e+01 1.640000000000000000e+02 3.320000000000000000e+02 2.024390243902439046e+00
4.300000000000000000e+01 3.700000000000000000e+01 4.600000000000000000e+01 4.600000000000000000e+01 3.500000000000000000e+01 4.100000000000000000e+01 5.400000000000000000e+01 3.800000000000000000e+01 1.720000000000000000e+02 3.400000000000000000e+02 1.976744186046511587e+00
3.000000000000000000e+01 4.300000000000000000e+01 3.700000000000000000e+01 4.600000000000000000e+01 4.600000000000000000e+01 3.500000000000000000e+01 4.100000000000000000e+01 5.400000000000000000e+01 1.560000000000000000e+02 3.320000000000000000e+02 2.128205128205128194e+00
3.400000000000000000e+01 3.000000000000000000e+01 4.300000000000000000e+01 3.700000000000000000e+01 4.600000000000000000e+01 4.600000000000000000e+01 3.500000000000000000e+01 4.100000000000000000e+01 1.440000000000000000e+02 3.120000000000000000e+02 2.166666666666666519e+00
