8.493666666666666060e+03 8.500333333333333940e+03 8.551000000000000000e+03 8.967666666666666060e+03 7.271000000000000000e+03 7.049333333333333030e+03 6.679000000000000000e+03 7.187000000000000000e+03 3.451266666666666424e+04 6.269900000000000000e+04 1.816695319592806612e+00
1.016666666666666606e+04 8.493666666666666060e+03 8.500333333333333940e+03 8.551000000000000000e+03 8.967666666666666060e+03 7.271000000000000000e+03 7.049333333333333030e+03 6.679000000000000000e+03 3.571166666666666424e+04 6.567866666666665697e+04 1.839137536752694979e+00
9.630000000000000000e+03 1.016666666666666606e+04 8.493666666666666060e+03 8.500333333333333940e+03 8.551000000000000000e+03 8.967666666666666060e+03 7.271000000000000000e+03 7.049333333333333030e+03 3.679066666666666424e+04 6.862966666666665697e+04 1.865409705360054904e+00
9.673333333333333940e+03 9.630000000000000000e+03 1.016666666666666606e+04 8.493666666666666060e+03 8.500333333333333940e+03 8.551000000000000000e+03 8.967666666666666060e+03 7.271000000000000000e+03 3.796366666666666424e+04 7.125366666666665697e+04 1.876891062507133778e+00
8.981333333333333940e+03 9.673333333333333940e+03 9.630000000000000000e+03 1.016666666666666606e+04 8.493666666666666060e+03 8.500333333333333940e+03 8.551000000000000000e+03 8.967666666666666060e+03 3.845133333333333576e+04 7.296400000000000000e+04 1.897567487906791195e+00
9.880000000000000000e+03 8.981333333333333940e+03 9.673333333333333940e+03 9.630000000000000000e+03 1.016666666666666606e+04 8.493666666666666060e+03 8.500333333333333940e+03 8.551000000000000000e+03 3.816466666666667152e+04 7.387633333333334303e+04 1.935725889566265456e+00
9.038333333333333940e+03 9.880000000000000000e+03 8.981333333333333940e+03 9.673333333333333940e+03 9.630000000000000000e+03 1.016666666666666606e+04 8.493666666666666060e+03 8.500333333333333940e+03 3.757300000000000728e+04 7.436366666666667152e+04 1.979178310666346974e+00
8.726666666666666060e+03 9.038333333333333940e+03 9.880000000000000000e+03 8.981333333333333940e+03 9.673333333333333940e+03 9.630000000000000000e+03 1.016666666666666606e+04 8.493666666666666060e+03 3.662633333333333576e+04 7.459000000000000000e+04 2.036512891453325924e+00
8.116333333333333030e+03 8.726666666666666060e+03 9.038333333333333940e+03 9.880000000000000000e+03 8.981333333333333940e+03 9.673333333333333940e+03 9.630000000000000000e+03 1.016666666666666606e+04 3.576133333333333576e+04 7.421266666666667152e+04 2.075220908989225066e+00
9.209333333333333940e+03 8.116333333333333030e+03 8.726666666666666060e+03 9.038333333333333940e+03 9.880000000000000000e+03 8.981333333333333940e+03 9.673333333333333940e+03 9.630000000000000000e+03 3.509066666666667152e+04 7.325533333333334303e+04 2.087601641462117019e+00
7.995000000000000000e+03 9.209333333333333940e+03 8.116333333333333030e+03 8.726666666666666060e+03 9.038333333333333940e+03 9.880000000000000000e+03 8.981333333333333940e+03 9.673333333333333940e+03 3.404733333333333576e+04 7.162033333333334303e+04 2.103551917918192515e+00
7.842666666666666970e+03 7.995000000000000000e+03 9.209333333333333940e+03 8.116333333333333030e+03 8.726666666666666060e+03 9.038333333333333940e+03 9.880000000000000000e+03 8.981333333333333940e+03 3.316333333333333576e+04 6.978966666666667152e+04 2.104422555030656561e+00
6.939333333333333030e+03 7.842666666666666970e+03 7.995000000000000000e+03 9.209333333333333940e+03 8.116333333333333030e+03 8.726666666666666060e+03 9.038333333333333940e+03 9.880000000000000000e+03 3.198633333333333576e+04 6.774766666666667152e+04 2.118019154013693228e+00
7.755333333333333030e+03 6.939333333333333030e+03 7.842666666666666970e+03 7.995000000000000000e+03 9.209333333333333940e+03 8.116333333333333030e+03 8.726666666666666060e+03 9.038333333333333940e+03 3.053233333333333212e+04 6.562300000000000000e+04 2.149295282596591861e+00
7.430000000000000000e+03 7.755333333333333030e+03 6.939333333333333030e+03 7.842666666666666970e+03 7.995000000000000000e+03 9.209333333333333940e+03 8.116333333333333030e+03 8.726666666666666060e+03 2.996733333333333212e+04 6.401466666666667152e+04 2.136148250317011943e+00
7.505333333333333030e+03 7.430000000000000000e+03 7.755333333333333030e+03 6.939333333333333030e+03 7.842666666666666970e+03 7.995000000000000000e+03 9.209333333333333940e+03 8.116333333333333030e+03 2.962999999999999636e+04 6.279333333333332848e+04 2.119248509393632851e+00
6.926666666666666970e+03 7.505333333333333030e+03 7.430000000000000000e+03 7.755333333333333030e+03 6.939333333333333030e+03 7.842666666666666970e+03 7.995000000000000000e+03 9.209333333333333940e+03 2.961733333333333212e+04 6.160366666666667152e+04 2.079986944582001840e+00
7.942666666666666970e+03 6.926666666666666970e+03 7.505333333333333030e+03 7.430000000000000000e+03 7.755333333333333030e+03 6.939333333333333030e+03 7.842666666666666970e+03 7.995000000000000000e+03 2.980466666666666788e+04 6.033700000000000000e+04 2.024414521215916807e+00
7.222333333333333030e+03 7.942666666666666970e+03 6.926666666666666970e+03 7.505333333333333030e+03 7.430000000000000000e+03 7.755333333333333030e+03 6.939333333333333030e+03 7.842666666666666970e+03 2.959700000000000000e+04 5.956433333333332848e+04 2.012512529423026830e+00
7.087000000000000000e+03 7.222333333333333030e+03 7.942666666666666970e+03 6.926666666666666970e+03 7.505333333333333030e+03 7.430000000000000000e+03 7.755333333333333030e+03 6.939333333333333030e+03 2.917866666666666788e+04 5.880866666666666424e+04 2.015467921769328985e+00
6.691000000000000000e+03 7.087000000000000000e+03 7.222333333333333030e+03 7.942666666666666970e+03 6.926666666666666970e+03 7.505333333333333030e+03 7.430000000000000000e+03 7.755333333333333030e+03 2.894300000000000000e+04 5.856033333333332848e+04 2.023298667495882608e+00
7.659666666666666970e+03 6.691000000000000000e+03 7.087000000000000000e+03 7.222333333333333030e+03 7.942666666666666970e+03 6.926666666666666970e+03 7.505333333333333030e+03 7.430000000000000000e+03 2.866000000000000000e+04 5.846466666666667152e+04 2.039939520818795149e+00
6.681000000000000000e+03 7.659666666666666970e+03 6.691000000000000000e+03 7.087000000000000000e+03 7.222333333333333030e+03 7.942666666666666970e+03 6.926666666666666970e+03 7.505333333333333030e+03 2.811866666666666788e+04 5.771566666666667152e+04 2.052574802029494272e+00
6.659333333333333030e+03 6.681000000000000000e+03 7.659666666666666970e+03 6.691000000000000000e+03 7.087000000000000000e+03 7.222333333333333030e+03 7.942666666666666970e+03 6.926666666666666970e+03 2.769100000000000000e+04 5.686966666666667152e+04 2.053723833255089115e+00
5.955333333333333030e+03 6.659333333333333030e+03 6.681000000000000000e+03 7.659666666666666970e+03 6.691000000000000000e+03 7.087000000000000000e+03 7.222333333333333030e+03 7.942666666666666970e+03 2.695533333333333212e+04 5.589833333333332848e+04 2.073739272376524223e+00
6.896333333333333030e+03 5.955333333333333030e+03 6.659333333333333030e+03 6.681000000000000000e+03 7.659666666666666970e+03 6.691000000000000000e+03 7.087000000000000000e+03 7.222333333333333030e+03 2.619200000000000000e+04 5.485200000000000000e+04 2.094227244960293000e+00
5.980333333333333030e+03 6.896333333333333030e+03 5.955333333333333030e+03 6.659333333333333030e+03 6.681000000000000000e+03 7.659666666666666970e+03 6.691000000000000000e+03 7.087000000000000000e+03 2.549133333333333212e+04 5.361000000000000000e+04 2.103067709286816633e+00
6.259666666666666970e+03 5.980333333333333030e+03 6.896333333333333030e+03 5.955333333333333030e+03 6.659333333333333030e+03 6.681000000000000000e+03 7.659666666666666970e+03 6.691000000000000000e+03 2.509166666666666424e+04 5.278266666666666424e+04 2.103593490534706234e+00
5.702333333333333030e+03 6.259666666666666970e+03 5.980333333333333030e+03 6.896333333333333030e+03 5.955333333333333030e+03 6.659333333333333030e+03 6.681000000000000000e+03 7.659666666666666970e+03 2.483866666666666424e+04 5.179400000000000000e+04 2.085216597777658887e+00
6.428666666666666970e+03 5.702333333333333030e+03 6.259666666666666970e+03 5.980333333333333030e+03 6.896333333333333030e+03 5.955333333333333030e+03 6.659333333333333030e+03 6.681000000000000000e+03 2.437100000000000000e+04 5.056300000000000000e+04 2.074719954043740433e+00
5.822000000000000000e+03 6.428666666666666970e+03 5.702333333333333030e+03 6.259666666666666970e+03 5.980333333333333030e+03 6.896333333333333030e+03 5.955333333333333030e+03 6.659333333333333030e+03 2.421266666666666788e+04 4.970400000000000000e+04 2.052809824059032451e+00
5.935333333333333030e+03 5.822000000000000000e+03 6.428666666666666970e+03 5.702333333333333030e+03 6.259666666666666970e+03 5.980333333333333030e+03 6.896333333333333030e+03 5.955333333333333030e+03 2.388833333333333212e+04 4.898000000000000000e+04 2.050373264494523173e+00
5.332333333333333030e+03 5.935333333333333030e+03 5.822000000000000000e+03 6.428666666666666970e+03 5.702333333333333030e+03 6.259666666666666970e+03 5.980333333333333030e+03 6.896333333333333030e+03 2.351833333333333212e+04 4.835700000000000000e+04 2.056140599532279900e+00
6.223000000000000000e+03 5.332333333333333030e+03 5.935333333333333030e+03 5.822000000000000000e+03 6.428666666666666970e+03 5.702333333333333030e+03 6.259666666666666970e+03 5.980333333333333030e+03 2.331266666666666424e+04 4.768366666666666424e+04 2.045397351940290154e+00
5.543666666666666970e+03 6.223000000000000000e+03 5.332333333333333030e+03 5.935333333333333030e+03 5.822000000000000000e+03 6.428666666666666970e+03 5.702333333333333030e+03 6.259666666666666970e+03 2.303433333333333212e+04 4.724700000000000000e+04 2.051155521467953768e+00
5.750000000000000000e+03 5.543666666666666970e+03 6.223000000000000000e+03 5.332333333333333030e+03 5.935333333333333030e+03 5.822000000000000000e+03 6.428666666666666970e+03 5.702333333333333030e+03 2.284900000000000000e+04 4.673733333333332848e+04 2.045487038090652909e+00
5.251000000000000000e+03 5.750000000000000000e+03 5.543666666666666970e+03 6.223000000000000000e+03 5.332333333333333030e+03 5.935333333333333030e+03 5.822000000000000000e+03 6.428666666666666970e+03 2.276766666666666788e+04 4.628600000000000000e+04 2.032970733349925840e+00
6.559666666666666970e+03 5.251000000000000000e+03 5.750000000000000000e+03 5.543666666666666970e+03 6.223000000000000000e+03 5.332333333333333030e+03 5.935333333333333030e+03 5.822000000000000000e+03 2.310433333333333576e+04 4.641700000000000000e+04 2.009017067505373788e+00
6.240333333333333030e+03 6.559666666666666970e+03 5.251000000000000000e+03 5.750000000000000000e+03 5.543666666666666970e+03 6.223000000000000000e+03 5.332333333333333030e+03 5.935333333333333030e+03 2.380100000000000000e+04 4.683533333333332848e+04 1.967788468271641111e+00
6.880333333333333030e+03 6.240333333333333030e+03 6.559666666666666970e+03 5.251000000000000000e+03 5.750000000000000000e+03 5.543666666666666970e+03 6.223000000000000000e+03 5.332333333333333030e+03 2.493133333333333212e+04 4.778033333333332848e+04 1.916477257534026757e+00
7.521666666666666970e+03 6.880333333333333030e+03 6.240333333333333030e+03 6.559666666666666970e+03 5.251000000000000000e+03 5.750000000000000000e+03 5.543666666666666970e+03 6.223000000000000000e+03 2.720200000000000000e+04 4.996966666666667152e+04 1.836985025610862188e+00
8.883333333333333940e+03 7.521666666666666970e+03 6.880333333333333030e+03 6.240333333333333030e+03 6.559666666666666970e+03 5.251000000000000000e+03 5.750000000000000000e+03 5.543666666666666970e+03 2.952566666666666424e+04 5.263000000000000000e+04 1.782516906194610451e+00
8.327333333333333940e+03 8.883333333333333940e+03 7.521666666666666970e+03 6.880333333333333030e+03 6.240333333333333030e+03 6.559666666666666970e+03 5.251000000000000000e+03 5.750000000000000000e+03 3.161266666666666788e+04 5.541366666666667152e+04 1.752894409413948029e+00
8.251333333333333940e+03 8.327333333333333940e+03 8.883333333333333940e+03 7.521666666666666970e+03 6.880333333333333030e+03 6.240333333333333030e+03 6.559666666666666970e+03 5.251000000000000000e+03 3.298366666666666424e+04 5.791500000000000000e+04 1.755869066507665499e+00
8.049333333333333030e+03 8.251333333333333940e+03 8.327333333333333940e+03 8.883333333333333940e+03 7.521666666666666970e+03 6.880333333333333030e+03 6.240333333333333030e+03 6.559666666666666970e+03 3.351133333333333576e+04 6.071333333333333576e+04 1.811725386436429330e+00
9.224333333333333940e+03 8.049333333333333030e+03 8.251333333333333940e+03 8.327333333333333940e+03 8.883333333333333940e+03 7.521666666666666970e+03 6.880333333333333030e+03 6.240333333333333030e+03 3.385233333333333576e+04 6.337800000000000000e+04 1.872190001673936566e+00
8.883333333333333940e+03 9.224333333333333940e+03 8.049333333333333030e+03 8.251333333333333940e+03 8.327333333333333940e+03 8.883333333333333940e+03 7.521666666666666970e+03 6.880333333333333030e+03 3.440833333333333576e+04 6.602100000000000000e+04 1.918750302736740077e+00
8.861666666666666060e+03 8.883333333333333940e+03 9.224333333333333940e+03 8.049333333333333030e+03 8.251333333333333940e+03 8.327333333333333940e+03 8.883333333333333940e+03 7.521666666666666970e+03 3.501866666666667152e+04 6.800233333333334303e+04 1.941888135851355557e+00
8.127666666666666970e+03 8.861666666666666060e+03 8.883333333333333940e+03 9.224333333333333940e+03 8.049333333333333030e+03 8.251333333333333940e+03 8.327333333333333940e+03 8.883333333333333940e+03 3.509700000000000000e+04 6.860833333333334303e+04 1.954820449990977593e+00
8.916000000000000000e+03 8.127666666666666970e+03 8.861666666666666060e+03 8.883333333333333940e+03 9.224333333333333940e+03 8.049333333333333030e+03 8.251333333333333940e+03 8.327333333333333940e+03 3.478866666666667152e+04 6.864100000000000000e+04 1.973085104344326490e+00
8.081666666666666970e+03 8.916000000000000000e+03 8.127666666666666970e+03 8.861666666666666060e+03 8.883333333333333940e+03 9.224333333333333940e+03 8.049333333333333030e+03 8.251333333333333940e+03 3.398700000000000000e+04 6.839533333333334303e+04 2.012396896852718609e+00
8.001000000000000000e+03 8.081666666666666970e+03 8.916000000000000000e+03 8.127666666666666970e+03 8.861666666666666060e+03 8.883333333333333940e+03 9.224333333333333940e+03 8.049333333333333030e+03 3.312633333333333576e+04 6.814500000000000000e+04 2.057124744664365679e+00
7.598333333333333030e+03 8.001000000000000000e+03 8.081666666666666970e+03 8.916000000000000000e+03 8.127666666666666970e+03 8.861666666666666060e+03 8.883333333333333940e+03 9.224333333333333940e+03 3.259700000000000000e+04 6.769400000000000000e+04 2.076694174310519170e+00
8.326333333333333940e+03 7.598333333333333030e+03 8.001000000000000000e+03 8.081666666666666970e+03 8.916000000000000000e+03 8.127666666666666970e+03 8.861666666666666060e+03 8.883333333333333940e+03 3.200733333333333576e+04 6.679600000000000000e+04 2.086896752827476664e+00
7.497333333333333030e+03 8.326333333333333940e+03 7.598333333333333030e+03 8.001000000000000000e+03 8.081666666666666970e+03 8.916000000000000000e+03 8.127666666666666970e+03 8.861666666666666060e+03 3.142300000000000000e+04 6.541000000000000000e+04 2.081596282977436818e+00
7.475000000000000000e+03 7.497333333333333030e+03 8.326333333333333940e+03 7.598333333333333030e+03 8.001000000000000000e+03 8.081666666666666970e+03 8.916000000000000000e+03 8.127666666666666970e+03 3.089699999999999636e+04 6.402333333333332848e+04 2.072153715031664234e+00
7.063666666666666970e+03 7.475000000000000000e+03 7.497333333333333030e+03 8.326333333333333940e+03 7.598333333333333030e+03 8.001000000000000000e+03 8.081666666666666970e+03 8.916000000000000000e+03 3.036233333333333576e+04 6.295933333333333576e+04 2.073599964868751755e+00
7.518333333333333030e+03 7.063666666666666970e+03 7.475000000000000000e+03 7.497333333333333030e+03 8.326333333333333940e+03 7.598333333333333030e+03 8.001000000000000000e+03 8.081666666666666970e+03 2.955433333333333212e+04 6.156166666666667152e+04 2.082999672918805167e+00
6.933333333333333030e+03 7.518333333333333030e+03 7.063666666666666970e+03 7.475000000000000000e+03 7.497333333333333030e+03 8.326333333333333940e+03 7.598333333333333030e+03 8.001000000000000000e+03 2.899033333333333212e+04 6.041333333333332848e+04 2.083913028480757657e+00
7.104333333333333030e+03 6.933333333333333030e+03 7.518333333333333030e+03 7.063666666666666970e+03 7.475000000000000000e+03 7.497333333333333030e+03 8.326333333333333940e+03 7.598333333333333030e+03 2.861966666666666788e+04 5.951666666666666424e+04 2.079572322062916978e+00
6.446333333333333030e+03 7.104333333333333030e+03 6.933333333333333030e+03 7.518333333333333030e+03 7.063666666666666970e+03 7.475000000000000000e+03 7.497333333333333030e+03 8.326333333333333940e+03 2.800233333333333212e+04 5.836466666666667152e+04 2.084278691061459465e+00
7.320666666666666970e+03 6.446333333333333030e+03 7.104333333333333030e+03 6.933333333333333030e+03 7.518333333333333030e+03 7.063666666666666970e+03 7.475000000000000000e+03 7.497333333333333030e+03 2.780466666666666424e+04 5.735900000000000000e+04 2.062927086580190750e+00
6.771000000000000000e+03 7.320666666666666970e+03 6.446333333333333030e+03 7.104333333333333030e+03 6.933333333333333030e+03 7.518333333333333030e+03 7.063666666666666970e+03 7.475000000000000000e+03 2.764233333333333212e+04 5.663266666666666424e+04 2.048765781952802012e+00
7.198666666666666970e+03 6.771000000000000000e+03 7.320666666666666970e+03 6.446333333333333030e+03 7.104333333333333030e+03 6.933333333333333030e+03 7.518333333333333030e+03 7.063666666666666970e+03 2.773666666666666788e+04 5.635633333333333576e+04 2.031835115971638128e+00
7.020333333333333030e+03 7.198666666666666970e+03 6.771000000000000000e+03 7.320666666666666970e+03 6.446333333333333030e+03 7.104333333333333030e+03 6.933333333333333030e+03 7.518333333333333030e+03 2.831066666666666788e+04 5.631300000000000000e+04 1.989108934206188506e+00
8.067000000000000000e+03 7.020333333333333030e+03 7.198666666666666970e+03 6.771000000000000000e+03 7.320666666666666970e+03 6.446333333333333030e+03 7.104333333333333030e+03 6.933333333333333030e+03 2.905700000000000000e+04 5.686166666666666424e+04 1.956900804166523233e+00
8.098666666666666970e+03 8.067000000000000000e+03 7.020333333333333030e+03 7.198666666666666970e+03 6.771000000000000000e+03 7.320666666666666970e+03 6.446333333333333030e+03 7.104333333333333030e+03 3.038466666666666788e+04 5.802700000000000000e+04 1.909746143888364722e+00
9.370333333333333940e+03 8.098666666666666970e+03 8.067000000000000000e+03 7.020333333333333030e+03 7.198666666666666970e+03 6.771000000000000000e+03 7.320666666666666970e+03 6.446333333333333030e+03 3.255633333333333212e+04 6.029300000000000000e+04 1.851959168210998374e+00
1.016100000000000000e+04 9.370333333333333940e+03 8.098666666666666970e+03 8.067000000000000000e+03 7.020333333333333030e+03 7.198666666666666970e+03 6.771000000000000000e+03 7.320666666666666970e+03 3.569700000000000000e+04 6.400766666666667152e+04 1.793082518605672027e+00
1.353433333333333394e+04 1.016100000000000000e+04 9.370333333333333940e+03 8.098666666666666970e+03 8.067000000000000000e+03 7.020333333333333030e+03 7.198666666666666970e+03 6.771000000000000000e+03 4.116433333333333576e+04 7.022133333333334303e+04 1.705878065963253087e+00
1.410533333333333394e+04 1.353433333333333394e+04 1.016100000000000000e+04 9.370333333333333940e+03 8.098666666666666970e+03 8.067000000000000000e+03 7.020333333333333030e+03 7.198666666666666970e+03 4.717100000000000728e+04 7.755566666666667152e+04 1.644138701038067030e+00
1.485400000000000000e+04 1.410533333333333394e+04 1.353433333333333394e+04 1.016100000000000000e+04 9.370333333333333940e+03 8.098666666666666970e+03 8.067000000000000000e+03 7.020333333333333030e+03 5.265466666666667152e+04 8.521100000000000000e+04 1.618299106125446141e+00
1.456466666666666606e+04 1.485400000000000000e+04 1.410533333333333394e+04 1.353433333333333394e+04 1.016100000000000000e+04 9.370333333333333940e+03 8.098666666666666970e+03 8.067000000000000000e+03 5.705833333333333576e+04 9.275533333333334303e+04 1.625622900540382831e+00
1.593866666666666606e+04 1.456466666666666606e+04 1.485400000000000000e+04 1.410533333333333394e+04 1.353433333333333394e+04 1.016100000000000000e+04 9.370333333333333940e+03 8.098666666666666970e+03 5.946266666666666424e+04 1.006270000000000000e+05 1.692271901697423697e+00
1.462100000000000000e+04 1.593866666666666606e+04 1.456466666666666606e+04 1.485400000000000000e+04 1.410533333333333394e+04 1.353433333333333394e+04 1.016100000000000000e+04 9.370333333333333940e+03 5.997833333333332848e+04 1.071493333333333430e+05 1.786467335426682235e+00
1.467866666666666606e+04 1.462100000000000000e+04 1.593866666666666606e+04 1.456466666666666606e+04 1.485400000000000000e+04 1.410533333333333394e+04 1.353433333333333394e+04 1.016100000000000000e+04 5.980299999999999272e+04 1.124576666666666570e+05 1.880468649844768247e+00
1.406066666666666606e+04 1.467866666666666606e+04 1.462100000000000000e+04 1.593866666666666606e+04 1.456466666666666606e+04 1.485400000000000000e+04 1.410533333333333394e+04 1.353433333333333394e+04 5.929899999999999272e+04 1.163573333333333285e+05 1.962214090175776082e+00
1.451300000000000000e+04 1.406066666666666606e+04 1.467866666666666606e+04 1.462100000000000000e+04 1.593866666666666606e+04 1.456466666666666606e+04 1.485400000000000000e+04 1.410533333333333394e+04 5.787333333333332848e+04 1.173360000000000000e+05 2.027462273931575076e+00
1.368900000000000000e+04 1.451300000000000000e+04 1.406066666666666606e+04 1.467866666666666606e+04 1.462100000000000000e+04 1.593866666666666606e+04 1.456466666666666606e+04 1.485400000000000000e+04 5.694133333333332848e+04 1.169196666666666570e+05 2.053335596871634028e+00
1.398533333333333394e+04 1.368900000000000000e+04 1.451300000000000000e+04 1.406066666666666606e+04 1.467866666666666606e+04 1.462100000000000000e+04 1.593866666666666606e+04 1.456466666666666606e+04 5.624800000000000000e+04 1.160510000000000000e+05 2.063202247191011196e+00
1.280233333333333394e+04 1.398533333333333394e+04 1.368900000000000000e+04 1.451300000000000000e+04 1.406066666666666606e+04 1.467866666666666606e+04 1.462100000000000000e+04 1.593866666666666606e+04 5.498966666666667152e+04 1.142886666666666570e+05 2.078366238505415797e+00
1.329166666666666606e+04 1.280233333333333394e+04 1.398533333333333394e+04 1.368900000000000000e+04 1.451300000000000000e+04 1.406066666666666606e+04 1.467866666666666606e+04 1.462100000000000000e+04 5.376833333333333576e+04 1.116416666666666570e+05 2.076346052509221440e+00
1.245500000000000000e+04 1.329166666666666606e+04 1.280233333333333394e+04 1.398533333333333394e+04 1.368900000000000000e+04 1.451300000000000000e+04 1.406066666666666606e+04 1.467866666666666606e+04 5.253433333333333576e+04 1.094756666666666570e+05 2.083887997055893226e+00
1.261266666666666606e+04 1.245500000000000000e+04 1.329166666666666606e+04 1.280233333333333394e+04 1.398533333333333394e+04 1.368900000000000000e+04 1.451300000000000000e+04 1.406066666666666606e+04 5.116166666666666424e+04 1.074096666666666570e+05 2.099416881128449042e+00
1.166300000000000000e+04 1.261266666666666606e+04 1.245500000000000000e+04 1.329166666666666606e+04 1.280233333333333394e+04 1.398533333333333394e+04 1.368900000000000000e+04 1.451300000000000000e+04 5.002233333333332848e+04 1.050120000000000000e+05 2.099302311634136942e+00
1.249866666666666606e+04 1.166300000000000000e+04 1.261266666666666606e+04 1.245500000000000000e+04 1.329166666666666606e+04 1.280233333333333394e+04 1.398533333333333394e+04 1.368900000000000000e+04 4.922933333333332848e+04 1.029976666666666570e+05 2.092201126699528846e+00
1.152133333333333394e+04 1.249866666666666606e+04 1.166300000000000000e+04 1.261266666666666606e+04 1.245500000000000000e+04 1.329166666666666606e+04 1.280233333333333394e+04 1.398533333333333394e+04 4.829566666666666424e+04 1.008300000000000000e+05 2.087764947855915487e+00
1.147666666666666606e+04 1.152133333333333394e+04 1.249866666666666606e+04 1.166300000000000000e+04 1.261266666666666606e+04 1.245500000000000000e+04 1.329166666666666606e+04 1.280233333333333394e+04 4.715966666666666424e+04 9.832133333333332848e+04 2.084860650697276441e+00
1.034266666666666606e+04 1.147666666666666606e+04 1.152133333333333394e+04 1.249866666666666606e+04 1.166300000000000000e+04 1.261266666666666606e+04 1.245500000000000000e+04 1.329166666666666606e+04 4.583933333333332848e+04 9.586166666666665697e+04 2.091253508631597313e+00
1.076166666666666606e+04 1.034266666666666606e+04 1.147666666666666606e+04 1.152133333333333394e+04 1.249866666666666606e+04 1.166300000000000000e+04 1.261266666666666606e+04 1.245500000000000000e+04 4.410233333333333576e+04 9.333166666666665697e+04 2.116252352483239285e+00
9.471666666666666060e+03 1.076166666666666606e+04 1.034266666666666606e+04 1.147666666666666606e+04 1.152133333333333394e+04 1.249866666666666606e+04 1.166300000000000000e+04 1.261266666666666606e+04 4.205266666666666424e+04 9.034833333333332848e+04 2.148456697157532513e+00
9.685333333333333940e+03 9.471666666666666060e+03 1.076166666666666606e+04 1.034266666666666606e+04 1.147666666666666606e+04 1.152133333333333394e+04 1.249866666666666606e+04 1.166300000000000000e+04 4.026133333333332848e+04 8.742100000000000000e+04 2.171338919062127726e+00
8.547000000000000000e+03 9.685333333333333940e+03 9.471666666666666060e+03 1.076166666666666606e+04 1.034266666666666606e+04 1.147666666666666606e+04 1.152133333333333394e+04 1.249866666666666606e+04 3.846566666666666424e+04 8.430500000000000000e+04 2.191694758095964701e+00
9.091666666666666060e+03 8.547000000000000000e+03 9.685333333333333940e+03 9.471666666666666060e+03 1.076166666666666606e+04 1.034266666666666606e+04 1.147666666666666606e+04 1.152133333333333394e+04 3.679566666666666424e+04 8.089800000000000000e+04 2.198574107458306059e+00
8.324666666666666060e+03 9.091666666666666060e+03 8.547000000000000000e+03 9.685333333333333940e+03 9.471666666666666060e+03 1.076166666666666606e+04 1.034266666666666606e+04 1.147666666666666606e+04 3.564866666666666424e+04 7.770133333333332848e+04 2.179642062349222975e+00
8.198333333333333940e+03 8.324666666666666060e+03 9.091666666666666060e+03 8.547000000000000000e+03 9.685333333333333940e+03 9.471666666666666060e+03 1.076166666666666606e+04 1.034266666666666606e+04 3.416166666666666424e+04 7.442300000000000000e+04 2.178552958969605324e+00
7.570666666666666970e+03 8.198333333333333940e+03 8.324666666666666060e+03 9.091666666666666060e+03 8.547000000000000000e+03 9.685333333333333940e+03 9.471666666666666060e+03 1.076166666666666606e+04 3.318533333333332848e+04 7.165100000000000000e+04 2.159116477158584235e+00
8.214666666666666060e+03 7.570666666666666970e+03 8.198333333333333940e+03 8.324666666666666060e+03 9.091666666666666060e+03 8.547000000000000000e+03 9.685333333333333940e+03 9.471666666666666060e+03 3.230833333333332848e+04 6.910400000000000000e+04 2.138890895021924532e+00
7.588000000000000000e+03 8.214666666666666060e+03 7.570666666666666970e+03 8.198333333333333940e+03 8.324666666666666060e+03 9.091666666666666060e+03 8.547000000000000000e+03 9.685333333333333940e+03 3.157166666666666424e+04 6.722033333333332848e+04 2.129134772739270431e+00
7.973666666666666970e+03 7.588000000000000000e+03 8.214666666666666060e+03 7.570666666666666970e+03 8.198333333333333940e+03 8.324666666666666060e+03 9.091666666666666060e+03 8.547000000000000000e+03 3.134700000000000364e+04 6.550866666666667152e+04 2.089790623238799938e+00
7.227666666666666970e+03 7.973666666666666970e+03 7.588000000000000000e+03 8.214666666666666060e+03 7.570666666666666970e+03 8.198333333333333940e+03 8.324666666666666060e+03 9.091666666666666060e+03 3.100400000000000000e+04 6.418933333333332848e+04 2.070356513138089660e+00
7.773333333333333030e+03 7.227666666666666970e+03 7.973666666666666970e+03 7.588000000000000000e+03 8.214666666666666060e+03 7.570666666666666970e+03 8.198333333333333940e+03 8.324666666666666060e+03 3.056266666666666788e+04 6.287100000000000000e+04 2.057117616263851367e+00
6.792333333333333030e+03 7.773333333333333030e+03 7.227666666666666970e+03 7.973666666666666970e+03 7.588000000000000000e+03 8.214666666666666060e+03 7.570666666666666970e+03 8.198333333333333940e+03 2.976700000000000000e+04 6.133866666666666424e+04 2.060626420756766386e+00
7.094666666666666970e+03 6.792333333333333030e+03 7.773333333333333030e+03 7.227666666666666970e+03 7.973666666666666970e+03 7.588000000000000000e+03 8.214666666666666060e+03 7.570666666666666970e+03 2.888800000000000000e+04 6.023500000000000000e+04 2.085121849903074143e+00
