8.689999999999999503e+00 9.273076923076922995e+00 9.522307692307693472e+00 9.500769230769229523e+00 9.959230769230769553e+00 1.010307692307692307e+01 1.032384615384615500e+01 1.013153846153846516e+01
8.688461538461536904e+00 8.689999999999999503e+00 9.273076923076922995e+00 9.522307692307693472e+00 9.500769230769229523e+00 9.959230769230769553e+00 1.010307692307692307e+01 1.032384615384615500e+01
8.677692307692307594e+00 8.688461538461536904e+00 8.689999999999999503e+00 9.273076923076922995e+00 9.522307692307693472e+00 9.500769230769229523e+00 9.959230769230769553e+00 1.010307692307692307e+01
8.017692307692307452e+00 8.677692307692307594e+00 8.688461538461536904e+00 8.689999999999999503e+00 9.273076923076922995e+00 9.522307692307693472e+00 9.500769230769229523e+00 9.959230769230769553e+00
8.192142857142856727e+00 8.017692307692307452e+00 8.677692307692307594e+00 8.688461538461536904e+00 8.689999999999999503e+00 9.273076923076922995e+00 9.522307692307693472e+00 9.500769230769229523e+00
7.723333333333333606e+00 8.192142857142856727e+00 8.017692307692307452e+00 8.677692307692307594e+00 8.688461538461536904e+00 8.689999999999999503e+00 9.273076923076922995e+00 9.522307692307693472e+00
7.453076923076922711e+00 7.723333333333333606e+00 8.192142857142856727e+00 8.017692307692307452e+00 8.677692307692307594e+00 8.688461538461536904e+00 8.689999999999999503e+00 9.273076923076922995e+00
7.087692307692306848e+00 7.453076923076922711e+00 7.723333333333333606e+00 8.192142857142856727e+00 8.017692307692307452e+00 8.677692307692307594e+00 8.688461538461536904e+00 8.689999999999999503e+00
7.046428571428570820e+00 7.087692307692306848e+00 7.453076923076922711e+00 7.723333333333333606e+00 8.192142857142856727e+00 8.017692307692307452e+00 8.677692307692307594e+00 8.688461538461536904e+00
7.295833333333333393e+00 7.046428571428570820e+00 7.087692307692306848e+00 7.453076923076922711e+00 7.723333333333333606e+00 8.192142857142856727e+00 8.017692307692307452e+00 8.677692307692307594e+00
8.427692307692307594e+00 7.295833333333333393e+00 7.046428571428570820e+00 7.087692307692306848e+00 7.453076923076922711e+00 7.723333333333333606e+00 8.192142857142856727e+00 8.017692307692307452e+00
8.594285714285716082e+00 8.427692307692307594e+00 7.295833333333333393e+00 7.046428571428570820e+00 7.087692307692306848e+00 7.453076923076922711e+00 7.723333333333333606e+00 8.192142857142856727e+00
9.105384615384615188e+00 8.594285714285716082e+00 8.427692307692307594e+00 7.295833333333333393e+00 7.046428571428570820e+00 7.087692307692306848e+00 7.453076923076922711e+00 7.723333333333333606e+00
8.785384615384616680e+00 9.105384615384615188e+00 8.594285714285716082e+00 8.427692307692307594e+00 7.295833333333333393e+00 7.046428571428570820e+00 7.087692307692306848e+00 7.453076923076922711e+00
7.917692307692306919e+00 8.785384615384616680e+00 9.105384615384615188e+00 8.594285714285716082e+00 8.427692307692307594e+00 7.295833333333333393e+00 7.046428571428570820e+00 7.087692307692306848e+00
7.696153846153844569e+00 7.917692307692306919e+00 8.785384615384616680e+00 9.105384615384615188e+00 8.594285714285716082e+00 8.427692307692307594e+00 7.295833333333333393e+00 7.046428571428570820e+00
7.339230769230768558e+00 7.696153846153844569e+00 7.917692307692306919e+00 8.785384615384616680e+00 9.105384615384615188e+00 8.594285714285716082e+00 8.427692307692307594e+00 7.295833333333333393e+00
7.272307692307691696e+00 7.339230769230768558e+00 7.696153846153844569e+00 7.917692307692306919e+00 8.785384615384616680e+00 9.105384615384615188e+00 8.594285714285716082e+00 8.427692307692307594e+00
8.102307692307693543e+00 7.272307692307691696e+00 7.339230769230768558e+00 7.696153846153844569e+00 7.917692307692306919e+00 8.785384615384616680e+00 9.105384615384615188e+00 8.594285714285716082e+00
8.146923076923076934e+00 8.102307692307693543e+00 7.272307692307691696e+00 7.339230769230768558e+00 7.696153846153844569e+00 7.917692307692306919e+00 8.785384615384616680e+00 9.105384615384615188e+00
7.703076923076921823e+00 8.146923076923076934e+00 8.102307692307693543e+00 7.272307692307691696e+00 7.339230769230768558e+00 7.696153846153844569e+00 7.917692307692306919e+00 8.785384615384616680e+00
7.793076923076924345e+00 7.703076923076921823e+00 8.146923076923076934e+00 8.102307692307693543e+00 7.272307692307691696e+00 7.339230769230768558e+00 7.696153846153844569e+00 7.917692307692306919e+00
7.926923076923075406e+00 7.793076923076924345e+00 7.703076923076921823e+00 8.146923076923076934e+00 8.102307692307693543e+00 7.272307692307691696e+00 7.339230769230768558e+00 7.696153846153844569e+00
7.469999999999999751e+00 7.926923076923075406e+00 7.793076923076924345e+00 7.703076923076921823e+00 8.146923076923076934e+00 8.102307692307693543e+00 7.272307692307691696e+00 7.339230769230768558e+00
7.205384615384615721e+00 7.469999999999999751e+00 7.926923076923075406e+00 7.793076923076924345e+00 7.703076923076921823e+00 8.146923076923076934e+00 8.102307692307693543e+00 7.272307692307691696e+00
7.049999999999998934e+00 7.205384615384615721e+00 7.469999999999999751e+00 7.926923076923075406e+00 7.793076923076924345e+00 7.703076923076921823e+00 8.146923076923076934e+00 8.102307692307693543e+00
7.097692307692307523e+00 7.049999999999998934e+00 7.205384615384615721e+00 7.469999999999999751e+00 7.926923076923075406e+00 7.793076923076924345e+00 7.703076923076921823e+00 8.146923076923076934e+00
6.872307692307692228e+00 7.097692307692307523e+00 7.049999999999998934e+00 7.205384615384615721e+00 7.469999999999999751e+00 7.926923076923075406e+00 7.793076923076924345e+00 7.703076923076921823e+00
6.764285714285713347e+00 6.872307692307692228e+00 7.097692307692307523e+00 7.049999999999998934e+00 7.205384615384615721e+00 7.469999999999999751e+00 7.926923076923075406e+00 7.793076923076924345e+00
6.877500000000001279e+00 6.764285714285713347e+00 6.872307692307692228e+00 7.097692307692307523e+00 7.049999999999998934e+00 7.205384615384615721e+00 7.469999999999999751e+00 7.926923076923075406e+00
7.181538461538461426e+00 6.877500000000001279e+00 6.764285714285713347e+00 6.872307692307692228e+00 7.097692307692307523e+00 7.049999999999998934e+00 7.205384615384615721e+00 7.469999999999999751e+00
7.786153846153845315e+00 7.181538461538461426e+00 6.877500000000001279e+00 6.764285714285713347e+00 6.872307692307692228e+00 7.097692307692307523e+00 7.049999999999998934e+00 7.205384615384615721e+00
7.840714285714285303e+00 7.786153846153845315e+00 7.181538461538461426e+00 6.877500000000001279e+00 6.764285714285713347e+00 6.872307692307692228e+00 7.097692307692307523e+00 7.049999999999998934e+00
8.256923076923076366e+00 7.840714285714285303e+00 7.786153846153845315e+00 7.181538461538461426e+00 6.877500000000001279e+00 6.764285714285713347e+00 6.872307692307692228e+00 7.097692307692307523e+00
8.316153846153845564e+00 8.256923076923076366e+00 7.840714285714285303e+00 7.786153846153845315e+00 7.181538461538461426e+00 6.877500000000001279e+00 6.764285714285713347e+00 6.872307692307692228e+00
8.019999999999999574e+00 8.316153846153845564e+00 8.256923076923076366e+00 7.840714285714285303e+00 7.786153846153845315e+00 7.181538461538461426e+00 6.877500000000001279e+00 6.764285714285713347e+00
7.620769230769231406e+00 8.019999999999999574e+00 8.316153846153845564e+00 8.256923076923076366e+00 7.840714285714285303e+00 7.786153846153845315e+00 7.181538461538461426e+00 6.877500000000001279e+00
7.006923076923076366e+00 7.620769230769231406e+00 8.019999999999999574e+00 8.316153846153845564e+00 8.256923076923076366e+00 7.840714285714285303e+00 7.786153846153845315e+00 7.181538461538461426e+00
7.130000000000000782e+00 7.006923076923076366e+00 7.620769230769231406e+00 8.019999999999999574e+00 8.316153846153845564e+00 8.256923076923076366e+00 7.840714285714285303e+00 7.786153846153845315e+00
6.963846153846153797e+00 7.130000000000000782e+00 7.006923076923076366e+00 7.620769230769231406e+00 8.019999999999999574e+00 8.316153846153845564e+00 8.256923076923076366e+00 7.840714285714285303e+00
6.770769230769231761e+00 6.963846153846153797e+00 7.130000000000000782e+00 7.006923076923076366e+00 7.620769230769231406e+00 8.019999999999999574e+00 8.316153846153845564e+00 8.256923076923076366e+00
6.971538461538461462e+00 6.770769230769231761e+00 6.963846153846153797e+00 7.130000000000000782e+00 7.006923076923076366e+00 7.620769230769231406e+00 8.019999999999999574e+00 8.316153846153845564e+00
6.813076923076921254e+00 6.971538461538461462e+00 6.770769230769231761e+00 6.963846153846153797e+00 7.130000000000000782e+00 7.006923076923076366e+00 7.620769230769231406e+00 8.019999999999999574e+00
6.289230769230768736e+00 6.813076923076921254e+00 6.971538461538461462e+00 6.770769230769231761e+00 6.963846153846153797e+00 7.130000000000000782e+00 7.006923076923076366e+00 7.620769230769231406e+00
6.075384615384614939e+00 6.289230769230768736e+00 6.813076923076921254e+00 6.971538461538461462e+00 6.770769230769231761e+00 6.963846153846153797e+00 7.130000000000000782e+00 7.006923076923076366e+00
5.840769230769231157e+00 6.075384615384614939e+00 6.289230769230768736e+00 6.813076923076921254e+00 6.971538461538461462e+00 6.770769230769231761e+00 6.963846153846153797e+00 7.130000000000000782e+00
5.506923076923076366e+00 5.840769230769231157e+00 6.075384615384614939e+00 6.289230769230768736e+00 6.813076923076921254e+00 6.971538461538461462e+00 6.770769230769231761e+00 6.963846153846153797e+00
6.033846153846154969e+00 5.506923076923076366e+00 5.840769230769231157e+00 6.075384615384614939e+00 6.289230769230768736e+00 6.813076923076921254e+00 6.971538461538461462e+00 6.770769230769231761e+00
5.919285714285714484e+00 6.033846153846154969e+00 5.506923076923076366e+00 5.840769230769231157e+00 6.075384615384614939e+00 6.289230769230768736e+00 6.813076923076921254e+00 6.971538461538461462e+00
5.597500000000000142e+00 5.919285714285714484e+00 6.033846153846154969e+00 5.506923076923076366e+00 5.840769230769231157e+00 6.075384615384614939e+00 6.289230769230768736e+00 6.813076923076921254e+00
6.106153846153845599e+00 5.597500000000000142e+00 5.919285714285714484e+00 6.033846153846154969e+00 5.506923076923076366e+00 5.840769230769231157e+00 6.075384615384614939e+00 6.289230769230768736e+00
5.894285714285715017e+00 6.106153846153845599e+00 5.597500000000000142e+00 5.919285714285714484e+00 6.033846153846154969e+00 5.506923076923076366e+00 5.840769230769231157e+00 6.075384615384614939e+00
5.736153846153846381e+00 5.894285714285715017e+00 6.106153846153845599e+00 5.597500000000000142e+00 5.919285714285714484e+00 6.033846153846154969e+00 5.506923076923076366e+00 5.840769230769231157e+00
5.768461538461538751e+00 5.736153846153846381e+00 5.894285714285715017e+00 6.106153846153845599e+00 5.597500000000000142e+00 5.919285714285714484e+00 6.033846153846154969e+00 5.506923076923076366e+00
5.708461538461539142e+00 5.768461538461538751e+00 5.736153846153846381e+00 5.894285714285715017e+00 6.106153846153845599e+00 5.597500000000000142e+00 5.919285714285714484e+00 6.033846153846154969e+00
5.763846153846154508e+00 5.708461538461539142e+00 5.768461538461538751e+00 5.736153846153846381e+00 5.894285714285715017e+00 6.106153846153845599e+00 5.597500000000000142e+00 5.919285714285714484e+00
6.226153846153845706e+00 5.763846153846154508e+00 5.708461538461539142e+00 5.768461538461538751e+00 5.736153846153846381e+00 5.894285714285715017e+00 6.106153846153845599e+00 5.597500000000000142e+00
6.246923076923077467e+00 6.226153846153845706e+00 5.763846153846154508e+00 5.708461538461539142e+00 5.768461538461538751e+00 5.736153846153846381e+00 5.894285714285715017e+00 6.106153846153845599e+00
6.602307692307691767e+00 6.246923076923077467e+00 6.226153846153845706e+00 5.763846153846154508e+00 5.708461538461539142e+00 5.768461538461538751e+00 5.736153846153846381e+00 5.894285714285715017e+00
6.560000000000000497e+00 6.602307692307691767e+00 6.246923076923077467e+00 6.226153846153845706e+00 5.763846153846154508e+00 5.708461538461539142e+00 5.768461538461538751e+00 5.736153846153846381e+00
6.243846153846153157e+00 6.560000000000000497e+00 6.602307692307691767e+00 6.246923076923077467e+00 6.226153846153845706e+00 5.763846153846154508e+00 5.708461538461539142e+00 5.768461538461538751e+00
6.214615384615384208e+00 6.243846153846153157e+00 6.560000000000000497e+00 6.602307692307691767e+00 6.246923076923077467e+00 6.226153846153845706e+00 5.763846153846154508e+00 5.708461538461539142e+00
6.358461538461538609e+00 6.214615384615384208e+00 6.243846153846153157e+00 6.560000000000000497e+00 6.602307692307691767e+00 6.246923076923077467e+00 6.226153846153845706e+00 5.763846153846154508e+00
6.551538461538461533e+00 6.358461538461538609e+00 6.214615384615384208e+00 6.243846153846153157e+00 6.560000000000000497e+00 6.602307692307691767e+00 6.246923076923077467e+00 6.226153846153845706e+00
6.224615384615385771e+00 6.551538461538461533e+00 6.358461538461538609e+00 6.214615384615384208e+00 6.243846153846153157e+00 6.560000000000000497e+00 6.602307692307691767e+00 6.246923076923077467e+00
5.872307692307692228e+00 6.224615384615385771e+00 6.551538461538461533e+00 6.358461538461538609e+00 6.214615384615384208e+00 6.243846153846153157e+00 6.560000000000000497e+00 6.602307692307691767e+00
6.086923076923076437e+00 5.872307692307692228e+00 6.224615384615385771e+00 6.551538461538461533e+00 6.358461538461538609e+00 6.214615384615384208e+00 6.243846153846153157e+00 6.560000000000000497e+00
6.322307692307692406e+00 6.086923076923076437e+00 5.872307692307692228e+00 6.224615384615385771e+00 6.551538461538461533e+00 6.358461538461538609e+00 6.214615384615384208e+00 6.243846153846153157e+00
5.841428571428571637e+00 6.322307692307692406e+00 6.086923076923076437e+00 5.872307692307692228e+00 6.224615384615385771e+00 6.551538461538461533e+00 6.358461538461538609e+00 6.214615384615384208e+00
5.060000000000000497e+00 5.841428571428571637e+00 6.322307692307692406e+00 6.086923076923076437e+00 5.872307692307692228e+00 6.224615384615385771e+00 6.551538461538461533e+00 6.358461538461538609e+00
5.012307692307691909e+00 5.060000000000000497e+00 5.841428571428571637e+00 6.322307692307692406e+00 6.086923076923076437e+00 5.872307692307692228e+00 6.224615384615385771e+00 6.551538461538461533e+00
5.162307692307692264e+00 5.012307692307691909e+00 5.060000000000000497e+00 5.841428571428571637e+00 6.322307692307692406e+00 6.086923076923076437e+00 5.872307692307692228e+00 6.224615384615385771e+00
4.922142857142857153e+00 5.162307692307692264e+00 5.012307692307691909e+00 5.060000000000000497e+00 5.841428571428571637e+00 6.322307692307692406e+00 6.086923076923076437e+00 5.872307692307692228e+00
4.995833333333332682e+00 4.922142857142857153e+00 5.162307692307692264e+00 5.012307692307691909e+00 5.060000000000000497e+00 5.841428571428571637e+00 6.322307692307692406e+00 6.086923076923076437e+00
4.922307692307692051e+00 4.995833333333332682e+00 4.922142857142857153e+00 5.162307692307692264e+00 5.012307692307691909e+00 5.060000000000000497e+00 5.841428571428571637e+00 6.322307692307692406e+00
4.447142857142856620e+00 4.922307692307692051e+00 4.995833333333332682e+00 4.922142857142857153e+00 5.162307692307692264e+00 5.012307692307691909e+00 5.060000000000000497e+00 5.841428571428571637e+00
4.436153846153846558e+00 4.447142857142856620e+00 4.922307692307692051e+00 4.995833333333332682e+00 4.922142857142857153e+00 5.162307692307692264e+00 5.012307692307691909e+00 5.060000000000000497e+00
4.846923076923077112e+00 4.436153846153846558e+00 4.447142857142856620e+00 4.922307692307692051e+00 4.995833333333332682e+00 4.922142857142857153e+00 5.162307692307692264e+00 5.012307692307691909e+00
4.650769230769230766e+00 4.846923076923077112e+00 4.436153846153846558e+00 4.447142857142856620e+00 4.922307692307692051e+00 4.995833333333332682e+00 4.922142857142857153e+00 5.162307692307692264e+00
4.291538461538461746e+00 4.650769230769230766e+00 4.846923076923077112e+00 4.436153846153846558e+00 4.447142857142856620e+00 4.922307692307692051e+00 4.995833333333332682e+00 4.922142857142857153e+00
4.002307692307692122e+00 4.291538461538461746e+00 4.650769230769230766e+00 4.846923076923077112e+00 4.436153846153846558e+00 4.447142857142856620e+00 4.922307692307692051e+00 4.995833333333332682e+00
3.922307692307692939e+00 4.002307692307692122e+00 4.291538461538461746e+00 4.650769230769230766e+00 4.846923076923077112e+00 4.436153846153846558e+00 4.447142857142856620e+00 4.922307692307692051e+00
3.794615384615384279e+00 3.922307692307692939e+00 4.002307692307692122e+00 4.291538461538461746e+00 4.650769230769230766e+00 4.846923076923077112e+00 4.436153846153846558e+00 4.447142857142856620e+00
3.553846153846153655e+00 3.794615384615384279e+00 3.922307692307692939e+00 4.002307692307692122e+00 4.291538461538461746e+00 4.650769230769230766e+00 4.846923076923077112e+00 4.436153846153846558e+00
3.359230769230769020e+00 3.553846153846153655e+00 3.794615384615384279e+00 3.922307692307692939e+00 4.002307692307692122e+00 4.291538461538461746e+00 4.650769230769230766e+00 4.846923076923077112e+00
3.496923076923077467e+00 3.359230769230769020e+00 3.553846153846153655e+00 3.794615384615384279e+00 3.922307692307692939e+00 4.002307692307692122e+00 4.291538461538461746e+00 4.650769230769230766e+00
3.672307692307692495e+00 3.496923076923077467e+00 3.359230769230769020e+00 3.553846153846153655e+00 3.794615384615384279e+00 3.922307692307692939e+00 4.002307692307692122e+00 4.291538461538461746e+00
4.439999999999999503e+00 3.672307692307692495e+00 3.496923076923077467e+00 3.359230769230769020e+00 3.553846153846153655e+00 3.794615384615384279e+00 3.922307692307692939e+00 4.002307692307692122e+00
4.293076923076923457e+00 4.439999999999999503e+00 3.672307692307692495e+00 3.496923076923077467e+00 3.359230769230769020e+00 3.553846153846153655e+00 3.794615384615384279e+00 3.922307692307692939e+00
4.364615384615384563e+00 4.293076923076923457e+00 4.439999999999999503e+00 3.672307692307692495e+00 3.496923076923077467e+00 3.359230769230769020e+00 3.553846153846153655e+00 3.794615384615384279e+00
4.227692307692307416e+00 4.364615384615384563e+00 4.293076923076923457e+00 4.439999999999999503e+00 3.672307692307692495e+00 3.496923076923077467e+00 3.359230769230769020e+00 3.553846153846153655e+00
4.134285714285715230e+00 4.227692307692307416e+00 4.364615384615384563e+00 4.293076923076923457e+00 4.439999999999999503e+00 3.672307692307692495e+00 3.496923076923077467e+00 3.359230769230769020e+00
3.963571428571428079e+00 4.134285714285715230e+00 4.227692307692307416e+00 4.364615384615384563e+00 4.293076923076923457e+00 4.439999999999999503e+00 3.672307692307692495e+00 3.496923076923077467e+00
3.716666666666666341e+00 3.963571428571428079e+00 4.134285714285715230e+00 4.227692307692307416e+00 4.364615384615384563e+00 4.293076923076923457e+00 4.439999999999999503e+00 3.672307692307692495e+00
3.819230769230769873e+00 3.716666666666666341e+00 3.963571428571428079e+00 4.134285714285715230e+00 4.227692307692307416e+00 4.364615384615384563e+00 4.293076923076923457e+00 4.439999999999999503e+00
3.954615384615385310e+00 3.819230769230769873e+00 3.716666666666666341e+00 3.963571428571428079e+00 4.134285714285715230e+00 4.227692307692307416e+00 4.364615384615384563e+00 4.293076923076923457e+00
3.897857142857142687e+00 3.954615384615385310e+00 3.819230769230769873e+00 3.716666666666666341e+00 3.963571428571428079e+00 4.134285714285715230e+00 4.227692307692307416e+00 4.364615384615384563e+00
3.738461538461538058e+00 3.897857142857142687e+00 3.954615384615385310e+00 3.819230769230769873e+00 3.716666666666666341e+00 3.963571428571428079e+00 4.134285714285715230e+00 4.227692307692307416e+00
3.589230769230769447e+00 3.738461538461538058e+00 3.897857142857142687e+00 3.954615384615385310e+00 3.819230769230769873e+00 3.716666666666666341e+00 3.963571428571428079e+00 4.134285714285715230e+00
3.444999999999999840e+00 3.589230769230769447e+00 3.738461538461538058e+00 3.897857142857142687e+00 3.954615384615385310e+00 3.819230769230769873e+00 3.716666666666666341e+00 3.963571428571428079e+00
3.842307692307692868e+00 3.444999999999999840e+00 3.589230769230769447e+00 3.738461538461538058e+00 3.897857142857142687e+00 3.954615384615385310e+00 3.819230769230769873e+00 3.716666666666666341e+00
4.173076923076923350e+00 3.842307692307692868e+00 3.444999999999999840e+00 3.589230769230769447e+00 3.738461538461538058e+00 3.897857142857142687e+00 3.954615384615385310e+00 3.819230769230769873e+00
3.979999999999999538e+00 4.173076923076923350e+00 3.842307692307692868e+00 3.444999999999999840e+00 3.589230769230769447e+00 3.738461538461538058e+00 3.897857142857142687e+00 3.954615384615385310e+00
3.883846153846153282e+00 3.979999999999999538e+00 4.173076923076923350e+00 3.842307692307692868e+00 3.444999999999999840e+00 3.589230769230769447e+00 3.738461538461538058e+00 3.897857142857142687e+00
