9.246538461538461817e+00 1.012942307692307686e+01 9.128395952385472967e-01
9.043461538461539106e+00 9.971730769230770619e+00 9.069099184232348732e-01
8.832307692307692193e+00 9.771346153846154792e+00 9.038987620790772670e-01
8.518461538461536975e+00 9.563846153846153442e+00 8.906941204858037642e-01
8.390188679245282444e+00 9.246538461538461817e+00 9.073869874812916514e-01
8.161730769230770122e+00 9.043461538461539106e+00 9.025007442691277415e-01
7.855576923076924345e+00 8.832307692307692193e+00 8.894138651802823148e-01
7.623076923076922640e+00 8.518461538461536975e+00 8.948889290229367077e-01
7.314615384615384741e+00 8.390188679245282444e+00 8.718058275267954738e-01
7.215961538461537650e+00 8.161730769230770122e+00 8.841214862986260803e-01
7.459615384615384315e+00 7.855576923076924345e+00 9.495948493231166632e-01
7.850566037735849712e+00 7.623076923076922640e+00 1.029842164385126768e+00
8.380769230769230305e+00 7.314615384615384741e+00 1.145756651593227371e+00
8.725660377358488873e+00 7.215961538461537650e+00 1.209216586154202577e+00
8.600566037735847047e+00 7.459615384615384315e+00 1.152950332462655547e+00
8.376153846153846061e+00 7.850566037735849712e+00 1.066949033469894781e+00
7.934615384615383959e+00 8.380769230769230305e+00 9.467645709040843904e-01
7.556346153846153157e+00 8.725660377358488873e+00 8.659913206630761584e-01
7.602500000000000924e+00 8.600566037735847047e+00 8.839534475572036198e-01
7.715192307692306350e+00 8.376153846153846061e+00 9.210900909174394302e-01
7.806153846153846665e+00 7.934615384615383959e+00 9.838099854580709680e-01
7.936346153846153939e+00 7.556346153846153157e+00 1.050288855521339881e+00
7.892500000000000071e+00 7.602500000000000924e+00 1.038145346925353429e+00
7.723269230769228777e+00 7.715192307692306350e+00 1.001046885515590956e+00
7.598846153846153584e+00 7.806153846153846665e+00 9.734430429641307558e-01
7.413076923076923563e+00 7.936346153846153939e+00 9.340667328987860563e-01
7.205769230769231370e+00 7.892500000000000071e+00 9.129894495748155370e-01
7.056346153846153157e+00 7.723269230769228777e+00 9.136475685366401978e-01
6.942641509433960856e+00 7.598846153846153584e+00 9.136441729274838996e-01
6.900769230769231655e+00 7.413076923076923563e+00 9.308913562311923462e-01
6.921730769230769020e+00 7.205769230769231370e+00 9.605817987723510587e-01
7.150192307692306848e+00 7.056346153846153157e+00 1.013299539421687934e+00
7.439999999999999503e+00 6.942641509433960856e+00 1.071638221545820446e+00
7.767735849056604636e+00 6.900769230769231655e+00 1.125633330038299462e+00
8.046037735849058237e+00 6.921730769230769020e+00 1.162431479076906804e+00
8.103396226415092940e+00 7.150192307692306848e+00 1.133311647813627587e+00
8.053461538461538893e+00 7.439999999999999503e+00 1.082454507857733894e+00
7.740961538461538005e+00 7.767735849056604636e+00 9.965531383770833695e-01
7.444423076923077254e+00 8.046037735849058237e+00 9.252284567041624275e-01
7.180384615384616254e+00 8.103396226415092940e+00 8.860957078685497423e-01
6.967884615384615010e+00 8.053461538461538893e+00 8.652036869000429009e-01
6.959038461538460396e+00 7.740961538461538005e+00 8.989888952376219322e-01
6.879807692307691624e+00 7.444423076923077254e+00 9.241559246725735699e-01
6.711153846153846914e+00 7.180384615384616254e+00 9.346510257646365449e-01
6.537307692307692264e+00 6.967884615384615010e+00 9.382055032704993414e-01
6.254615384615386020e+00 6.959038461538460396e+00 8.987758034653332562e-01
5.928076923076923244e+00 6.879807692307691624e+00 8.616631726065689945e-01
5.864230769230770690e+00 6.711153846153846914e+00 8.738036563699926873e-01
5.826981132075471415e+00 6.537307692307692264e+00 8.913426453724907494e-01
5.770576923076921716e+00 6.254615384615386020e+00 9.226109949575693747e-01
5.920384615384614690e+00 5.928076923076923244e+00 9.987023940829168334e-01
5.885660377358489015e+00 5.864230769230770690e+00 1.003654291410249089e+00
5.839230769230768558e+00 5.826981132075471415e+00 1.002102227015609692e+00
5.876603773584906598e+00 5.770576923076921716e+00 1.018373700224664891e+00
5.779056603773584655e+00 5.920384615384614690e+00 9.761285759638356208e-01
5.744230769230769695e+00 5.885660377358489015e+00 9.759704775573214697e-01
5.866730769230770193e+00 5.839230769230768558e+00 1.004709524436833368e+00
5.986346153846152873e+00 5.876603773584906598e+00 1.018674456282816498e+00
6.209807692307691696e+00 5.779056603773584655e+00 1.074536575442579522e+00
6.408846153846154081e+00 5.744230769230769695e+00 1.115701372614663400e+00
6.413269230769231832e+00 5.866730769230770193e+00 1.093158947126888991e+00
6.405192307692308518e+00 5.986346153846152873e+00 1.069966911882810567e+00
6.344230769230768452e+00 6.209807692307691696e+00 1.021646898516614499e+00
6.342115384615383711e+00 6.408846153846154081e+00 9.895877092960450039e-01
6.337307692307691198e+00 6.413269230769231832e+00 9.881555668835644290e-01
6.251730769230769980e+00 6.405192307692308518e+00 9.760410724472332600e-01
6.183846153846153548e+00 6.344230769230768452e+00 9.747196120036375477e-01
6.126538461538459934e+00 6.342115384615383711e+00 9.660086721853299307e-01
6.027169811320754356e+00 6.337307692307691198e+00 9.510615712468267757e-01
5.842692307692306741e+00 6.251730769230769980e+00 9.345719646867018948e-01
5.574038461538460609e+00 6.183846153846153548e+00 9.013869884313968628e-01
5.284038461538462350e+00 6.126538461538459934e+00 8.624835206227638995e-01
5.036538461538460965e+00 6.027169811320754356e+00 8.356390510316129561e-01
5.021730769230769553e+00 5.842692307692306741e+00 8.594891712198013956e-01
4.999230769230768701e+00 5.574038461538460609e+00 8.968776953596688806e-01
4.813396226415093793e+00 5.284038461538462350e+00 9.109313381140038413e-01
4.689807692307693010e+00 5.036538461538460965e+00 9.311569301260025355e-01
4.659056603773585437e+00 5.021730769230769553e+00 9.277790502670180128e-01
4.592452830188679336e+00 4.999230769230768701e+00 9.186318940214315276e-01
4.556346153846154046e+00 4.813396226415093793e+00 9.465969430984524369e-01
4.447884615384615437e+00 4.689807692307693010e+00 9.484151392135152792e-01
4.216730769230769837e+00 4.659056603773585437e+00 9.050610730540264992e-01
4.002692307692306883e+00 4.592452830188679336e+00 8.715804942797545918e-01
3.818269230769231637e+00 4.556346153846154046e+00 8.380112269446673423e-01
3.657499999999999751e+00 4.447884615384615437e+00 8.223010073933156860e-01
3.551153846153845883e+00 4.216730769230769837e+00 8.421580699594105601e-01
3.520576923076923048e+00 4.002692307692306883e+00 8.795522244643030341e-01
3.742115384615384066e+00 3.818269230769231637e+00 9.800554016620495190e-01
3.975576923076922231e+00 3.657499999999999751e+00 1.086965665913034229e+00
4.192499999999999893e+00 3.551153846153845883e+00 1.180602187804614012e+00
4.331346153846153513e+00 3.520576923076923048e+00 1.230294422898344786e+00
4.252641509433961353e+00 3.742115384615384066e+00 1.136427146773040908e+00
4.167962962962963758e+00 3.975576923076922231e+00 1.048391980235447996e+00
4.017547169811320984e+00 4.192499999999999893e+00 9.582700464666239482e-01
3.917358490566037688e+00 4.331346153846153513e+00 9.044205545861295770e-01
3.868269230769231015e+00 4.252641509433961353e+00 9.096156405819658675e-01
3.850576923076922675e+00 4.167962962962963758e+00 9.238510412145278794e-01
3.853396226415094272e+00 4.017547169811320984e+00 9.591415019020335109e-01
3.796981132075471166e+00 3.917358490566037688e+00 9.692707831615450242e-01
3.667777777777777359e+00 3.868269230769231015e+00 9.481702433231141702e-01
3.649811320754717148e+00 3.850576923076922675e+00 9.478609033573656140e-01
3.756415094339622840e+00 3.853396226415094272e+00 9.748322969201391741e-01
3.852264150943395915e+00 3.796981132075471166e+00 1.014559729676008715e+00
3.969807692307692371e+00 3.667777777777777359e+00 1.082346841283527317e+00
