3.863343784627265620e+01 3.917235154381563689e+01 3.972773122214248787e+01 4.029947430236651940e+01 4.084890386794592132e+01 4.142934131501138495e+01 4.199095276535255294e+01 4.247039162112323396e+01 4.267855550713628077e+01 4.511296897324687905e+01 1.385622269997310196e+00
3.863343784627265620e+01 3.917235154381563689e+01 3.972773122214248787e+01 4.029947430236651940e+01 4.084890386794592132e+01 4.142934131501138495e+01 4.199095276535255294e+01 4.247039162112323396e+01 4.267855550713628077e+01 4.511296897324687905e+01 1.385622269997310196e+00
3.863343784627265620e+01 3.917235154381563689e+01 3.972773122214248787e+01 4.029947430236651940e+01 4.084890386794592132e+01 4.142934131501138495e+01 4.199095276535255294e+01 4.247039162112323396e+01 4.267855550713628077e+01 4.511296897324687905e+01 1.385622269997310196e+00
3.863343784627265620e+01 3.917235154381563689e+01 3.972773122214248787e+01 4.029947430236651940e+01 4.084890386794592132e+01 4.142934131501138495e+01 4.199095276535255294e+01 4.247039162112323396e+01 4.267855550713628077e+01 4.511296897324687905e+01 1.385622269997310196e+00
3.863343784627265620e+01 3.917235154381563689e+01 3.972773122214248787e+01 4.029947430236651940e+01 4.084890386794592132e+01 4.142934131501138495e+01 4.199095276535255294e+01 4.247039162112323396e+01 4.267855550713628077e+01 4.511296897324687905e+01 1.385622269997310196e+00
3.863343784627265620e+01 3.917235154381563689e+01 3.972773122214248787e+01 4.029947430236651940e+01 4.084890386794592132e+01 4.142934131501138495e+01 4.199095276535255294e+01 4.247039162112323396e+01 4.267855550713628077e+01 4.511296897324687905e+01 1.385622269997310196e+00
3.863343784627265620e+01 3.917235154381563689e+01 3.972773122214248787e+01 4.029947430236651940e+01 4.084890386794592132e+01 4.142934131501138495e+01 4.199095276535255294e+01 4.247039162112323396e+01 4.267855550713628077e+01 4.511296897324687905e+01 1.385622269997310196e+00
3.863343784627265620e+01 3.917235154381563689e+01 3.972773122214248787e+01 4.029947430236651940e+01 4.084890386794592132e+01 4.142934131501138495e+01 4.199095276535255294e+01 4.247039162112323396e+01 4.267855550713628077e+01 4.511296897324687905e+01 1.385622269997310196e+00
3.863343784627265620e+01 3.917235154381563689e+01 3.972773122214248787e+01 4.029947430236651940e+01 4.084890386794592132e+01 4.142934131501138495e+01 4.199095276535255294e+01 4.247039162112323396e+01 4.267855550713628077e+01 4.511296897324687905e+01 1.385622269997310196e+00
3.863343784627265620e+01 3.917235154381563689e+01 3.972773122214248787e+01 4.029947430236651940e+01 4.084890386794592132e+01 4.142934131501138495e+01 4.199095276535255294e+01 4.247039162112323396e+01 4.267855550713628077e+01 4.511296897324687905e+01 1.385622269997310196e+00
3.863343784627265620e+01 3.917235154381563689e+01 3.972773122214248787e+01 4.029947430236651940e+01 4.084890386794592132e+01 4.142934131501138495e+01 4.199095276535255294e+01 4.247039162112323396e+01 4.267855550713628077e+01 4.511296897324687905e+01 1.385622269997310196e+00
3.863343784627265620e+01 3.917235154381563689e+01 3.972773122214248787e+01 4.029947430236651940e+01 4.084890386794592132e+01 4.142934131501138495e+01 4.199095276535255294e+01 4.247039162112323396e+01 4.267855550713628077e+01 4.511296897324687905e+01 1.385622269997310196e+00
3.863343784627265620e+01 3.917235154381563689e+01 3.972773122214248787e+01 4.029947430236651940e+01 4.084890386794592132e+01 4.142934131501138495e+01 4.199095276535255294e+01 4.247039162112323396e+01 4.267855550713628077e+01 4.511296897324687905e+01 1.385622269997310196e+00
3.863343784627265620e+01 3.917235154381563689e+01 3.972773122214248787e+01 4.029947430236651940e+01 4.084890386794592132e+01 4.142934131501138495e+01 4.199095276535255294e+01 4.247039162112323396e+01 4.267855550713628077e+01 4.511296897324687905e+01 1.385622269997310196e+00
3.863343784627265620e+01 3.917235154381563689e+01 3.972773122214248787e+01 4.029947430236651940e+01 4.084890386794592132e+01 4.142934131501138495e+01 4.199095276535255294e+01 4.247039162112323396e+01 4.267855550713628077e+01 4.511296897324687905e+01 1.385622269997310196e+00
3.863343784627265620e+01 3.917235154381563689e+01 3.972773122214248787e+01 4.029947430236651940e+01 4.084890386794592132e+01 4.142934131501138495e+01 4.199095276535255294e+01 4.247039162112323396e+01 4.267855550713628077e+01 4.511296897324687905e+01 1.385622269997310196e+00
3.863343784627265620e+01 3.917235154381563689e+01 3.972773122214248787e+01 4.029947430236651940e+01 4.084890386794592132e+01 4.142934131501138495e+01 4.199095276535255294e+01 4.247039162112323396e+01 4.267855550713628077e+01 4.511296897324687905e+01 1.385622269997310196e+00
3.863343784627265620e+01 3.917235154381563689e+01 3.972773122214248787e+01 4.029947430236651940e+01 4.084890386794592132e+01 4.142934131501138495e+01 4.199095276535255294e+01 4.247039162112323396e+01 4.267855550713628077e+01 4.511296897324687905e+01 1.385622269997310196e+00
3.863343784627265620e+01 3.917235154381563689e+01 3.972773122214248787e+01 4.029947430236651940e+01 4.084890386794592132e+01 4.142934131501138495e+01 4.199095276535255294e+01 4.247039162112323396e+01 4.267855550713628077e+01 4.511296897324687905e+01 1.385622269997310196e+00
3.863343784627265620e+01 3.917235154381563689e+01 3.972773122214248787e+01 4.029947430236651940e+01 4.084890386794592132e+01 4.142934131501138495e+01 4.199095276535255294e+01 4.247039162112323396e+01 4.267855550713628077e+01 4.511296897324687905e+01 1.385622269997310196e+00
3.863343784627265620e+01 3.917235154381563689e+01 3.972773122214248787e+01 4.029947430236651940e+01 4.084890386794592132e+01 4.142934131501138495e+01 4.199095276535255294e+01 4.247039162112323396e+01 4.267855550713628077e+01 4.511296897324687905e+01 1.385622269997310196e+00
3.863343784627265620e+01 3.917235154381563689e+01 3.972773122214248787e+01 4.029947430236651940e+01 4.084890386794592132e+01 4.142934131501138495e+01 4.199095276535255294e+01 4.247039162112323396e+01 4.267855550713628077e+01 4.511296897324687905e+01 1.385622269997310196e+00
3.863343784627265620e+01 3.917235154381563689e+01 3.972773122214248787e+01 4.029947430236651940e+01 4.084890386794592132e+01 4.142934131501138495e+01 4.199095276535255294e+01 4.247039162112323396e+01 4.267855550713628077e+01 4.511296897324687905e+01 1.385622269997310196e+00
3.863343784627265620e+01 3.917235154381563689e+01 3.972773122214248787e+01 4.029947430236651940e+01 4.084890386794592132e+01 4.142934131501138495e+01 4.199095276535255294e+01 4.247039162112323396e+01 4.267855550713628077e+01 4.511296897324687905e+01 1.385622269997310196e+00
3.863343784627265620e+01 3.917235154381563689e+01 3.972773122214248787e+01 4.029947430236651940e+01 4.084890386794592132e+01 4.142934131501138495e+01 4.199095276535255294e+01 4.247039162112323396e+01 4.267855550713628077e+01 4.511296897324687905e+01 1.385622269997310196e+00
3.863343784627265620e+01 3.917235154381563689e+01 3.972773122214248787e+01 4.029947430236651940e+01 4.084890386794592132e+01 4.142934131501138495e+01 4.199095276535255294e+01 4.247039162112323396e+01 4.267855550713628077e+01 4.511296897324687905e+01 1.385622269997310196e+00
3.863343784627265620e+01 3.917235154381563689e+01 3.972773122214248787e+01 4.029947430236651940e+01 4.084890386794592132e+01 4.142934131501138495e+01 4.199095276535255294e+01 4.247039162112323396e+01 4.267855550713628077e+01 4.511296897324687905e+01 1.385622269997310196e+00
3.863343784627265620e+01 3.917235154381563689e+01 3.972773122214248787e+01 4.029947430236651940e+01 4.084890386794592132e+01 4.142934131501138495e+01 4.199095276535255294e+01 4.247039162112323396e+01 4.267855550713628077e+01 4.511296897324687905e+01 1.385622269997310196e+00
3.863343784627265620e+01 3.917235154381563689e+01 3.972773122214248787e+01 4.029947430236651940e+01 4.084890386794592132e+01 4.142934131501138495e+01 4.199095276535255294e+01 4.247039162112323396e+01 4.267855550713628077e+01 4.511296897324687905e+01 1.385622269997310196e+00
3.863343784627265620e+01 3.917235154381563689e+01 3.972773122214248787e+01 4.029947430236651940e+01 4.084890386794592132e+01 4.142934131501138495e+01 4.199095276535255294e+01 4.247039162112323396e+01 4.267855550713628077e+01 4.511296897324687905e+01 1.385622269997310196e+00
3.863343784627265620e+01 3.917235154381563689e+01 3.972773122214248787e+01 4.029947430236651940e+01 4.084890386794592132e+01 4.142934131501138495e+01 4.199095276535255294e+01 4.247039162112323396e+01 4.267855550713628077e+01 4.511296897324687905e+01 1.385622269997310196e+00
3.863343784627265620e+01 3.917235154381563689e+01 3.972773122214248787e+01 4.029947430236651940e+01 4.084890386794592132e+01 4.142934131501138495e+01 4.199095276535255294e+01 4.247039162112323396e+01 4.267855550713628077e+01 4.511296897324687905e+01 1.385622269997310196e+00
3.863343784627265620e+01 3.917235154381563689e+01 3.972773122214248787e+01 4.029947430236651940e+01 4.084890386794592132e+01 4.142934131501138495e+01 4.199095276535255294e+01 4.247039162112323396e+01 4.267855550713628077e+01 4.511296897324687905e+01 1.385622269997310196e+00
3.863343784627265620e+01 3.917235154381563689e+01 3.972773122214248787e+01 4.029947430236651940e+01 4.084890386794592132e+01 4.142934131501138495e+01 4.199095276535255294e+01 4.247039162112323396e+01 4.267855550713628077e+01 4.511296897324687905e+01 1.385622269997310196e+00
3.863343784627265620e+01 3.917235154381563689e+01 3.972773122214248787e+01 4.029947430236651940e+01 4.084890386794592132e+01 4.142934131501138495e+01 4.199095276535255294e+01 4.247039162112323396e+01 4.267855550713628077e+01 4.511296897324687905e+01 1.385622269997310196e+00
3.863343784627265620e+01 3.917235154381563689e+01 3.972773122214248787e+01 4.029947430236651940e+01 4.084890386794592132e+01 4.142934131501138495e+01 4.199095276535255294e+01 4.247039162112323396e+01 4.267855550713628077e+01 4.511296897324687905e+01 1.385622269997310196e+00
3.863343784627265620e+01 3.917235154381563689e+01 3.972773122214248787e+01 4.029947430236651940e+01 4.084890386794592132e+01 4.142934131501138495e+01 4.199095276535255294e+01 4.247039162112323396e+01 4.267855550713628077e+01 4.511296897324687905e+01 1.385622269997310196e+00
3.863343784627265620e+01 3.917235154381563689e+01 3.972773122214248787e+01 4.029947430236651940e+01 4.084890386794592132e+01 4.142934131501138495e+01 4.199095276535255294e+01 4.247039162112323396e+01 4.267855550713628077e+01 4.511296897324687905e+01 1.385622269997310196e+00
3.863343784627265620e+01 3.917235154381563689e+01 3.972773122214248787e+01 4.029947430236651940e+01 4.084890386794592132e+01 4.142934131501138495e+01 4.199095276535255294e+01 4.247039162112323396e+01 4.267855550713628077e+01 4.511296897324687905e+01 1.385622269997310196e+00
3.863343784627265620e+01 3.917235154381563689e+01 3.972773122214248787e+01 4.029947430236651940e+01 4.084890386794592132e+01 4.142934131501138495e+01 4.199095276535255294e+01 4.247039162112323396e+01 4.267855550713628077e+01 4.511296897324687905e+01 1.385622269997310196e+00
3.863343784627265620e+01 3.917235154381563689e+01 3.972773122214248787e+01 4.029947430236651940e+01 4.084890386794592132e+01 4.142934131501138495e+01 4.199095276535255294e+01 4.247039162112323396e+01 4.267855550713628077e+01 4.511296897324687905e+01 1.385622269997310196e+00
3.863343784627265620e+01 3.917235154381563689e+01 3.972773122214248787e+01 4.029947430236651940e+01 4.084890386794592132e+01 4.142934131501138495e+01 4.199095276535255294e+01 4.247039162112323396e+01 4.267855550713628077e+01 4.511296897324687905e+01 1.385622269997310196e+00
3.863343784627265620e+01 3.917235154381563689e+01 3.972773122214248787e+01 4.029947430236651940e+01 4.084890386794592132e+01 4.142934131501138495e+01 4.199095276535255294e+01 4.247039162112323396e+01 4.267855550713628077e+01 4.511296897324687905e+01 1.385622269997310196e+00
3.863343784627265620e+01 3.917235154381563689e+01 3.972773122214248787e+01 4.029947430236651940e+01 4.084890386794592132e+01 4.142934131501138495e+01 4.199095276535255294e+01 4.247039162112323396e+01 4.267855550713628077e+01 4.511296897324687905e+01 1.385622269997310196e+00
3.863343784627265620e+01 3.917235154381563689e+01 3.972773122214248787e+01 4.029947430236651940e+01 4.084890386794592132e+01 4.142934131501138495e+01 4.199095276535255294e+01 4.247039162112323396e+01 4.267855550713628077e+01 4.511296897324687905e+01 1.385622269997310196e+00
3.863343784627265620e+01 3.917235154381563689e+01 3.972773122214248787e+01 4.029947430236651940e+01 4.084890386794592132e+01 4.142934131501138495e+01 4.199095276535255294e+01 4.247039162112323396e+01 4.267855550713628077e+01 4.511296897324687905e+01 1.385622269997310196e+00
3.863343784627265620e+01 3.917235154381563689e+01 3.972773122214248787e+01 4.029947430236651940e+01 4.084890386794592132e+01 4.142934131501138495e+01 4.199095276535255294e+01 4.247039162112323396e+01 4.267855550713628077e+01 4.511296897324687905e+01 1.385622269997310196e+00
3.863343784627265620e+01 3.917235154381563689e+01 3.972773122214248787e+01 4.029947430236651940e+01 4.084890386794592132e+01 4.142934131501138495e+01 4.199095276535255294e+01 4.247039162112323396e+01 4.267855550713628077e+01 4.511296897324687905e+01 1.385622269997310196e+00
3.863343784627265620e+01 3.917235154381563689e+01 3.972773122214248787e+01 4.029947430236651940e+01 4.084890386794592132e+01 4.142934131501138495e+01 4.199095276535255294e+01 4.247039162112323396e+01 4.267855550713628077e+01 4.511296897324687905e+01 1.385622269997310196e+00
3.863343784627265620e+01 3.917235154381563689e+01 3.972773122214248787e+01 4.029947430236651940e+01 4.084890386794592132e+01 4.142934131501138495e+01 4.199095276535255294e+01 4.247039162112323396e+01 4.267855550713628077e+01 4.511296897324687905e+01 1.385622269997310196e+00
3.863343784627265620e+01 3.917235154381563689e+01 3.972773122214248787e+01 4.029947430236651940e+01 4.084890386794592132e+01 4.142934131501138495e+01 4.199095276535255294e+01 4.247039162112323396e+01 4.267855550713628077e+01 4.511296897324687905e+01 1.385622269997310196e+00
3.863343784627265620e+01 3.917235154381563689e+01 3.972773122214248787e+01 4.029947430236651940e+01 4.084890386794592132e+01 4.142934131501138495e+01 4.199095276535255294e+01 4.247039162112323396e+01 4.267855550713628077e+01 4.511296897324687905e+01 1.385622269997310196e+00
3.863343784627265620e+01 3.917235154381563689e+01 3.972773122214248787e+01 4.029947430236651940e+01 4.084890386794592132e+01 4.142934131501138495e+01 4.199095276535255294e+01 4.247039162112323396e+01 4.267855550713628077e+01 4.511296897324687905e+01 1.385622269997310196e+00
3.863343784627265620e+01 3.917235154381563689e+01 3.972773122214248787e+01 4.029947430236651940e+01 4.084890386794592132e+01 4.142934131501138495e+01 4.199095276535255294e+01 4.247039162112323396e+01 4.267855550713628077e+01 4.511296897324687905e+01 1.385622269997310196e+00
1.503111111111111029e+02 3.917235154381563689e+01 3.972773122214248787e+01 4.029947430236651940e+01 4.084890386794592132e+01 4.142934131501138495e+01 4.199095276535255294e+01 4.247039162112323396e+01 1.503111111111111029e+02 4.511296897324687905e+01 1.385622269997310196e+00
1.418562499999999886e+02 1.503111111111111029e+02 3.972773122214248787e+01 4.029947430236651940e+01 4.084890386794592132e+01 4.142934131501138495e+01 4.199095276535255294e+01 4.247039162112323396e+01 1.460836805555555316e+02 4.511296897324687905e+01 1.385622269997310196e+00
1.292933333333333508e+02 1.418562499999999886e+02 1.503111111111111029e+02 4.029947430236651940e+01 4.084890386794592132e+01 4.142934131501138495e+01 4.199095276535255294e+01 4.247039162112323396e+01 1.404868981481481569e+02 4.511296897324687905e+01 1.385622269997310196e+00
1.224327419354838753e+02 1.292933333333333508e+02 1.418562499999999886e+02 1.503111111111111029e+02 4.084890386794592132e+01 4.142934131501138495e+01 4.199095276535255294e+01 4.247039162112323396e+01 1.359733590949820723e+02 4.511296897324687905e+01 1.385622269997310196e+00
1.431176190476190300e+02 1.224327419354838753e+02 1.292933333333333508e+02 1.418562499999999886e+02 1.503111111111111029e+02 4.142934131501138495e+01 4.199095276535255294e+01 4.247039162112323396e+01 1.341749860791090612e+02 1.503111111111111029e+02 1.120261797698180795e+00
1.412966666666667095e+02 1.431176190476190300e+02 1.224327419354838753e+02 1.292933333333333508e+02 1.418562499999999886e+02 1.503111111111111029e+02 4.199095276535255294e+01 4.247039162112323396e+01 1.340350902457757343e+02 1.460836805555555316e+02 1.089891313444014465e+00
1.155722222222222086e+02 1.412966666666667095e+02 1.431176190476190300e+02 1.224327419354838753e+02 1.292933333333333508e+02 1.418562499999999886e+02 1.503111111111111029e+02 4.247039162112323396e+01 1.306048124679979594e+02 1.404868981481481569e+02 1.075664024115279727e+00
1.153352459016393396e+02 1.155722222222222086e+02 1.412966666666667095e+02 1.431176190476190300e+02 1.224327419354838753e+02 1.292933333333333508e+02 1.418562499999999886e+02 1.503111111111111029e+02 1.288304384595368219e+02 1.359733590949820723e+02 1.055444355548698310e+00
1.376714285714285779e+01 1.153352459016393396e+02 1.155722222222222086e+02 1.412966666666667095e+02 1.431176190476190300e+02 1.224327419354838753e+02 1.292933333333333508e+02 1.418562499999999886e+02 9.649281941191776468e+01 1.341749860791090612e+02 1.390517832278587163e+00
2.139888888888889085e+01 1.376714285714285779e+01 1.153352459016393396e+02 1.155722222222222086e+02 1.412966666666667095e+02 1.431176190476190300e+02 1.224327419354838753e+02 1.292933333333333508e+02 6.651837496747332068e+01 1.340350902457757343e+02 2.015008489177874118e+00
2.245703125000000000e+01 2.139888888888889085e+01 1.376714285714285779e+01 1.153352459016393396e+02 1.155722222222222086e+02 1.412966666666667095e+02 1.431176190476190300e+02 1.224327419354838753e+02 4.323957722441777207e+01 1.306048124679979594e+02 3.020492355652456773e+00
2.600786885245901559e+01 2.245703125000000000e+01 2.139888888888889085e+01 1.376714285714285779e+01 1.153352459016393396e+02 1.155722222222222086e+02 1.412966666666667095e+02 1.431176190476190300e+02 2.090773296212269017e+01 1.288304384595368219e+02 6.161855935931999539e+00
2.148718750000000099e+01 2.600786885245901559e+01 2.245703125000000000e+01 2.139888888888889085e+01 1.376714285714285779e+01 1.153352459016393396e+02 1.155722222222222086e+02 1.412966666666667095e+02 2.283774412283697686e+01 9.649281941191776468e+01 4.225146708576534849e+00
2.415874999999999773e+01 2.148718750000000099e+01 2.600786885245901559e+01 2.245703125000000000e+01 2.139888888888889085e+01 1.376714285714285779e+01 1.153352459016393396e+02 1.155722222222222086e+02 2.352770940061475358e+01 6.651837496747332068e+01 2.827235487944919523e+00
5.362062499999999687e+01 2.415874999999999773e+01 2.148718750000000099e+01 2.600786885245901559e+01 2.245703125000000000e+01 2.139888888888889085e+01 1.376714285714285779e+01 1.153352459016393396e+02 3.131860783811475102e+01 4.323957722441777207e+01 1.380635354161406925e+00
4.510999999999999943e+01 5.362062499999999687e+01 2.415874999999999773e+01 2.148718750000000099e+01 2.600786885245901559e+01 2.245703125000000000e+01 2.139888888888889085e+01 1.376714285714285779e+01 3.609414062500000142e+01 2.090773296212269017e+01 5.792555966172886484e-01
3.371857142857142264e+01 4.510999999999999943e+01 5.362062499999999687e+01 2.415874999999999773e+01 2.148718750000000099e+01 2.600786885245901559e+01 2.245703125000000000e+01 2.139888888888889085e+01 3.915198660714285239e+01 2.283774412283697686e+01 5.833099697339618750e-01
2.681843749999999815e+01 3.371857142857142264e+01 4.510999999999999943e+01 5.362062499999999687e+01 2.415874999999999773e+01 2.148718750000000099e+01 2.600786885245901559e+01 2.245703125000000000e+01 3.981690848214285694e+01 2.352770940061475358e+01 5.908974427576790811e-01
2.380046875000000028e+01 2.681843749999999815e+01 3.371857142857142264e+01 4.510999999999999943e+01 5.362062499999999687e+01 2.415874999999999773e+01 2.148718750000000099e+01 2.600786885245901559e+01 3.236186941964285779e+01 3.131860783811475102e+01 9.677626292844853095e-01
2.106721311475410019e+01 2.380046875000000028e+01 2.681843749999999815e+01 3.371857142857142264e+01 4.510999999999999943e+01 5.362062499999999687e+01 2.415874999999999773e+01 2.148718750000000099e+01 2.635117269833138209e+01 3.609414062500000142e+01 1.369735648511975601e+00
2.605936507936508661e+01 2.106721311475410019e+01 2.380046875000000028e+01 2.681843749999999815e+01 3.371857142857142264e+01 4.510999999999999943e+01 5.362062499999999687e+01 2.415874999999999773e+01 2.443637111102979631e+01 3.915198660714285239e+01 1.602201342795571470e+00
2.586062499999999886e+01 2.605936507936508661e+01 2.106721311475410019e+01 2.380046875000000028e+01 2.681843749999999815e+01 3.371857142857142264e+01 4.510999999999999943e+01 5.362062499999999687e+01 2.419691798602979560e+01 3.981690848214285694e+01 1.645536365628520903e+00
2.032546874999999886e+01 2.586062499999999886e+01 2.605936507936508661e+01 2.106721311475410019e+01 2.380046875000000028e+01 2.681843749999999815e+01 3.371857142857142264e+01 4.510999999999999943e+01 2.332816798602979347e+01 3.236186941964285779e+01 1.387244357937706285e+00
1.928596774193548313e+01 2.032546874999999886e+01 2.586062499999999886e+01 2.605936507936508661e+01 2.106721311475410019e+01 2.380046875000000028e+01 2.681843749999999815e+01 3.371857142857142264e+01 2.288285664282513920e+01 2.635117269833138209e+01 1.151568316388230429e+00
1.819460317460317356e+01 1.928596774193548313e+01 2.032546874999999886e+01 2.586062499999999886e+01 2.605936507936508661e+01 2.106721311475410019e+01 2.380046875000000028e+01 2.681843749999999815e+01 2.091666616663466272e+01 2.443637111102979631e+01 1.168272750368297697e+00
2.924609375000000000e+01 1.819460317460317356e+01 1.928596774193548313e+01 2.032546874999999886e+01 2.586062499999999886e+01 2.605936507936508661e+01 2.106721311475410019e+01 2.380046875000000028e+01 2.176303335413466300e+01 2.419691798602979560e+01 1.111835725851733292e+00
3.082777777777777928e+01 2.924609375000000000e+01 1.819460317460317356e+01 1.928596774193548313e+01 2.032546874999999886e+01 2.586062499999999886e+01 2.605936507936508661e+01 2.106721311475410019e+01 2.438861061107910899e+01 2.332816798602979347e+01 9.565189406661983584e-01
2.011629032258064598e+01 3.082777777777777928e+01 2.924609375000000000e+01 1.819460317460317356e+01 1.928596774193548313e+01 2.032546874999999886e+01 2.586062499999999886e+01 2.605936507936508661e+01 2.459619125624039881e+01 2.288285664282513920e+01 9.303414664666602718e-01
2.134365079365079154e+01 2.011629032258064598e+01 3.082777777777777928e+01 2.924609375000000000e+01 1.819460317460317356e+01 1.928596774193548313e+01 2.032546874999999886e+01 2.586062499999999886e+01 2.538345316100230420e+01 2.091666616663466272e+01 8.240276070385033069e-01
1.742317460317460487e+01 2.134365079365079154e+01 2.011629032258064598e+01 3.082777777777777928e+01 2.924609375000000000e+01 1.819460317460317356e+01 1.928596774193548313e+01 2.032546874999999886e+01 2.242772337429595453e+01 2.176303335413466300e+01 9.703630186145829617e-01
1.696903225806451587e+01 1.742317460317460487e+01 2.134365079365079154e+01 2.011629032258064598e+01 3.082777777777777928e+01 2.924609375000000000e+01 1.819460317460317356e+01 1.928596774193548313e+01 1.896303699436764134e+01 2.438861061107910899e+01 1.286113116708202275e+00
1.445983333333333398e+01 1.696903225806451587e+01 1.742317460317460487e+01 2.134365079365079154e+01 2.011629032258064598e+01 3.082777777777777928e+01 2.924609375000000000e+01 1.819460317460317356e+01 1.754892274705581201e+01 2.459619125624039881e+01 1.401578410866667568e+00
1.539218750000000213e+01 1.445983333333333398e+01 1.696903225806451587e+01 1.742317460317460487e+01 2.134365079365079154e+01 2.011629032258064598e+01 3.082777777777777928e+01 2.924609375000000000e+01 1.606105692364311466e+01 2.538345316100230420e+01 1.580434792160900992e+00
1.503500000000000014e+01 1.539218750000000213e+01 1.445983333333333398e+01 1.696903225806451587e+01 1.742317460317460487e+01 2.134365079365079154e+01 2.011629032258064598e+01 3.082777777777777928e+01 1.546401327284946348e+01 2.242772337429595453e+01 1.450317131690053829e+00
1.472437500000000021e+01 1.503500000000000014e+01 1.539218750000000213e+01 1.445983333333333398e+01 1.696903225806451587e+01 1.742317460317460487e+01 2.134365079365079154e+01 2.011629032258064598e+01 1.490284895833333323e+01 1.896303699436764134e+01 1.272443748667528629e+00
1.524901639344262172e+01 1.472437500000000021e+01 1.503500000000000014e+01 1.539218750000000213e+01 1.445983333333333398e+01 1.696903225806451587e+01 1.742317460317460487e+01 2.134365079365079154e+01 1.510014472336065694e+01 1.754892274705581201e+01 1.162169175763380302e+00
1.389333333333333265e+01 1.524901639344262172e+01 1.472437500000000021e+01 1.503500000000000014e+01 1.539218750000000213e+01 1.445983333333333398e+01 1.696903225806451587e+01 1.742317460317460487e+01 1.472543118169398824e+01 1.606105692364311466e+01 1.090701978466309230e+00
1.371562499999999929e+01 1.389333333333333265e+01 1.524901639344262172e+01 1.472437500000000021e+01 1.503500000000000014e+01 1.539218750000000213e+01 1.445983333333333398e+01 1.696903225806451587e+01 1.439558743169398980e+01 1.546401327284946348e+01 1.074218981769592629e+00
1.648406250000000028e+01 1.371562499999999929e+01 1.389333333333333265e+01 1.524901639344262172e+01 1.472437500000000021e+01 1.503500000000000014e+01 1.539218750000000213e+01 1.445983333333333398e+01 1.483550930669398937e+01 1.490284895833333323e+01 1.004539085935456155e+00
1.765426229508196343e+01 1.648406250000000028e+01 1.371562499999999929e+01 1.389333333333333265e+01 1.524901639344262172e+01 1.472437500000000021e+01 1.503500000000000014e+01 1.539218750000000213e+01 1.543682078210382258e+01 1.510014472336065694e+01 9.781900649430691486e-01
1.479206349206349103e+01 1.765426229508196343e+01 1.648406250000000028e+01 1.371562499999999929e+01 1.389333333333333265e+01 1.524901639344262172e+01 1.472437500000000021e+01 1.503500000000000014e+01 1.566150332178636262e+01 1.472543118169398824e+01 9.402310160870556155e-01
1.865703125000000284e+01 1.479206349206349103e+01 1.765426229508196343e+01 1.648406250000000028e+01 1.371562499999999929e+01 1.389333333333333265e+01 1.524901639344262172e+01 1.472437500000000021e+01 1.689685488428636262e+01 1.439558743169398980e+01 8.519684598274861465e-01
1.789062500000000000e+01 1.865703125000000284e+01 1.479206349206349103e+01 1.765426229508196343e+01 1.648406250000000028e+01 1.371562499999999929e+01 1.389333333333333265e+01 1.524901639344262172e+01 1.724849550928636432e+01 1.483550930669398937e+01 8.601045406369932644e-01
2.137508196721311649e+01 1.789062500000000000e+01 1.865703125000000284e+01 1.479206349206349103e+01 1.765426229508196343e+01 1.648406250000000028e+01 1.371562499999999929e+01 1.389333333333333265e+01 1.817870042731915348e+01 1.543682078210382258e+01 8.491707558426562219e-01
1.671843750000000028e+01 2.137508196721311649e+01 1.789062500000000000e+01 1.865703125000000284e+01 1.479206349206349103e+01 1.765426229508196343e+01 1.648406250000000028e+01 1.371562499999999929e+01 1.866029392930327901e+01 1.566150332178636262e+01 8.392956392392216802e-01
1.472921875000000114e+01 1.671843750000000028e+01 2.137508196721311649e+01 1.789062500000000000e+01 1.865703125000000284e+01 1.479206349206349103e+01 1.765426229508196343e+01 1.648406250000000028e+01 1.767834080430327859e+01 1.689685488428636262e+01 9.557941591539695914e-01
1.502571428571428314e+01 1.472921875000000114e+01 1.671843750000000028e+01 2.137508196721311649e+01 1.789062500000000000e+01 1.865703125000000284e+01 1.479206349206349103e+01 1.765426229508196343e+01 1.696211312573185026e+01 1.724849550928636432e+01 1.016883650134372985e+00
1.285580645161290470e+01 1.502571428571428314e+01 1.472921875000000114e+01 1.671843750000000028e+01 2.137508196721311649e+01 1.789062500000000000e+01 1.865703125000000284e+01 1.479206349206349103e+01 1.483229424683179687e+01 1.817870042731915348e+01 1.225616221253307048e+00
1.251412698412698354e+01 1.285580645161290470e+01 1.502571428571428314e+01 1.472921875000000114e+01 1.671843750000000028e+01 2.137508196721311649e+01 1.789062500000000000e+01 1.865703125000000284e+01 1.378121661786354224e+01 1.866029392930327901e+01 1.354038213514136446e+00
1.222666666666666835e+01 1.251412698412698354e+01 1.285580645161290470e+01 1.502571428571428314e+01 1.472921875000000114e+01 1.671843750000000028e+01 2.137508196721311649e+01 1.789062500000000000e+01 1.315557859703021037e+01 1.767834080430327859e+01 1.343790444024564046e+00
