8.020000000000000284e+01 8.039999999999999147e+01 7.956666666666666288e+01 7.936666666666667425e+01 8.120000000000000284e+01 8.286666666666666003e+01 8.296666666666666856e+01 8.286666666666667425e+01 7.988333333333332575e+01 8.247499999999999432e+01 1.032443146254955257e+00
7.966666666666667140e+01 8.020000000000000284e+01 8.039999999999999147e+01 7.956666666666666288e+01 7.936666666666667425e+01 8.120000000000000284e+01 8.286666666666666003e+01 8.296666666666666856e+01 7.995833333333332860e+01 8.159999999999999432e+01 1.020531526836894187e+00
8.060000000000000853e+01 7.966666666666667140e+01 8.020000000000000284e+01 8.039999999999999147e+01 7.956666666666666288e+01 7.936666666666667425e+01 8.120000000000000284e+01 8.286666666666666003e+01 8.021666666666666856e+01 8.075000000000000000e+01 1.006648659879493035e+00
8.066666666666667140e+01 8.060000000000000853e+01 7.966666666666667140e+01 8.020000000000000284e+01 8.039999999999999147e+01 7.956666666666666288e+01 7.936666666666667425e+01 8.120000000000000284e+01 8.028333333333333144e+01 8.013333333333332575e+01 9.981316171891218003e-01
8.103333333333333144e+01 8.066666666666667140e+01 8.060000000000000853e+01 7.966666666666667140e+01 8.020000000000000284e+01 8.039999999999999147e+01 7.956666666666666288e+01 7.936666666666667425e+01 8.049166666666667425e+01 7.988333333333332575e+01 9.924422818097109467e-01
8.136666666666667425e+01 8.103333333333333144e+01 8.066666666666667140e+01 8.060000000000000853e+01 7.966666666666667140e+01 8.020000000000000284e+01 8.039999999999999147e+01 7.956666666666666288e+01 8.091666666666667140e+01 7.995833333333332860e+01 9.881565396498454001e-01
8.120000000000000284e+01 8.136666666666667425e+01 8.103333333333333144e+01 8.066666666666667140e+01 8.060000000000000853e+01 7.966666666666667140e+01 8.020000000000000284e+01 8.039999999999999147e+01 8.106666666666666288e+01 8.021666666666666856e+01 9.895148026315789824e-01
8.116666666666667140e+01 8.120000000000000284e+01 8.136666666666667425e+01 8.103333333333333144e+01 8.066666666666667140e+01 8.060000000000000853e+01 7.966666666666667140e+01 8.020000000000000284e+01 8.119166666666666288e+01 8.028333333333333144e+01 9.888124807554141693e-01
8.203333333333334565e+01 8.116666666666667140e+01 8.120000000000000284e+01 8.136666666666667425e+01 8.103333333333333144e+01 8.066666666666667140e+01 8.060000000000000853e+01 7.966666666666667140e+01 8.144166666666667709e+01 8.049166666666667425e+01 9.883352092499744224e-01
8.250000000000001421e+01 8.203333333333334565e+01 8.116666666666667140e+01 8.120000000000000284e+01 8.136666666666667425e+01 8.103333333333333144e+01 8.066666666666667140e+01 8.060000000000000853e+01 8.172500000000000853e+01 8.091666666666667140e+01 9.901091057407973572e-01
8.333333333333332860e+01 8.250000000000001421e+01 8.203333333333334565e+01 8.116666666666667140e+01 8.120000000000000284e+01 8.136666666666667425e+01 8.103333333333333144e+01 8.066666666666667140e+01 8.225833333333333997e+01 8.106666666666666288e+01 9.855131192381723082e-01
8.360000000000000853e+01 8.333333333333332860e+01 8.250000000000001421e+01 8.203333333333334565e+01 8.116666666666667140e+01 8.120000000000000284e+01 8.136666666666667425e+01 8.103333333333333144e+01 8.286666666666667425e+01 8.119166666666666288e+01 9.797868061142396279e-01
8.453333333333334565e+01 8.360000000000000853e+01 8.333333333333332860e+01 8.250000000000001421e+01 8.203333333333334565e+01 8.116666666666667140e+01 8.120000000000000284e+01 8.136666666666667425e+01 8.349166666666667425e+01 8.144166666666667709e+01 9.754466513624114876e-01
8.456666666666666288e+01 8.453333333333334565e+01 8.360000000000000853e+01 8.333333333333332860e+01 8.250000000000001421e+01 8.203333333333334565e+01 8.116666666666667140e+01 8.120000000000000284e+01 8.400833333333333997e+01 8.172500000000000853e+01 9.728201567304831654e-01
8.393333333333333712e+01 8.456666666666666288e+01 8.453333333333334565e+01 8.360000000000000853e+01 8.333333333333332860e+01 8.250000000000001421e+01 8.203333333333334565e+01 8.116666666666667140e+01 8.415833333333334565e+01 8.225833333333333997e+01 9.774235072779482447e-01
8.376666666666666572e+01 8.393333333333333712e+01 8.456666666666666288e+01 8.453333333333334565e+01 8.360000000000000853e+01 8.333333333333332860e+01 8.250000000000001421e+01 8.203333333333334565e+01 8.420000000000000284e+01 8.286666666666667425e+01 9.841646872525733336e-01
8.346666666666666856e+01 8.376666666666666572e+01 8.393333333333333712e+01 8.456666666666666288e+01 8.453333333333334565e+01 8.360000000000000853e+01 8.333333333333332860e+01 8.250000000000001421e+01 8.393333333333333712e+01 8.349166666666667425e+01 9.947378872120731241e-01
8.293333333333333712e+01 8.346666666666666856e+01 8.376666666666666572e+01 8.393333333333333712e+01 8.456666666666666288e+01 8.453333333333334565e+01 8.360000000000000853e+01 8.333333333333332860e+01 8.352500000000000568e+01 8.400833333333333997e+01 1.005786690611593315e+00
8.353333333333334565e+01 8.293333333333333712e+01 8.346666666666666856e+01 8.376666666666666572e+01 8.393333333333333712e+01 8.456666666666666288e+01 8.453333333333334565e+01 8.360000000000000853e+01 8.342500000000001137e+01 8.415833333333334565e+01 1.008790330636299970e+00
8.343333333333332291e+01 8.353333333333334565e+01 8.293333333333333712e+01 8.346666666666666856e+01 8.376666666666666572e+01 8.393333333333333712e+01 8.456666666666666288e+01 8.453333333333334565e+01 8.334166666666666856e+01 8.420000000000000284e+01 1.010298970102989635e+00
8.339999999999999147e+01 8.343333333333332291e+01 8.353333333333334565e+01 8.293333333333333712e+01 8.346666666666666856e+01 8.376666666666666572e+01 8.393333333333333712e+01 8.456666666666666288e+01 8.332500000000000284e+01 8.393333333333333712e+01 1.007300730073007244e+00
8.373333333333333428e+01 8.339999999999999147e+01 8.343333333333332291e+01 8.353333333333334565e+01 8.293333333333333712e+01 8.346666666666666856e+01 8.376666666666666572e+01 8.393333333333333712e+01 8.352500000000000568e+01 8.352500000000000568e+01 1.000000000000000000e+00
8.363333333333333997e+01 8.373333333333333428e+01 8.339999999999999147e+01 8.343333333333332291e+01 8.353333333333334565e+01 8.293333333333333712e+01 8.346666666666666856e+01 8.376666666666666572e+01 8.354999999999999716e+01 8.342500000000001137e+01 9.985038898862957923e-01
8.413333333333333997e+01 8.363333333333333997e+01 8.373333333333333428e+01 8.339999999999999147e+01 8.343333333333332291e+01 8.353333333333334565e+01 8.293333333333333712e+01 8.346666666666666856e+01 8.372499999999999432e+01 8.334166666666666856e+01 9.954215188613517729e-01
8.463333333333332575e+01 8.413333333333333997e+01 8.363333333333333997e+01 8.373333333333333428e+01 8.339999999999999147e+01 8.343333333333332291e+01 8.353333333333334565e+01 8.293333333333333712e+01 8.403333333333333144e+01 8.332500000000000284e+01 9.915708052360174829e-01
8.393333333333333712e+01 8.463333333333332575e+01 8.413333333333333997e+01 8.363333333333333997e+01 8.373333333333333428e+01 8.339999999999999147e+01 8.343333333333332291e+01 8.353333333333334565e+01 8.408333333333332860e+01 8.352500000000000568e+01 9.933597621407335154e-01
8.286666666666667425e+01 8.393333333333333712e+01 8.463333333333332575e+01 8.413333333333333997e+01 8.363333333333333997e+01 8.373333333333333428e+01 8.339999999999999147e+01 8.343333333333332291e+01 8.389166666666666572e+01 8.354999999999999716e+01 9.959272871759212720e-01
8.206666666666667709e+01 8.286666666666667425e+01 8.393333333333333712e+01 8.463333333333332575e+01 8.413333333333333997e+01 8.363333333333333997e+01 8.373333333333333428e+01 8.339999999999999147e+01 8.337500000000000000e+01 8.372499999999999432e+01 1.004197901049475261e+00
8.200000000000000000e+01 8.206666666666667709e+01 8.286666666666667425e+01 8.393333333333333712e+01 8.463333333333332575e+01 8.413333333333333997e+01 8.363333333333333997e+01 8.373333333333333428e+01 8.271666666666666856e+01 8.403333333333333144e+01 1.015917791658271119e+00
8.179999999999999716e+01 8.200000000000000000e+01 8.206666666666667709e+01 8.286666666666667425e+01 8.393333333333333712e+01 8.463333333333332575e+01 8.413333333333333997e+01 8.363333333333333997e+01 8.218333333333333712e+01 8.408333333333332860e+01 1.023119042790509026e+00
8.159999999999999432e+01 8.179999999999999716e+01 8.200000000000000000e+01 8.206666666666667709e+01 8.286666666666667425e+01 8.393333333333333712e+01 8.463333333333332575e+01 8.413333333333333997e+01 8.186666666666666003e+01 8.389166666666666572e+01 1.024735342019543971e+00
8.143333333333333712e+01 8.159999999999999432e+01 8.179999999999999716e+01 8.200000000000000000e+01 8.206666666666667709e+01 8.286666666666667425e+01 8.393333333333333712e+01 8.463333333333332575e+01 8.170833333333332860e+01 8.337500000000000000e+01 1.020397756246812948e+00
8.196666666666665435e+01 8.143333333333333712e+01 8.159999999999999432e+01 8.179999999999999716e+01 8.200000000000000000e+01 8.206666666666667709e+01 8.286666666666667425e+01 8.393333333333333712e+01 8.169999999999998863e+01 8.271666666666666856e+01 1.012443900448796619e+00
8.196666666666666856e+01 8.196666666666665435e+01 8.143333333333333712e+01 8.159999999999999432e+01 8.179999999999999716e+01 8.200000000000000000e+01 8.206666666666667709e+01 8.286666666666667425e+01 8.174166666666667425e+01 8.218333333333333712e+01 1.005403201141808589e+00
8.216666666666667140e+01 8.196666666666666856e+01 8.196666666666665435e+01 8.143333333333333712e+01 8.159999999999999432e+01 8.179999999999999716e+01 8.200000000000000000e+01 8.206666666666667709e+01 8.188333333333332575e+01 8.186666666666666003e+01 9.997964583757378287e-01
8.126666666666666572e+01 8.216666666666667140e+01 8.196666666666666856e+01 8.196666666666665435e+01 8.143333333333333712e+01 8.159999999999999432e+01 8.179999999999999716e+01 8.200000000000000000e+01 8.184166666666666856e+01 8.170833333333332860e+01 9.983708380002035421e-01
8.029999999999999716e+01 8.126666666666666572e+01 8.216666666666667140e+01 8.196666666666666856e+01 8.196666666666665435e+01 8.143333333333333712e+01 8.159999999999999432e+01 8.179999999999999716e+01 8.142500000000001137e+01 8.169999999999998863e+01 1.003377341111451937e+00
7.850000000000000000e+01 8.029999999999999716e+01 8.126666666666666572e+01 8.216666666666667140e+01 8.196666666666666856e+01 8.196666666666665435e+01 8.143333333333333712e+01 8.159999999999999432e+01 8.055833333333333712e+01 8.174166666666667425e+01 1.014689148650046668e+00
7.686666666666666003e+01 7.850000000000000000e+01 8.029999999999999716e+01 8.126666666666666572e+01 8.216666666666667140e+01 8.196666666666666856e+01 8.196666666666665435e+01 8.143333333333333712e+01 7.923333333333333428e+01 8.188333333333332575e+01 1.033445519562473658e+00
7.516666666666667140e+01 7.686666666666666003e+01 7.850000000000000000e+01 8.029999999999999716e+01 8.126666666666666572e+01 8.216666666666667140e+01 8.196666666666666856e+01 8.196666666666665435e+01 7.770833333333332860e+01 8.184166666666666856e+01 1.053190348525469222e+00
7.393333333333333712e+01 7.516666666666667140e+01 7.686666666666666003e+01 7.850000000000000000e+01 8.029999999999999716e+01 8.126666666666666572e+01 8.216666666666667140e+01 8.196666666666666856e+01 7.611666666666667425e+01 8.142500000000001137e+01 1.069739435077731615e+00
7.410000000000000853e+01 7.393333333333333712e+01 7.516666666666667140e+01 7.686666666666666003e+01 7.850000000000000000e+01 8.029999999999999716e+01 8.126666666666666572e+01 8.216666666666667140e+01 7.501666666666667993e+01 8.055833333333333712e+01 1.073872472783825582e+00
7.503333333333333144e+01 7.410000000000000853e+01 7.393333333333333712e+01 7.516666666666667140e+01 7.686666666666666003e+01 7.850000000000000000e+01 8.029999999999999716e+01 8.126666666666666572e+01 7.455833333333333712e+01 7.923333333333333428e+01 1.062702581871018070e+00
7.543333333333333712e+01 7.503333333333333144e+01 7.410000000000000853e+01 7.393333333333333712e+01 7.516666666666667140e+01 7.686666666666666003e+01 7.850000000000000000e+01 8.029999999999999716e+01 7.462500000000000000e+01 7.770833333333332860e+01 1.041317699609156877e+00
7.539999999999999147e+01 7.543333333333333712e+01 7.503333333333333144e+01 7.410000000000000853e+01 7.393333333333333712e+01 7.516666666666667140e+01 7.686666666666666003e+01 7.850000000000000000e+01 7.499166666666666003e+01 7.611666666666667425e+01 1.015001666851872653e+00
7.590000000000000568e+01 7.539999999999999147e+01 7.543333333333333712e+01 7.503333333333333144e+01 7.410000000000000853e+01 7.393333333333333712e+01 7.516666666666667140e+01 7.686666666666666003e+01 7.544166666666666288e+01 7.501666666666667993e+01 9.943665083397771332e-01
7.539999999999999147e+01 7.590000000000000568e+01 7.539999999999999147e+01 7.543333333333333712e+01 7.503333333333333144e+01 7.410000000000000853e+01 7.393333333333333712e+01 7.516666666666667140e+01 7.553333333333333144e+01 7.455833333333333712e+01 9.870917917034423006e-01
7.589999999999999147e+01 7.539999999999999147e+01 7.590000000000000568e+01 7.539999999999999147e+01 7.543333333333333712e+01 7.503333333333333144e+01 7.410000000000000853e+01 7.393333333333333712e+01 7.564999999999999147e+01 7.462500000000000000e+01 9.864507600793127606e-01
7.670000000000000284e+01 7.589999999999999147e+01 7.539999999999999147e+01 7.590000000000000568e+01 7.539999999999999147e+01 7.543333333333333712e+01 7.503333333333333144e+01 7.410000000000000853e+01 7.597499999999999432e+01 7.499166666666666003e+01 9.870571459910058021e-01
7.726666666666666572e+01 7.670000000000000284e+01 7.589999999999999147e+01 7.539999999999999147e+01 7.590000000000000568e+01 7.539999999999999147e+01 7.543333333333333712e+01 7.503333333333333144e+01 7.631666666666666288e+01 7.544166666666666288e+01 9.885346145446604060e-01
7.773333333333333428e+01 7.726666666666666572e+01 7.670000000000000284e+01 7.589999999999999147e+01 7.539999999999999147e+01 7.590000000000000568e+01 7.539999999999999147e+01 7.543333333333333712e+01 7.689999999999999147e+01 7.553333333333333144e+01 9.822280017338536062e-01
7.816666666666667140e+01 7.773333333333333428e+01 7.726666666666666572e+01 7.670000000000000284e+01 7.589999999999999147e+01 7.539999999999999147e+01 7.590000000000000568e+01 7.539999999999999147e+01 7.746666666666666856e+01 7.564999999999999147e+01 9.765490533562821707e-01
7.923333333333333428e+01 7.816666666666667140e+01 7.773333333333333428e+01 7.726666666666666572e+01 7.670000000000000284e+01 7.589999999999999147e+01 7.539999999999999147e+01 7.590000000000000568e+01 7.809999999999999432e+01 7.597499999999999432e+01 9.727912932138284008e-01
8.016666666666667140e+01 7.923333333333333428e+01 7.816666666666667140e+01 7.773333333333333428e+01 7.726666666666666572e+01 7.670000000000000284e+01 7.589999999999999147e+01 7.539999999999999147e+01 7.882500000000000284e+01 7.631666666666666288e+01 9.681784543820699529e-01
8.026666666666666572e+01 8.016666666666667140e+01 7.923333333333333428e+01 7.816666666666667140e+01 7.773333333333333428e+01 7.726666666666666572e+01 7.670000000000000284e+01 7.589999999999999147e+01 7.945833333333334281e+01 7.689999999999999147e+01 9.678028316727842473e-01
7.956666666666666288e+01 8.026666666666666572e+01 8.016666666666667140e+01 7.923333333333333428e+01 7.816666666666667140e+01 7.773333333333333428e+01 7.726666666666666572e+01 7.670000000000000284e+01 7.980833333333333712e+01 7.746666666666666856e+01 9.706588702098778443e-01
8.000000000000000000e+01 7.956666666666666288e+01 8.026666666666666572e+01 8.016666666666667140e+01 7.923333333333333428e+01 7.816666666666667140e+01 7.773333333333333428e+01 7.726666666666666572e+01 8.000000000000000000e+01 7.809999999999999432e+01 9.762499999999999512e-01
8.043333333333333712e+01 8.000000000000000000e+01 7.956666666666666288e+01 8.026666666666666572e+01 8.016666666666667140e+01 7.923333333333333428e+01 7.816666666666667140e+01 7.773333333333333428e+01 8.006666666666666288e+01 7.882500000000000284e+01 9.844920899250625412e-01
8.056666666666667709e+01 8.043333333333333712e+01 8.000000000000000000e+01 7.956666666666666288e+01 8.026666666666666572e+01 8.016666666666667140e+01 7.923333333333333428e+01 7.816666666666667140e+01 8.014166666666666572e+01 7.945833333333334281e+01 9.914734324633462936e-01
8.043333333333333712e+01 8.056666666666667709e+01 8.043333333333333712e+01 8.000000000000000000e+01 7.956666666666666288e+01 8.026666666666666572e+01 8.016666666666667140e+01 7.923333333333333428e+01 8.035833333333333428e+01 7.980833333333333712e+01 9.931556569532303813e-01
8.013333333333332575e+01 8.043333333333333712e+01 8.056666666666667709e+01 8.043333333333333712e+01 8.000000000000000000e+01 7.956666666666666288e+01 8.026666666666666572e+01 8.016666666666667140e+01 8.039166666666666572e+01 8.000000000000000000e+01 9.951280190732870734e-01
8.033333333333332860e+01 8.013333333333332575e+01 8.043333333333333712e+01 8.056666666666667709e+01 8.043333333333333712e+01 8.000000000000000000e+01 7.956666666666666288e+01 8.026666666666666572e+01 8.036666666666666003e+01 8.006666666666666288e+01 9.962671090833679077e-01
8.083333333333332860e+01 8.033333333333332860e+01 8.013333333333332575e+01 8.043333333333333712e+01 8.056666666666667709e+01 8.043333333333333712e+01 8.000000000000000000e+01 7.956666666666666288e+01 8.043333333333333712e+01 8.014166666666666572e+01 9.963738085370906772e-01
8.073333333333333428e+01 8.083333333333332860e+01 8.033333333333332860e+01 8.013333333333332575e+01 8.043333333333333712e+01 8.056666666666667709e+01 8.043333333333333712e+01 8.000000000000000000e+01 8.050833333333332575e+01 8.035833333333333428e+01 9.981368388365594591e-01
8.079999999999999716e+01 8.073333333333333428e+01 8.083333333333332860e+01 8.033333333333332860e+01 8.013333333333332575e+01 8.043333333333333712e+01 8.056666666666667709e+01 8.043333333333333712e+01 8.067499999999999716e+01 8.039166666666666572e+01 9.964879661192025395e-01
8.059999999999999432e+01 8.079999999999999716e+01 8.073333333333333428e+01 8.083333333333332860e+01 8.033333333333332860e+01 8.013333333333332575e+01 8.043333333333333712e+01 8.056666666666667709e+01 8.074166666666666003e+01 8.036666666666666003e+01 9.953555578491072309e-01
7.960000000000000853e+01 8.059999999999999432e+01 8.079999999999999716e+01 8.073333333333333428e+01 8.083333333333332860e+01 8.033333333333332860e+01 8.013333333333332575e+01 8.043333333333333712e+01 8.043333333333333712e+01 8.043333333333333712e+01 1.000000000000000000e+00
7.706666666666667709e+01 7.960000000000000853e+01 8.059999999999999432e+01 8.079999999999999716e+01 8.073333333333333428e+01 8.083333333333332860e+01 8.033333333333332860e+01 8.013333333333332575e+01 7.951666666666666572e+01 8.050833333333332575e+01 1.012471180046111918e+00
7.363333333333332575e+01 7.706666666666667709e+01 7.960000000000000853e+01 8.059999999999999432e+01 8.079999999999999716e+01 8.073333333333333428e+01 8.083333333333332860e+01 8.033333333333332860e+01 7.772499999999999432e+01 8.067499999999999716e+01 1.037954326149887363e+00
6.929999999999999716e+01 7.363333333333332575e+01 7.706666666666667709e+01 7.960000000000000853e+01 8.059999999999999432e+01 8.079999999999999716e+01 8.073333333333333428e+01 8.083333333333332860e+01 7.490000000000000568e+01 8.074166666666666003e+01 1.077992879394748416e+00
6.713333333333332575e+01 6.929999999999999716e+01 7.363333333333332575e+01 7.706666666666667709e+01 7.960000000000000853e+01 8.059999999999999432e+01 8.079999999999999716e+01 8.073333333333333428e+01 7.178333333333333144e+01 8.043333333333333712e+01 1.120501509171116794e+00
6.813333333333333997e+01 6.713333333333332575e+01 6.929999999999999716e+01 7.363333333333332575e+01 7.706666666666667709e+01 7.960000000000000853e+01 8.059999999999999432e+01 8.079999999999999716e+01 6.954999999999999716e+01 7.951666666666666572e+01 1.143302180685358271e+00
6.946666666666665435e+01 6.813333333333333997e+01 6.713333333333332575e+01 6.929999999999999716e+01 7.363333333333332575e+01 7.706666666666667709e+01 7.960000000000000853e+01 8.059999999999999432e+01 6.850833333333332575e+01 7.772499999999999432e+01 1.134533511738231359e+00
7.126666666666666572e+01 6.946666666666665435e+01 6.813333333333333997e+01 6.713333333333332575e+01 6.929999999999999716e+01 7.363333333333332575e+01 7.706666666666667709e+01 7.960000000000000853e+01 6.900000000000000000e+01 7.490000000000000568e+01 1.085507246376811619e+00
7.320000000000000284e+01 7.126666666666666572e+01 6.946666666666665435e+01 6.813333333333333997e+01 6.713333333333332575e+01 6.929999999999999716e+01 7.363333333333332575e+01 7.706666666666667709e+01 7.051666666666666572e+01 7.178333333333333144e+01 1.017962656582368286e+00
7.466666666666667140e+01 7.320000000000000284e+01 7.126666666666666572e+01 6.946666666666665435e+01 6.813333333333333997e+01 6.713333333333332575e+01 6.929999999999999716e+01 7.363333333333332575e+01 7.214999999999999147e+01 6.954999999999999716e+01 9.639639639639639990e-01
7.520000000000000284e+01 7.466666666666667140e+01 7.320000000000000284e+01 7.126666666666666572e+01 6.946666666666665435e+01 6.813333333333333997e+01 6.713333333333332575e+01 6.929999999999999716e+01 7.358333333333332860e+01 6.850833333333332575e+01 9.310305775764439185e-01
7.573333333333333428e+01 7.520000000000000284e+01 7.466666666666667140e+01 7.320000000000000284e+01 7.126666666666666572e+01 6.946666666666665435e+01 6.813333333333333997e+01 6.713333333333332575e+01 7.470000000000000284e+01 6.900000000000000000e+01 9.236947791164658028e-01
7.593333333333332291e+01 7.573333333333333428e+01 7.520000000000000284e+01 7.466666666666667140e+01 7.320000000000000284e+01 7.126666666666666572e+01 6.946666666666665435e+01 6.813333333333333997e+01 7.538333333333333997e+01 7.051666666666666572e+01 9.354410789299136830e-01
7.650000000000000000e+01 7.593333333333332291e+01 7.573333333333333428e+01 7.520000000000000284e+01 7.466666666666667140e+01 7.320000000000000284e+01 7.126666666666666572e+01 6.946666666666665435e+01 7.584166666666666856e+01 7.214999999999999147e+01 9.513240303263376108e-01
7.693333333333333712e+01 7.650000000000000000e+01 7.593333333333332291e+01 7.573333333333333428e+01 7.520000000000000284e+01 7.466666666666667140e+01 7.320000000000000284e+01 7.126666666666666572e+01 7.627500000000000568e+01 7.358333333333332860e+01 9.647110237080737116e-01
7.726666666666666572e+01 7.693333333333333712e+01 7.650000000000000000e+01 7.593333333333332291e+01 7.573333333333333428e+01 7.520000000000000284e+01 7.466666666666667140e+01 7.320000000000000284e+01 7.665833333333333144e+01 7.470000000000000284e+01 9.744537449722796563e-01
7.736666666666667425e+01 7.726666666666666572e+01 7.693333333333333712e+01 7.650000000000000000e+01 7.593333333333332291e+01 7.573333333333333428e+01 7.520000000000000284e+01 7.466666666666667140e+01 7.701666666666666572e+01 7.538333333333333997e+01 9.787924691625190521e-01
7.700000000000000000e+01 7.736666666666667425e+01 7.726666666666666572e+01 7.693333333333333712e+01 7.650000000000000000e+01 7.593333333333332291e+01 7.573333333333333428e+01 7.520000000000000284e+01 7.714166666666666572e+01 7.584166666666666856e+01 9.831478880846926671e-01
7.706666666666666288e+01 7.700000000000000000e+01 7.736666666666667425e+01 7.726666666666666572e+01 7.693333333333333712e+01 7.650000000000000000e+01 7.593333333333332291e+01 7.573333333333333428e+01 7.717499999999999716e+01 7.627500000000000568e+01 9.883381924198252344e-01
7.726666666666666572e+01 7.706666666666666288e+01 7.700000000000000000e+01 7.736666666666667425e+01 7.726666666666666572e+01 7.693333333333333712e+01 7.650000000000000000e+01 7.593333333333332291e+01 7.717499999999999716e+01 7.665833333333333144e+01 9.933052586113810811e-01
7.723333333333333428e+01 7.726666666666666572e+01 7.706666666666666288e+01 7.700000000000000000e+01 7.736666666666667425e+01 7.726666666666666572e+01 7.693333333333333712e+01 7.650000000000000000e+01 7.714166666666666572e+01 7.701666666666666572e+01 9.983796046235281496e-01
7.720000000000000284e+01 7.723333333333333428e+01 7.726666666666666572e+01 7.706666666666666288e+01 7.700000000000000000e+01 7.736666666666667425e+01 7.726666666666666572e+01 7.693333333333333712e+01 7.719166666666666288e+01 7.714166666666666572e+01 9.993522616862787755e-01
7.760000000000000853e+01 7.720000000000000284e+01 7.723333333333333428e+01 7.726666666666666572e+01 7.706666666666666288e+01 7.700000000000000000e+01 7.736666666666667425e+01 7.726666666666666572e+01 7.732500000000000284e+01 7.717499999999999716e+01 9.980601357904945736e-01
7.796666666666666856e+01 7.760000000000000853e+01 7.720000000000000284e+01 7.723333333333333428e+01 7.726666666666666572e+01 7.706666666666666288e+01 7.700000000000000000e+01 7.736666666666667425e+01 7.750000000000000000e+01 7.717499999999999716e+01 9.958064516129031540e-01
7.883333333333332860e+01 7.796666666666666856e+01 7.760000000000000853e+01 7.720000000000000284e+01 7.723333333333333428e+01 7.726666666666666572e+01 7.706666666666666288e+01 7.700000000000000000e+01 7.790000000000000568e+01 7.714166666666666572e+01 9.902652973898159461e-01
7.880000000000001137e+01 7.883333333333332860e+01 7.796666666666666856e+01 7.760000000000000853e+01 7.720000000000000284e+01 7.723333333333333428e+01 7.726666666666666572e+01 7.706666666666666288e+01 7.829999999999999716e+01 7.719166666666666288e+01 9.858450404427415714e-01
7.889999999999999147e+01 7.880000000000001137e+01 7.883333333333332860e+01 7.796666666666666856e+01 7.760000000000000853e+01 7.720000000000000284e+01 7.723333333333333428e+01 7.726666666666666572e+01 7.862500000000000000e+01 7.732500000000000284e+01 9.834658187599364387e-01
7.783333333333332860e+01 7.889999999999999147e+01 7.880000000000001137e+01 7.883333333333332860e+01 7.796666666666666856e+01 7.760000000000000853e+01 7.720000000000000284e+01 7.723333333333333428e+01 7.859166666666666856e+01 7.750000000000000000e+01 9.861096384264659287e-01
7.679999999999999716e+01 7.783333333333332860e+01 7.889999999999999147e+01 7.880000000000001137e+01 7.883333333333332860e+01 7.796666666666666856e+01 7.760000000000000853e+01 7.720000000000000284e+01 7.808333333333332860e+01 7.790000000000000568e+01 9.976520811099254260e-01
7.670000000000000284e+01 7.679999999999999716e+01 7.783333333333332860e+01 7.889999999999999147e+01 7.880000000000001137e+01 7.883333333333332860e+01 7.796666666666666856e+01 7.760000000000000853e+01 7.755833333333332291e+01 7.829999999999999716e+01 1.009562694745890221e+00
7.600000000000000000e+01 7.670000000000000284e+01 7.679999999999999716e+01 7.783333333333332860e+01 7.889999999999999147e+01 7.880000000000001137e+01 7.883333333333332860e+01 7.796666666666666856e+01 7.683333333333332860e+01 7.862500000000000000e+01 1.023318872017353609e+00
7.579999999999999716e+01 7.600000000000000000e+01 7.670000000000000284e+01 7.679999999999999716e+01 7.783333333333332860e+01 7.889999999999999147e+01 7.880000000000001137e+01 7.883333333333332860e+01 7.632500000000000284e+01 7.859166666666666856e+01 1.029697565236379564e+00
7.566666666666667140e+01 7.579999999999999716e+01 7.600000000000000000e+01 7.670000000000000284e+01 7.679999999999999716e+01 7.783333333333332860e+01 7.889999999999999147e+01 7.880000000000001137e+01 7.604166666666667140e+01 7.808333333333332860e+01 1.026849315068492974e+00
7.576666666666666572e+01 7.566666666666667140e+01 7.579999999999999716e+01 7.600000000000000000e+01 7.670000000000000284e+01 7.679999999999999716e+01 7.783333333333332860e+01 7.889999999999999147e+01 7.580833333333333712e+01 7.755833333333332291e+01 1.023084533362646820e+00
7.573333333333333428e+01 7.576666666666666572e+01 7.566666666666667140e+01 7.579999999999999716e+01 7.600000000000000000e+01 7.670000000000000284e+01 7.679999999999999716e+01 7.783333333333332860e+01 7.574166666666667425e+01 7.683333333333332860e+01 1.014413026735614398e+00
7.579999999999999716e+01 7.573333333333333428e+01 7.576666666666666572e+01 7.566666666666667140e+01 7.579999999999999716e+01 7.600000000000000000e+01 7.670000000000000284e+01 7.679999999999999716e+01 7.574166666666667425e+01 7.632500000000000284e+01 1.007701617339641365e+00
7.659999999999999432e+01 7.579999999999999716e+01 7.573333333333333428e+01 7.576666666666666572e+01 7.566666666666667140e+01 7.579999999999999716e+01 7.600000000000000000e+01 7.670000000000000284e+01 7.597499999999999432e+01 7.604166666666667140e+01 1.000877481627728605e+00
7.633333333333332860e+01 7.659999999999999432e+01 7.579999999999999716e+01 7.573333333333333428e+01 7.576666666666666572e+01 7.566666666666667140e+01 7.579999999999999716e+01 7.600000000000000000e+01 7.611666666666667425e+01 7.580833333333333712e+01 9.959492007882635445e-01
