4.586300323624595330e+04 4.576439215686274838e+04 4.567051815181518032e+04 4.557805333333332965e+04 4.548914141414141341e+04 4.540190816326530330e+04 4.532064604810997116e+04 4.523779513888889778e+04 4.555566855447681155e+04 4.493778338727076334e+04 9.865320017581603596e-01
3.435766666666666424e+04 4.576439215686274838e+04 4.567051815181518032e+04 4.557805333333332965e+04 4.548914141414141341e+04 4.540190816326530330e+04 4.532064604810997116e+04 4.523779513888889778e+04 3.435766666666666424e+04 3.435766666666666424e+04 1.000000000000000000e+00
3.459466666666666424e+04 3.435766666666666424e+04 4.567051815181518032e+04 4.557805333333332965e+04 4.548914141414141341e+04 4.540190816326530330e+04 4.532064604810997116e+04 4.523779513888889778e+04 3.447616666666666424e+04 3.447616666666666424e+04 1.000000000000000000e+00
3.462300000000000000e+04 3.459466666666666424e+04 3.435766666666666424e+04 4.557805333333332965e+04 4.548914141414141341e+04 4.540190816326530330e+04 4.532064604810997116e+04 4.523779513888889778e+04 3.452511111111110222e+04 3.452511111111110222e+04 1.000000000000000000e+00
3.458033333333333576e+04 3.462300000000000000e+04 3.459466666666666424e+04 3.435766666666666424e+04 4.548914141414141341e+04 4.540190816326530330e+04 4.532064604810997116e+04 4.523779513888889778e+04 3.453891666666666424e+04 3.453891666666666424e+04 1.000000000000000000e+00
3.471033333333333576e+04 3.458033333333333576e+04 3.462300000000000000e+04 3.459466666666666424e+04 3.435766666666666424e+04 4.540190816326530330e+04 4.532064604810997116e+04 4.523779513888889778e+04 3.462708333333333576e+04 3.449237500000000000e+04 9.961097406894890982e-01
3.560933333333333576e+04 3.471033333333333576e+04 3.458033333333333576e+04 3.462300000000000000e+04 3.459466666666666424e+04 3.435766666666666424e+04 4.532064604810997116e+04 4.523779513888889778e+04 3.488075000000000000e+04 3.461102777777777374e+04 9.922673043950538396e-01
3.585400000000000000e+04 3.560933333333333576e+04 3.471033333333333576e+04 3.458033333333333576e+04 3.462300000000000000e+04 3.459466666666666424e+04 3.435766666666666424e+04 4.523779513888889778e+04 3.518850000000000728e+04 3.469095833333332848e+04 9.858606741785902461e-01
3.633233333333333576e+04 3.585400000000000000e+04 3.560933333333333576e+04 3.471033333333333576e+04 3.458033333333333576e+04 3.462300000000000000e+04 3.459466666666666424e+04 3.435766666666666424e+04 3.562650000000000728e+04 3.475643333333333430e+04 9.755781043137363717e-01
3.721500000000000000e+04 3.633233333333333576e+04 3.585400000000000000e+04 3.560933333333333576e+04 3.471033333333333576e+04 3.458033333333333576e+04 3.462300000000000000e+04 3.459466666666666424e+04 3.625266666666667152e+04 3.495219999999999709e+04 9.641276963533714772e-01
3.723833333333333576e+04 3.721500000000000000e+04 3.633233333333333576e+04 3.585400000000000000e+04 3.560933333333333576e+04 3.471033333333333576e+04 3.458033333333333576e+04 3.462300000000000000e+04 3.665991666666667152e+04 3.523658333333333576e+04 9.611746707916684063e-01
3.761433333333333576e+04 3.723833333333333576e+04 3.721500000000000000e+04 3.633233333333333576e+04 3.585400000000000000e+04 3.560933333333333576e+04 3.471033333333333576e+04 3.458033333333333576e+04 3.710000000000000000e+04 3.557080000000000291e+04 9.587816711590296803e-01
3.793666666666666424e+04 3.761433333333333576e+04 3.723833333333333576e+04 3.721500000000000000e+04 3.633233333333333576e+04 3.585400000000000000e+04 3.560933333333333576e+04 3.471033333333333576e+04 3.750108333333333576e+04 3.600141666666667152e+04 9.600100441542800400e-01
3.841466666666666424e+04 3.793666666666666424e+04 3.761433333333333576e+04 3.723833333333333576e+04 3.721500000000000000e+04 3.633233333333333576e+04 3.585400000000000000e+04 3.560933333333333576e+04 3.780100000000000000e+04 3.656233333333333576e+04 9.672319074451294352e-01
3.915633333333333576e+04 3.841466666666666424e+04 3.793666666666666424e+04 3.761433333333333576e+04 3.723833333333333576e+04 3.721500000000000000e+04 3.633233333333333576e+04 3.585400000000000000e+04 3.828050000000000000e+04 3.698403333333334012e+04 9.661324521187899528e-01
3.969866666666666424e+04 3.915633333333333576e+04 3.841466666666666424e+04 3.793666666666666424e+04 3.761433333333333576e+04 3.723833333333333576e+04 3.721500000000000000e+04 3.633233333333333576e+04 3.880158333333332848e+04 3.744031666666666570e+04 9.649172392020085587e-01
4.015966666666666424e+04 3.969866666666666424e+04 3.915633333333333576e+04 3.841466666666666424e+04 3.793666666666666424e+04 3.761433333333333576e+04 3.723833333333333576e+04 3.721500000000000000e+04 3.935733333333332848e+04 3.787233333333333576e+04 9.622687851480454801e-01
4.025866666666666424e+04 4.015966666666666424e+04 3.969866666666666424e+04 3.915633333333333576e+04 3.841466666666666424e+04 3.793666666666666424e+04 3.761433333333333576e+04 3.723833333333333576e+04 3.981833333333333576e+04 3.820446666666666715e+04 9.594692562052655749e-01
4.007933333333333576e+04 4.025866666666666424e+04 4.015966666666666424e+04 3.969866666666666424e+04 3.915633333333333576e+04 3.841466666666666424e+04 3.793666666666666424e+04 3.761433333333333576e+04 4.004908333333332848e+04 3.863421666666665988e+04 9.646716841209431736e-01
4.051300000000000000e+04 4.007933333333333576e+04 4.025866666666666424e+04 4.015966666666666424e+04 3.969866666666666424e+04 3.915633333333333576e+04 3.841466666666666424e+04 3.793666666666666424e+04 4.025266666666666424e+04 3.909179999999999563e+04 9.711605028238293746e-01
4.102666666666666424e+04 4.051300000000000000e+04 4.007933333333333576e+04 4.025866666666666424e+04 4.015966666666666424e+04 3.969866666666666424e+04 3.915633333333333576e+04 3.841466666666666424e+04 4.046941666666666424e+04 3.957974999999999272e+04 9.780163209666558055e-01
4.104000000000000000e+04 4.102666666666666424e+04 4.051300000000000000e+04 4.007933333333333576e+04 4.025866666666666424e+04 4.015966666666666424e+04 3.969866666666666424e+04 3.915633333333333576e+04 4.066475000000000000e+04 3.998761666666666861e+04 9.833483955186412828e-01
4.104933333333333576e+04 4.104000000000000000e+04 4.102666666666666424e+04 4.051300000000000000e+04 4.007933333333333576e+04 4.025866666666666424e+04 4.015966666666666424e+04 3.969866666666666424e+04 4.090725000000000000e+04 4.022071666666665988e+04 9.832173188534223396e-01
4.130433333333333576e+04 4.104933333333333576e+04 4.104000000000000000e+04 4.102666666666666424e+04 4.051300000000000000e+04 4.007933333333333576e+04 4.025866666666666424e+04 4.015966666666666424e+04 4.110508333333333576e+04 4.042315000000000146e+04 9.834099999797267788e-01
4.189100000000000000e+04 4.130433333333333576e+04 4.104933333333333576e+04 4.104000000000000000e+04 4.102666666666666424e+04 4.051300000000000000e+04 4.007933333333333576e+04 4.025866666666666424e+04 4.132116666666667152e+04 4.063976666666666279e+04 9.835096621182846111e-01
4.200366666666666424e+04 4.189100000000000000e+04 4.130433333333333576e+04 4.104933333333333576e+04 4.104000000000000000e+04 4.102666666666666424e+04 4.051300000000000000e+04 4.007933333333333576e+04 4.156208333333333576e+04 4.084421666666666715e+04 9.827278468957081348e-01
4.236766666666666424e+04 4.200366666666666424e+04 4.189100000000000000e+04 4.130433333333333576e+04 4.104933333333333576e+04 4.104000000000000000e+04 4.102666666666666424e+04 4.051300000000000000e+04 4.189166666666666424e+04 4.110413333333333139e+04 9.812007161328824001e-01
4.253033333333333576e+04 4.236766666666666424e+04 4.200366666666666424e+04 4.189100000000000000e+04 4.130433333333333576e+04 4.104933333333333576e+04 4.104000000000000000e+04 4.102666666666666424e+04 4.219816666666666424e+04 4.132369999999999709e+04 9.792771407920565219e-01
4.277566666666666424e+04 4.253033333333333576e+04 4.236766666666666424e+04 4.200366666666666424e+04 4.189100000000000000e+04 4.130433333333333576e+04 4.104933333333333576e+04 4.104000000000000000e+04 4.241933333333332848e+04 4.154080000000000291e+04 9.792893177639128144e-01
4.285866666666666424e+04 4.277566666666666424e+04 4.253033333333333576e+04 4.236766666666666424e+04 4.200366666666666424e+04 4.189100000000000000e+04 4.130433333333333576e+04 4.104933333333333576e+04 4.263308333333332848e+04 4.177628333333334012e+04 9.799029314089021669e-01
4.308700000000000000e+04 4.285866666666666424e+04 4.277566666666666424e+04 4.253033333333333576e+04 4.236766666666666424e+04 4.200366666666666424e+04 4.189100000000000000e+04 4.130433333333333576e+04 4.281291666666666424e+04 4.207591666666666424e+04 9.827855689968953978e-01
4.372066666666666424e+04 4.308700000000000000e+04 4.285866666666666424e+04 4.277566666666666424e+04 4.253033333333333576e+04 4.236766666666666424e+04 4.200366666666666424e+04 4.189100000000000000e+04 4.311049999999999272e+04 4.238063333333333139e+04 9.830698631037296797e-01
4.450766666666666424e+04 4.372066666666666424e+04 4.308700000000000000e+04 4.285866666666666424e+04 4.277566666666666424e+04 4.253033333333333576e+04 4.236766666666666424e+04 4.200366666666666424e+04 4.354349999999999272e+04 4.264416666666666424e+04 9.793463241739105429e-01
4.555033333333333576e+04 4.450766666666666424e+04 4.372066666666666424e+04 4.308700000000000000e+04 4.285866666666666424e+04 4.277566666666666424e+04 4.253033333333333576e+04 4.236766666666666424e+04 4.421641666666666424e+04 4.294974999999999272e+04 9.713530231041637153e-01
4.584700000000000000e+04 4.555033333333333576e+04 4.450766666666666424e+04 4.372066666666666424e+04 4.308700000000000000e+04 4.285866666666666424e+04 4.277566666666666424e+04 4.253033333333333576e+04 4.490641666666666424e+04 4.323161666666666133e+04 9.627046617317123189e-01
4.636800000000000000e+04 4.584700000000000000e+04 4.555033333333333576e+04 4.450766666666666424e+04 4.372066666666666424e+04 4.308700000000000000e+04 4.285866666666666424e+04 4.277566666666666424e+04 4.556825000000000000e+04 4.360204999999999563e+04 9.568515358829886575e-01
4.693633333333333576e+04 4.636800000000000000e+04 4.584700000000000000e+04 4.555033333333333576e+04 4.450766666666666424e+04 4.372066666666666424e+04 4.308700000000000000e+04 4.285866666666666424e+04 4.617541666666667152e+04 4.406988333333332412e+04 9.544014221131370546e-01
4.721633333333333576e+04 4.693633333333333576e+04 4.636800000000000000e+04 4.584700000000000000e+04 4.555033333333333576e+04 4.450766666666666424e+04 4.372066666666666424e+04 4.308700000000000000e+04 4.659191666666667152e+04 4.469151666666666279e+04 9.592118089153517380e-01
4.695566666666666424e+04 4.721633333333333576e+04 4.693633333333333576e+04 4.636800000000000000e+04 4.584700000000000000e+04 4.555033333333333576e+04 4.450766666666666424e+04 4.372066666666666424e+04 4.686908333333333576e+04 4.529894999999999709e+04 9.664995937264969639e-01
4.634433333333333576e+04 4.695566666666666424e+04 4.721633333333333576e+04 4.693633333333333576e+04 4.636800000000000000e+04 4.584700000000000000e+04 4.555033333333333576e+04 4.450766666666666424e+04 4.686316666666667152e+04 4.582723333333333721e+04 9.778945084803630783e-01
4.515900000000000000e+04 4.634433333333333576e+04 4.695566666666666424e+04 4.721633333333333576e+04 4.693633333333333576e+04 4.636800000000000000e+04 4.584700000000000000e+04 4.555033333333333576e+04 4.641883333333333576e+04 4.622410000000000582e+04 9.958048636867938841e-01
4.444000000000000000e+04 4.515900000000000000e+04 4.634433333333333576e+04 4.695566666666666424e+04 4.721633333333333576e+04 4.693633333333333576e+04 4.636800000000000000e+04 4.584700000000000000e+04 4.572475000000000000e+04 4.641848333333333721e+04 1.015171943713925939e+00
4.440066666666666424e+04 4.444000000000000000e+04 4.515900000000000000e+04 4.634433333333333576e+04 4.695566666666666424e+04 4.721633333333333576e+04 4.693633333333333576e+04 4.636800000000000000e+04 4.508600000000000000e+04 4.651246666666666715e+04 1.031638794008487459e+00
4.454300000000000000e+04 4.440066666666666424e+04 4.444000000000000000e+04 4.515900000000000000e+04 4.634433333333333576e+04 4.695566666666666424e+04 4.721633333333333576e+04 4.693633333333333576e+04 4.463566666666666424e+04 4.641766666666667152e+04 1.039923230301627477e+00
4.495000000000000000e+04 4.454300000000000000e+04 4.440066666666666424e+04 4.444000000000000000e+04 4.515900000000000000e+04 4.634433333333333576e+04 4.695566666666666424e+04 4.721633333333333576e+04 4.458341666666666424e+04 4.605175000000000000e+04 1.032934517879405822e+00
4.569733333333333576e+04 4.495000000000000000e+04 4.454300000000000000e+04 4.440066666666666424e+04 4.444000000000000000e+04 4.515900000000000000e+04 4.634433333333333576e+04 4.695566666666666424e+04 4.489775000000000000e+04 4.555934999999999854e+04 1.014735705018625644e+00
4.576966666666666424e+04 4.569733333333333576e+04 4.495000000000000000e+04 4.454300000000000000e+04 4.440066666666666424e+04 4.444000000000000000e+04 4.515900000000000000e+04 4.634433333333333576e+04 4.524000000000000000e+04 4.511680000000000291e+04 9.972767462422635898e-01
4.523100000000000000e+04 4.576966666666666424e+04 4.569733333333333576e+04 4.495000000000000000e+04 4.454300000000000000e+04 4.440066666666666424e+04 4.444000000000000000e+04 4.515900000000000000e+04 4.541200000000000000e+04 4.479093333333333430e+04 9.863237323468099227e-01
4.462166666666666424e+04 4.523100000000000000e+04 4.576966666666666424e+04 4.569733333333333576e+04 4.495000000000000000e+04 4.454300000000000000e+04 4.440066666666666424e+04 4.444000000000000000e+04 4.532991666666666424e+04 4.473271666666665988e+04 9.868254776554850061e-01
4.515566666666666424e+04 4.462166666666666424e+04 4.523100000000000000e+04 4.576966666666666424e+04 4.569733333333333576e+04 4.495000000000000000e+04 4.454300000000000000e+04 4.440066666666666424e+04 4.519449999999999272e+04 4.495709999999999854e+04 9.947471484362035987e-01
4.597433333333333576e+04 4.515566666666666424e+04 4.462166666666666424e+04 4.523100000000000000e+04 4.576966666666666424e+04 4.569733333333333576e+04 4.495000000000000000e+04 4.454300000000000000e+04 4.524566666666666424e+04 4.524113333333333139e+04 9.998998062429551581e-01
4.665833333333333576e+04 4.597433333333333576e+04 4.515566666666666424e+04 4.462166666666666424e+04 4.523100000000000000e+04 4.576966666666666424e+04 4.569733333333333576e+04 4.495000000000000000e+04 4.560250000000000000e+04 4.545009999999999854e+04 9.966580779562523862e-01
4.762833333333333576e+04 4.665833333333333576e+04 4.597433333333333576e+04 4.515566666666666424e+04 4.462166666666666424e+04 4.523100000000000000e+04 4.576966666666666424e+04 4.569733333333333576e+04 4.635416666666666424e+04 4.553476666666666279e+04 9.823230561797752225e-01
4.874600000000000000e+04 4.762833333333333576e+04 4.665833333333333576e+04 4.597433333333333576e+04 4.515566666666666424e+04 4.462166666666666424e+04 4.523100000000000000e+04 4.576966666666666424e+04 4.725175000000000728e+04 4.560594999999999709e+04 9.651695439851432079e-01
4.961400000000000000e+04 4.874600000000000000e+04 4.762833333333333576e+04 4.665833333333333576e+04 4.597433333333333576e+04 4.515566666666666424e+04 4.462166666666666424e+04 4.523100000000000000e+04 4.816166666666667152e+04 4.582886666666666133e+04 9.515631380420110919e-01
5.018833333333333576e+04 4.961400000000000000e+04 4.874600000000000000e+04 4.762833333333333576e+04 4.665833333333333576e+04 4.597433333333333576e+04 4.515566666666666424e+04 4.462166666666666424e+04 4.904416666666667152e+04 4.629083333333333576e+04 9.438601260768354484e-01
5.062033333333333576e+04 5.018833333333333576e+04 4.961400000000000000e+04 4.874600000000000000e+04 4.762833333333333576e+04 4.665833333333333576e+04 4.597433333333333576e+04 4.515566666666666424e+04 4.979216666666667152e+04 4.704176666666666279e+04 9.447623956914238397e-01
5.079433333333333576e+04 5.062033333333333576e+04 5.018833333333333576e+04 4.961400000000000000e+04 4.874600000000000000e+04 4.762833333333333576e+04 4.665833333333333576e+04 4.597433333333333576e+04 5.030425000000000000e+04 4.786225000000000728e+04 9.514553939279485339e-01
5.138766666666666424e+04 5.079433333333333576e+04 5.062033333333333576e+04 5.018833333333333576e+04 4.961400000000000000e+04 4.874600000000000000e+04 4.762833333333333576e+04 4.665833333333333576e+04 5.074766666666667152e+04 4.867886666666667588e+04 9.592335936627629511e-01
5.202333333333333576e+04 5.138766666666666424e+04 5.079433333333333576e+04 5.062033333333333576e+04 5.018833333333333576e+04 4.961400000000000000e+04 4.874600000000000000e+04 4.762833333333333576e+04 5.120641666666667152e+04 4.947661666666667588e+04 9.662190773617239659e-01
5.184800000000000000e+04 5.202333333333333576e+04 5.138766666666666424e+04 5.079433333333333576e+04 5.062033333333333576e+04 5.018833333333333576e+04 4.961400000000000000e+04 4.874600000000000000e+04 5.151333333333333576e+04 5.013640000000000873e+04 9.732703507182607350e-01
5.199366666666666424e+04 5.184800000000000000e+04 5.202333333333333576e+04 5.138766666666666424e+04 5.079433333333333576e+04 5.062033333333333576e+04 5.018833333333333576e+04 4.961400000000000000e+04 5.181316666666666424e+04 5.060603333333333285e+04 9.767021895978821311e-01
5.203500000000000000e+04 5.199366666666666424e+04 5.184800000000000000e+04 5.202333333333333576e+04 5.138766666666666424e+04 5.079433333333333576e+04 5.062033333333333576e+04 5.018833333333333576e+04 5.197500000000000000e+04 5.099313333333333867e+04 9.811088664421998562e-01
5.251966666666666424e+04 5.203500000000000000e+04 5.199366666666666424e+04 5.184800000000000000e+04 5.202333333333333576e+04 5.138766666666666424e+04 5.079433333333333576e+04 5.062033333333333576e+04 5.209908333333332848e+04 5.138494999999999709e+04 9.862927850617972947e-01
5.288366666666666424e+04 5.251966666666666424e+04 5.203500000000000000e+04 5.199366666666666424e+04 5.184800000000000000e+04 5.202333333333333576e+04 5.138766666666666424e+04 5.079433333333333576e+04 5.235799999999999272e+04 5.168226666666667006e+04 9.870939811808449038e-01
5.224600000000000000e+04 5.288366666666666424e+04 5.251966666666666424e+04 5.203500000000000000e+04 5.199366666666666424e+04 5.184800000000000000e+04 5.202333333333333576e+04 5.138766666666666424e+04 5.242108333333332848e+04 5.193475000000000000e+04 9.907225623278166360e-01
5.129666666666666424e+04 5.224600000000000000e+04 5.288366666666666424e+04 5.251966666666666424e+04 5.203500000000000000e+04 5.199366666666666424e+04 5.184800000000000000e+04 5.202333333333333576e+04 5.223649999999999272e+04 5.202730000000000291e+04 9.959951374996413032e-01
5.139266666666666424e+04 5.129666666666666424e+04 5.224600000000000000e+04 5.288366666666666424e+04 5.251966666666666424e+04 5.203500000000000000e+04 5.199366666666666424e+04 5.184800000000000000e+04 5.195474999999999272e+04 5.207021666666665988e+04 1.002222446776602105e+00
5.067000000000000000e+04 5.139266666666666424e+04 5.129666666666666424e+04 5.224600000000000000e+04 5.288366666666666424e+04 5.251966666666666424e+04 5.203500000000000000e+04 5.199366666666666424e+04 5.140133333333332848e+04 5.216666666666666424e+04 1.014889367331586856e+00
4.923400000000000000e+04 5.067000000000000000e+04 5.139266666666666424e+04 5.129666666666666424e+04 5.224600000000000000e+04 5.288366666666666424e+04 5.251966666666666424e+04 5.203500000000000000e+04 5.064833333333332848e+04 5.206653333333332557e+04 1.028000921386027722e+00
4.694733333333333576e+04 4.923400000000000000e+04 5.067000000000000000e+04 5.139266666666666424e+04 5.129666666666666424e+04 5.224600000000000000e+04 5.288366666666666424e+04 5.251966666666666424e+04 4.956100000000000000e+04 5.170139999999999418e+04 1.043187183470874135e+00
4.489166666666666424e+04 4.694733333333333576e+04 4.923400000000000000e+04 5.067000000000000000e+04 5.139266666666666424e+04 5.129666666666666424e+04 5.224600000000000000e+04 5.288366666666666424e+04 4.793575000000000000e+04 5.115094999999999709e+04 1.067073113490453196e+00
4.362966666666666424e+04 4.489166666666666424e+04 4.694733333333333576e+04 4.923400000000000000e+04 5.067000000000000000e+04 5.139266666666666424e+04 5.129666666666666424e+04 5.224600000000000000e+04 4.617566666666666424e+04 5.035619999999999709e+04 1.090535419087975688e+00
4.356133333333333576e+04 4.362966666666666424e+04 4.489166666666666424e+04 4.694733333333333576e+04 4.923400000000000000e+04 5.067000000000000000e+04 5.139266666666666424e+04 5.129666666666666424e+04 4.475750000000000000e+04 4.947016666666666424e+04 1.105293340036120453e+00
4.428666666666666424e+04 4.356133333333333576e+04 4.362966666666666424e+04 4.489166666666666424e+04 4.694733333333333576e+04 4.923400000000000000e+04 5.067000000000000000e+04 5.139266666666666424e+04 4.409233333333332848e+04 4.846726666666666279e+04 1.099222086984131819e+00
4.498633333333333576e+04 4.428666666666666424e+04 4.356133333333333576e+04 4.362966666666666424e+04 4.489166666666666424e+04 4.694733333333333576e+04 4.923400000000000000e+04 5.067000000000000000e+04 4.411600000000000000e+04 4.717180000000000291e+04 1.069267385982410001e+00
4.536766666666666424e+04 4.498633333333333576e+04 4.428666666666666424e+04 4.356133333333333576e+04 4.362966666666666424e+04 4.489166666666666424e+04 4.694733333333333576e+04 4.923400000000000000e+04 4.455050000000000000e+04 4.585063333333333139e+04 1.029183361204326186e+00
4.611833333333333576e+04 4.536766666666666424e+04 4.498633333333333576e+04 4.428666666666666424e+04 4.356133333333333576e+04 4.362966666666666424e+04 4.489166666666666424e+04 4.694733333333333576e+04 4.518975000000000000e+04 4.484394999999999709e+04 9.923478222384499725e-01
4.632700000000000000e+04 4.611833333333333576e+04 4.536766666666666424e+04 4.498633333333333576e+04 4.428666666666666424e+04 4.356133333333333576e+04 4.362966666666666424e+04 4.489166666666666424e+04 4.569983333333333576e+04 4.441383333333332848e+04 9.718598536099692931e-01
4.644333333333333576e+04 4.632700000000000000e+04 4.611833333333333576e+04 4.536766666666666424e+04 4.498633333333333576e+04 4.428666666666666424e+04 4.356133333333333576e+04 4.362966666666666424e+04 4.606408333333333576e+04 4.450561666666666861e+04 9.661674225580667574e-01
4.686533333333333576e+04 4.644333333333333576e+04 4.632700000000000000e+04 4.611833333333333576e+04 4.536766666666666424e+04 4.498633333333333576e+04 4.428666666666666424e+04 4.356133333333333576e+04 4.643850000000000728e+04 4.492809999999999854e+04 9.674752629822236383e-01
4.654866666666666424e+04 4.686533333333333576e+04 4.644333333333333576e+04 4.632700000000000000e+04 4.611833333333333576e+04 4.536766666666666424e+04 4.498633333333333576e+04 4.428666666666666424e+04 4.654608333333333576e+04 4.546101666666667006e+04 9.766883357532767373e-01
4.730600000000000000e+04 4.654866666666666424e+04 4.686533333333333576e+04 4.644333333333333576e+04 4.632700000000000000e+04 4.611833333333333576e+04 4.536766666666666424e+04 4.498633333333333576e+04 4.679083333333333576e+04 4.591803333333334012e+04 9.813467737626673237e-01
4.814633333333333576e+04 4.730600000000000000e+04 4.654866666666666424e+04 4.686533333333333576e+04 4.644333333333333576e+04 4.632700000000000000e+04 4.611833333333333576e+04 4.536766666666666424e+04 4.721658333333333576e+04 4.629458333333333576e+04 9.804729623596228905e-01
4.861233333333333576e+04 4.814633333333333576e+04 4.730600000000000000e+04 4.654866666666666424e+04 4.686533333333333576e+04 4.644333333333333576e+04 4.632700000000000000e+04 4.611833333333333576e+04 4.765333333333333576e+04 4.668146666666667443e+04 9.796054840514830664e-01
4.873933333333333576e+04 4.861233333333333576e+04 4.814633333333333576e+04 4.730600000000000000e+04 4.654866666666666424e+04 4.686533333333333576e+04 4.644333333333333576e+04 4.632700000000000000e+04 4.820100000000000000e+04 4.687706666666666570e+04 9.725330733110654213e-01
4.853200000000000000e+04 4.873933333333333576e+04 4.861233333333333576e+04 4.814633333333333576e+04 4.730600000000000000e+04 4.654866666666666424e+04 4.686533333333333576e+04 4.644333333333333576e+04 4.850750000000000728e+04 4.713416666666667152e+04 9.716882269064920363e-01
4.859033333333333576e+04 4.853200000000000000e+04 4.873933333333333576e+04 4.861233333333333576e+04 4.814633333333333576e+04 4.730600000000000000e+04 4.654866666666666424e+04 4.686533333333333576e+04 4.861850000000000728e+04 4.749696666666666715e+04 9.769319634844073619e-01
4.907600000000000000e+04 4.859033333333333576e+04 4.853200000000000000e+04 4.873933333333333576e+04 4.861233333333333576e+04 4.814633333333333576e+04 4.730600000000000000e+04 4.654866666666666424e+04 4.873441666666667152e+04 4.786955000000000291e+04 9.822534724775269233e-01
4.989933333333333576e+04 4.907600000000000000e+04 4.859033333333333576e+04 4.853200000000000000e+04 4.873933333333333576e+04 4.861233333333333576e+04 4.814633333333333576e+04 4.730600000000000000e+04 4.902441666666667152e+04 4.836568333333333430e+04 9.865631581541850492e-01
5.044433333333333576e+04 4.989933333333333576e+04 4.907600000000000000e+04 4.859033333333333576e+04 4.853200000000000000e+04 4.873933333333333576e+04 4.861233333333333576e+04 4.814633333333333576e+04 4.950250000000000728e+04 4.870650000000000728e+04 9.839200040401999692e-01
5.088166666666666424e+04 5.044433333333333576e+04 4.989933333333333576e+04 4.907600000000000000e+04 4.859033333333333576e+04 4.853200000000000000e+04 4.873933333333333576e+04 4.861233333333333576e+04 5.007533333333333576e+04 4.890986666666667588e+04 9.767257332286023441e-01
5.136133333333333576e+04 5.088166666666666424e+04 5.044433333333333576e+04 4.989933333333333576e+04 4.907600000000000000e+04 4.859033333333333576e+04 4.853200000000000000e+04 4.873933333333333576e+04 5.064666666666667152e+04 4.911686666666667588e+04 9.697946557851784277e-01
5.202233333333333576e+04 5.136133333333333576e+04 5.088166666666666424e+04 5.044433333333333576e+04 4.989933333333333576e+04 4.907600000000000000e+04 4.859033333333333576e+04 4.853200000000000000e+04 5.117741666666667152e+04 4.945501666666667734e+04 9.663445302208494292e-01
5.323066666666666424e+04 5.202233333333333576e+04 5.136133333333333576e+04 5.088166666666666424e+04 5.044433333333333576e+04 4.989933333333333576e+04 4.907600000000000000e+04 4.859033333333333576e+04 5.187400000000000000e+04 4.997680000000000291e+04 9.634267648532984785e-01
5.287233333333333576e+04 5.323066666666666424e+04 5.202233333333333576e+04 5.136133333333333576e+04 5.088166666666666424e+04 5.044433333333333576e+04 4.989933333333333576e+04 4.907600000000000000e+04 5.237166666666667152e+04 5.053459999999999854e+04 9.649225089902300212e-01
5.309133333333333576e+04 5.287233333333333576e+04 5.323066666666666424e+04 5.202233333333333576e+04 5.136133333333333576e+04 5.088166666666666424e+04 5.044433333333333576e+04 4.989933333333333576e+04 5.280416666666667152e+04 5.107816666666667152e+04 9.673131855125068901e-01
5.327433333333333576e+04 5.309133333333333576e+04 5.287233333333333576e+04 5.323066666666666424e+04 5.202233333333333576e+04 5.136133333333333576e+04 5.088166666666666424e+04 5.044433333333333576e+04 5.311716666666666424e+04 5.156536666666666861e+04 9.707853393284657795e-01
5.328433333333333576e+04 5.327433333333333576e+04 5.309133333333333576e+04 5.287233333333333576e+04 5.323066666666666424e+04 5.202233333333333576e+04 5.136133333333333576e+04 5.088166666666666424e+04 5.313058333333333576e+04 5.212531666666666570e+04 9.810793218595064147e-01
5.403800000000000000e+04 5.328433333333333576e+04 5.327433333333333576e+04 5.309133333333333576e+04 5.287233333333333576e+04 5.323066666666666424e+04 5.202233333333333576e+04 5.136133333333333576e+04 5.342200000000000728e+04 5.258173333333333721e+04 9.842711492144309293e-01
5.438033333333333576e+04 5.403800000000000000e+04 5.328433333333333576e+04 5.327433333333333576e+04 5.309133333333333576e+04 5.287233333333333576e+04 5.323066666666666424e+04 5.202233333333333576e+04 5.374425000000000728e+04 5.299218333333333430e+04 9.860065650433921247e-01
5.491700000000000000e+04 5.438033333333333576e+04 5.403800000000000000e+04 5.328433333333333576e+04 5.327433333333333576e+04 5.309133333333333576e+04 5.287233333333333576e+04 5.323066666666666424e+04 5.415491666666667152e+04 5.332471666666665988e+04 9.846699053179226446e-01
5.524566666666666424e+04 5.491700000000000000e+04 5.438033333333333576e+04 5.403800000000000000e+04 5.328433333333333576e+04 5.327433333333333576e+04 5.309133333333333576e+04 5.287233333333333576e+04 5.464525000000000000e+04 5.343351666666667734e+04 9.778254590594183115e-01
5.592133333333333576e+04 5.524566666666666424e+04 5.491700000000000000e+04 5.438033333333333576e+04 5.403800000000000000e+04 5.328433333333333576e+04 5.327433333333333576e+04 5.309133333333333576e+04 5.511608333333333576e+04 5.376081666666667297e+04 9.754106862334497308e-01
