3.190600323624596422e+04 3.182564705882353883e+04 3.174469966996700532e+04 3.169843000000000757e+04 3.164389898989900030e+04 3.157023129251701539e+04 3.149413402061856686e+04 3.144959027777778465e+04 3.161980285868392821e+04 3.107525997842503784e+04 9.821774111263595897e-01
1.927033333333333212e+04 3.182564705882353883e+04 3.174469966996700532e+04 3.169843000000000757e+04 3.164389898989900030e+04 3.157023129251701539e+04 3.149413402061856686e+04 3.144959027777778465e+04 1.927033333333333212e+04 1.927033333333333212e+04 1.000000000000000000e+00
2.107566666666666788e+04 1.927033333333333212e+04 3.174469966996700532e+04 3.169843000000000757e+04 3.164389898989900030e+04 3.157023129251701539e+04 3.149413402061856686e+04 3.144959027777778465e+04 2.017300000000000000e+04 2.017300000000000000e+04 1.000000000000000000e+00
2.148333333333333212e+04 2.107566666666666788e+04 1.927033333333333212e+04 3.169843000000000757e+04 3.164389898989900030e+04 3.157023129251701539e+04 3.149413402061856686e+04 3.144959027777778465e+04 2.060977777777777737e+04 2.060977777777777737e+04 1.000000000000000000e+00
2.114700000000000000e+04 2.148333333333333212e+04 2.107566666666666788e+04 1.927033333333333212e+04 3.164389898989900030e+04 3.157023129251701539e+04 3.149413402061856686e+04 3.144959027777778465e+04 2.074408333333333212e+04 2.074408333333333212e+04 1.000000000000000000e+00
2.120000000000000000e+04 2.114700000000000000e+04 2.148333333333333212e+04 2.107566666666666788e+04 1.927033333333333212e+04 3.157023129251701539e+04 3.149413402061856686e+04 3.144959027777778465e+04 2.122650000000000000e+04 2.024841666666666424e+04 9.539215917210404072e-01
2.263766666666666788e+04 2.120000000000000000e+04 2.114700000000000000e+04 2.148333333333333212e+04 2.107566666666666788e+04 1.927033333333333212e+04 3.149413402061856686e+04 3.144959027777778465e+04 2.161700000000000000e+04 2.065433333333333212e+04 9.554671477695023674e-01
2.299666666666666788e+04 2.263766666666666788e+04 2.120000000000000000e+04 2.114700000000000000e+04 2.148333333333333212e+04 2.107566666666666788e+04 1.927033333333333212e+04 3.144959027777778465e+04 2.199533333333333576e+04 2.095616666666666424e+04 9.527551298760340570e-01
2.349000000000000000e+04 2.299666666666666788e+04 2.263766666666666788e+04 2.120000000000000000e+04 2.114700000000000000e+04 2.148333333333333212e+04 2.107566666666666788e+04 1.927033333333333212e+04 2.258108333333333576e+04 2.111148333333332994e+04 9.349189771674666360e-01
2.278400000000000000e+04 2.349000000000000000e+04 2.299666666666666788e+04 2.263766666666666788e+04 2.120000000000000000e+04 2.114700000000000000e+04 2.148333333333333212e+04 2.107566666666666788e+04 2.297708333333333576e+04 2.157661666666666861e+04 9.390494151781666465e-01
2.460466666666666788e+04 2.278400000000000000e+04 2.349000000000000000e+04 2.299666666666666788e+04 2.263766666666666788e+04 2.120000000000000000e+04 2.114700000000000000e+04 2.148333333333333212e+04 2.346883333333333576e+04 2.198736666666666861e+04 9.368751464708513499e-01
2.477633333333333212e+04 2.460466666666666788e+04 2.278400000000000000e+04 2.349000000000000000e+04 2.299666666666666788e+04 2.263766666666666788e+04 2.120000000000000000e+04 2.114700000000000000e+04 2.391375000000000000e+04 2.237901666666667006e+04 9.358221385883297438e-01
2.483733333333333212e+04 2.477633333333333212e+04 2.460466666666666788e+04 2.278400000000000000e+04 2.349000000000000000e+04 2.299666666666666788e+04 2.263766666666666788e+04 2.120000000000000000e+04 2.425058333333333212e+04 2.291498333333333358e+04 9.449250361675148868e-01
2.431500000000000000e+04 2.483733333333333212e+04 2.477633333333333212e+04 2.460466666666666788e+04 2.278400000000000000e+04 2.349000000000000000e+04 2.299666666666666788e+04 2.263766666666666788e+04 2.463333333333333212e+04 2.330833333333333576e+04 9.462110960757782463e-01
2.538266666666666788e+04 2.431500000000000000e+04 2.483733333333333212e+04 2.477633333333333212e+04 2.460466666666666788e+04 2.278400000000000000e+04 2.349000000000000000e+04 2.299666666666666788e+04 2.482783333333333212e+04 2.374063333333333503e+04 9.562104358683467531e-01
2.585600000000000000e+04 2.538266666666666788e+04 2.431500000000000000e+04 2.483733333333333212e+04 2.477633333333333212e+04 2.460466666666666788e+04 2.278400000000000000e+04 2.349000000000000000e+04 2.509775000000000000e+04 2.415054999999999927e+04 9.622595651004571815e-01
2.555266666666666788e+04 2.585600000000000000e+04 2.538266666666666788e+04 2.431500000000000000e+04 2.483733333333333212e+04 2.477633333333333212e+04 2.460466666666666788e+04 2.278400000000000000e+04 2.527658333333333576e+04 2.445578333333333285e+04 9.675272567824632075e-01
2.453366666666666788e+04 2.555266666666666788e+04 2.585600000000000000e+04 2.538266666666666788e+04 2.431500000000000000e+04 2.483733333333333212e+04 2.477633333333333212e+04 2.460466666666666788e+04 2.533125000000000364e+04 2.477291666666666424e+04 9.779587137100088645e-01
2.733400000000000000e+04 2.453366666666666788e+04 2.555266666666666788e+04 2.585600000000000000e+04 2.538266666666666788e+04 2.431500000000000000e+04 2.483733333333333212e+04 2.477633333333333212e+04 2.581908333333333576e+04 2.502608333333333212e+04 9.692862837242477436e-01
2.769733333333333212e+04 2.733400000000000000e+04 2.453366666666666788e+04 2.555266666666666788e+04 2.585600000000000000e+04 2.538266666666666788e+04 2.431500000000000000e+04 2.483733333333333212e+04 2.627941666666666788e+04 2.533408333333333576e+04 9.640276134997923796e-01
2.699366666666666788e+04 2.769733333333333212e+04 2.733400000000000000e+04 2.453366666666666788e+04 2.555266666666666788e+04 2.585600000000000000e+04 2.538266666666666788e+04 2.431500000000000000e+04 2.663966666666666788e+04 2.554920000000000437e+04 9.590660543800599847e-01
2.645233333333333212e+04 2.699366666666666788e+04 2.769733333333333212e+04 2.733400000000000000e+04 2.453366666666666788e+04 2.555266666666666788e+04 2.585600000000000000e+04 2.538266666666666788e+04 2.711933333333333212e+04 2.568886666666666861e+04 9.472528823225744299e-01
2.874733333333333212e+04 2.645233333333333212e+04 2.699366666666666788e+04 2.769733333333333212e+04 2.733400000000000000e+04 2.453366666666666788e+04 2.555266666666666788e+04 2.585600000000000000e+04 2.747266666666666424e+04 2.614979999999999927e+04 9.518478973039870006e-01
2.920900000000000000e+04 2.874733333333333212e+04 2.645233333333333212e+04 2.699366666666666788e+04 2.769733333333333212e+04 2.733400000000000000e+04 2.453366666666666788e+04 2.555266666666666788e+04 2.785058333333333212e+04 2.659365000000000146e+04 9.548686891656967823e-01
2.857933333333333212e+04 2.920900000000000000e+04 2.874733333333333212e+04 2.645233333333333212e+04 2.699366666666666788e+04 2.769733333333333212e+04 2.733400000000000000e+04 2.453366666666666788e+04 2.824699999999999636e+04 2.696113333333333139e+04 9.544777616502048145e-01
2.846166666666666788e+04 2.857933333333333212e+04 2.920900000000000000e+04 2.874733333333333212e+04 2.645233333333333212e+04 2.699366666666666788e+04 2.769733333333333212e+04 2.733400000000000000e+04 2.874933333333333212e+04 2.744533333333333212e+04 9.546424264910490232e-01
3.036800000000000000e+04 2.846166666666666788e+04 2.857933333333333212e+04 2.920900000000000000e+04 2.874733333333333212e+04 2.645233333333333212e+04 2.699366666666666788e+04 2.769733333333333212e+04 2.915450000000000000e+04 2.780903333333333285e+04 9.538504633361344354e-01
3.055566666666666788e+04 3.036800000000000000e+04 2.846166666666666788e+04 2.857933333333333212e+04 2.920900000000000000e+04 2.874733333333333212e+04 2.645233333333333212e+04 2.699366666666666788e+04 2.949116666666666788e+04 2.817870000000000073e+04 9.554962785466835085e-01
3.009266666666666788e+04 3.055566666666666788e+04 3.036800000000000000e+04 2.846166666666666788e+04 2.857933333333333212e+04 2.920900000000000000e+04 2.874733333333333212e+04 2.645233333333333212e+04 2.986950000000000364e+04 2.857150000000000000e+04 9.565443010428696935e-01
2.969966666666666788e+04 3.009266666666666788e+04 3.055566666666666788e+04 3.036800000000000000e+04 2.846166666666666788e+04 2.857933333333333212e+04 2.920900000000000000e+04 2.874733333333333212e+04 3.017900000000000000e+04 2.903526666666666279e+04 9.621016821851838818e-01
3.183133333333333212e+04 2.969966666666666788e+04 3.009266666666666788e+04 3.055566666666666788e+04 3.036800000000000000e+04 2.846166666666666788e+04 2.857933333333333212e+04 2.920900000000000000e+04 3.054483333333333576e+04 2.943256666666666933e+04 9.635857673692768133e-01
3.199333333333333212e+04 3.183133333333333212e+04 2.969966666666666788e+04 3.009266666666666788e+04 3.055566666666666788e+04 3.036800000000000000e+04 2.846166666666666788e+04 2.857933333333333212e+04 3.090425000000000000e+04 2.977378333333333649e+04 9.634203494125673783e-01
3.128000000000000000e+04 3.199333333333333212e+04 3.183133333333333212e+04 2.969966666666666788e+04 3.009266666666666788e+04 3.055566666666666788e+04 3.036800000000000000e+04 2.846166666666666788e+04 3.120108333333333212e+04 3.013581666666666933e+04 9.658580230921470777e-01
3.078933333333333212e+04 3.128000000000000000e+04 3.199333333333333212e+04 3.183133333333333212e+04 2.969966666666666788e+04 3.009266666666666788e+04 3.055566666666666788e+04 3.036800000000000000e+04 3.147349999999999636e+04 3.043790000000000146e+04 9.670961284890464693e-01
3.278533333333333576e+04 3.078933333333333212e+04 3.128000000000000000e+04 3.199333333333333212e+04 3.183133333333333212e+04 2.969966666666666788e+04 3.009266666666666788e+04 3.055566666666666788e+04 3.171200000000000000e+04 3.077826666666667006e+04 9.705558358560377741e-01
3.241966666666666788e+04 3.278533333333333576e+04 3.078933333333333212e+04 3.128000000000000000e+04 3.199333333333333212e+04 3.183133333333333212e+04 2.969966666666666788e+04 3.009266666666666788e+04 3.181858333333333212e+04 3.108711666666666861e+04 9.770113377140717814e-01
3.113433333333333212e+04 3.241966666666666788e+04 3.278533333333333576e+04 3.078933333333333212e+04 3.128000000000000000e+04 3.199333333333333212e+04 3.183133333333333212e+04 2.969966666666666788e+04 3.178216666666666788e+04 3.131729999999999927e+04 9.853733487857445628e-01
2.967333333333333212e+04 3.113433333333333212e+04 3.241966666666666788e+04 3.278533333333333576e+04 3.078933333333333212e+04 3.128000000000000000e+04 3.199333333333333212e+04 3.183133333333333212e+04 3.150316666666666424e+04 3.147943333333333067e+04 9.992466365815076967e-01
3.195100000000000000e+04 2.967333333333333212e+04 3.113433333333333212e+04 3.241966666666666788e+04 3.278533333333333576e+04 3.078933333333333212e+04 3.128000000000000000e+04 3.199333333333333212e+04 3.129458333333333212e+04 3.162851666666667006e+04 1.010670643215679121e+00
3.161300000000000000e+04 3.195100000000000000e+04 2.967333333333333212e+04 3.113433333333333212e+04 3.241966666666666788e+04 3.278533333333333576e+04 3.078933333333333212e+04 3.128000000000000000e+04 3.109291666666666424e+04 3.167345000000000073e+04 1.018670919153612298e+00
3.024900000000000000e+04 3.161300000000000000e+04 3.195100000000000000e+04 2.967333333333333212e+04 3.113433333333333212e+04 3.241966666666666788e+04 3.278533333333333576e+04 3.078933333333333212e+04 3.087158333333333212e+04 3.160004999999999927e+04 1.023596673316075512e+00
2.985566666666666788e+04 3.024900000000000000e+04 3.161300000000000000e+04 3.195100000000000000e+04 2.967333333333333212e+04 3.113433333333333212e+04 3.241966666666666788e+04 3.278533333333333576e+04 3.091716666666666788e+04 3.138596666666666351e+04 1.015163097092769195e+00
3.310133333333333576e+04 2.985566666666666788e+04 3.024900000000000000e+04 3.161300000000000000e+04 3.195100000000000000e+04 2.967333333333333212e+04 3.113433333333333212e+04 3.241966666666666788e+04 3.120475000000000000e+04 3.127661666666666133e+04 1.002303068176052081e+00
3.306966666666666424e+04 3.310133333333333576e+04 2.985566666666666788e+04 3.024900000000000000e+04 3.161300000000000000e+04 3.195100000000000000e+04 2.967333333333333212e+04 3.113433333333333212e+04 3.156891666666666788e+04 3.118811666666666133e+04 9.879375018148123244e-01
3.235233333333333212e+04 3.306966666666666424e+04 3.310133333333333576e+04 2.985566666666666788e+04 3.024900000000000000e+04 3.161300000000000000e+04 3.195100000000000000e+04 2.967333333333333212e+04 3.209475000000000364e+04 3.111621666666666715e+04 9.695111090339281201e-01
3.058500000000000000e+04 3.235233333333333212e+04 3.306966666666666424e+04 3.310133333333333576e+04 2.985566666666666788e+04 3.024900000000000000e+04 3.161300000000000000e+04 3.195100000000000000e+04 3.227708333333333576e+04 3.118915000000000146e+04 9.662939391983476067e-01
3.283100000000000000e+04 3.058500000000000000e+04 3.235233333333333212e+04 3.306966666666666424e+04 3.310133333333333576e+04 2.985566666666666788e+04 3.024900000000000000e+04 3.161300000000000000e+04 3.220950000000000000e+04 3.140570000000000073e+04 9.750446296899982768e-01
3.407133333333333576e+04 3.283100000000000000e+04 3.058500000000000000e+04 3.235233333333333212e+04 3.306966666666666424e+04 3.310133333333333576e+04 2.985566666666666788e+04 3.024900000000000000e+04 3.245991666666666788e+04 3.174711666666666861e+04 9.780406090588649182e-01
3.367933333333333576e+04 3.407133333333333576e+04 3.283100000000000000e+04 3.058500000000000000e+04 3.235233333333333212e+04 3.306966666666666424e+04 3.310133333333333576e+04 2.985566666666666788e+04 3.279166666666667152e+04 3.223413333333333867e+04 9.829977128335450898e-01
3.213433333333333212e+04 3.367933333333333576e+04 3.407133333333333576e+04 3.283100000000000000e+04 3.058500000000000000e+04 3.235233333333333212e+04 3.306966666666666424e+04 3.310133333333333576e+04 3.317900000000000000e+04 3.245746666666666715e+04 9.782533128384419685e-01
3.539200000000000000e+04 3.213433333333333212e+04 3.367933333333333576e+04 3.407133333333333576e+04 3.283100000000000000e+04 3.058500000000000000e+04 3.235233333333333212e+04 3.306966666666666424e+04 3.381925000000000000e+04 3.253145000000000073e+04 9.619210952342230891e-01
3.574866666666666424e+04 3.539200000000000000e+04 3.213433333333333212e+04 3.367933333333333576e+04 3.407133333333333576e+04 3.283100000000000000e+04 3.058500000000000000e+04 3.235233333333333212e+04 3.423858333333332848e+04 3.281565000000000146e+04 9.584406480992448962e-01
3.579566666666666424e+04 3.574866666666666424e+04 3.539200000000000000e+04 3.213433333333333212e+04 3.367933333333333576e+04 3.407133333333333576e+04 3.283100000000000000e+04 3.058500000000000000e+04 3.476766666666666424e+04 3.318686666666666861e+04 9.545324679060047668e-01
3.497066666666666424e+04 3.579566666666666424e+04 3.574866666666666424e+04 3.539200000000000000e+04 3.213433333333333212e+04 3.367933333333333576e+04 3.407133333333333576e+04 3.283100000000000000e+04 3.547675000000000000e+04 3.363855000000000291e+04 9.481857836470365397e-01
3.844300000000000000e+04 3.497066666666666424e+04 3.579566666666666424e+04 3.574866666666666424e+04 3.539200000000000000e+04 3.213433333333333212e+04 3.367933333333333576e+04 3.407133333333333576e+04 3.623949999999999272e+04 3.430330000000000291e+04 9.465721105423642312e-01
3.869433333333333576e+04 3.844300000000000000e+04 3.497066666666666424e+04 3.579566666666666424e+04 3.574866666666666424e+04 3.539200000000000000e+04 3.213433333333333212e+04 3.367933333333333576e+04 3.697591666666666424e+04 3.478604999999999563e+04 9.407758653718297781e-01
3.919033333333333576e+04 3.869433333333333576e+04 3.844300000000000000e+04 3.497066666666666424e+04 3.579566666666666424e+04 3.574866666666666424e+04 3.539200000000000000e+04 3.213433333333333212e+04 3.782458333333333576e+04 3.537905000000000291e+04 9.353453992663501859e-01
3.864833333333333576e+04 3.919033333333333576e+04 3.869433333333333576e+04 3.844300000000000000e+04 3.497066666666666424e+04 3.579566666666666424e+04 3.574866666666666424e+04 3.539200000000000000e+04 3.874400000000000000e+04 3.613019999999999709e+04 9.325366508362584739e-01
4.075600000000000000e+04 3.864833333333333576e+04 3.919033333333333576e+04 3.869433333333333576e+04 3.844300000000000000e+04 3.497066666666666424e+04 3.579566666666666424e+04 3.574866666666666424e+04 3.932225000000000728e+04 3.685604999999999563e+04 9.372823274354846745e-01
3.994433333333333576e+04 4.075600000000000000e+04 3.864833333333333576e+04 3.919033333333333576e+04 3.869433333333333576e+04 3.844300000000000000e+04 3.497066666666666424e+04 3.579566666666666424e+04 3.963475000000000728e+04 3.750768333333333430e+04 9.463332891801594648e-01
3.890566666666666424e+04 3.994433333333333576e+04 4.075600000000000000e+04 3.864833333333333576e+04 3.919033333333333576e+04 3.869433333333333576e+04 3.844300000000000000e+04 3.497066666666666424e+04 3.956358333333333576e+04 3.817238333333333867e+04 9.648363499261737308e-01
3.668066666666666424e+04 3.890566666666666424e+04 3.994433333333333576e+04 4.075600000000000000e+04 3.864833333333333576e+04 3.919033333333333576e+04 3.869433333333333576e+04 3.844300000000000000e+04 3.907166666666666424e+04 3.880953333333333285e+04 9.932909610544725654e-01
3.998066666666666424e+04 3.668066666666666424e+04 3.890566666666666424e+04 3.994433333333333576e+04 4.075600000000000000e+04 3.864833333333333576e+04 3.919033333333333576e+04 3.869433333333333576e+04 3.887783333333333576e+04 3.923336666666667588e+04 1.009144885474585029e+00
3.963133333333333576e+04 3.998066666666666424e+04 3.668066666666666424e+04 3.890566666666666424e+04 3.994433333333333576e+04 4.075600000000000000e+04 3.864833333333333576e+04 3.919033333333333576e+04 3.879958333333332848e+04 3.946771666666667443e+04 1.017220116195406199e+00
3.825866666666666424e+04 3.963133333333333576e+04 3.998066666666666424e+04 3.668066666666666424e+04 3.890566666666666424e+04 3.994433333333333576e+04 4.075600000000000000e+04 3.864833333333333576e+04 3.863783333333332848e+04 3.937843333333333430e+04 1.019167741462383647e+00
3.556866666666666424e+04 3.825866666666666424e+04 3.963133333333333576e+04 3.998066666666666424e+04 3.668066666666666424e+04 3.890566666666666424e+04 3.994433333333333576e+04 4.075600000000000000e+04 3.835983333333332848e+04 3.892930000000000291e+04 1.014845389491612515e+00
3.863466666666666424e+04 3.556866666666666424e+04 3.825866666666666424e+04 3.963133333333333576e+04 3.998066666666666424e+04 3.668066666666666424e+04 3.890566666666666424e+04 3.994433333333333576e+04 3.802333333333333576e+04 3.870693333333333430e+04 1.017978434294731338e+00
3.750533333333333576e+04 3.863466666666666424e+04 3.556866666666666424e+04 3.825866666666666424e+04 3.963133333333333576e+04 3.998066666666666424e+04 3.668066666666666424e+04 3.890566666666666424e+04 3.749183333333332848e+04 3.853803333333332557e+04 1.027904743699739054e+00
3.335433333333333576e+04 3.750533333333333576e+04 3.863466666666666424e+04 3.556866666666666424e+04 3.825866666666666424e+04 3.963133333333333576e+04 3.998066666666666424e+04 3.668066666666666424e+04 3.626575000000000000e+04 3.816341666666666424e+04 1.052326690242630036e+00
2.859333333333333212e+04 3.335433333333333576e+04 3.750533333333333576e+04 3.863466666666666424e+04 3.556866666666666424e+04 3.825866666666666424e+04 3.963133333333333576e+04 3.998066666666666424e+04 3.452191666666666424e+04 3.759224999999999272e+04 1.088938669396011472e+00
3.035933333333333212e+04 2.859333333333333212e+04 3.335433333333333576e+04 3.750533333333333576e+04 3.863466666666666424e+04 3.556866666666666424e+04 3.825866666666666424e+04 3.963133333333333576e+04 3.245308333333333576e+04 3.690928333333334012e+04 1.137312068447528191e+00
3.068000000000000000e+04 3.035933333333333212e+04 2.859333333333333212e+04 3.335433333333333576e+04 3.750533333333333576e+04 3.863466666666666424e+04 3.556866666666666424e+04 3.825866666666666424e+04 3.074675000000000000e+04 3.614281666666666570e+04 1.175500391640308839e+00
2.911766666666666788e+04 3.068000000000000000e+04 3.035933333333333212e+04 2.859333333333333212e+04 3.335433333333333576e+04 3.750533333333333576e+04 3.863466666666666424e+04 3.556866666666666424e+04 2.968758333333333212e+04 3.495011666666666861e+04 1.177263783119205431e+00
2.829466666666666788e+04 2.911766666666666788e+04 3.068000000000000000e+04 3.035933333333333212e+04 2.859333333333333212e+04 3.335433333333333576e+04 3.750533333333333576e+04 3.863466666666666424e+04 2.961291666666666788e+04 3.354011666666666133e+04 1.132617804730480460e+00
3.191733333333333212e+04 2.829466666666666788e+04 2.911766666666666788e+04 3.068000000000000000e+04 3.035933333333333212e+04 2.859333333333333212e+04 3.335433333333333576e+04 3.750533333333333576e+04 3.000241666666666788e+04 3.196295000000000073e+04 1.065345847140091395e+00
3.129533333333333212e+04 3.191733333333333212e+04 2.829466666666666788e+04 2.911766666666666788e+04 3.068000000000000000e+04 3.035933333333333212e+04 2.859333333333333212e+04 3.335433333333333576e+04 3.015625000000000000e+04 3.062865000000000146e+04 1.015665077720207199e+00
3.001800000000000000e+04 3.129533333333333212e+04 3.191733333333333212e+04 2.829466666666666788e+04 2.911766666666666788e+04 3.068000000000000000e+04 3.035933333333333212e+04 2.859333333333333212e+04 3.038133333333333212e+04 2.982633333333333212e+04 9.817322039849030180e-01
2.920266666666666788e+04 3.001800000000000000e+04 3.129533333333333212e+04 3.191733333333333212e+04 2.829466666666666788e+04 2.911766666666666788e+04 3.068000000000000000e+04 3.035933333333333212e+04 3.060833333333333212e+04 2.981200000000000000e+04 9.739831200653417120e-01
3.200366666666666788e+04 2.920266666666666788e+04 3.001800000000000000e+04 3.129533333333333212e+04 3.191733333333333212e+04 2.829466666666666788e+04 2.911766666666666788e+04 3.068000000000000000e+04 3.062991666666666788e+04 3.012791666666666788e+04 9.836107944574884465e-01
3.207166666666666788e+04 3.200366666666666788e+04 2.920266666666666788e+04 3.001800000000000000e+04 3.129533333333333212e+04 3.191733333333333212e+04 2.829466666666666788e+04 2.911766666666666788e+04 3.082400000000000000e+04 3.028979999999999927e+04 9.826693485595640043e-01
3.100366666666666788e+04 3.207166666666666788e+04 3.200366666666666788e+04 2.920266666666666788e+04 3.001800000000000000e+04 3.129533333333333212e+04 3.191733333333333212e+04 2.829466666666666788e+04 3.107041666666666788e+04 3.051915000000000146e+04 9.822575064705172387e-01
3.077733333333333212e+04 3.100366666666666788e+04 3.207166666666666788e+04 3.200366666666666788e+04 2.920266666666666788e+04 3.001800000000000000e+04 3.129533333333333212e+04 3.191733333333333212e+04 3.146408333333333576e+04 3.077948333333332994e+04 9.782418577796374581e-01
3.371533333333333576e+04 3.077733333333333212e+04 3.100366666666666788e+04 3.207166666666666788e+04 3.200366666666666788e+04 2.920266666666666788e+04 3.001800000000000000e+04 3.129533333333333212e+04 3.189200000000000364e+04 3.088233333333333576e+04 9.683410677703917502e-01
3.370333333333333576e+04 3.371533333333333576e+04 3.077733333333333212e+04 3.100366666666666788e+04 3.207166666666666788e+04 3.200366666666666788e+04 2.920266666666666788e+04 3.001800000000000000e+04 3.229991666666666788e+04 3.111918333333333067e+04 9.634446941297577505e-01
3.282033333333333576e+04 3.370333333333333576e+04 3.371533333333333576e+04 3.077733333333333212e+04 3.100366666666666788e+04 3.207166666666666788e+04 3.200366666666666788e+04 2.920266666666666788e+04 3.275408333333333212e+04 3.140715000000000146e+04 9.588773918773486615e-01
3.247033333333333212e+04 3.282033333333333576e+04 3.370333333333333576e+04 3.371533333333333576e+04 3.077733333333333212e+04 3.100366666666666788e+04 3.207166666666666788e+04 3.200366666666666788e+04 3.317733333333333576e+04 3.180673333333333721e+04 9.586886629425712680e-01
3.618066666666666424e+04 3.247033333333333212e+04 3.282033333333333576e+04 3.370333333333333576e+04 3.371533333333333576e+04 3.077733333333333212e+04 3.100366666666666788e+04 3.207166666666666788e+04 3.379366666666667152e+04 3.227233333333333576e+04 9.549817026859075408e-01
3.637300000000000000e+04 3.618066666666666424e+04 3.247033333333333212e+04 3.282033333333333576e+04 3.370333333333333576e+04 3.371533333333333576e+04 3.077733333333333212e+04 3.100366666666666788e+04 3.446108333333332848e+04 3.273215000000000146e+04 9.498293969284193894e-01
3.461200000000000000e+04 3.637300000000000000e+04 3.618066666666666424e+04 3.247033333333333212e+04 3.282033333333333576e+04 3.370333333333333576e+04 3.371533333333333576e+04 3.077733333333333212e+04 3.490900000000000000e+04 3.318506666666666570e+04 9.506163644523379919e-01
3.292600000000000000e+04 3.461200000000000000e+04 3.637300000000000000e+04 3.618066666666666424e+04 3.247033333333333212e+04 3.282033333333333576e+04 3.370333333333333576e+04 3.371533333333333576e+04 3.502291666666666424e+04 3.354644999999999709e+04 9.578428409969662605e-01
3.710766666666666424e+04 3.292600000000000000e+04 3.461200000000000000e+04 3.637300000000000000e+04 3.618066666666666424e+04 3.247033333333333212e+04 3.282033333333333576e+04 3.370333333333333576e+04 3.525466666666666424e+04 3.408586666666666861e+04 9.668469422487804277e-01
3.742133333333333576e+04 3.710766666666666424e+04 3.292600000000000000e+04 3.461200000000000000e+04 3.637300000000000000e+04 3.618066666666666424e+04 3.247033333333333212e+04 3.282033333333333576e+04 3.551675000000000000e+04 3.467221666666665988e+04 9.762215480489251362e-01
3.571200000000000000e+04 3.742133333333333576e+04 3.710766666666666424e+04 3.292600000000000000e+04 3.461200000000000000e+04 3.637300000000000000e+04 3.618066666666666424e+04 3.247033333333333212e+04 3.579175000000000000e+04 3.508555000000000291e+04 9.802691961136296150e-01
3.403733333333333576e+04 3.571200000000000000e+04 3.742133333333333576e+04 3.710766666666666424e+04 3.292600000000000000e+04 3.461200000000000000e+04 3.637300000000000000e+04 3.618066666666666424e+04 3.606958333333333576e+04 3.523225000000000000e+04 9.767856111451245216e-01
3.813233333333333576e+04 3.403733333333333576e+04 3.571200000000000000e+04 3.742133333333333576e+04 3.710766666666666424e+04 3.292600000000000000e+04 3.461200000000000000e+04 3.637300000000000000e+04 3.632575000000000000e+04 3.546888333333333139e+04 9.764115904925110279e-01
3.825933333333333576e+04 3.813233333333333576e+04 3.403733333333333576e+04 3.571200000000000000e+04 3.742133333333333576e+04 3.710766666666666424e+04 3.292600000000000000e+04 3.461200000000000000e+04 3.653525000000000000e+04 3.572044999999999709e+04 9.776982503198964336e-01
3.671833333333333576e+04 3.825933333333333576e+04 3.813233333333333576e+04 3.403733333333333576e+04 3.571200000000000000e+04 3.742133333333333576e+04 3.710766666666666424e+04 3.292600000000000000e+04 3.678683333333333576e+04 3.599076666666667006e+04 9.783600110546799566e-01
3.577033333333333576e+04 3.671833333333333576e+04 3.825933333333333576e+04 3.813233333333333576e+04 3.403733333333333576e+04 3.571200000000000000e+04 3.742133333333333576e+04 3.710766666666666424e+04 3.722008333333333576e+04 3.629968333333333430e+04 9.752714148499577185e-01
3.895166666666666424e+04 3.577033333333333576e+04 3.671833333333333576e+04 3.825933333333333576e+04 3.813233333333333576e+04 3.403733333333333576e+04 3.571200000000000000e+04 3.742133333333333576e+04 3.742491666666667152e+04 3.654558333333333576e+04 9.765040670319906635e-01
3.886333333333333576e+04 3.895166666666666424e+04 3.577033333333333576e+04 3.671833333333333576e+04 3.825933333333333576e+04 3.813233333333333576e+04 3.403733333333333576e+04 3.571200000000000000e+04 3.757591666666667152e+04 3.674338333333333867e+04 9.778439647735363005e-01
3.709700000000000000e+04 3.886333333333333576e+04 3.895166666666666424e+04 3.577033333333333576e+04 3.671833333333333576e+04 3.825933333333333576e+04 3.813233333333333576e+04 3.403733333333333576e+04 3.767058333333333576e+04 3.696358333333333576e+04 9.812320400312356528e-01
3.637166666666666424e+04 3.709700000000000000e+04 3.886333333333333576e+04 3.895166666666666424e+04 3.577033333333333576e+04 3.671833333333333576e+04 3.825933333333333576e+04 3.813233333333333576e+04 3.782091666666666424e+04 3.734025000000000000e+04 9.872909831640781508e-01
4.000133333333333576e+04 3.637166666666666424e+04 3.709700000000000000e+04 3.886333333333333576e+04 3.895166666666666424e+04 3.577033333333333576e+04 3.671833333333333576e+04 3.825933333333333576e+04 3.808333333333333576e+04 3.755660000000000582e+04 9.861689277899344797e-01
4.010233333333333576e+04 4.000133333333333576e+04 3.637166666666666424e+04 3.709700000000000000e+04 3.886333333333333576e+04 3.895166666666666424e+04 3.577033333333333576e+04 3.671833333333333576e+04 3.839308333333333576e+04 3.773935000000000582e+04 9.829726274480864445e-01
