1.589410869565217297e+02 1.128488043478260892e+02 8.455483516483516837e+01 1.209094444444444463e+02 1.388489130434782624e+02 1.219118478260869693e+02 8.060560439560438795e+01 9.569466666666667720e+01 1.193135427284068584e+02 1.112749149320486310e+02 9.326260237309645929e-01
1.532521978021977986e+02 1.589410869565217297e+02 1.128488043478260892e+02 8.455483516483516837e+01 1.209094444444444463e+02 1.388489130434782624e+02 1.219118478260869693e+02 8.060560439560438795e+01 1.273992310678451929e+02 1.179350081554918432e+02 9.257120876395771303e-01
1.062736263736263709e+02 1.532521978021977986e+02 1.589410869565217297e+02 1.128488043478260892e+02 8.455483516483516837e+01 1.209094444444444463e+02 1.388489130434782624e+02 1.219118478260869693e+02 1.328289288700430006e+02 1.198107938697775836e+02 9.019932245858724995e-01
1.516116304347826258e+02 1.062736263736263709e+02 1.532521978021977986e+02 1.589410869565217297e+02 1.128488043478260892e+02 8.455483516483516837e+01 1.209094444444444463e+02 1.388489130434782624e+02 1.425196353917821455e+02 1.199363264784732053e+02 8.415424734196932377e-01
1.499322826086956582e+02 1.516116304347826258e+02 1.062736263736263709e+02 1.532521978021977986e+02 1.589410869565217297e+02 1.128488043478260892e+02 8.455483516483516837e+01 1.209094444444444463e+02 1.402674343048255992e+02 1.235043210436906094e+02 8.804917667153886462e-01
1.231352222222221968e+02 1.499322826086956582e+02 1.516116304347826258e+02 1.062736263736263709e+02 1.532521978021977986e+02 1.589410869565217297e+02 1.128488043478260892e+02 8.455483516483516837e+01 1.327381904098317023e+02 1.284670229362424720e+02 9.678226178886278896e-01
1.350451648351648259e+02 1.231352222222221968e+02 1.499322826086956582e+02 1.516116304347826258e+02 1.062736263736263709e+02 1.532521978021977986e+02 1.589410869565217297e+02 1.128488043478260892e+02 1.399310750252163302e+02 1.342493581010776893e+02 9.593963176291272488e-01
1.336160869565217126e+02 1.350451648351648259e+02 1.231352222222221968e+02 1.499322826086956582e+02 1.516116304347826258e+02 1.062736263736263709e+02 1.532521978021977986e+02 1.589410869565217297e+02 1.354321891556510877e+02 1.411021461445559453e+02 1.041865652650629581e+00
9.006163043478261443e+01 1.336160869565217126e+02 1.350451648351648259e+02 1.231352222222221968e+02 1.499322826086956582e+02 1.516116304347826258e+02 1.062736263736263709e+02 1.532521978021977986e+02 1.204645261121728339e+02 1.363068526662950433e+02 1.131510304862448191e+00
8.678822222222221683e+01 9.006163043478261443e+01 1.336160869565217126e+02 1.350451648351648259e+02 1.231352222222221968e+02 1.499322826086956582e+02 1.516116304347826258e+02 1.062736263736263709e+02 1.113777761121728389e+02 1.284661075502999097e+02 1.153426761016639102e+00
1.015046153846153913e+02 8.678822222222221683e+01 9.006163043478261443e+01 1.336160869565217126e+02 1.350451648351648259e+02 1.231352222222221968e+02 1.499322826086956582e+02 1.516116304347826258e+02 1.029926387495354874e+02 1.325433877700801588e+02 1.286920981725773627e+00
9.307173913043480695e+01 1.015046153846153913e+02 8.678822222222221683e+01 9.006163043478261443e+01 1.336160869565217126e+02 1.350451648351648259e+02 1.231352222222221968e+02 1.499322826086956582e+02 9.285655179301375028e+01 1.269170616831236202e+02 1.366807825968317847e+00
9.634586956521741286e+01 9.307173913043480695e+01 1.015046153846153913e+02 8.678822222222221683e+01 9.006163043478261443e+01 1.336160869565217126e+02 1.350451648351648259e+02 1.231352222222221968e+02 9.442761157562244989e+01 1.152571432048627713e+02 1.220587297313550756e+00
1.222897777777777719e+02 9.634586956521741286e+01 9.307173913043480695e+01 1.015046153846153913e+02 8.678822222222221683e+01 9.006163043478261443e+01 1.336160869565217126e+02 1.350451648351648259e+02 1.033030004645113422e+02 1.097628209826405481e+02 1.062532748217206002e+00
7.563967032967032367e+01 1.222897777777777719e+02 9.634586956521741286e+01 9.307173913043480695e+01 1.015046153846153913e+02 8.678822222222221683e+01 9.006163043478261443e+01 1.336160869565217126e+02 9.683676420077507885e+01 1.017614638397834028e+02 1.050855681513663153e+00
6.349619565217393102e+01 7.563967032967032367e+01 1.222897777777777719e+02 9.634586956521741286e+01 9.307173913043480695e+01 1.015046153846153913e+02 8.678822222222221683e+01 9.006163043478261443e+01 8.944287833120986875e+01 9.217381710065296829e+01 1.030532769298080353e+00
9.525293478260870472e+01 6.349619565217393102e+01 7.563967032967032367e+01 1.222897777777777719e+02 9.634586956521741286e+01 9.307173913043480695e+01 1.015046153846153913e+02 8.678822222222221683e+01 8.916964463555768816e+01 9.337601818760950323e+01 1.047172707362954647e+00
9.597439560439562456e+01 9.525293478260870472e+01 6.349619565217393102e+01 7.563967032967032367e+01 1.222897777777777719e+02 9.634586956521741286e+01 9.307173913043480695e+01 1.015046153846153913e+02 8.259079909221213711e+01 9.916056019005149835e+01 1.200624782420852021e+00
7.080802197802196929e+01 9.597439560439562456e+01 9.525293478260870472e+01 6.349619565217393102e+01 7.563967032967032367e+01 1.222897777777777719e+02 9.634586956521741286e+01 9.307173913043480695e+01 8.138288700430005917e+01 9.374598876148007776e+01 1.151912794105310889e+00
6.917489130434782396e+01 7.080802197802196929e+01 9.597439560439562456e+01 9.525293478260870472e+01 6.349619565217393102e+01 7.563967032967032367e+01 1.222897777777777719e+02 9.634586956521741286e+01 8.280256091734352708e+01 8.811481484843659473e+01 1.064155671904833289e+00
6.569260869565216865e+01 6.917489130434782396e+01 7.080802197802196929e+01 9.597439560439562456e+01 9.525293478260870472e+01 6.349619565217393102e+01 7.563967032967032367e+01 1.222897777777777719e+02 7.541247939560440727e+01 8.641821158756702914e+01 1.145940463437462808e+00
6.721722222222223309e+01 6.569260869565216865e+01 6.917489130434782396e+01 7.080802197802196929e+01 9.597439560439562456e+01 9.525293478260870472e+01 6.349619565217393102e+01 7.563967032967032367e+01 6.822318605006104519e+01 7.971727648378191589e+01 1.168477772722116725e+00
7.138692307692308248e+01 6.721722222222223309e+01 6.569260869565216865e+01 6.917489130434782396e+01 7.080802197802196929e+01 9.597439560439562456e+01 9.525293478260870472e+01 6.349619565217393102e+01 6.836791132478631994e+01 7.877989186839731417e+01 1.152293383575054397e+00
5.893684782608695372e+01 7.138692307692308248e+01 6.721722222222223309e+01 6.569260869565216865e+01 6.917489130434782396e+01 7.080802197802196929e+01 9.597439560439562456e+01 9.525293478260870472e+01 6.580840045522110415e+01 7.940372882491904249e+01 1.206589558105864990e+00
7.318510869565217547e+01 5.893684782608695372e+01 7.138692307692308248e+01 6.721722222222223309e+01 6.569260869565216865e+01 6.917489130434782396e+01 7.080802197802196929e+01 9.597439560439562456e+01 6.768152545522110586e+01 7.386628860752774983e+01 1.091380374640027240e+00
8.914455555555555577e+01 7.318510869565217547e+01 5.893684782608695372e+01 7.138692307692308248e+01 6.721722222222223309e+01 6.569260869565216865e+01 6.917489130434782396e+01 7.080802197802196929e+01 7.316335878855444719e+01 6.921122059775971991e+01 9.459820016981916879e-01
6.901175824175824403e+01 8.914455555555555577e+01 7.318510869565217547e+01 5.893684782608695372e+01 7.138692307692308248e+01 6.721722222222223309e+01 6.569260869565216865e+01 6.917489130434782396e+01 7.256956757976323047e+01 6.920824257578169636e+01 9.536813416962005574e-01
1.141785869565217411e+02 6.901175824175824403e+01 8.914455555555555577e+01 7.318510869565217547e+01 5.893684782608695372e+01 7.138692307692308248e+01 6.721722222222223309e+01 6.569260869565216865e+01 8.638000236237192553e+01 6.992272083665127980e+01 8.094781074827844813e-01
9.762413043478261443e+01 1.141785869565217411e+02 6.901175824175824403e+01 8.914455555555555577e+01 7.318510869565217547e+01 5.893684782608695372e+01 7.138692307692308248e+01 6.721722222222223309e+01 9.248975779715453882e+01 7.264317192360779529e+01 7.854185550245075254e-01
7.062788888888887584e+01 9.762413043478261443e+01 1.141785869565217411e+02 6.901175824175824403e+01 8.914455555555555577e+01 7.318510869565217547e+01 5.893684782608695372e+01 7.138692307692308248e+01 8.786059113048787594e+01 7.610280525694113862e+01 8.661767952814655169e-01
4.991978021978021474e+01 7.062788888888887584e+01 9.762413043478261443e+01 1.141785869565217411e+02 6.901175824175824403e+01 8.914455555555555577e+01 7.318510869565217547e+01 5.893684782608695372e+01 8.308759662499335263e+01 7.467317338880926059e+01 8.987282870370933985e-01
6.094749999999999801e+01 4.991978021978021474e+01 7.062788888888887584e+01 9.762413043478261443e+01 1.141785869565217411e+02 6.901175824175824403e+01 8.914455555555555577e+01 7.318510869565217547e+01 6.977982488586292220e+01 8.305996686707013055e+01 1.190314922729158509e+00
6.130184782608694860e+01 6.094749999999999801e+01 4.991978021978021474e+01 7.062788888888887584e+01 9.762413043478261443e+01 1.141785869565217411e+02 6.901175824175824403e+01 8.914455555555555577e+01 6.069925423368900397e+01 8.613165708446142332e+01 1.418990367704666911e+00
5.787186813186813339e+01 6.130184782608694860e+01 6.094749999999999801e+01 4.991978021978021474e+01 7.062788888888887584e+01 9.762413043478261443e+01 1.141785869565217411e+02 6.901175824175824403e+01 5.751024904443382724e+01 8.179052271327705625e+01 1.422190376015998403e+00
6.827417582417581343e+01 5.787186813186813339e+01 6.130184782608694860e+01 6.094749999999999801e+01 4.991978021978021474e+01 7.062788888888887584e+01 9.762413043478261443e+01 1.141785869565217411e+02 6.209884794553271803e+01 7.888984688910122145e+01 1.270391472613082717e+00
5.637565217391304628e+01 6.827417582417581343e+01 5.787186813186813339e+01 6.130184782608694860e+01 6.094749999999999801e+01 4.991978021978021474e+01 7.062788888888887584e+01 9.762413043478261443e+01 6.095588598901098010e+01 6.801503710649254231e+01 1.115807538565745327e+00
1.098393478260869500e+02 5.637565217391304628e+01 6.827417582417581343e+01 5.787186813186813339e+01 6.130184782608694860e+01 6.094749999999999801e+01 4.991978021978021474e+01 7.062788888888887584e+01 7.309026098901098578e+01 6.317745558475339607e+01 8.643758379006477588e-01
1.233474444444444487e+02 1.098393478260869500e+02 5.637565217391304628e+01 6.827417582417581343e+01 5.787186813186813339e+01 6.130184782608694860e+01 6.094749999999999801e+01 4.991978021978021474e+01 8.945915506715506638e+01 6.390003024897807649e+01 7.142927987751470642e-01
9.074868131868130661e+01 1.233474444444444487e+02 1.098393478260869500e+02 5.637565217391304628e+01 6.827417582417581343e+01 5.787186813186813339e+01 6.130184782608694860e+01 6.094749999999999801e+01 9.507778144078145033e+01 6.869463464458246449e+01 7.225098609118099091e-01
1.346954347826086860e+02 9.074868131868130661e+01 1.233474444444444487e+02 1.098393478260869500e+02 5.637565217391304628e+01 6.827417582417581343e+01 5.787186813186813339e+01 6.130184782608694860e+01 1.146577270929553549e+02 7.169625420979984654e+01 6.253067806906221771e-01
1.729882608695652380e+02 1.346954347826086860e+02 9.074868131868130661e+01 1.233474444444444487e+02 1.098393478260869500e+02 5.637565217391304628e+01 6.827417582417581343e+01 5.787186813186813339e+01 1.304449553538249233e+02 8.456119986197377614e+01 6.482519744255810235e-01
1.083032222222222316e+02 1.729882608695652380e+02 1.346954347826086860e+02 9.074868131868130661e+01 1.233474444444444487e+02 1.098393478260869500e+02 5.637565217391304628e+01 6.827417582417581343e+01 1.266838997982693655e+02 9.690410401337791768e+01 7.649283308114717128e-01
8.381571428571426452e+01 1.083032222222222316e+02 1.729882608695652380e+02 1.346954347826086860e+02 9.074868131868130661e+01 1.233474444444444487e+02 1.098393478260869500e+02 5.637565217391304628e+01 1.249506580400276050e+02 1.010523567606306869e+02 8.087380918655012740e-01
1.266659782608695508e+02 8.381571428571426452e+01 1.083032222222222316e+02 1.729882608695652380e+02 1.346954347826086860e+02 9.074868131868130661e+01 1.233474444444444487e+02 1.098393478260869500e+02 1.229432939095928248e+02 1.163148404562828517e+02 9.460852784846951469e-01
1.344988043478261091e+02 1.266659782608695508e+02 8.381571428571426452e+01 1.083032222222222316e+02 1.729882608695652380e+02 1.346954347826086860e+02 9.074868131868130661e+01 1.233474444444444487e+02 1.133209297791580354e+02 1.270201502388915458e+02 1.120888705082378145e+00
1.966336666666666417e+02 1.344988043478261091e+02 1.266659782608695508e+02 8.381571428571426452e+01 1.083032222222222316e+02 1.729882608695652380e+02 1.346954347826086860e+02 9.074868131868130661e+01 1.354035408902691415e+02 1.284278280166693094e+02 9.484820498213341056e-01
1.138378021978022190e+02 1.966336666666666417e+02 1.344988043478261091e+02 1.266659782608695508e+02 8.381571428571426452e+01 1.083032222222222316e+02 1.729882608695652380e+02 1.346954347826086860e+02 1.429090628682911301e+02 1.285423390056803044e+02 8.994694697854705989e-01
8.940250000000000341e+01 1.138378021978022190e+02 1.966336666666666417e+02 1.344988043478261091e+02 1.266659782608695508e+02 8.381571428571426452e+01 1.083032222222222316e+02 1.729882608695652380e+02 1.335931933030737468e+02 1.250732737882890007e+02 9.362248981094704048e-01
6.700489130434782226e+01 8.940250000000000341e+01 1.138378021978022190e+02 1.966336666666666417e+02 1.344988043478261091e+02 1.266659782608695508e+02 8.381571428571426452e+01 1.083032222222222316e+02 1.167197150422041716e+02 1.140006868317672541e+02 9.767046363208327087e-01
7.975527472527471673e+01 6.700489130434782226e+01 8.940250000000000341e+01 1.138378021978022190e+02 1.966336666666666417e+02 1.344988043478261091e+02 1.266659782608695508e+02 8.381571428571426452e+01 8.750011705685619745e+01 1.258228561235865470e+02 1.437973574844806590e+00
7.203186813186813708e+01 7.975527472527471673e+01 6.700489130434782226e+01 8.940250000000000341e+01 1.138378021978022190e+02 1.966336666666666417e+02 1.344988043478261091e+02 1.266659782608695508e+02 7.704863354037266276e+01 1.297369770027074196e+02 1.683832289312783503e+00
6.873684782608695798e+01 7.203186813186813708e+01 7.975527472527471673e+01 6.700489130434782226e+01 8.940250000000000341e+01 1.138378021978022190e+02 1.966336666666666417e+02 1.344988043478261091e+02 7.188222049689440496e+01 1.212509987418378898e+02 1.686800962792689651e+00
7.158956521739129641e+01 6.873684782608695798e+01 7.203186813186813708e+01 7.975527472527471673e+01 6.700489130434782226e+01 8.940250000000000341e+01 1.138378021978022190e+02 1.966336666666666417e+02 7.302838897515528060e+01 1.079814498287943962e+02 1.478622921087994424e+00
6.210888888888889170e+01 7.158956521739129641e+01 6.873684782608695798e+01 7.203186813186813708e+01 7.975527472527471673e+01 6.700489130434782226e+01 8.940250000000000341e+01 1.138378021978022190e+02 6.861679251605882257e+01 8.372345214869672247e+01 1.220159804600344566e+00
6.648043956043957792e+01 6.210888888888889170e+01 7.158956521739129641e+01 6.873684782608695798e+01 7.203186813186813708e+01 7.975527472527471673e+01 6.700489130434782226e+01 8.940250000000000341e+01 6.722893537320167923e+01 7.508469390693846890e+01 1.116850854325267095e+00
6.384369565217392051e+01 6.648043956043957792e+01 6.210888888888889170e+01 7.158956521739129641e+01 6.873684782608695798e+01 7.203186813186813708e+01 7.975527472527471673e+01 6.700489130434782226e+01 6.600564732972341631e+01 7.070690586346020723e+01 1.071225095486939338e+00
5.735804347826086769e+01 6.384369565217392051e+01 6.648043956043957792e+01 6.210888888888889170e+01 7.158956521739129641e+01 6.873684782608695798e+01 7.203186813186813708e+01 7.975527472527471673e+01 6.244776689494081268e+01 7.091226455911238702e+01 1.135545241808435746e+00
5.804911111111110955e+01 5.735804347826086769e+01 6.384369565217392051e+01 6.648043956043957792e+01 6.210888888888889170e+01 7.158956521739129641e+01 6.873684782608695798e+01 7.203186813186813708e+01 6.143282245049636714e+01 6.717999850294633291e+01 1.093552205860004900e+00
6.838516483516484357e+01 5.804911111111110955e+01 5.735804347826086769e+01 6.384369565217392051e+01 6.648043956043957792e+01 6.210888888888889170e+01 7.158956521739129641e+01 6.873684782608695798e+01 6.190900376917768710e+01 6.616494905239687796e+01 1.068745174758216177e+00
6.191163043478259453e+01 6.838516483516484357e+01 5.804911111111110955e+01 5.735804347826086769e+01 6.384369565217392051e+01 6.648043956043957792e+01 6.210888888888889170e+01 7.158956521739129641e+01 6.142598746482985206e+01 6.508971535674470488e+01 1.059644590882850013e+00
4.371804347826087422e+01 6.191163043478259453e+01 6.838516483516484357e+01 5.804911111111110955e+01 5.735804347826086769e+01 6.384369565217392051e+01 6.648043956043957792e+01 6.210888888888889170e+01 5.801598746482985547e+01 6.156141100891861839e+01 1.061111147099548235e+00
5.662933333333332797e+01 4.371804347826087422e+01 6.191163043478259453e+01 6.838516483516484357e+01 5.804911111111110955e+01 5.735804347826086769e+01 6.384369565217392051e+01 6.648043956043957792e+01 5.766104302038540652e+01 6.067846656447417075e+01 1.052330367021317770e+00
5.038043956043956939e+01 5.662933333333332797e+01 4.371804347826087422e+01 6.191163043478259453e+01 6.838516483516484357e+01 5.804911111111110955e+01 5.735804347826086769e+01 6.384369565217392051e+01 5.315986170170408798e+01 6.015917535568296159e+01 1.131665384933732810e+00
6.671728260869565474e+01 5.038043956043956939e+01 5.662933333333332797e+01 4.371804347826087422e+01 6.191163043478259453e+01 6.838516483516484357e+01 5.804911111111110955e+01 5.735804347826086769e+01 5.436127474518235658e+01 6.001304492090034870e+01 1.103966844085437327e+00
7.626282608695650822e+01 6.671728260869565474e+01 5.038043956043956939e+01 5.662933333333332797e+01 4.371804347826087422e+01 6.191163043478259453e+01 6.838516483516484357e+01 5.804911111111110955e+01 6.249747039735627396e+01 5.891228405133514201e+01 9.426346966808949457e-01
1.411625274725274721e+02 7.626282608695650822e+01 6.671728260869565474e+01 5.038043956043956939e+01 5.662933333333332797e+01 4.371804347826087422e+01 6.191163043478259453e+01 6.838516483516484357e+01 8.363076893215480823e+01 6.285498820273928544e+01 7.515773082719136022e-01
9.445241758241758134e+01 1.411625274725274721e+02 7.626282608695650822e+01 6.671728260869565474e+01 5.038043956043956939e+01 5.662933333333332797e+01 4.371804347826087422e+01 6.191163043478259453e+01 9.464876343764930766e+01 6.145764204889312765e+01 6.493232432918035757e-01
1.250863043478260863e+02 9.445241758241758134e+01 1.411625274725274721e+02 7.626282608695650822e+01 6.671728260869565474e+01 5.038043956043956939e+01 5.662933333333332797e+01 4.371804347826087422e+01 1.092410188724319227e+02 6.533722357063227548e+01 5.981015578674796496e-01
2.096803260869565690e+02 1.250863043478260863e+02 9.445241758241758134e+01 1.411625274725274721e+02 7.626282608695650822e+01 6.671728260869565474e+01 5.038043956043956939e+01 5.662933333333332797e+01 1.425953938724319414e+02 7.851705509237140745e+01 5.506282703816786084e-01
2.138644444444444446e+02 2.096803260869565690e+02 1.250863043478260863e+02 9.445241758241758134e+01 1.411625274725274721e+02 7.626282608695650822e+01 6.671728260869565474e+01 5.038043956043956939e+01 1.607708731154111774e+02 9.905878976880607922e+01 6.161488573722904150e-01
1.230971428571428845e+02 2.138644444444444446e+02 2.096803260869565690e+02 1.250863043478260863e+02 9.445241758241758134e+01 1.411625274725274721e+02 7.626282608695650822e+01 6.671728260869565474e+01 1.679320544340924926e+02 1.093054216369379503e+02 6.508907546286021306e-01
1.026279347826087047e+02 1.230971428571428845e+02 2.138644444444444446e+02 2.096803260869565690e+02 1.250863043478260863e+02 9.445241758241758134e+01 1.411625274725274721e+02 7.626282608695650822e+01 1.623174620427881507e+02 1.198563075065031569e+02 7.384067370084193005e-01
1.076023913043478331e+02 1.026279347826087047e+02 1.230971428571428845e+02 2.138644444444444446e+02 2.096803260869565690e+02 1.250863043478260863e+02 9.445241758241758134e+01 1.411625274725274721e+02 1.367979783471359667e+02 1.414359107673727465e+02 1.033903515799536432e+00
1.391006666666666547e+02 1.076023913043478331e+02 1.026279347826087047e+02 1.230971428571428845e+02 2.138644444444444446e+02 2.096803260869565690e+02 1.250863043478260863e+02 9.445241758241758134e+01 1.181070339026915264e+02 1.522381052728672444e+02 1.288984239484807670e+00
1.115265934065934204e+02 1.391006666666666547e+02 1.076023913043478331e+02 1.026279347826087047e+02 1.230971428571428845e+02 2.138644444444444446e+02 2.096803260869565690e+02 1.250863043478260863e+02 1.152143965400541390e+02 1.573885228552848332e+02 1.366049101342720729e+00
1.837418478260869676e+02 1.115265934065934204e+02 1.391006666666666547e+02 1.076023913043478331e+02 1.026279347826087047e+02 1.230971428571428845e+02 2.138644444444444446e+02 2.096803260869565690e+02 1.354928748009237154e+02 1.569525445944152580e+02 1.158382275267402006e+00
1.857309782608695627e+02 1.837418478260869676e+02 1.115265934065934204e+02 1.391006666666666547e+02 1.076023913043478331e+02 1.026279347826087047e+02 1.230971428571428845e+02 2.138644444444444446e+02 1.550250215400541265e+02 1.404433869857195987e+02 9.059401223784572244e-01
1.334538888888888835e+02 1.857309782608695627e+02 1.837418478260869676e+02 1.115265934065934204e+02 1.391006666666666547e+02 1.076023913043478331e+02 1.026279347826087047e+02 1.230971428571428845e+02 1.536133270956097192e+02 1.252082925412751564e+02 8.150874335489450839e-01
1.115654945054945131e+02 1.334538888888888835e+02 1.857309782608695627e+02 1.837418478260869676e+02 1.115265934065934204e+02 1.391006666666666547e+02 1.076023913043478331e+02 1.026279347826087047e+02 1.536230523703349888e+02 1.228961277061103203e+02 7.999849359186530506e-01
2.252320652173913231e+02 1.115654945054945131e+02 1.334538888888888835e+02 1.857309782608695627e+02 1.837418478260869676e+02 1.115265934065934204e+02 1.391006666666666547e+02 1.076023913043478331e+02 1.639956067181610706e+02 1.411934211843711751e+02 8.609585586461643292e-01
1.513493478260869836e+02 2.252320652173913231e+02 1.115654945054945131e+02 1.334538888888888835e+02 1.857309782608695627e+02 1.837418478260869676e+02 1.115265934065934204e+02 1.391006666666666547e+02 1.554001991094654045e+02 1.551000570539363821e+02 9.980685864159183351e-01
1.198575824175823925e+02 1.513493478260869836e+02 2.252320652173913231e+02 1.115654945054945131e+02 1.334538888888888835e+02 1.857309782608695627e+02 1.837418478260869676e+02 1.115265934065934204e+02 1.520011224916387960e+02 1.532908861748155118e+02 1.008485224727519114e+00
1.281828571428571308e+02 1.198575824175823925e+02 1.513493478260869836e+02 2.252320652173913231e+02 1.115654945054945131e+02 1.334538888888888835e+02 1.857309782608695627e+02 1.837418478260869676e+02 1.561554631509794717e+02 1.541295345264638854e+02 9.870262071935529402e-01
1.560490217391304384e+02 1.281828571428571308e+02 1.198575824175823925e+02 1.513493478260869836e+02 2.252320652173913231e+02 1.115654945054945131e+02 1.334538888888888835e+02 1.857309782608695627e+02 1.388597022814142292e+02 1.589684258308116966e+02 1.144813241127688341e+00
1.937309782608695912e+02 1.560490217391304384e+02 1.281828571428571308e+02 1.198575824175823925e+02 1.513493478260869836e+02 2.252320652173913231e+02 1.115654945054945131e+02 1.334538888888888835e+02 1.494551098901098953e+02 1.542111812655943197e+02 1.031822741818472666e+00
1.629185555555555709e+02 1.937309782608695912e+02 1.560490217391304384e+02 1.281828571428571308e+02 1.198575824175823925e+02 1.513493478260869836e+02 2.252320652173913231e+02 1.115654945054945131e+02 1.602203531746031899e+02 1.536449686282316520e+02 9.589603666694836992e-01
8.301967032967033333e+01 1.629185555555555709e+02 1.937309782608695912e+02 1.560490217391304384e+02 1.281828571428571308e+02 1.198575824175823925e+02 1.513493478260869836e+02 2.252320652173913231e+02 1.489295564713064834e+02 1.547102818150448797e+02 1.038815165241240290e+00
1.007676086956521573e+02 8.301967032967033333e+01 1.629185555555555709e+02 1.937309782608695912e+02 1.560490217391304384e+02 1.281828571428571308e+02 1.198575824175823925e+02 1.513493478260869836e+02 1.351092032104369309e+02 1.381096024672187639e+02 1.022207215981494777e+00
1.173726086956522039e+02 1.007676086956521573e+02 8.301967032967033333e+01 1.629185555555555709e+02 1.937309782608695912e+02 1.560490217391304384e+02 1.281828571428571308e+02 1.198575824175823925e+02 1.160196108191325663e+02 1.427680100759144466e+02 1.230550672148702507e+00
8.403400000000002024e+01 1.173726086956522039e+02 1.007676086956521573e+02 8.301967032967033333e+01 1.629185555555555709e+02 1.937309782608695912e+02 1.560490217391304384e+02 1.281828571428571308e+02 9.629847193024366447e+01 1.474359769257312678e+02 1.531031323451636839e+00
6.703472527472528952e+01 8.403400000000002024e+01 1.173726086956522039e+02 1.007676086956521573e+02 8.301967032967033333e+01 1.629185555555555709e+02 1.937309782608695912e+02 1.560490217391304384e+02 9.230223566650741418e+01 1.376040923103466582e+02 1.490799126551139109e+00
6.133597826086956672e+01 6.703472527472528952e+01 8.403400000000002024e+01 1.173726086956522039e+02 1.007676086956521573e+02 8.301967032967033333e+01 1.629185555555555709e+02 1.937309782608695912e+02 8.244432805781177365e+01 1.245762281799118938e+02 1.511034550400560006e+00
6.362684782608695855e+01 6.133597826086956672e+01 6.703472527472528952e+01 8.403400000000002024e+01 1.173726086956522039e+02 1.007676086956521573e+02 8.301967032967033333e+01 1.629185555555555709e+02 6.900788784042046586e+01 1.066172662233901463e+02 1.545001152186264770e+00
7.058955555555554895e+01 6.362684782608695855e+01 6.133597826086956672e+01 6.703472527472528952e+01 8.403400000000002024e+01 1.173726086956522039e+02 1.007676086956521573e+02 8.301967032967033333e+01 6.564677672930935159e+01 9.016813289005679621e+01 1.373534808294698539e+00
6.527835164835164505e+01 7.058955555555554895e+01 6.362684782608695855e+01 6.133597826086956672e+01 6.703472527472528952e+01 8.403400000000002024e+01 1.173726086956522039e+02 1.007676086956521573e+02 6.520768332271592271e+01 8.688332519774911589e+01 1.332409323112422328e+00
7.904206521739131119e+01 6.527835164835164505e+01 7.058955555555554895e+01 6.362684782608695855e+01 6.133597826086956672e+01 6.703472527472528952e+01 8.403400000000002024e+01 1.173726086956522039e+02 6.963420506184635883e+01 7.988230345861867931e+01 1.147170465831703901e+00
6.420782608695651561e+01 7.904206521739131119e+01 6.527835164835164505e+01 7.058955555555554895e+01 6.362684782608695855e+01 6.133597826086956672e+01 6.703472527472528952e+01 8.403400000000002024e+01 6.977944962706375520e+01 6.916220019774911520e+01 9.911542806282719331e-01
7.421241758241757225e+01 6.420782608695651561e+01 7.904206521739131119e+01 6.527835164835164505e+01 7.058955555555554895e+01 6.362684782608695855e+01 6.133597826086956672e+01 6.703472527472528952e+01 7.068516513377926458e+01 6.665445441020332851e+01 9.429765677713649596e-01
8.014439560439561205e+01 7.421241758241757225e+01 6.420782608695651561e+01 7.904206521739131119e+01 6.527835164835164505e+01 7.058955555555554895e+01 6.362684782608695855e+01 6.133597826086956672e+01 7.440167612279024922e+01 6.704648188273078802e+01 9.011420894884051291e-01
7.236130434782609200e+01 8.014439560439561205e+01 7.421241758241757225e+01 6.420782608695651561e+01 7.904206521739131119e+01 6.527835164835164505e+01 7.058955555555554895e+01 6.362684782608695855e+01 7.273148590539895508e+01 7.025366123055687240e+01 9.659318843277179267e-01
1.061385869565217632e+02 7.236130434782609200e+01 8.014439560439561205e+01 7.421241758241757225e+01 6.420782608695651561e+01 7.904206521739131119e+01 6.527835164835164505e+01 7.058955555555554895e+01 8.321417612279024922e+01 7.246639492620906253e+01 8.708419442773568386e-01
1.256734444444444563e+02 1.061385869565217632e+02 7.236130434782609200e+01 8.014439560439561205e+01 7.421241758241757225e+01 6.420782608695651561e+01 7.904206521739131119e+01 6.527835164835164505e+01 9.607943283829698089e+01 7.576401867468280216e+01 7.885560565516107623e-01
9.615780219780218374e+01 1.256734444444444563e+02 1.061385869565217632e+02 7.236130434782609200e+01 8.014439560439561205e+01 7.421241758241757225e+01 6.420782608695651561e+01 7.904206521739131119e+01 1.000827844866486203e+02 7.953789779556191775e+01 7.947210721957135293e-01
8.598086956521740376e+01 9.615780219780218374e+01 1.256734444444444563e+02 1.061385869565217632e+02 7.236130434782609200e+01 8.014439560439561205e+01 7.421241758241757225e+01 6.420782608695651561e+01 1.034876757909964482e+02 7.888272388251844802e+01 7.622426852239863049e-01
