6.152160000000000082e+02 6.005960000000000036e+02 5.907330000000000609e+02 5.731770000000000209e+02 5.681860000000000355e+02 5.551490000000000009e+02 5.459259999999999309e+02 5.382350000000000136e+02 5.949305000000000518e+02 5.604853000000000520e+02 9.421021447042974284e-01
6.252830000000000155e+02 6.152160000000000082e+02 6.005960000000000036e+02 5.907330000000000609e+02 5.731770000000000209e+02 5.681860000000000355e+02 5.551490000000000009e+02 5.459259999999999309e+02 6.079569999999999936e+02 5.700789999999999509e+02 9.376962515441058521e-01
6.261630000000000109e+02 6.252830000000000155e+02 6.152160000000000082e+02 6.005960000000000036e+02 5.907330000000000609e+02 5.731770000000000209e+02 5.681860000000000355e+02 5.551490000000000009e+02 6.168144999999999527e+02 5.808118999999999232e+02 9.416313980945648643e-01
6.393650000000000091e+02 6.261630000000000109e+02 6.252830000000000155e+02 6.152160000000000082e+02 6.005960000000000036e+02 5.907330000000000609e+02 5.731770000000000209e+02 5.681860000000000355e+02 6.265067500000000109e+02 5.918397500000000946e+02 9.446661987281064210e-01
6.413969999999999345e+02 6.393650000000000091e+02 6.261630000000000109e+02 6.252830000000000155e+02 6.152160000000000082e+02 6.005960000000000036e+02 5.907330000000000609e+02 5.731770000000000209e+02 6.330520000000000209e+02 6.025548000000001139e+02 9.518251265298902641e-01
6.436030000000000655e+02 6.413969999999999345e+02 6.393650000000000091e+02 6.261630000000000109e+02 6.252830000000000155e+02 6.152160000000000082e+02 6.005960000000000036e+02 5.907330000000000609e+02 6.376320000000000618e+02 6.138920000000000528e+02 9.627684934256749427e-01
6.530940000000000509e+02 6.436030000000000655e+02 6.413969999999999345e+02 6.393650000000000091e+02 6.261630000000000109e+02 6.252830000000000155e+02 6.152160000000000082e+02 6.005960000000000036e+02 6.443647499999999582e+02 6.223245499999999311e+02 9.657954597919888862e-01
6.508969999999999345e+02 6.530940000000000509e+02 6.436030000000000655e+02 6.413969999999999345e+02 6.393650000000000091e+02 6.261630000000000109e+02 6.252830000000000155e+02 6.152160000000000082e+02 6.472477499999999964e+02 6.306549499999999853e+02 9.743640669280040356e-01
6.716000000000000227e+02 6.508969999999999345e+02 6.530940000000000509e+02 6.436030000000000655e+02 6.413969999999999345e+02 6.393650000000000091e+02 6.261630000000000109e+02 6.252830000000000155e+02 6.547984999999999900e+02 6.374012999999999920e+02 9.734312158625897382e-01
6.812310000000001082e+02 6.716000000000000227e+02 6.508969999999999345e+02 6.530940000000000509e+02 6.436030000000000655e+02 6.413969999999999345e+02 6.393650000000000091e+02 6.261630000000000109e+02 6.642055000000000291e+02 6.429467000000000780e+02 9.679936405223986684e-01
7.069880000000000564e+02 6.812310000000001082e+02 6.716000000000000227e+02 6.508969999999999345e+02 6.530940000000000509e+02 6.436030000000000655e+02 6.413969999999999345e+02 6.393650000000000091e+02 6.776789999999999736e+02 6.510276000000000067e+02 9.606725307999806063e-01
7.368830000000000382e+02 7.069880000000000564e+02 6.812310000000001082e+02 6.716000000000000227e+02 6.508969999999999345e+02 6.530940000000000509e+02 6.436030000000000655e+02 6.413969999999999345e+02 6.991755000000000564e+02 6.576333000000000766e+02 9.405840164593868291e-01
7.586489999999998872e+02 7.368830000000000382e+02 7.069880000000000564e+02 6.812310000000001082e+02 6.716000000000000227e+02 6.508969999999999345e+02 6.530940000000000509e+02 6.436030000000000655e+02 7.209377500000000509e+02 6.680263499999999794e+02 9.266075330359658802e-01
7.815729999999999791e+02 7.586489999999998872e+02 7.368830000000000382e+02 7.069880000000000564e+02 6.812310000000001082e+02 6.716000000000000227e+02 6.508969999999999345e+02 6.530940000000000509e+02 7.460232499999999618e+02 6.805690500000000611e+02 9.122625199683791486e-01
7.988510000000001128e+02 7.815729999999999791e+02 7.586489999999998872e+02 7.368830000000000382e+02 7.069880000000000564e+02 6.812310000000001082e+02 6.716000000000000227e+02 6.508969999999999345e+02 7.689890000000000327e+02 6.959410000000000309e+02 9.050077439339184737e-01
8.313989999999998872e+02 7.988510000000001128e+02 7.815729999999999791e+02 7.586489999999998872e+02 7.368830000000000382e+02 7.069880000000000564e+02 6.812310000000001082e+02 6.716000000000000227e+02 7.926179999999999382e+02 7.178640000000000327e+02 9.056872289047184221e-01
8.394220000000000255e+02 8.313989999999998872e+02 7.988510000000001128e+02 7.815729999999999791e+02 7.586489999999998872e+02 7.368830000000000382e+02 7.069880000000000564e+02 6.812310000000001082e+02 8.128112499999999727e+02 7.393124500000000126e+02 9.095745783538307094e-01
8.479400000000000546e+02 8.394220000000000255e+02 8.313989999999998872e+02 7.988510000000001128e+02 7.815729999999999791e+02 7.586489999999998872e+02 7.368830000000000382e+02 7.069880000000000564e+02 8.294030000000000200e+02 7.626992000000000189e+02 9.195761288541276501e-01
8.590460000000000491e+02 8.479400000000000546e+02 8.394220000000000255e+02 8.313989999999998872e+02 7.988510000000001128e+02 7.815729999999999791e+02 7.586489999999998872e+02 7.368830000000000382e+02 8.444517500000000609e+02 7.840815500000001066e+02 9.285095921703045985e-01
8.595769999999999982e+02 8.590460000000000491e+02 8.479400000000000546e+02 8.394220000000000255e+02 8.313989999999998872e+02 7.988510000000001128e+02 7.815729999999999791e+02 7.586489999999998872e+02 8.514962500000000318e+02 8.043936499999999796e+02 9.446825514498742304e-01
9.037970000000000255e+02 8.595769999999999982e+02 8.590460000000000491e+02 8.479400000000000546e+02 8.394220000000000255e+02 8.313989999999998872e+02 7.988510000000001128e+02 7.815729999999999791e+02 8.675900000000000318e+02 8.237670000000000528e+02 9.494888138406389899e-01
9.183739999999999100e+02 9.037970000000000255e+02 8.595769999999999982e+02 8.590460000000000491e+02 8.479400000000000546e+02 8.394220000000000255e+02 8.313989999999998872e+02 7.988510000000001128e+02 8.851984999999999673e+02 8.405620999999998730e+02 9.495746999119405451e-01
9.544500000000000455e+02 9.183739999999999100e+02 9.037970000000000255e+02 8.595769999999999982e+02 8.590460000000000491e+02 8.479400000000000546e+02 8.394220000000000255e+02 8.313989999999998872e+02 9.090495000000000800e+02 8.573713000000000193e+02 9.431513905458392966e-01
9.740570000000000164e+02 9.544500000000000455e+02 9.183739999999999100e+02 9.037970000000000255e+02 8.595769999999999982e+02 8.590460000000000491e+02 8.479400000000000546e+02 8.394220000000000255e+02 9.376694999999999709e+02 8.687309000000001333e+02 9.264787859688303762e-01
9.683339999999999463e+02 9.740570000000000164e+02 9.544500000000000455e+02 9.183739999999999100e+02 9.037970000000000255e+02 8.595769999999999982e+02 8.590460000000000491e+02 8.479400000000000546e+02 9.538037500000000364e+02 8.848327499999999191e+02 9.276884788930636061e-01
9.630210000000000719e+02 9.683339999999999463e+02 9.740570000000000164e+02 9.544500000000000455e+02 9.183739999999999100e+02 9.037970000000000255e+02 8.595769999999999982e+02 8.590460000000000491e+02 9.649655000000000200e+02 9.011519000000000688e+02 9.338695528492988451e-01
9.472949999999999591e+02 9.630210000000000719e+02 9.683339999999999463e+02 9.740570000000000164e+02 9.544500000000000455e+02 9.183739999999999100e+02 9.037970000000000255e+02 8.595769999999999982e+02 9.631767500000000837e+02 9.198749500000001262e+02 9.550427271007113639e-01
9.352630000000000337e+02 9.472949999999999591e+02 9.630210000000000719e+02 9.683339999999999463e+02 9.740570000000000164e+02 9.544500000000000455e+02 9.183739999999999100e+02 9.037970000000000255e+02 9.534782500000000027e+02 9.408312499999999545e+02 9.867359323613307254e-01
9.663400000000000318e+02 9.352630000000000337e+02 9.472949999999999591e+02 9.630210000000000719e+02 9.683339999999999463e+02 9.740570000000000164e+02 9.544500000000000455e+02 9.183739999999999100e+02 9.529797500000000809e+02 9.536389500000001362e+02 1.000691725086498396e+00
9.615729999999999791e+02 9.663400000000000318e+02 9.352630000000000337e+02 9.472949999999999591e+02 9.630210000000000719e+02 9.683339999999999463e+02 9.740570000000000164e+02 9.544500000000000455e+02 9.526177500000000009e+02 9.624959500000001071e+02 1.010369531745550775e+00
9.727530000000000427e+02 9.615729999999999791e+02 9.663400000000000318e+02 9.352630000000000337e+02 9.472949999999999591e+02 9.630210000000000719e+02 9.683339999999999463e+02 9.740570000000000164e+02 9.589822500000000218e+02 9.623378500000001168e+02 1.003499126287269672e+00
1.002419999999999959e+03 9.727530000000000427e+02 9.615729999999999791e+02 9.663400000000000318e+02 9.352630000000000337e+02 9.472949999999999591e+02 9.630210000000000719e+02 9.683339999999999463e+02 9.757715000000000600e+02 9.579369000000000369e+02 9.817225651702268241e-01
1.031174999999999955e+03 1.002419999999999959e+03 9.727530000000000427e+02 9.615729999999999791e+02 9.663400000000000318e+02 9.352630000000000337e+02 9.472949999999999591e+02 9.630210000000000719e+02 9.919802499999999554e+02 9.607798500000001241e+02 9.685473576716876476e-01
1.054005000000000109e+03 1.031174999999999955e+03 1.002419999999999959e+03 9.727530000000000427e+02 9.615729999999999791e+02 9.663400000000000318e+02 9.352630000000000337e+02 9.472949999999999591e+02 1.015088250000000130e+03 9.651118500000000040e+02 9.507664481388685696e-01
1.092722999999999956e+03 1.054005000000000109e+03 1.031174999999999955e+03 1.002419999999999959e+03 9.727530000000000427e+02 9.615729999999999791e+02 9.663400000000000318e+02 9.352630000000000337e+02 1.045080750000000080e+03 9.762019500000000107e+02 9.340923655899315836e-01
1.125201999999999998e+03 1.092722999999999956e+03 1.054005000000000109e+03 1.031174999999999955e+03 1.002419999999999959e+03 9.727530000000000427e+02 9.615729999999999791e+02 9.663400000000000318e+02 1.075776250000000118e+03 9.957724500000000489e+02 9.256315613957827315e-01
1.115402000000000044e+03 1.125201999999999998e+03 1.092722999999999956e+03 1.054005000000000109e+03 1.031174999999999955e+03 1.002419999999999959e+03 9.727530000000000427e+02 9.615729999999999791e+02 1.096833000000000084e+03 1.012950799999999958e+03 9.235232710904940356e-01
1.096682999999999993e+03 1.115402000000000044e+03 1.125201999999999998e+03 1.092722999999999956e+03 1.054005000000000109e+03 1.031174999999999955e+03 1.002419999999999959e+03 9.727530000000000427e+02 1.107502500000000055e+03 1.033571100000000115e+03 9.332449362416789240e-01
1.054591999999999871e+03 1.096682999999999993e+03 1.115402000000000044e+03 1.125201999999999998e+03 1.092722999999999956e+03 1.054005000000000109e+03 1.031174999999999955e+03 1.002419999999999959e+03 1.097969749999999976e+03 1.055658550000000105e+03 9.614641478055293566e-01
9.985099999999999909e+02 1.054591999999999871e+03 1.096682999999999993e+03 1.115402000000000044e+03 1.125201999999999998e+03 1.092722999999999956e+03 1.054005000000000109e+03 1.031174999999999955e+03 1.066296749999999975e+03 1.073880350000000135e+03 1.007112091451090041e+00
9.570529999999999973e+02 9.985099999999999909e+02 1.054591999999999871e+03 1.096682999999999993e+03 1.115402000000000044e+03 1.125201999999999998e+03 1.092722999999999956e+03 1.054005000000000109e+03 1.026709499999999935e+03 1.082808300000000145e+03 1.054639408712980897e+00
9.733260000000000218e+02 9.570529999999999973e+02 9.985099999999999909e+02 1.054591999999999871e+03 1.096682999999999993e+03 1.115402000000000044e+03 1.125201999999999998e+03 1.092722999999999956e+03 9.958702499999999418e+02 1.085176050000000032e+03 1.089676140039327557e+00
1.007493000000000052e+03 9.733260000000000218e+02 9.570529999999999973e+02 9.985099999999999909e+02 1.054591999999999871e+03 1.096682999999999993e+03 1.115402000000000044e+03 1.125201999999999998e+03 9.840954999999999018e+02 1.075194899999999961e+03 1.092571706709358992e+00
1.021601999999999975e+03 1.007493000000000052e+03 9.733260000000000218e+02 9.570529999999999973e+02 9.985099999999999909e+02 1.054591999999999871e+03 1.096682999999999993e+03 1.115402000000000044e+03 9.898685000000000400e+02 1.051011100000000170e+03 1.061768406611585336e+00
1.007613999999999919e+03 1.021601999999999975e+03 1.007493000000000052e+03 9.733260000000000218e+02 9.570529999999999973e+02 9.985099999999999909e+02 1.054591999999999871e+03 1.096682999999999993e+03 1.002508749999999964e+03 1.021869349999999940e+03 1.019312150642076586e+00
1.011490000000000009e+03 1.007613999999999919e+03 1.021601999999999975e+03 1.007493000000000052e+03 9.733260000000000218e+02 9.570529999999999973e+02 9.985099999999999909e+02 1.054591999999999871e+03 1.012049749999999904e+03 9.991061499999999569e+02 9.872105101552567374e-01
1.012331000000000017e+03 1.011490000000000009e+03 1.007613999999999919e+03 1.021601999999999975e+03 1.007493000000000052e+03 9.733260000000000218e+02 9.570529999999999973e+02 9.985099999999999909e+02 1.013259249999999952e+03 9.899282499999999345e+02 9.769743034667583981e-01
1.042523000000000138e+03 1.012331000000000017e+03 1.011490000000000009e+03 1.007613999999999919e+03 1.021601999999999975e+03 1.007493000000000052e+03 9.733260000000000218e+02 9.570529999999999973e+02 1.018489500000000021e+03 9.955926999999999225e+02 9.775188649465702539e-01
1.094771999999999935e+03 1.042523000000000138e+03 1.012331000000000017e+03 1.011490000000000009e+03 1.007613999999999919e+03 1.021601999999999975e+03 1.007493000000000052e+03 9.733260000000000218e+02 1.040278999999999996e+03 1.010062800000000038e+03 9.709537537525990691e-01
1.141286000000000058e+03 1.094771999999999935e+03 1.042523000000000138e+03 1.012331000000000017e+03 1.011490000000000009e+03 1.007613999999999919e+03 1.021601999999999975e+03 1.007493000000000052e+03 1.072728000000000065e+03 1.024185399999999845e+03 9.547484544078272961e-01
1.172309999999999945e+03 1.141286000000000058e+03 1.094771999999999935e+03 1.042523000000000138e+03 1.012331000000000017e+03 1.011490000000000009e+03 1.007613999999999919e+03 1.021601999999999975e+03 1.112722749999999905e+03 1.033151949999999943e+03 9.284900034622280973e-01
1.185987000000000080e+03 1.172309999999999945e+03 1.141286000000000058e+03 1.094771999999999935e+03 1.042523000000000138e+03 1.012331000000000017e+03 1.011490000000000009e+03 1.007613999999999919e+03 1.148588749999999891e+03 1.044509349999999813e+03 9.093849735164130088e-01
1.226442999999999984e+03 1.185987000000000080e+03 1.172309999999999945e+03 1.141286000000000058e+03 1.094771999999999935e+03 1.042523000000000138e+03 1.012331000000000017e+03 1.011490000000000009e+03 1.181506499999999960e+03 1.068524499999999989e+03 9.043746268006143119e-01
1.268200000000000045e+03 1.226442999999999984e+03 1.185987000000000080e+03 1.172309999999999945e+03 1.141286000000000058e+03 1.094771999999999935e+03 1.042523000000000138e+03 1.012331000000000017e+03 1.213235000000000127e+03 1.100829400000000078e+03 9.073505132970941522e-01
1.300133000000000038e+03 1.268200000000000045e+03 1.226442999999999984e+03 1.185987000000000080e+03 1.172309999999999945e+03 1.141286000000000058e+03 1.094771999999999935e+03 1.042523000000000138e+03 1.245190749999999980e+03 1.139216349999999920e+03 9.148930394800957044e-01
1.310884000000000015e+03 1.300133000000000038e+03 1.268200000000000045e+03 1.226442999999999984e+03 1.185987000000000080e+03 1.172309999999999945e+03 1.141286000000000058e+03 1.094771999999999935e+03 1.276414999999999964e+03 1.174153999999999996e+03 9.198842069389657761e-01
1.356375999999999976e+03 1.310884000000000015e+03 1.300133000000000038e+03 1.268200000000000045e+03 1.226442999999999984e+03 1.185987000000000080e+03 1.172309999999999945e+03 1.141286000000000058e+03 1.308898249999999962e+03 1.206984850000000051e+03 9.221380271537532591e-01
1.417187999999999874e+03 1.356375999999999976e+03 1.310884000000000015e+03 1.300133000000000038e+03 1.268200000000000045e+03 1.226442999999999984e+03 1.185987000000000080e+03 1.172309999999999945e+03 1.346145250000000033e+03 1.239817050000000108e+03 9.210128327533749770e-01
1.463414999999999964e+03 1.417187999999999874e+03 1.356375999999999976e+03 1.310884000000000015e+03 1.300133000000000038e+03 1.268200000000000045e+03 1.226442999999999984e+03 1.185987000000000080e+03 1.386965750000000071e+03 1.273545749999999998e+03 9.182243685541621181e-01
1.480135999999999967e+03 1.463414999999999964e+03 1.417187999999999874e+03 1.356375999999999976e+03 1.310884000000000015e+03 1.300133000000000038e+03 1.268200000000000045e+03 1.226442999999999984e+03 1.429278749999999945e+03 1.306987749999999778e+03 9.144386635567063326e-01
1.544522999999999911e+03 1.480135999999999967e+03 1.463414999999999964e+03 1.417187999999999874e+03 1.356375999999999976e+03 1.310884000000000015e+03 1.300133000000000038e+03 1.268200000000000045e+03 1.476315499999999929e+03 1.342381699999999910e+03 9.092783351526146918e-01
1.580470000000000027e+03 1.544522999999999911e+03 1.480135999999999967e+03 1.463414999999999964e+03 1.417187999999999874e+03 1.356375999999999976e+03 1.310884000000000015e+03 1.300133000000000038e+03 1.517135999999999967e+03 1.380343400000000202e+03 9.098349785385095867e-01
1.625069999999999936e+03 1.580470000000000027e+03 1.544522999999999911e+03 1.480135999999999967e+03 1.463414999999999964e+03 1.417187999999999874e+03 1.356375999999999976e+03 1.310884000000000015e+03 1.557549750000000131e+03 1.421082550000000083e+03 9.123834086198530091e-01
1.687522000000000162e+03 1.625069999999999936e+03 1.580470000000000027e+03 1.544522999999999911e+03 1.480135999999999967e+03 1.463414999999999964e+03 1.417187999999999874e+03 1.356375999999999976e+03 1.609396250000000009e+03 1.465302249999999958e+03 9.104670462603600134e-01
1.765432000000000016e+03 1.687522000000000162e+03 1.625069999999999936e+03 1.580470000000000027e+03 1.544522999999999911e+03 1.480135999999999967e+03 1.463414999999999964e+03 1.417187999999999874e+03 1.664623500000000149e+03 1.513977100000000064e+03 9.095012175425853940e-01
1.814612000000000080e+03 1.765432000000000016e+03 1.687522000000000162e+03 1.625069999999999936e+03 1.580470000000000027e+03 1.544522999999999911e+03 1.480135999999999967e+03 1.463414999999999964e+03 1.723158999999999878e+03 1.558340599999999995e+03 9.043510204223754734e-01
1.920457999999999856e+03 1.814612000000000080e+03 1.765432000000000016e+03 1.687522000000000162e+03 1.625069999999999936e+03 1.580470000000000027e+03 1.544522999999999911e+03 1.480135999999999967e+03 1.797005999999999858e+03 1.605441000000000031e+03 8.933976848157435535e-01
1.923587000000000216e+03 1.920457999999999856e+03 1.814612000000000080e+03 1.765432000000000016e+03 1.687522000000000162e+03 1.625069999999999936e+03 1.580470000000000027e+03 1.544522999999999911e+03 1.856022249999999985e+03 1.658721450000000232e+03 8.936969640315466368e-01
1.709112000000000080e+03 1.923587000000000216e+03 1.920457999999999856e+03 1.814612000000000080e+03 1.765432000000000016e+03 1.687522000000000162e+03 1.625069999999999936e+03 1.580470000000000027e+03 1.841942250000000058e+03 1.700087250000000040e+03 9.229861848274558689e-01
1.519492999999999938e+03 1.709112000000000080e+03 1.923587000000000216e+03 1.920457999999999856e+03 1.814612000000000080e+03 1.765432000000000016e+03 1.687522000000000162e+03 1.625069999999999936e+03 1.768162499999999909e+03 1.732159699999999702e+03 9.796382968194381480e-01
1.522742999999999938e+03 1.519492999999999938e+03 1.709112000000000080e+03 1.923587000000000216e+03 1.920457999999999856e+03 1.814612000000000080e+03 1.765432000000000016e+03 1.687522000000000162e+03 1.668733750000000100e+03 1.771351549999999861e+03 1.061494411556067385e+00
1.596440000000000055e+03 1.522742999999999938e+03 1.519492999999999938e+03 1.709112000000000080e+03 1.923587000000000216e+03 1.920457999999999856e+03 1.814612000000000080e+03 1.765432000000000016e+03 1.586946999999999889e+03 1.802207200000000057e+03 1.135644227563995745e+00
1.712283999999999878e+03 1.596440000000000055e+03 1.522742999999999938e+03 1.519492999999999938e+03 1.709112000000000080e+03 1.923587000000000216e+03 1.920457999999999856e+03 1.814612000000000080e+03 1.587740000000000236e+03 1.791101799999999912e+03 1.128082557597591240e+00
1.753227000000000089e+03 1.712283999999999878e+03 1.596440000000000055e+03 1.522742999999999938e+03 1.519492999999999938e+03 1.709112000000000080e+03 1.923587000000000216e+03 1.920457999999999856e+03 1.646173499999999876e+03 1.743764699999999721e+03 1.059283666029127380e+00
1.814026000000000067e+03 1.753227000000000089e+03 1.712283999999999878e+03 1.596440000000000055e+03 1.522742999999999938e+03 1.519492999999999938e+03 1.709112000000000080e+03 1.923587000000000216e+03 1.718994250000000193e+03 1.678785850000000210e+03 9.766093458427799190e-01
1.869845000000000027e+03 1.814026000000000067e+03 1.753227000000000089e+03 1.712283999999999878e+03 1.596440000000000055e+03 1.522742999999999938e+03 1.519492999999999938e+03 1.709112000000000080e+03 1.787345499999999902e+03 1.627026699999999892e+03 9.103034080428210606e-01
1.972239000000000033e+03 1.869845000000000027e+03 1.814026000000000067e+03 1.753227000000000089e+03 1.712283999999999878e+03 1.596440000000000055e+03 1.522742999999999938e+03 1.519492999999999938e+03 1.852334249999999884e+03 1.640658850000000257e+03 8.857250520525657977e-01
2.033325000000000045e+03 1.972239000000000033e+03 1.869845000000000027e+03 1.814026000000000067e+03 1.753227000000000089e+03 1.712283999999999878e+03 1.596440000000000055e+03 1.522742999999999938e+03 1.922358750000000100e+03 1.701410549999999830e+03 8.850640131557128143e-01
2.108322999999999865e+03 2.033325000000000045e+03 1.972239000000000033e+03 1.869845000000000027e+03 1.814026000000000067e+03 1.753227000000000089e+03 1.712283999999999878e+03 1.596440000000000055e+03 1.995933000000000220e+03 1.774382000000000289e+03 8.889987790171314241e-01
2.142856000000000222e+03 2.108322999999999865e+03 2.033325000000000045e+03 1.972239000000000033e+03 1.869845000000000027e+03 1.814026000000000067e+03 1.753227000000000089e+03 1.712283999999999878e+03 2.064185750000000098e+03 1.842713549999999941e+03 8.927072333485490674e-01
2.140977000000000317e+03 2.142856000000000222e+03 2.108322999999999865e+03 2.033325000000000045e+03 1.972239000000000033e+03 1.869845000000000027e+03 1.814026000000000067e+03 1.753227000000000089e+03 2.106370250000000397e+03 1.903141449999999850e+03 9.035170573644398795e-01
2.169572000000000116e+03 2.140977000000000317e+03 2.142856000000000222e+03 2.108322999999999865e+03 2.033325000000000045e+03 1.972239000000000033e+03 1.869845000000000027e+03 1.814026000000000067e+03 2.140432000000000244e+03 1.965973400000000083e+03 9.184937433191056044e-01
2.199802999999999884e+03 2.169572000000000116e+03 2.140977000000000317e+03 2.142856000000000222e+03 2.108322999999999865e+03 2.033325000000000045e+03 1.972239000000000033e+03 1.869845000000000027e+03 2.163302000000000135e+03 2.029406800000000203e+03 9.381060989173033438e-01
2.209353999999999814e+03 2.199802999999999884e+03 2.169572000000000116e+03 2.140977000000000317e+03 2.142856000000000222e+03 2.108322999999999865e+03 2.033325000000000045e+03 1.972239000000000033e+03 2.179926500000000033e+03 2.087333900000000085e+03 9.575248982018430555e-01
2.214000000000000000e+03 2.209353999999999814e+03 2.199802999999999884e+03 2.169572000000000116e+03 2.140977000000000317e+03 2.142856000000000222e+03 2.108322999999999865e+03 2.033325000000000045e+03 2.198182249999999840e+03 2.124732650000000376e+03 9.665862100378621591e-01
2.242211000000000240e+03 2.214000000000000000e+03 2.209353999999999814e+03 2.199802999999999884e+03 2.169572000000000116e+03 2.140977000000000317e+03 2.142856000000000222e+03 2.108322999999999865e+03 2.216342000000000098e+03 2.155614000000000487e+03 9.725998965863573709e-01
2.253056000000000040e+03 2.242211000000000240e+03 2.214000000000000000e+03 2.209353999999999814e+03 2.199802999999999884e+03 2.169572000000000116e+03 2.140977000000000317e+03 2.142856000000000222e+03 2.229655249999999796e+03 2.176572650000000067e+03 9.761924629379363783e-01
2.274106000000000222e+03 2.253056000000000040e+03 2.242211000000000240e+03 2.214000000000000000e+03 2.209353999999999814e+03 2.199802999999999884e+03 2.169572000000000116e+03 2.140977000000000317e+03 2.245843249999999898e+03 2.193109849999999824e+03 9.765195545147685730e-01
2.337058999999999742e+03 2.274106000000000222e+03 2.253056000000000040e+03 2.242211000000000240e+03 2.214000000000000000e+03 2.209353999999999814e+03 2.199802999999999884e+03 2.169572000000000116e+03 2.276608000000000175e+03 2.213867400000000089e+03 9.724411932137635439e-01
2.339987999999999829e+03 2.337058999999999742e+03 2.274106000000000222e+03 2.253056000000000040e+03 2.242211000000000240e+03 2.214000000000000000e+03 2.209353999999999814e+03 2.199802999999999884e+03 2.301052250000000186e+03 2.233284050000000207e+03 9.705490390320341554e-01
2.391260999999999967e+03 2.339987999999999829e+03 2.337058999999999742e+03 2.274106000000000222e+03 2.253056000000000040e+03 2.242211000000000240e+03 2.214000000000000000e+03 2.209353999999999814e+03 2.335603499999999713e+03 2.250844899999999598e+03 9.637101931042661995e-01
2.388969999999999800e+03 2.391260999999999967e+03 2.339987999999999829e+03 2.337058999999999742e+03 2.274106000000000222e+03 2.253056000000000040e+03 2.242211000000000240e+03 2.214000000000000000e+03 2.364319499999999607e+03 2.269538499999999658e+03 9.599119323763137812e-01
2.374373999999999796e+03 2.388969999999999800e+03 2.391260999999999967e+03 2.339987999999999829e+03 2.337058999999999742e+03 2.274106000000000222e+03 2.253056000000000040e+03 2.242211000000000240e+03 2.373648249999999734e+03 2.296016050000000178e+03 9.672941430980771527e-01
2.289041000000000167e+03 2.374373999999999796e+03 2.388969999999999800e+03 2.391260999999999967e+03 2.339987999999999829e+03 2.337058999999999742e+03 2.274106000000000222e+03 2.253056000000000040e+03 2.360911500000000160e+03 2.313024100000000089e+03 9.797165628614202815e-01
2.303945000000000164e+03 2.289041000000000167e+03 2.374373999999999796e+03 2.388969999999999800e+03 2.391260999999999967e+03 2.339987999999999829e+03 2.337058999999999742e+03 2.274106000000000222e+03 2.339082499999999982e+03 2.336299299999999675e+03 9.988101317503763621e-01
2.256619000000000142e+03 2.303945000000000164e+03 2.289041000000000167e+03 2.374373999999999796e+03 2.388969999999999800e+03 2.391260999999999967e+03 2.339987999999999829e+03 2.337058999999999742e+03 2.305994749999999840e+03 2.352654549999999745e+03 1.020234131062093708e+00
2.210059999999999945e+03 2.256619000000000142e+03 2.303945000000000164e+03 2.289041000000000167e+03 2.374373999999999796e+03 2.388969999999999800e+03 2.391260999999999967e+03 2.339987999999999829e+03 2.264916250000000218e+03 2.351901849999999740e+03 1.038405658487372207e+00
2.166532000000000153e+03 2.210059999999999945e+03 2.256619000000000142e+03 2.303945000000000164e+03 2.289041000000000167e+03 2.374373999999999796e+03 2.388969999999999800e+03 2.391260999999999967e+03 2.234289000000000215e+03 2.335587000000000444e+03 1.045337912866240782e+00
2.201807000000000244e+03 2.166532000000000153e+03 2.210059999999999945e+03 2.256619000000000142e+03 2.303945000000000164e+03 2.289041000000000167e+03 2.374373999999999796e+03 2.388969999999999800e+03 2.208754500000000007e+03 2.313016900000000078e+03 1.047204159629329556e+00
2.248441000000000258e+03 2.201807000000000244e+03 2.166532000000000153e+03 2.210059999999999945e+03 2.256619000000000142e+03 2.303945000000000164e+03 2.289041000000000167e+03 2.374373999999999796e+03 2.206710000000000036e+03 2.286137799999999515e+03 1.035993764472902923e+00
2.241485000000000127e+03 2.248441000000000258e+03 2.201807000000000244e+03 2.166532000000000153e+03 2.210059999999999945e+03 2.256619000000000142e+03 2.303945000000000164e+03 2.289041000000000167e+03 2.214566249999999854e+03 2.254846250000000055e+03 1.018188663355634738e+00
2.295576000000000022e+03 2.241485000000000127e+03 2.248441000000000258e+03 2.201807000000000244e+03 2.166532000000000153e+03 2.210059999999999945e+03 2.256619000000000142e+03 2.303945000000000164e+03 2.246827250000000276e+03 2.236796650000000227e+03 9.955356603405980387e-01
2.314898999999999887e+03 2.295576000000000022e+03 2.241485000000000127e+03 2.248441000000000258e+03 2.201807000000000244e+03 2.166532000000000153e+03 2.210059999999999945e+03 2.256619000000000142e+03 2.275100250000000415e+03 2.222023650000000089e+03 9.766706544030311354e-01
2.347712999999999738e+03 2.314898999999999887e+03 2.295576000000000022e+03 2.241485000000000127e+03 2.248441000000000258e+03 2.201807000000000244e+03 2.166532000000000153e+03 2.210059999999999945e+03 2.299918249999999716e+03 2.225351649999999609e+03 9.675785867606381263e-01
