6.885753333333334012e+04 6.688553333333332557e+04 6.524453333333333285e+04 6.292590000000000146e+04 6.054196666666666715e+04 5.723270000000000437e+04 5.417933333333333576e+04 5.164046666666667443e+04 6.597837500000000000e+04 5.589861666666666861e+04 8.472263323652131639e-01
7.002080000000000291e+04 6.885753333333334012e+04 6.688553333333332557e+04 6.524453333333333285e+04 6.292590000000000146e+04 6.054196666666666715e+04 5.723270000000000437e+04 5.417933333333333576e+04 6.775210000000000582e+04 5.871997500000000582e+04 8.666886340054403837e-01
7.086766666666667152e+04 7.002080000000000291e+04 6.885753333333334012e+04 6.688553333333332557e+04 6.524453333333333285e+04 6.292590000000000146e+04 6.054196666666666715e+04 5.723270000000000437e+04 6.915788333333333139e+04 6.148627500000000146e+04 8.890710940883336244e-01
7.182276666666666279e+04 7.086766666666667152e+04 7.002080000000000291e+04 6.885753333333334012e+04 6.688553333333332557e+04 6.524453333333333285e+04 6.292590000000000146e+04 6.054196666666666715e+04 7.039219166666666570e+04 6.389948333333332994e+04 9.077637990861439077e-01
7.268473333333333721e+04 7.182276666666666279e+04 7.086766666666667152e+04 7.002080000000000291e+04 6.885753333333334012e+04 6.688553333333332557e+04 6.524453333333333285e+04 6.292590000000000146e+04 7.134899166666666861e+04 6.597837500000000000e+04 9.247275043246931947e-01
7.332763333333333139e+04 7.268473333333333721e+04 7.182276666666666279e+04 7.086766666666667152e+04 7.002080000000000291e+04 6.885753333333334012e+04 6.688553333333332557e+04 6.524453333333333285e+04 7.217569999999999709e+04 6.775210000000000582e+04 9.387106740911416169e-01
7.431116666666667152e+04 7.332763333333333139e+04 7.268473333333333721e+04 7.182276666666666279e+04 7.086766666666667152e+04 7.002080000000000291e+04 6.885753333333334012e+04 6.688553333333332557e+04 7.303657499999999709e+04 6.915788333333333139e+04 9.468938450814996521e-01
7.355369999999999709e+04 7.431116666666667152e+04 7.332763333333333139e+04 7.268473333333333721e+04 7.182276666666666279e+04 7.086766666666667152e+04 7.002080000000000291e+04 6.885753333333334012e+04 7.346930833333333430e+04 7.039219166666666570e+04 9.581169778718255925e-01
7.254433333333332848e+04 7.355369999999999709e+04 7.431116666666667152e+04 7.332763333333333139e+04 7.268473333333333721e+04 7.182276666666666279e+04 7.086766666666667152e+04 7.002080000000000291e+04 7.343420833333334303e+04 7.134899166666666861e+04 9.716042875113266586e-01
7.209736666666665406e+04 7.254433333333332848e+04 7.355369999999999709e+04 7.431116666666667152e+04 7.332763333333333139e+04 7.268473333333333721e+04 7.182276666666666279e+04 7.086766666666667152e+04 7.312664166666666279e+04 7.217569999999999709e+04 9.869959614581872431e-01
7.240883333333332848e+04 7.209736666666665406e+04 7.254433333333332848e+04 7.355369999999999709e+04 7.431116666666667152e+04 7.332763333333333139e+04 7.268473333333333721e+04 7.182276666666666279e+04 7.265105833333333430e+04 7.303657499999999709e+04 1.005306415013224708e+00
7.317823333333332266e+04 7.240883333333332848e+04 7.209736666666665406e+04 7.254433333333332848e+04 7.355369999999999709e+04 7.431116666666667152e+04 7.332763333333333139e+04 7.268473333333333721e+04 7.255719166666665114e+04 7.346930833333333430e+04 1.012571002897369787e+00
7.408139999999999418e+04 7.317823333333332266e+04 7.240883333333332848e+04 7.209736666666665406e+04 7.254433333333332848e+04 7.355369999999999709e+04 7.431116666666667152e+04 7.332763333333333139e+04 7.294145833333331393e+04 7.343420833333334303e+04 1.006755417443783829e+00
7.485526666666666279e+04 7.408139999999999418e+04 7.317823333333332266e+04 7.240883333333332848e+04 7.209736666666665406e+04 7.254433333333332848e+04 7.355369999999999709e+04 7.431116666666667152e+04 7.363093333333331975e+04 7.312664166666666279e+04 9.931510895782933446e-01
7.590733333333334303e+04 7.485526666666666279e+04 7.408139999999999418e+04 7.317823333333332266e+04 7.240883333333332848e+04 7.209736666666665406e+04 7.254433333333332848e+04 7.355369999999999709e+04 7.450555833333333430e+04 7.265105833333333430e+04 9.751092396126597173e-01
7.737496666666667443e+04 7.590733333333334303e+04 7.485526666666666279e+04 7.408139999999999418e+04 7.317823333333332266e+04 7.240883333333332848e+04 7.209736666666665406e+04 7.254433333333332848e+04 7.555474166666666861e+04 7.255719166666665114e+04 9.603261167482426419e-01
7.805530000000000291e+04 7.737496666666667443e+04 7.590733333333334303e+04 7.485526666666666279e+04 7.408139999999999418e+04 7.317823333333332266e+04 7.240883333333332848e+04 7.209736666666665406e+04 7.654821666666667443e+04 7.294145833333331393e+04 9.528825295951807162e-01
7.913599999999998545e+04 7.805530000000000291e+04 7.737496666666667443e+04 7.590733333333334303e+04 7.485526666666666279e+04 7.408139999999999418e+04 7.317823333333332266e+04 7.240883333333332848e+04 7.761839999999999418e+04 7.363093333333331975e+04 9.486273014302449846e-01
7.951483333333332848e+04 7.913599999999998545e+04 7.805530000000000291e+04 7.737496666666667443e+04 7.590733333333334303e+04 7.485526666666666279e+04 7.408139999999999418e+04 7.317823333333332266e+04 7.852027499999999418e+04 7.450555833333333430e+04 9.488703183137519037e-01
8.019816666666667152e+04 7.951483333333332848e+04 7.913599999999998545e+04 7.805530000000000291e+04 7.737496666666667443e+04 7.590733333333334303e+04 7.485526666666666279e+04 7.408139999999999418e+04 7.922607499999999709e+04 7.555474166666666861e+04 9.536600376412269764e-01
8.311683333333332848e+04 8.019816666666667152e+04 7.951483333333332848e+04 7.913599999999998545e+04 7.805530000000000291e+04 7.737496666666667443e+04 7.590733333333334303e+04 7.485526666666666279e+04 8.049145833333332848e+04 7.654821666666667443e+04 9.510104333016703437e-01
8.598356666666666570e+04 8.311683333333332848e+04 8.019816666666667152e+04 7.951483333333332848e+04 7.913599999999998545e+04 7.805530000000000291e+04 7.737496666666667443e+04 7.590733333333334303e+04 8.220334999999999127e+04 7.761839999999999418e+04 9.442242925622861272e-01
9.030819999999999709e+04 8.598356666666666570e+04 8.311683333333332848e+04 8.019816666666667152e+04 7.951483333333332848e+04 7.913599999999998545e+04 7.805530000000000291e+04 7.737496666666667443e+04 8.490169166666666570e+04 7.852027499999999418e+04 9.248375793061838213e-01
9.429566666666667152e+04 9.030819999999999709e+04 8.598356666666666570e+04 8.311683333333332848e+04 8.019816666666667152e+04 7.951483333333332848e+04 7.913599999999998545e+04 7.805530000000000291e+04 8.842606666666666570e+04 7.922607499999999709e+04 8.959583750191307816e-01
9.689983333333332848e+04 9.429566666666667152e+04 9.030819999999999709e+04 8.598356666666666570e+04 8.311683333333332848e+04 8.019816666666667152e+04 7.951483333333332848e+04 7.913599999999998545e+04 9.187181666666666570e+04 8.049145833333332848e+04 8.761278622080147516e-01
9.822450000000000000e+04 9.689983333333332848e+04 9.429566666666667152e+04 9.030819999999999709e+04 8.598356666666666570e+04 8.311683333333332848e+04 8.019816666666667152e+04 7.951483333333332848e+04 9.493205000000000291e+04 8.220334999999999127e+04 8.659177801385306017e-01
9.760826666666666279e+04 9.822450000000000000e+04 9.689983333333332848e+04 9.429566666666667152e+04 9.030819999999999709e+04 8.598356666666666570e+04 8.311683333333332848e+04 8.019816666666667152e+04 9.675706666666666570e+04 8.490169166666666570e+04 8.774727737371120773e-01
9.711523333333333721e+04 9.760826666666666279e+04 9.822450000000000000e+04 9.689983333333332848e+04 9.429566666666667152e+04 9.030819999999999709e+04 8.598356666666666570e+04 8.311683333333332848e+04 9.746195833333332848e+04 8.842606666666666570e+04 9.072880145116449802e-01
9.648846666666667443e+04 9.711523333333333721e+04 9.760826666666666279e+04 9.822450000000000000e+04 9.689983333333332848e+04 9.429566666666667152e+04 9.030819999999999709e+04 8.598356666666666570e+04 9.735911666666666861e+04 9.187181666666666570e+04 9.436385601279934088e-01
9.608246666666667443e+04 9.648846666666667443e+04 9.711523333333333721e+04 9.760826666666666279e+04 9.822450000000000000e+04 9.689983333333332848e+04 9.429566666666667152e+04 9.030819999999999709e+04 9.682360833333333721e+04 9.493205000000000291e+04 9.804638727486658656e-01
9.713263333333334594e+04 9.608246666666667443e+04 9.648846666666667443e+04 9.711523333333333721e+04 9.760826666666666279e+04 9.822450000000000000e+04 9.689983333333332848e+04 9.429566666666667152e+04 9.670470000000001164e+04 9.675706666666666570e+04 1.000541511081329604e+00
9.672443333333333430e+04 9.713263333333334594e+04 9.608246666666667443e+04 9.648846666666667443e+04 9.711523333333333721e+04 9.760826666666666279e+04 9.822450000000000000e+04 9.689983333333332848e+04 9.660700000000000000e+04 9.746195833333332848e+04 1.008849859050931386e+00
9.928056666666666570e+04 9.672443333333333430e+04 9.713263333333334594e+04 9.608246666666667443e+04 9.648846666666667443e+04 9.711523333333333721e+04 9.760826666666666279e+04 9.822450000000000000e+04 9.730502500000000873e+04 9.735911666666666861e+04 1.000555897978204767e+00
1.059158999999999796e+05 9.928056666666666570e+04 9.672443333333333430e+04 9.713263333333334594e+04 9.608246666666667443e+04 9.648846666666667443e+04 9.711523333333333721e+04 9.760826666666666279e+04 9.976338333333333139e+04 9.682360833333333721e+04 9.705325250430060224e-01
1.124701333333333459e+05 1.059158999999999796e+05 9.928056666666666570e+04 9.672443333333333430e+04 9.713263333333334594e+04 9.608246666666667443e+04 9.648846666666667443e+04 9.711523333333333721e+04 1.035977583333333314e+05 9.670470000000001164e+04 9.334632481993055952e-01
1.194858000000000029e+05 1.124701333333333459e+05 1.059158999999999796e+05 9.928056666666666570e+04 9.672443333333333430e+04 9.713263333333334594e+04 9.608246666666667443e+04 9.648846666666667443e+04 1.092880999999999913e+05 9.660700000000000000e+04 8.839663238724070338e-01
1.251438999999999796e+05 1.194858000000000029e+05 1.124701333333333459e+05 1.059158999999999796e+05 9.928056666666666570e+04 9.672443333333333430e+04 9.713263333333334594e+04 9.608246666666667443e+04 1.157539333333333198e+05 9.730502500000000873e+04 8.406195988156487386e-01
1.295485999999999913e+05 1.251438999999999796e+05 1.194858000000000029e+05 1.124701333333333459e+05 1.059158999999999796e+05 9.928056666666666570e+04 9.672443333333333430e+04 9.713263333333334594e+04 1.216621083333333372e+05 9.976338333333333139e+04 8.200037357564012863e-01
1.342250666666666511e+05 1.295485999999999913e+05 1.251438999999999796e+05 1.194858000000000029e+05 1.124701333333333459e+05 1.059158999999999796e+05 9.928056666666666570e+04 9.672443333333333430e+04 1.271008416666666453e+05 1.035977583333333314e+05 8.150831809991293531e-01
1.401813000000000175e+05 1.342250666666666511e+05 1.295485999999999913e+05 1.251438999999999796e+05 1.194858000000000029e+05 1.124701333333333459e+05 1.059158999999999796e+05 9.928056666666666570e+04 1.322747166666666744e+05 1.092880999999999913e+05 8.262206319852255509e-01
1.499887333333333081e+05 1.401813000000000175e+05 1.342250666666666511e+05 1.295485999999999913e+05 1.251438999999999796e+05 1.194858000000000029e+05 1.124701333333333459e+05 1.059158999999999796e+05 1.384859249999999884e+05 1.157539333333333198e+05 8.358534149469221131e-01
1.605416000000000058e+05 1.499887333333333081e+05 1.401813000000000175e+05 1.342250666666666511e+05 1.295485999999999913e+05 1.251438999999999796e+05 1.194858000000000029e+05 1.124701333333333459e+05 1.462341749999999884e+05 1.216621083333333372e+05 8.319676869878969150e-01
1.771345666666666511e+05 1.605416000000000058e+05 1.499887333333333081e+05 1.401813000000000175e+05 1.342250666666666511e+05 1.295485999999999913e+05 1.251438999999999796e+05 1.194858000000000029e+05 1.569615499999999884e+05 1.271008416666666453e+05 8.097578143606931622e-01
1.939238666666666686e+05 1.771345666666666511e+05 1.605416000000000058e+05 1.499887333333333081e+05 1.401813000000000175e+05 1.342250666666666511e+05 1.295485999999999913e+05 1.251438999999999796e+05 1.703971916666666511e+05 1.322747166666666744e+05 7.762728679556193390e-01
2.074632666666666919e+05 1.939238666666666686e+05 1.771345666666666511e+05 1.605416000000000058e+05 1.499887333333333081e+05 1.401813000000000175e+05 1.342250666666666511e+05 1.295485999999999913e+05 1.847658249999999825e+05 1.384859249999999884e+05 7.495213197570492758e-01
2.221440000000000000e+05 2.074632666666666919e+05 1.939238666666666686e+05 1.771345666666666511e+05 1.605416000000000058e+05 1.499887333333333081e+05 1.401813000000000175e+05 1.342250666666666511e+05 2.001664250000000175e+05 1.462341749999999884e+05 7.305629553008201604e-01
2.374461333333333314e+05 2.221440000000000000e+05 2.074632666666666919e+05 1.939238666666666686e+05 1.771345666666666511e+05 1.605416000000000058e+05 1.499887333333333081e+05 1.401813000000000175e+05 2.152443166666666802e+05 1.569615499999999884e+05 7.292250612269358667e-01
2.523610000000000000e+05 2.374461333333333314e+05 2.221440000000000000e+05 2.074632666666666919e+05 1.939238666666666686e+05 1.771345666666666511e+05 1.605416000000000058e+05 1.499887333333333081e+05 2.298536000000000058e+05 1.703971916666666511e+05 7.413292272414556683e-01
2.707622666666666628e+05 2.523610000000000000e+05 2.374461333333333314e+05 2.221440000000000000e+05 2.074632666666666919e+05 1.939238666666666686e+05 1.771345666666666511e+05 1.605416000000000058e+05 2.456783500000000058e+05 1.847658249999999825e+05 7.520639283030026156e-01
2.969467000000000116e+05 2.707622666666666628e+05 2.523610000000000000e+05 2.374461333333333314e+05 2.221440000000000000e+05 2.074632666666666919e+05 1.939238666666666686e+05 1.771345666666666511e+05 2.643790250000000233e+05 2.001664250000000175e+05 7.571191587532332123e-01
3.264183000000000466e+05 2.969467000000000116e+05 2.707622666666666628e+05 2.523610000000000000e+05 2.374461333333333314e+05 2.221440000000000000e+05 2.074632666666666919e+05 1.939238666666666686e+05 2.866220666666666511e+05 2.152443166666666802e+05 7.509691042629657032e-01
3.567320333333333838e+05 3.264183000000000466e+05 2.969467000000000116e+05 2.707622666666666628e+05 2.523610000000000000e+05 2.374461333333333314e+05 2.221440000000000000e+05 2.074632666666666919e+05 3.127148250000000116e+05 2.298536000000000058e+05 7.350262335659973889e-01
3.882332666666666628e+05 3.567320333333333838e+05 3.264183000000000466e+05 2.969467000000000116e+05 2.707622666666666628e+05 2.523610000000000000e+05 2.374461333333333314e+05 2.221440000000000000e+05 3.420825750000000116e+05 2.456783500000000058e+05 7.181843448179141554e-01
4.081594333333333489e+05 3.882332666666666628e+05 3.567320333333333838e+05 3.264183000000000466e+05 2.969467000000000116e+05 2.707622666666666628e+05 2.523610000000000000e+05 2.374461333333333314e+05 3.698857583333333605e+05 2.643790250000000233e+05 7.147585951707476903e-01
4.261524000000000815e+05 4.081594333333333489e+05 3.882332666666666628e+05 3.567320333333333838e+05 3.264183000000000466e+05 2.969467000000000116e+05 2.707622666666666628e+05 2.523610000000000000e+05 3.948192833333333838e+05 2.866220666666666511e+05 7.259576185003120408e-01
4.396679333333333489e+05 4.261524000000000815e+05 4.081594333333333489e+05 3.882332666666666628e+05 3.567320333333333838e+05 3.264183000000000466e+05 2.969467000000000116e+05 2.707622666666666628e+05 4.155532583333333605e+05 3.127148250000000116e+05 7.525264661723765069e-01
4.420308333333333139e+05 4.396679333333333489e+05 4.261524000000000815e+05 4.081594333333333489e+05 3.882332666666666628e+05 3.567320333333333838e+05 3.264183000000000466e+05 2.969467000000000116e+05 4.290026500000000233e+05 3.420825750000000116e+05 7.973903541155281660e-01
4.451879666666666162e+05 4.420308333333333139e+05 4.396679333333333489e+05 4.261524000000000815e+05 4.081594333333333489e+05 3.882332666666666628e+05 3.567320333333333838e+05 3.264183000000000466e+05 4.382597833333333838e+05 3.698857583333333605e+05 8.439874531038230598e-01
4.481570999999999185e+05 4.451879666666666162e+05 4.420308333333333139e+05 4.396679333333333489e+05 4.261524000000000815e+05 4.081594333333333489e+05 3.882332666666666628e+05 3.567320333333333838e+05 4.437609583333333139e+05 3.948192833333333838e+05 8.897116249617499362e-01
4.494185000000000000e+05 4.481570999999999185e+05 4.451879666666666162e+05 4.420308333333333139e+05 4.396679333333333489e+05 4.261524000000000815e+05 4.081594333333333489e+05 3.882332666666666628e+05 4.461985999999999185e+05 4.155532583333333605e+05 9.313190546391975078e-01
4.657158333333333139e+05 4.494185000000000000e+05 4.481570999999999185e+05 4.451879666666666162e+05 4.420308333333333139e+05 4.396679333333333489e+05 4.261524000000000815e+05 4.081594333333333489e+05 4.521198499999999185e+05 4.290026500000000233e+05 9.488693097637719287e-01
4.660824666666666162e+05 4.657158333333333139e+05 4.494185000000000000e+05 4.481570999999999185e+05 4.451879666666666162e+05 4.420308333333333139e+05 4.396679333333333489e+05 4.261524000000000815e+05 4.573434749999999185e+05 4.382597833333333838e+05 9.582727365539290831e-01
4.590432000000000116e+05 4.660824666666666162e+05 4.657158333333333139e+05 4.494185000000000000e+05 4.481570999999999185e+05 4.451879666666666162e+05 4.420308333333333139e+05 4.396679333333333489e+05 4.600650000000000000e+05 4.437609583333333139e+05 9.645614387822010194e-01
4.661252333333333372e+05 4.590432000000000116e+05 4.660824666666666162e+05 4.657158333333333139e+05 4.494185000000000000e+05 4.481570999999999185e+05 4.451879666666666162e+05 4.420308333333333139e+05 4.642416833333332906e+05 4.461985999999999185e+05 9.611342884943441245e-01
4.792812666666666046e+05 4.661252333333333372e+05 4.590432000000000116e+05 4.660824666666666162e+05 4.657158333333333139e+05 4.494185000000000000e+05 4.481570999999999185e+05 4.451879666666666162e+05 4.676330416666666279e+05 4.521198499999999185e+05 9.668261429701867637e-01
4.913430666666667094e+05 4.792812666666666046e+05 4.661252333333333372e+05 4.590432000000000116e+05 4.660824666666666162e+05 4.657158333333333139e+05 4.494185000000000000e+05 4.481570999999999185e+05 4.739481916666666511e+05 4.573434749999999185e+05 9.649651228581013207e-01
5.075582000000000116e+05 4.913430666666667094e+05 4.792812666666666046e+05 4.661252333333333372e+05 4.590432000000000116e+05 4.660824666666666162e+05 4.657158333333333139e+05 4.494185000000000000e+05 4.860769416666666511e+05 4.600650000000000000e+05 9.464859584215687960e-01
5.279039333333332324e+05 5.075582000000000116e+05 4.913430666666667094e+05 4.792812666666666046e+05 4.661252333333333372e+05 4.590432000000000116e+05 4.660824666666666162e+05 4.657158333333333139e+05 5.015216166666666395e+05 4.642416833333332906e+05 9.256663479809460471e-01
5.824857666666667210e+05 5.279039333333332324e+05 5.075582000000000116e+05 4.913430666666667094e+05 4.792812666666666046e+05 4.661252333333333372e+05 4.590432000000000116e+05 4.660824666666666162e+05 5.273227416666666977e+05 4.676330416666666279e+05 8.868061335429160419e-01
5.952191333333334187e+05 5.824857666666667210e+05 5.279039333333332324e+05 5.075582000000000116e+05 4.913430666666667094e+05 4.792812666666666046e+05 4.661252333333333372e+05 4.590432000000000116e+05 5.532917583333334187e+05 4.739481916666666511e+05 8.565972374038764992e-01
6.075368333333333721e+05 5.952191333333334187e+05 5.824857666666667210e+05 5.279039333333332324e+05 5.075582000000000116e+05 4.913430666666667094e+05 4.792812666666666046e+05 4.661252333333333372e+05 5.782864166666666279e+05 4.860769416666666511e+05 8.405470501425403862e-01
6.054089666666666744e+05 6.075368333333333721e+05 5.952191333333334187e+05 5.824857666666667210e+05 5.279039333333332324e+05 5.075582000000000116e+05 4.913430666666667094e+05 4.792812666666666046e+05 5.976626750000000466e+05 5.015216166666666395e+05 8.391382591637776001e-01
6.035293666666666977e+05 6.054089666666666744e+05 6.075368333333333721e+05 5.952191333333334187e+05 5.824857666666667210e+05 5.279039333333332324e+05 5.075582000000000116e+05 4.913430666666667094e+05 6.029235750000000698e+05 5.273227416666666977e+05 8.746095915500843310e-01
5.991024000000000233e+05 6.035293666666666977e+05 6.054089666666666744e+05 6.075368333333333721e+05 5.952191333333334187e+05 5.824857666666667210e+05 5.279039333333332324e+05 5.075582000000000116e+05 6.038943916666667210e+05 5.532917583333334187e+05 9.162061545336148694e-01
5.993863333333333721e+05 5.991024000000000233e+05 6.035293666666666977e+05 6.054089666666666744e+05 6.075368333333333721e+05 5.952191333333334187e+05 5.824857666666667210e+05 5.279039333333332324e+05 6.018567666666667210e+05 5.782864166666666279e+05 9.608372767319000030e-01
5.939671666666666279e+05 5.993863333333333721e+05 5.991024000000000233e+05 6.035293666666666977e+05 6.054089666666666744e+05 6.075368333333333721e+05 5.952191333333334187e+05 5.824857666666667210e+05 5.989963166666666511e+05 5.976626750000000466e+05 9.977735394533172597e-01
5.854153666666666977e+05 5.939671666666666279e+05 5.993863333333333721e+05 5.991024000000000233e+05 6.035293666666666977e+05 6.054089666666666744e+05 6.075368333333333721e+05 5.952191333333334187e+05 5.944678166666666511e+05 6.029235750000000698e+05 1.014224080927958349e+00
5.743019333333332324e+05 5.854153666666666977e+05 5.939671666666666279e+05 5.993863333333333721e+05 5.991024000000000233e+05 6.035293666666666977e+05 6.054089666666666744e+05 6.075368333333333721e+05 5.882676999999999534e+05 6.038943916666667210e+05 1.026563912427397973e+00
5.661092333333332790e+05 5.743019333333332324e+05 5.854153666666666977e+05 5.939671666666666279e+05 5.993863333333333721e+05 5.991024000000000233e+05 6.035293666666666977e+05 6.054089666666666744e+05 5.799484249999999302e+05 6.018567666666667210e+05 1.037776362038860256e+00
5.579519000000000233e+05 5.661092333333332790e+05 5.743019333333332324e+05 5.854153666666666977e+05 5.939671666666666279e+05 5.993863333333333721e+05 5.991024000000000233e+05 6.035293666666666977e+05 5.709446083333332790e+05 5.989963166666666511e+05 1.049132101300019659e+00
5.513158333333333721e+05 5.579519000000000233e+05 5.661092333333332790e+05 5.743019333333332324e+05 5.854153666666666977e+05 5.939671666666666279e+05 5.993863333333333721e+05 5.991024000000000233e+05 5.624197249999999767e+05 5.944678166666666511e+05 1.056982517223532092e+00
5.489745666666666511e+05 5.513158333333333721e+05 5.579519000000000233e+05 5.661092333333332790e+05 5.743019333333332324e+05 5.854153666666666977e+05 5.939671666666666279e+05 5.993863333333333721e+05 5.560878833333333023e+05 5.882676999999999534e+05 1.057868221249081309e+00
5.419108333333333721e+05 5.489745666666666511e+05 5.513158333333333721e+05 5.579519000000000233e+05 5.661092333333332790e+05 5.743019333333332324e+05 5.854153666666666977e+05 5.939671666666666279e+05 5.500382833333333256e+05 5.799484249999999302e+05 1.054378290698977594e+00
5.308300333333333256e+05 5.419108333333333721e+05 5.489745666666666511e+05 5.513158333333333721e+05 5.579519000000000233e+05 5.661092333333332790e+05 5.743019333333332324e+05 5.854153666666666977e+05 5.432578166666666511e+05 5.709446083333332790e+05 1.050964368697992812e+00
5.187836666666666861e+05 5.308300333333333256e+05 5.419108333333333721e+05 5.489745666666666511e+05 5.513158333333333721e+05 5.579519000000000233e+05 5.661092333333332790e+05 5.743019333333332324e+05 5.351247749999999069e+05 5.624197249999999767e+05 1.051006702128489678e+00
5.078852000000000116e+05 5.187836666666666861e+05 5.308300333333333256e+05 5.419108333333333721e+05 5.489745666666666511e+05 5.513158333333333721e+05 5.579519000000000233e+05 5.661092333333332790e+05 5.248524333333333489e+05 5.560878833333333023e+05 1.059512823064616249e+00
4.944217999999999884e+05 5.078852000000000116e+05 5.187836666666666861e+05 5.308300333333333256e+05 5.419108333333333721e+05 5.489745666666666511e+05 5.513158333333333721e+05 5.579519000000000233e+05 5.129801750000000466e+05 5.500382833333333256e+05 1.072240819702892534e+00
4.850633999999999651e+05 4.944217999999999884e+05 5.078852000000000116e+05 5.187836666666666861e+05 5.308300333333333256e+05 5.419108333333333721e+05 5.489745666666666511e+05 5.513158333333333721e+05 5.015385166666666628e+05 5.432578166666666511e+05 1.083182644230946456e+00
4.756355666666666511e+05 4.850633999999999651e+05 4.944217999999999884e+05 5.078852000000000116e+05 5.187836666666666861e+05 5.308300333333333256e+05 5.419108333333333721e+05 5.489745666666666511e+05 4.907514916666666395e+05 5.351247749999999069e+05 1.090419049329090839e+00
4.683455000000000000e+05 4.756355666666666511e+05 4.850633999999999651e+05 4.944217999999999884e+05 5.078852000000000116e+05 5.187836666666666861e+05 5.308300333333333256e+05 5.419108333333333721e+05 4.808665666666666511e+05 5.248524333333333489e+05 1.091472083350634392e+00
4.655723666666666977e+05 4.683455000000000000e+05 4.756355666666666511e+05 4.850633999999999651e+05 4.944217999999999884e+05 5.078852000000000116e+05 5.187836666666666861e+05 5.308300333333333256e+05 4.736542083333333139e+05 5.129801750000000466e+05 1.083026743930017410e+00
4.614458333333333139e+05 4.655723666666666977e+05 4.683455000000000000e+05 4.756355666666666511e+05 4.850633999999999651e+05 4.944217999999999884e+05 5.078852000000000116e+05 5.187836666666666861e+05 4.677498166666666511e+05 5.015385166666666628e+05 1.072236693198062474e+00
4.576524000000000815e+05 4.614458333333333139e+05 4.655723666666666977e+05 4.683455000000000000e+05 4.756355666666666511e+05 4.850633999999999651e+05 4.944217999999999884e+05 5.078852000000000116e+05 4.632540250000000233e+05 4.907514916666666395e+05 1.059357210477915645e+00
4.530520666666667094e+05 4.576524000000000815e+05 4.614458333333333139e+05 4.655723666666666977e+05 4.683455000000000000e+05 4.756355666666666511e+05 4.850633999999999651e+05 4.944217999999999884e+05 4.594306666666666861e+05 4.808665666666666511e+05 1.046657529754217553e+00
4.478561666666666861e+05 4.530520666666667094e+05 4.576524000000000815e+05 4.614458333333333139e+05 4.655723666666666977e+05 4.683455000000000000e+05 4.756355666666666511e+05 4.850633999999999651e+05 4.550016166666666977e+05 4.736542083333333139e+05 1.040994561301375576e+00
4.411693333333333139e+05 4.478561666666666861e+05 4.530520666666667094e+05 4.576524000000000815e+05 4.614458333333333139e+05 4.655723666666666977e+05 4.683455000000000000e+05 4.756355666666666511e+05 4.499324916666666977e+05 4.677498166666666511e+05 1.039599996288331996e+00
4.356814666666666162e+05 4.411693333333333139e+05 4.478561666666666861e+05 4.530520666666667094e+05 4.576524000000000815e+05 4.614458333333333139e+05 4.655723666666666977e+05 4.683455000000000000e+05 4.444397583333333023e+05 4.632540250000000233e+05 1.042332546343785582e+00
4.304890666666667094e+05 4.356814666666666162e+05 4.411693333333333139e+05 4.478561666666666861e+05 4.530520666666667094e+05 4.576524000000000815e+05 4.614458333333333139e+05 4.655723666666666977e+05 4.387990083333333605e+05 4.594306666666666861e+05 1.047018470738339646e+00
4.241423666666666977e+05 4.304890666666667094e+05 4.356814666666666162e+05 4.411693333333333139e+05 4.478561666666666861e+05 4.530520666666667094e+05 4.576524000000000815e+05 4.614458333333333139e+05 4.328705583333332906e+05 4.550016166666666977e+05 1.051126272986880661e+00
4.173669333333333489e+05 4.241423666666666977e+05 4.304890666666667094e+05 4.356814666666666162e+05 4.411693333333333139e+05 4.478561666666666861e+05 4.530520666666667094e+05 4.576524000000000815e+05 4.269199583333333139e+05 4.499324916666666977e+05 1.053903624986690213e+00
4.087021000000000349e+05 4.173669333333333489e+05 4.241423666666666977e+05 4.304890666666667094e+05 4.356814666666666162e+05 4.411693333333333139e+05 4.478561666666666861e+05 4.530520666666667094e+05 4.201751166666666977e+05 4.444397583333333023e+05 1.057748878275236448e+00
4.001500333333333838e+05 4.087021000000000349e+05 4.173669333333333489e+05 4.241423666666666977e+05 4.304890666666667094e+05 4.356814666666666162e+05 4.411693333333333139e+05 4.478561666666666861e+05 4.125903583333333954e+05 4.387990083333333605e+05 1.063522206640674650e+00
3.930026999999999534e+05 4.001500333333333838e+05 4.087021000000000349e+05 4.173669333333333489e+05 4.241423666666666977e+05 4.304890666666667094e+05 4.356814666666666162e+05 4.411693333333333139e+05 4.048054416666667094e+05 4.328705583333332906e+05 1.069329889813528167e+00
3.864579666666666162e+05 3.930026999999999534e+05 4.001500333333333838e+05 4.087021000000000349e+05 4.173669333333333489e+05 4.241423666666666977e+05 4.304890666666667094e+05 4.356814666666666162e+05 3.970782000000000116e+05 4.269199583333333139e+05 1.075153353504003206e+00
