-8.000000000000000000e+00 -7.600000000000000000e+01 9.600000000000000000e+01 -2.240000000000000000e+02 1.600000000000000000e+01 -4.000000000000000000e+00 -8.000000000000000000e+00 -1.600000000000000000e+01 -5.300000000000000000e+01 -3.000000000000000000e+00 5.660377358490566169e-02
-8.400000000000000000e+01 -8.000000000000000000e+00 -7.600000000000000000e+01 9.600000000000000000e+01 -2.240000000000000000e+02 1.600000000000000000e+01 -4.000000000000000000e+00 -8.000000000000000000e+00 -1.800000000000000000e+01 -5.500000000000000000e+01 3.055555555555555358e+00
7.280000000000000000e+02 -8.400000000000000000e+01 -8.000000000000000000e+00 -7.600000000000000000e+01 9.600000000000000000e+01 -2.240000000000000000e+02 1.600000000000000000e+01 -4.000000000000000000e+00 1.400000000000000000e+02 -2.900000000000000000e+01 -2.071428571428571563e-01
1.160000000000000000e+03 7.280000000000000000e+02 -8.400000000000000000e+01 -8.000000000000000000e+00 -7.600000000000000000e+01 9.600000000000000000e+01 -2.240000000000000000e+02 1.600000000000000000e+01 4.490000000000000000e+02 -4.700000000000000000e+01 -1.046770601336302897e-01
1.260000000000000000e+03 1.160000000000000000e+03 7.280000000000000000e+02 -8.400000000000000000e+01 -8.000000000000000000e+00 -7.600000000000000000e+01 9.600000000000000000e+01 -2.240000000000000000e+02 7.660000000000000000e+02 -5.300000000000000000e+01 -6.919060052219321022e-02
1.000000000000000000e+03 1.260000000000000000e+03 1.160000000000000000e+03 7.280000000000000000e+02 -8.400000000000000000e+01 -8.000000000000000000e+00 -7.600000000000000000e+01 9.600000000000000000e+01 1.037000000000000000e+03 -1.800000000000000000e+01 -1.735776277724204383e-02
1.464000000000000000e+03 1.000000000000000000e+03 1.260000000000000000e+03 1.160000000000000000e+03 7.280000000000000000e+02 -8.400000000000000000e+01 -8.000000000000000000e+00 -7.600000000000000000e+01 1.221000000000000000e+03 1.400000000000000000e+02 1.146601146601146648e-01
1.232000000000000000e+03 1.464000000000000000e+03 1.000000000000000000e+03 1.260000000000000000e+03 1.160000000000000000e+03 7.280000000000000000e+02 -8.400000000000000000e+01 -8.000000000000000000e+00 1.239000000000000000e+03 4.490000000000000000e+02 3.623890234059725657e-01
7.480000000000000000e+02 1.232000000000000000e+03 1.464000000000000000e+03 1.000000000000000000e+03 1.260000000000000000e+03 1.160000000000000000e+03 7.280000000000000000e+02 -8.400000000000000000e+01 1.111000000000000000e+03 7.660000000000000000e+02 6.894689468946895161e-01
2.532000000000000000e+03 7.480000000000000000e+02 1.232000000000000000e+03 1.464000000000000000e+03 1.000000000000000000e+03 1.260000000000000000e+03 1.160000000000000000e+03 7.280000000000000000e+02 1.494000000000000000e+03 1.037000000000000000e+03 6.941097724230254062e-01
3.752000000000000000e+03 2.532000000000000000e+03 7.480000000000000000e+02 1.232000000000000000e+03 1.464000000000000000e+03 1.000000000000000000e+03 1.260000000000000000e+03 1.160000000000000000e+03 2.066000000000000000e+03 1.221000000000000000e+03 5.909970958373669259e-01
3.872000000000000000e+03 3.752000000000000000e+03 2.532000000000000000e+03 7.480000000000000000e+02 1.232000000000000000e+03 1.464000000000000000e+03 1.000000000000000000e+03 1.260000000000000000e+03 2.726000000000000000e+03 1.239000000000000000e+03 4.545121056493029998e-01
1.136000000000000000e+03 3.872000000000000000e+03 3.752000000000000000e+03 2.532000000000000000e+03 7.480000000000000000e+02 1.232000000000000000e+03 1.464000000000000000e+03 1.000000000000000000e+03 2.823000000000000000e+03 1.111000000000000000e+03 3.935529578462628186e-01
2.880000000000000000e+03 1.136000000000000000e+03 3.872000000000000000e+03 3.752000000000000000e+03 2.532000000000000000e+03 7.480000000000000000e+02 1.232000000000000000e+03 1.464000000000000000e+03 2.910000000000000000e+03 1.494000000000000000e+03 5.134020618556700555e-01
1.888000000000000000e+03 2.880000000000000000e+03 1.136000000000000000e+03 3.872000000000000000e+03 3.752000000000000000e+03 2.532000000000000000e+03 7.480000000000000000e+02 1.232000000000000000e+03 2.444000000000000000e+03 2.066000000000000000e+03 8.453355155482814576e-01
2.544000000000000000e+03 1.888000000000000000e+03 2.880000000000000000e+03 1.136000000000000000e+03 3.872000000000000000e+03 3.752000000000000000e+03 2.532000000000000000e+03 7.480000000000000000e+02 2.112000000000000000e+03 2.726000000000000000e+03 1.290719696969697017e+00
1.000000000000000000e+02 2.544000000000000000e+03 1.888000000000000000e+03 2.880000000000000000e+03 1.136000000000000000e+03 3.872000000000000000e+03 3.752000000000000000e+03 2.532000000000000000e+03 1.853000000000000000e+03 2.823000000000000000e+03 1.523475445223961167e+00
1.092000000000000000e+03 1.000000000000000000e+02 2.544000000000000000e+03 1.888000000000000000e+03 2.880000000000000000e+03 1.136000000000000000e+03 3.872000000000000000e+03 3.752000000000000000e+03 1.406000000000000000e+03 2.910000000000000000e+03 2.069701280227596030e+00
-1.200000000000000000e+02 1.092000000000000000e+03 1.000000000000000000e+02 2.544000000000000000e+03 1.888000000000000000e+03 2.880000000000000000e+03 1.136000000000000000e+03 3.872000000000000000e+03 9.040000000000000000e+02 2.444000000000000000e+03 2.703539823008849652e+00
-4.000000000000000000e+00 -1.200000000000000000e+02 1.092000000000000000e+03 1.000000000000000000e+02 2.544000000000000000e+03 1.888000000000000000e+03 2.880000000000000000e+03 1.136000000000000000e+03 2.670000000000000000e+02 2.112000000000000000e+03 7.910112359550561578e+00
3.388000000000000000e+03 -4.000000000000000000e+00 -1.200000000000000000e+02 1.092000000000000000e+03 1.000000000000000000e+02 2.544000000000000000e+03 1.888000000000000000e+03 2.880000000000000000e+03 1.089000000000000000e+03 1.853000000000000000e+03 1.701561065197428890e+00
2.904000000000000000e+03 3.388000000000000000e+03 -4.000000000000000000e+00 -1.200000000000000000e+02 1.092000000000000000e+03 1.000000000000000000e+02 2.544000000000000000e+03 1.888000000000000000e+03 1.542000000000000000e+03 1.406000000000000000e+03 9.118028534370946625e-01
5.984000000000000000e+03 2.904000000000000000e+03 3.388000000000000000e+03 -4.000000000000000000e+00 -1.200000000000000000e+02 1.092000000000000000e+03 1.000000000000000000e+02 2.544000000000000000e+03 3.068000000000000000e+03 9.040000000000000000e+02 2.946544980443285278e-01
4.460000000000000000e+03 5.984000000000000000e+03 2.904000000000000000e+03 3.388000000000000000e+03 -4.000000000000000000e+00 -1.200000000000000000e+02 1.092000000000000000e+03 1.000000000000000000e+02 4.184000000000000000e+03 2.670000000000000000e+02 6.381453154875717237e-02
1.051600000000000000e+04 4.460000000000000000e+03 5.984000000000000000e+03 2.904000000000000000e+03 3.388000000000000000e+03 -4.000000000000000000e+00 -1.200000000000000000e+02 1.092000000000000000e+03 5.966000000000000000e+03 1.089000000000000000e+03 1.825343613811599153e-01
6.536000000000000000e+03 1.051600000000000000e+04 4.460000000000000000e+03 5.984000000000000000e+03 2.904000000000000000e+03 3.388000000000000000e+03 -4.000000000000000000e+00 -1.200000000000000000e+02 6.874000000000000000e+03 1.542000000000000000e+03 2.243235379691591591e-01
1.070400000000000000e+04 6.536000000000000000e+03 1.051600000000000000e+04 4.460000000000000000e+03 5.984000000000000000e+03 2.904000000000000000e+03 3.388000000000000000e+03 -4.000000000000000000e+00 8.054000000000000000e+03 3.068000000000000000e+03 3.809287310653091674e-01
-1.112000000000000000e+03 1.070400000000000000e+04 6.536000000000000000e+03 1.051600000000000000e+04 4.460000000000000000e+03 5.984000000000000000e+03 2.904000000000000000e+03 3.388000000000000000e+03 6.661000000000000000e+03 4.184000000000000000e+03 6.281339138267527655e-01
-1.292800000000000000e+04 -1.112000000000000000e+03 1.070400000000000000e+04 6.536000000000000000e+03 1.051600000000000000e+04 4.460000000000000000e+03 5.984000000000000000e+03 2.904000000000000000e+03 8.000000000000000000e+02 5.966000000000000000e+03 7.457499999999999574e+00
-5.872000000000000000e+03 -1.292800000000000000e+04 -1.112000000000000000e+03 1.070400000000000000e+04 6.536000000000000000e+03 1.051600000000000000e+04 4.460000000000000000e+03 5.984000000000000000e+03 -2.302000000000000000e+03 6.874000000000000000e+03 -2.986099044309296069e+00
-1.260000000000000000e+03 -5.872000000000000000e+03 -1.292800000000000000e+04 -1.112000000000000000e+03 1.070400000000000000e+04 6.536000000000000000e+03 1.051600000000000000e+04 4.460000000000000000e+03 -5.293000000000000000e+03 8.054000000000000000e+03 -1.521632344606083542e+00
4.720000000000000000e+02 -1.260000000000000000e+03 -5.872000000000000000e+03 -1.292800000000000000e+04 -1.112000000000000000e+03 1.070400000000000000e+04 6.536000000000000000e+03 1.051600000000000000e+04 -4.897000000000000000e+03 6.661000000000000000e+03 -1.360220543189708087e+00
1.820000000000000000e+03 4.720000000000000000e+02 -1.260000000000000000e+03 -5.872000000000000000e+03 -1.292800000000000000e+04 -1.112000000000000000e+03 1.070400000000000000e+04 6.536000000000000000e+03 -1.210000000000000000e+03 8.000000000000000000e+02 -6.611570247933884481e-01
-1.371200000000000000e+04 1.820000000000000000e+03 4.720000000000000000e+02 -1.260000000000000000e+03 -5.872000000000000000e+03 -1.292800000000000000e+04 -1.112000000000000000e+03 1.070400000000000000e+04 -3.170000000000000000e+03 -2.302000000000000000e+03 7.261829652996845130e-01
-1.504000000000000000e+03 -1.371200000000000000e+04 1.820000000000000000e+03 4.720000000000000000e+02 -1.260000000000000000e+03 -5.872000000000000000e+03 -1.292800000000000000e+04 -1.112000000000000000e+03 -3.231000000000000000e+03 -5.293000000000000000e+03 1.638192510058805285e+00
-7.280000000000000000e+02 -1.504000000000000000e+03 -1.371200000000000000e+04 1.820000000000000000e+03 4.720000000000000000e+02 -1.260000000000000000e+03 -5.872000000000000000e+03 -1.292800000000000000e+04 -3.531000000000000000e+03 -4.897000000000000000e+03 1.386859246672330848e+00
2.104000000000000000e+03 -7.280000000000000000e+02 -1.504000000000000000e+03 -1.371200000000000000e+04 1.820000000000000000e+03 4.720000000000000000e+02 -1.260000000000000000e+03 -5.872000000000000000e+03 -3.460000000000000000e+03 -1.210000000000000000e+03 3.497109826589595571e-01
9.480000000000000000e+02 2.104000000000000000e+03 -7.280000000000000000e+02 -1.504000000000000000e+03 -1.371200000000000000e+04 1.820000000000000000e+03 4.720000000000000000e+02 -1.260000000000000000e+03 2.050000000000000000e+02 -3.170000000000000000e+03 -1.546341463414634099e+01
-1.080000000000000000e+03 9.480000000000000000e+02 2.104000000000000000e+03 -7.280000000000000000e+02 -1.504000000000000000e+03 -1.371200000000000000e+04 1.820000000000000000e+03 4.720000000000000000e+02 3.110000000000000000e+02 -3.231000000000000000e+03 -1.038906752411575596e+01
2.640000000000000000e+03 -1.080000000000000000e+03 9.480000000000000000e+02 2.104000000000000000e+03 -7.280000000000000000e+02 -1.504000000000000000e+03 -1.371200000000000000e+04 1.820000000000000000e+03 1.153000000000000000e+03 -3.531000000000000000e+03 -3.062445793581960007e+00
6.360000000000000000e+02 2.640000000000000000e+03 -1.080000000000000000e+03 9.480000000000000000e+02 2.104000000000000000e+03 -7.280000000000000000e+02 -1.504000000000000000e+03 -1.371200000000000000e+04 7.860000000000000000e+02 -3.460000000000000000e+03 -4.402035623409669363e+00
1.292000000000000000e+03 6.360000000000000000e+02 2.640000000000000000e+03 -1.080000000000000000e+03 9.480000000000000000e+02 2.104000000000000000e+03 -7.280000000000000000e+02 -1.504000000000000000e+03 8.720000000000000000e+02 2.050000000000000000e+02 2.350917431192660612e-01
7.856000000000000000e+03 1.292000000000000000e+03 6.360000000000000000e+02 2.640000000000000000e+03 -1.080000000000000000e+03 9.480000000000000000e+02 2.104000000000000000e+03 -7.280000000000000000e+02 3.106000000000000000e+03 3.110000000000000000e+02 1.001287830006439145e-01
1.319200000000000000e+04 7.856000000000000000e+03 1.292000000000000000e+03 6.360000000000000000e+02 2.640000000000000000e+03 -1.080000000000000000e+03 9.480000000000000000e+02 2.104000000000000000e+03 5.744000000000000000e+03 1.153000000000000000e+03 2.007311977715877382e-01
1.817600000000000000e+04 1.319200000000000000e+04 7.856000000000000000e+03 1.292000000000000000e+03 6.360000000000000000e+02 2.640000000000000000e+03 -1.080000000000000000e+03 9.480000000000000000e+02 1.012900000000000000e+04 7.860000000000000000e+02 7.759897324513771733e-02
-5.764000000000000000e+03 1.817600000000000000e+04 1.319200000000000000e+04 7.856000000000000000e+03 1.292000000000000000e+03 6.360000000000000000e+02 2.640000000000000000e+03 -1.080000000000000000e+03 8.365000000000000000e+03 8.720000000000000000e+02 1.042438732815301888e-01
2.704400000000000000e+04 -5.764000000000000000e+03 1.817600000000000000e+04 1.319200000000000000e+04 7.856000000000000000e+03 1.292000000000000000e+03 6.360000000000000000e+02 2.640000000000000000e+03 1.316200000000000000e+04 3.106000000000000000e+03 2.359823734994681566e-01
2.515200000000000000e+04 2.704400000000000000e+04 -5.764000000000000000e+03 1.817600000000000000e+04 1.319200000000000000e+04 7.856000000000000000e+03 1.292000000000000000e+03 6.360000000000000000e+02 1.615200000000000000e+04 5.744000000000000000e+03 3.556215948489351297e-01
2.744400000000000000e+04 2.515200000000000000e+04 2.704400000000000000e+04 -5.764000000000000000e+03 1.817600000000000000e+04 1.319200000000000000e+04 7.856000000000000000e+03 1.292000000000000000e+03 1.846900000000000000e+04 1.012900000000000000e+04 5.484325085278033418e-01
2.129600000000000000e+04 2.744400000000000000e+04 2.515200000000000000e+04 2.704400000000000000e+04 -5.764000000000000000e+03 1.817600000000000000e+04 1.319200000000000000e+04 7.856000000000000000e+03 2.523400000000000000e+04 8.365000000000000000e+03 3.314971863358960324e-01
4.015600000000000000e+04 2.129600000000000000e+04 2.744400000000000000e+04 2.515200000000000000e+04 2.704400000000000000e+04 -5.764000000000000000e+03 1.817600000000000000e+04 1.319200000000000000e+04 2.851200000000000000e+04 1.316200000000000000e+04 4.616301907968574647e-01
-4.752000000000000000e+03 4.015600000000000000e+04 2.129600000000000000e+04 2.744400000000000000e+04 2.515200000000000000e+04 2.704400000000000000e+04 -5.764000000000000000e+03 1.817600000000000000e+04 2.103600000000000000e+04 1.615200000000000000e+04 7.678265830005704951e-01
1.477440000000000000e+05 -4.752000000000000000e+03 4.015600000000000000e+04 2.129600000000000000e+04 2.744400000000000000e+04 2.515200000000000000e+04 2.704400000000000000e+04 -5.764000000000000000e+03 5.111100000000000000e+04 1.846900000000000000e+04 3.613507855451859596e-01
2.802800000000000000e+04 1.477440000000000000e+05 -4.752000000000000000e+03 4.015600000000000000e+04 2.129600000000000000e+04 2.744400000000000000e+04 2.515200000000000000e+04 2.704400000000000000e+04 5.279400000000000000e+04 2.523400000000000000e+04 4.779709815509338156e-01
4.357200000000000000e+04 2.802800000000000000e+04 1.477440000000000000e+05 -4.752000000000000000e+03 4.015600000000000000e+04 2.129600000000000000e+04 2.744400000000000000e+04 2.515200000000000000e+04 5.364800000000000000e+04 2.851200000000000000e+04 5.314643602743811535e-01
3.809600000000000000e+04 4.357200000000000000e+04 2.802800000000000000e+04 1.477440000000000000e+05 -4.752000000000000000e+03 4.015600000000000000e+04 2.129600000000000000e+04 2.744400000000000000e+04 6.436000000000000000e+04 2.103600000000000000e+04 3.268489745183343897e-01
-1.050400000000000000e+04 3.809600000000000000e+04 4.357200000000000000e+04 2.802800000000000000e+04 1.477440000000000000e+05 -4.752000000000000000e+03 4.015600000000000000e+04 2.129600000000000000e+04 2.479800000000000000e+04 5.111100000000000000e+04 2.061093636583595234e+00
3.058800000000000000e+04 -1.050400000000000000e+04 3.809600000000000000e+04 4.357200000000000000e+04 2.802800000000000000e+04 1.477440000000000000e+05 -4.752000000000000000e+03 4.015600000000000000e+04 2.543800000000000000e+04 5.279400000000000000e+04 2.075399009356081237e+00
8.376000000000000000e+03 3.058800000000000000e+04 -1.050400000000000000e+04 3.809600000000000000e+04 4.357200000000000000e+04 2.802800000000000000e+04 1.477440000000000000e+05 -4.752000000000000000e+03 1.663900000000000000e+04 5.364800000000000000e+04 3.224232225494320758e+00
-1.408000000000000000e+04 8.376000000000000000e+03 3.058800000000000000e+04 -1.050400000000000000e+04 3.809600000000000000e+04 4.357200000000000000e+04 2.802800000000000000e+04 1.477440000000000000e+05 3.595000000000000000e+03 6.436000000000000000e+04 1.790264255910987501e+01
-1.199920000000000000e+05 -1.408000000000000000e+04 8.376000000000000000e+03 3.058800000000000000e+04 -1.050400000000000000e+04 3.809600000000000000e+04 4.357200000000000000e+04 2.802800000000000000e+04 -2.377700000000000000e+04 2.479800000000000000e+04 -1.042940656937376476e+00
2.543200000000000000e+04 -1.199920000000000000e+05 -1.408000000000000000e+04 8.376000000000000000e+03 3.058800000000000000e+04 -1.050400000000000000e+04 3.809600000000000000e+04 4.357200000000000000e+04 -2.506600000000000000e+04 2.543800000000000000e+04 -1.014840820234580665e+00
-4.367200000000000000e+04 2.543200000000000000e+04 -1.199920000000000000e+05 -1.408000000000000000e+04 8.376000000000000000e+03 3.058800000000000000e+04 -1.050400000000000000e+04 3.809600000000000000e+04 -3.807800000000000000e+04 1.663900000000000000e+04 -4.369714795945165431e-01
-3.648000000000000000e+04 -4.367200000000000000e+04 2.543200000000000000e+04 -1.199920000000000000e+05 -1.408000000000000000e+04 8.376000000000000000e+03 3.058800000000000000e+04 -1.050400000000000000e+04 -4.367800000000000000e+04 3.595000000000000000e+03 -8.230688218325014904e-02
-3.873200000000000000e+04 -3.648000000000000000e+04 -4.367200000000000000e+04 2.543200000000000000e+04 -1.199920000000000000e+05 -1.408000000000000000e+04 8.376000000000000000e+03 3.058800000000000000e+04 -2.336300000000000000e+04 -2.377700000000000000e+04 1.017720327012797910e+00
-5.772000000000000000e+04 -3.873200000000000000e+04 -3.648000000000000000e+04 -4.367200000000000000e+04 2.543200000000000000e+04 -1.199920000000000000e+05 -1.408000000000000000e+04 8.376000000000000000e+03 -4.415100000000000000e+04 -2.506600000000000000e+04 5.677334601707775263e-01
-2.194800000000000000e+04 -5.772000000000000000e+04 -3.873200000000000000e+04 -3.648000000000000000e+04 -4.367200000000000000e+04 2.543200000000000000e+04 -1.199920000000000000e+05 -1.408000000000000000e+04 -3.872000000000000000e+04 -3.807800000000000000e+04 9.834194214876033069e-01
-2.015200000000000000e+04 -2.194800000000000000e+04 -5.772000000000000000e+04 -3.873200000000000000e+04 -3.648000000000000000e+04 -4.367200000000000000e+04 2.543200000000000000e+04 -1.199920000000000000e+05 -3.463800000000000000e+04 -4.367800000000000000e+04 1.260985045325942577e+00
-8.445600000000000000e+04 -2.015200000000000000e+04 -2.194800000000000000e+04 -5.772000000000000000e+04 -3.873200000000000000e+04 -3.648000000000000000e+04 -4.367200000000000000e+04 2.543200000000000000e+04 -4.606900000000000000e+04 -2.336300000000000000e+04 5.071306084351733245e-01
-1.031120000000000000e+05 -8.445600000000000000e+04 -2.015200000000000000e+04 -2.194800000000000000e+04 -5.772000000000000000e+04 -3.873200000000000000e+04 -3.648000000000000000e+04 -4.367200000000000000e+04 -5.741700000000000000e+04 -4.415100000000000000e+04 7.689534458435655084e-01
3.840000000000000000e+03 -1.031120000000000000e+05 -8.445600000000000000e+04 -2.015200000000000000e+04 -2.194800000000000000e+04 -5.772000000000000000e+04 -3.873200000000000000e+04 -3.648000000000000000e+04 -5.097000000000000000e+04 -3.872000000000000000e+04 7.596625465960369361e-01
-1.012000000000000000e+03 3.840000000000000000e+03 -1.031120000000000000e+05 -8.445600000000000000e+04 -2.015200000000000000e+04 -2.194800000000000000e+04 -5.772000000000000000e+04 -3.873200000000000000e+04 -4.618500000000000000e+04 -3.463800000000000000e+04 7.499837609613511091e-01
-7.000000000000000000e+02 -1.012000000000000000e+03 3.840000000000000000e+03 -1.031120000000000000e+05 -8.445600000000000000e+04 -2.015200000000000000e+04 -2.194800000000000000e+04 -5.772000000000000000e+04 -2.524600000000000000e+04 -4.606900000000000000e+04 1.824803929335340191e+00
8.680000000000000000e+03 -7.000000000000000000e+02 -1.012000000000000000e+03 3.840000000000000000e+03 -1.031120000000000000e+05 -8.445600000000000000e+04 -2.015200000000000000e+04 -2.194800000000000000e+04 2.702000000000000000e+03 -5.741700000000000000e+04 -2.124981495188749037e+01
-8.320000000000000000e+03 8.680000000000000000e+03 -7.000000000000000000e+02 -1.012000000000000000e+03 3.840000000000000000e+03 -1.031120000000000000e+05 -8.445600000000000000e+04 -2.015200000000000000e+04 -3.380000000000000000e+02 -5.097000000000000000e+04 1.507988165680473287e+02
-4.400000000000000000e+02 -8.320000000000000000e+03 8.680000000000000000e+03 -7.000000000000000000e+02 -1.012000000000000000e+03 3.840000000000000000e+03 -1.031120000000000000e+05 -8.445600000000000000e+04 -1.950000000000000000e+02 -4.618500000000000000e+04 2.368461538461538396e+02
6.880000000000000000e+02 -4.400000000000000000e+02 -8.320000000000000000e+03 8.680000000000000000e+03 -7.000000000000000000e+02 -1.012000000000000000e+03 3.840000000000000000e+03 -1.031120000000000000e+05 1.520000000000000000e+02 -2.524600000000000000e+04 -1.660921052631578902e+02
4.580000000000000000e+04 6.880000000000000000e+02 -4.400000000000000000e+02 -8.320000000000000000e+03 8.680000000000000000e+03 -7.000000000000000000e+02 -1.012000000000000000e+03 3.840000000000000000e+03 9.432000000000000000e+03 2.702000000000000000e+03 2.864715860899066935e-01
-2.536000000000000000e+03 4.580000000000000000e+04 6.880000000000000000e+02 -4.400000000000000000e+02 -8.320000000000000000e+03 8.680000000000000000e+03 -7.000000000000000000e+02 -1.012000000000000000e+03 1.087800000000000000e+04 -3.380000000000000000e+02 -3.107188821474535928e-02
3.800000000000000000e+02 -2.536000000000000000e+03 4.580000000000000000e+04 6.880000000000000000e+02 -4.400000000000000000e+02 -8.320000000000000000e+03 8.680000000000000000e+03 -7.000000000000000000e+02 1.108300000000000000e+04 -1.950000000000000000e+02 -1.759451412072543519e-02
2.640000000000000000e+02 3.800000000000000000e+02 -2.536000000000000000e+03 4.580000000000000000e+04 6.880000000000000000e+02 -4.400000000000000000e+02 -8.320000000000000000e+03 8.680000000000000000e+03 1.097700000000000000e+04 1.520000000000000000e+02 1.384713491846588374e-02
6.188000000000000000e+03 2.640000000000000000e+02 3.800000000000000000e+02 -2.536000000000000000e+03 4.580000000000000000e+04 6.880000000000000000e+02 -4.400000000000000000e+02 -8.320000000000000000e+03 1.074000000000000000e+03 9.432000000000000000e+03 8.782122905027932802e+00
1.228000000000000000e+04 6.188000000000000000e+03 2.640000000000000000e+02 3.800000000000000000e+02 -2.536000000000000000e+03 4.580000000000000000e+04 6.880000000000000000e+02 -4.400000000000000000e+02 4.778000000000000000e+03 1.087800000000000000e+04 2.276684805357890529e+00
6.640000000000000000e+02 1.228000000000000000e+04 6.188000000000000000e+03 2.640000000000000000e+02 3.800000000000000000e+02 -2.536000000000000000e+03 4.580000000000000000e+04 6.880000000000000000e+02 4.849000000000000000e+03 1.108300000000000000e+04 2.285625902247886199e+00
8.380000000000000000e+03 6.640000000000000000e+02 1.228000000000000000e+04 6.188000000000000000e+03 2.640000000000000000e+02 3.800000000000000000e+02 -2.536000000000000000e+03 4.580000000000000000e+04 6.878000000000000000e+03 1.097700000000000000e+04 1.595958127362605339e+00
8.000000000000000000e+02 8.380000000000000000e+03 6.640000000000000000e+02 1.228000000000000000e+04 6.188000000000000000e+03 2.640000000000000000e+02 3.800000000000000000e+02 -2.536000000000000000e+03 5.531000000000000000e+03 1.074000000000000000e+03 1.941782679443138648e-01
1.052800000000000000e+04 8.000000000000000000e+02 8.380000000000000000e+03 6.640000000000000000e+02 1.228000000000000000e+04 6.188000000000000000e+03 2.640000000000000000e+02 3.800000000000000000e+02 5.093000000000000000e+03 4.778000000000000000e+03 9.381504025132534341e-01
1.136000000000000000e+03 1.052800000000000000e+04 8.000000000000000000e+02 8.380000000000000000e+03 6.640000000000000000e+02 1.228000000000000000e+04 6.188000000000000000e+03 2.640000000000000000e+02 5.211000000000000000e+03 4.849000000000000000e+03 9.305315678372673149e-01
7.444000000000000000e+03 1.136000000000000000e+03 1.052800000000000000e+04 8.000000000000000000e+02 8.380000000000000000e+03 6.640000000000000000e+02 1.228000000000000000e+04 6.188000000000000000e+03 4.977000000000000000e+03 6.878000000000000000e+03 1.381957002210166818e+00
6.340000000000000000e+03 7.444000000000000000e+03 1.136000000000000000e+03 1.052800000000000000e+04 8.000000000000000000e+02 8.380000000000000000e+03 6.640000000000000000e+02 1.228000000000000000e+04 6.362000000000000000e+03 5.531000000000000000e+03 8.693806978937440588e-01
9.284000000000000000e+03 6.340000000000000000e+03 7.444000000000000000e+03 1.136000000000000000e+03 1.052800000000000000e+04 8.000000000000000000e+02 8.380000000000000000e+03 6.640000000000000000e+02 6.051000000000000000e+03 5.093000000000000000e+03 8.416790613121798437e-01
2.517200000000000000e+04 9.284000000000000000e+03 6.340000000000000000e+03 7.444000000000000000e+03 1.136000000000000000e+03 1.052800000000000000e+04 8.000000000000000000e+02 8.380000000000000000e+03 1.206000000000000000e+04 5.211000000000000000e+03 4.320895522388059629e-01
-6.624000000000000000e+03 2.517200000000000000e+04 9.284000000000000000e+03 6.340000000000000000e+03 7.444000000000000000e+03 1.136000000000000000e+03 1.052800000000000000e+04 8.000000000000000000e+02 8.543000000000000000e+03 4.977000000000000000e+03 5.825822310663700820e-01
-3.788000000000000000e+03 -6.624000000000000000e+03 2.517200000000000000e+04 9.284000000000000000e+03 6.340000000000000000e+03 7.444000000000000000e+03 1.136000000000000000e+03 1.052800000000000000e+04 6.011000000000000000e+03 6.362000000000000000e+03 1.058392946265180434e+00
2.518000000000000000e+04 -3.788000000000000000e+03 -6.624000000000000000e+03 2.517200000000000000e+04 9.284000000000000000e+03 6.340000000000000000e+03 7.444000000000000000e+03 1.136000000000000000e+03 9.985000000000000000e+03 6.051000000000000000e+03 6.060090135202804706e-01
-4.696000000000000000e+03 2.518000000000000000e+04 -3.788000000000000000e+03 -6.624000000000000000e+03 2.517200000000000000e+04 9.284000000000000000e+03 6.340000000000000000e+03 7.444000000000000000e+03 2.518000000000000000e+03 1.206000000000000000e+04 4.789515488482923189e+00
-7.724000000000000000e+03 -4.696000000000000000e+03 2.518000000000000000e+04 -3.788000000000000000e+03 -6.624000000000000000e+03 2.517200000000000000e+04 9.284000000000000000e+03 6.340000000000000000e+03 2.243000000000000000e+03 8.543000000000000000e+03 3.808738296923762867e+00
1.179200000000000000e+04 -7.724000000000000000e+03 -4.696000000000000000e+03 2.518000000000000000e+04 -3.788000000000000000e+03 -6.624000000000000000e+03 2.517200000000000000e+04 9.284000000000000000e+03 6.138000000000000000e+03 6.011000000000000000e+03 9.793092212447050970e-01
8.592000000000000000e+03 1.179200000000000000e+04 -7.724000000000000000e+03 -4.696000000000000000e+03 2.518000000000000000e+04 -3.788000000000000000e+03 -6.624000000000000000e+03 2.517200000000000000e+04 1.991000000000000000e+03 9.985000000000000000e+03 5.015067805123053724e+00
4.288000000000000000e+04 8.592000000000000000e+03 1.179200000000000000e+04 -7.724000000000000000e+03 -4.696000000000000000e+03 2.518000000000000000e+04 -3.788000000000000000e+03 -6.624000000000000000e+03 1.388500000000000000e+04 2.518000000000000000e+03 1.813467770975873139e-01
-1.388000000000000000e+04 4.288000000000000000e+04 8.592000000000000000e+03 1.179200000000000000e+04 -7.724000000000000000e+03 -4.696000000000000000e+03 2.518000000000000000e+04 -3.788000000000000000e+03 1.234600000000000000e+04 2.243000000000000000e+03 1.816782763648145116e-01
6.648000000000000000e+03 -1.388000000000000000e+04 4.288000000000000000e+04 8.592000000000000000e+03 1.179200000000000000e+04 -7.724000000000000000e+03 -4.696000000000000000e+03 2.518000000000000000e+04 1.106000000000000000e+04 6.138000000000000000e+03 5.549728752260397746e-01
1.275600000000000000e+04 6.648000000000000000e+03 -1.388000000000000000e+04 4.288000000000000000e+04 8.592000000000000000e+03 1.179200000000000000e+04 -7.724000000000000000e+03 -4.696000000000000000e+03 1.210100000000000000e+04 1.991000000000000000e+03 1.645318568713329543e-01
1.846252427184466114e+03 1.275600000000000000e+04 6.648000000000000000e+03 -1.388000000000000000e+04 4.288000000000000000e+04 8.592000000000000000e+03 1.179200000000000000e+04 -7.724000000000000000e+03 1.841333333333333258e+03 1.388500000000000000e+04 7.540731354091238181e+00
