6.930459999999999127e+04 6.697913333333334594e+04 6.496736666666666133e+04 6.269903333333333285e+04 6.094816666666666424e+04 5.730136666666666861e+04 5.389790000000000146e+04 5.153286666666666861e+04 6.598753333333334012e+04 5.592007499999999709e+04 8.474339344906561822e-01
6.971693333333333430e+04 6.930459999999999127e+04 6.697913333333334594e+04 6.496736666666666133e+04 6.269903333333333285e+04 6.094816666666666424e+04 5.730136666666666861e+04 5.389790000000000146e+04 6.774200833333333139e+04 5.871161666666666133e+04 8.666943616104285653e-01
7.062823333333333721e+04 6.971693333333333430e+04 6.930459999999999127e+04 6.697913333333334594e+04 6.496736666666666133e+04 6.269903333333333285e+04 6.094816666666666424e+04 5.730136666666666861e+04 6.915722500000000582e+04 6.147898333333332994e+04 8.889741214071751330e-01
7.192553333333334012e+04 7.062823333333333721e+04 6.971693333333333430e+04 6.930459999999999127e+04 6.697913333333334594e+04 6.496736666666666133e+04 6.269903333333333285e+04 6.094816666666666424e+04 7.039382499999999709e+04 6.389842499999999563e+04 9.077277019681768699e-01
7.314133333333332848e+04 7.192553333333334012e+04 7.062823333333333721e+04 6.971693333333333430e+04 6.930459999999999127e+04 6.697913333333334594e+04 6.496736666666666133e+04 6.269903333333333285e+04 7.135300833333333139e+04 6.598753333333334012e+04 9.248038011945538539e-01
7.297696666666665988e+04 7.314133333333332848e+04 7.192553333333334012e+04 7.062823333333333721e+04 6.971693333333333430e+04 6.930459999999999127e+04 6.697913333333334594e+04 6.496736666666666133e+04 7.216801666666666279e+04 6.774200833333333139e+04 9.386707777521945406e-01
7.409926666666666279e+04 7.297696666666665988e+04 7.314133333333332848e+04 7.192553333333334012e+04 7.062823333333333721e+04 6.971693333333333430e+04 6.930459999999999127e+04 6.697913333333334594e+04 7.303577499999999418e+04 6.915722500000000582e+04 9.468952030700025224e-01
7.367423333333333721e+04 7.409926666666666279e+04 7.297696666666665988e+04 7.314133333333332848e+04 7.192553333333334012e+04 7.062823333333333721e+04 6.971693333333333430e+04 6.930459999999999127e+04 7.347294999999999709e+04 7.039382499999999709e+04 9.580917194695462991e-01
7.297893333333333430e+04 7.367423333333333721e+04 7.409926666666666279e+04 7.297696666666665988e+04 7.314133333333332848e+04 7.192553333333334012e+04 7.062823333333333721e+04 6.971693333333333430e+04 7.343235000000000582e+04 7.135300833333333139e+04 9.716835745190413043e-01
7.176746666666665988e+04 7.297893333333333430e+04 7.367423333333333721e+04 7.409926666666666279e+04 7.297696666666665988e+04 7.314133333333332848e+04 7.192553333333334012e+04 7.062823333333333721e+04 7.312997500000000582e+04 7.216801666666666279e+04 9.868459091729028243e-01
7.217133333333332848e+04 7.176746666666665988e+04 7.297893333333333430e+04 7.367423333333333721e+04 7.409926666666666279e+04 7.297696666666665988e+04 7.314133333333332848e+04 7.192553333333334012e+04 7.264799166666666861e+04 7.303577499999999418e+04 1.005337839690223056e+00
7.331500000000000000e+04 7.217133333333332848e+04 7.176746666666665988e+04 7.297893333333333430e+04 7.367423333333333721e+04 7.409926666666666279e+04 7.297696666666665988e+04 7.314133333333332848e+04 7.255818333333333430e+04 7.347294999999999709e+04 1.012607353500903029e+00
7.452986666666666861e+04 7.331500000000000000e+04 7.217133333333332848e+04 7.176746666666665988e+04 7.297893333333333430e+04 7.367423333333333721e+04 7.409926666666666279e+04 7.297696666666665988e+04 7.294591666666667152e+04 7.343235000000000582e+04 1.006668410728953411e+00
7.454013333333334594e+04 7.452986666666666861e+04 7.331500000000000000e+04 7.217133333333332848e+04 7.176746666666665988e+04 7.297893333333333430e+04 7.367423333333333721e+04 7.409926666666666279e+04 7.363908333333332848e+04 7.312997500000000582e+04 9.930864384741346917e-01
7.559876666666666279e+04 7.454013333333334594e+04 7.452986666666666861e+04 7.331500000000000000e+04 7.217133333333332848e+04 7.176746666666665988e+04 7.297893333333333430e+04 7.367423333333333721e+04 7.449594166666668025e+04 7.264799166666666861e+04 9.751939507219239411e-01
7.755213333333331684e+04 7.559876666666666279e+04 7.454013333333334594e+04 7.452986666666666861e+04 7.331500000000000000e+04 7.217133333333332848e+04 7.176746666666665988e+04 7.297893333333333430e+04 7.555522500000000582e+04 7.255818333333333430e+04 9.603330985161294686e-01
7.853146666666667443e+04 7.755213333333331684e+04 7.559876666666666279e+04 7.454013333333334594e+04 7.452986666666666861e+04 7.331500000000000000e+04 7.217133333333332848e+04 7.176746666666665988e+04 7.655562500000000000e+04 7.294591666666667152e+04 9.528485551083499816e-01
7.882313333333334594e+04 7.853146666666667443e+04 7.755213333333331684e+04 7.559876666666666279e+04 7.454013333333334594e+04 7.452986666666666861e+04 7.331500000000000000e+04 7.217133333333332848e+04 7.762637500000000000e+04 7.363908333333332848e+04 9.486348336288191740e-01
7.913430000000000291e+04 7.882313333333334594e+04 7.853146666666667443e+04 7.755213333333331684e+04 7.559876666666666279e+04 7.454013333333334594e+04 7.452986666666666861e+04 7.331500000000000000e+04 7.851025833333333139e+04 7.449594166666668025e+04 9.488688898510185821e-01
8.041900000000000000e+04 7.913430000000000291e+04 7.882313333333334594e+04 7.853146666666667443e+04 7.755213333333331684e+04 7.559876666666666279e+04 7.454013333333334594e+04 7.452986666666666861e+04 7.922697500000000582e+04 7.555522500000000582e+04 9.536553049008875682e-01
8.362519999999999709e+04 8.041900000000000000e+04 7.913430000000000291e+04 7.882313333333334594e+04 7.853146666666667443e+04 7.755213333333331684e+04 7.559876666666666279e+04 7.454013333333334594e+04 8.050040833333334012e+04 7.655562500000000000e+04 9.509967288985800016e-01
8.560933333333332848e+04 8.362519999999999709e+04 8.041900000000000000e+04 7.913430000000000291e+04 7.882313333333334594e+04 7.853146666666667443e+04 7.755213333333331684e+04 7.559876666666666279e+04 8.219695833333332848e+04 7.762637500000000000e+04 9.443947388564155609e-01
8.988483333333332848e+04 8.560933333333332848e+04 8.362519999999999709e+04 8.041900000000000000e+04 7.913430000000000291e+04 7.882313333333334594e+04 7.853146666666667443e+04 7.755213333333331684e+04 8.488459166666665988e+04 7.851025833333333139e+04 9.249058844700025483e-01
9.463026666666666279e+04 8.988483333333332848e+04 8.560933333333332848e+04 8.362519999999999709e+04 8.041900000000000000e+04 7.913430000000000291e+04 7.882313333333334594e+04 7.853146666666667443e+04 8.843740833333332557e+04 7.922697500000000582e+04 8.958536494124988980e-01
9.743800000000000000e+04 9.463026666666666279e+04 8.988483333333332848e+04 8.560933333333332848e+04 8.362519999999999709e+04 8.041900000000000000e+04 7.913430000000000291e+04 7.882313333333334594e+04 9.189060833333332266e+04 8.050040833333334012e+04 8.760460921242134713e-01
9.773246666666667443e+04 9.743800000000000000e+04 9.463026666666666279e+04 8.988483333333332848e+04 8.560933333333332848e+04 8.362519999999999709e+04 8.041900000000000000e+04 7.913430000000000291e+04 9.492139166666666279e+04 8.219695833333332848e+04 8.659476740710098097e-01
9.722453333333332557e+04 9.773246666666667443e+04 9.743800000000000000e+04 9.463026666666666279e+04 8.988483333333332848e+04 8.560933333333332848e+04 8.362519999999999709e+04 8.041900000000000000e+04 9.675631666666666570e+04 8.488459166666665988e+04 8.773028427601367030e-01
9.748950000000000000e+04 9.722453333333332557e+04 9.773246666666667443e+04 9.743800000000000000e+04 9.463026666666666279e+04 8.988483333333332848e+04 8.560933333333332848e+04 8.362519999999999709e+04 9.747112500000000000e+04 8.843740833333332557e+04 9.073190479060678770e-01
9.698623333333332266e+04 9.748950000000000000e+04 9.722453333333332557e+04 9.773246666666667443e+04 9.743800000000000000e+04 9.463026666666666279e+04 8.988483333333332848e+04 8.560933333333332848e+04 9.735818333333333430e+04 9.189060833333332266e+04 9.438406221973121291e-01
9.552950000000000000e+04 9.698623333333332266e+04 9.748950000000000000e+04 9.722453333333332557e+04 9.773246666666667443e+04 9.743800000000000000e+04 9.463026666666666279e+04 8.988483333333332848e+04 9.680744166666666570e+04 9.492139166666666279e+04 9.805175101466458987e-01
9.685593333333333430e+04 9.552950000000000000e+04 9.698623333333332266e+04 9.748950000000000000e+04 9.722453333333332557e+04 9.773246666666667443e+04 9.743800000000000000e+04 9.463026666666666279e+04 9.671529166666667152e+04 9.675631666666666570e+04 1.000424183180270932e+00
9.709536666666665406e+04 9.685593333333333430e+04 9.552950000000000000e+04 9.698623333333332266e+04 9.748950000000000000e+04 9.722453333333332557e+04 9.773246666666667443e+04 9.743800000000000000e+04 9.661675833333333139e+04 9.747112500000000000e+04 1.008842841360078069e+00
9.976430000000000291e+04 9.709536666666665406e+04 9.685593333333333430e+04 9.552950000000000000e+04 9.698623333333332266e+04 9.748950000000000000e+04 9.722453333333332557e+04 9.773246666666667443e+04 9.731127499999999418e+04 9.735818333333333430e+04 1.000482044175593721e+00
1.052916000000000204e+05 9.976430000000000291e+04 9.709536666666665406e+04 9.685593333333333430e+04 9.552950000000000000e+04 9.698623333333332266e+04 9.748950000000000000e+04 9.722453333333332557e+04 9.975180000000000291e+04 9.680744166666666570e+04 9.704831558595099494e-01
1.122049333333333489e+05 1.052916000000000204e+05 9.976430000000000291e+04 9.709536666666665406e+04 9.685593333333333430e+04 9.552950000000000000e+04 9.698623333333332266e+04 9.748950000000000000e+04 1.035890500000000029e+05 9.671529166666667152e+04 9.336439678389431007e-01
1.198559000000000087e+05 1.122049333333333489e+05 1.052916000000000204e+05 9.976430000000000291e+04 9.709536666666665406e+04 9.685593333333333430e+04 9.552950000000000000e+04 9.698623333333332266e+04 1.092791833333333489e+05 9.661675833333333139e+04 8.841277486364815807e-01
1.257749333333333489e+05 1.198559000000000087e+05 1.122049333333333489e+05 1.052916000000000204e+05 9.976430000000000291e+04 9.709536666666665406e+04 9.685593333333333430e+04 9.552950000000000000e+04 1.157818416666666890e+05 9.731127499999999418e+04 8.404709546783420970e-01
1.288510333333333256e+05 1.257749333333333489e+05 1.198559000000000087e+05 1.122049333333333489e+05 1.052916000000000204e+05 9.976430000000000291e+04 9.709536666666665406e+04 9.685593333333333430e+04 1.216717000000000116e+05 9.975180000000000291e+04 8.198438913896985980e-01
1.339283666666666686e+05 1.288510333333333256e+05 1.257749333333333489e+05 1.198559000000000087e+05 1.122049333333333489e+05 1.052916000000000204e+05 9.976430000000000291e+04 9.709536666666665406e+04 1.271025583333333489e+05 1.035890500000000029e+05 8.150036581351266518e-01
1.405163666666666686e+05 1.339283666666666686e+05 1.288510333333333256e+05 1.257749333333333489e+05 1.198559000000000087e+05 1.122049333333333489e+05 1.052916000000000204e+05 9.976430000000000291e+04 1.322676749999999884e+05 1.092791833333333489e+05 8.261972045197993886e-01
1.506950000000000000e+05 1.405163666666666686e+05 1.339283666666666686e+05 1.288510333333333256e+05 1.257749333333333489e+05 1.198559000000000087e+05 1.122049333333333489e+05 1.052916000000000204e+05 1.384976916666666802e+05 1.157818416666666890e+05 8.359839089977613158e-01
1.598307666666666919e+05 1.506950000000000000e+05 1.405163666666666686e+05 1.339283666666666686e+05 1.288510333333333256e+05 1.257749333333333489e+05 1.198559000000000087e+05 1.122049333333333489e+05 1.462426250000000291e+05 1.216717000000000116e+05 8.319852026726133332e-01
1.767487333333333081e+05 1.598307666666666919e+05 1.506950000000000000e+05 1.405163666666666686e+05 1.339283666666666686e+05 1.288510333333333256e+05 1.257749333333333489e+05 1.198559000000000087e+05 1.569477166666666744e+05 1.271025583333333489e+05 8.098401240413076740e-01
1.942563999999999942e+05 1.767487333333333081e+05 1.598307666666666919e+05 1.506950000000000000e+05 1.405163666666666686e+05 1.339283666666666686e+05 1.288510333333333256e+05 1.257749333333333489e+05 1.703827250000000058e+05 1.322676749999999884e+05 7.762974503430437601e-01
2.083507666666666337e+05 1.942563999999999942e+05 1.767487333333333081e+05 1.598307666666666919e+05 1.506950000000000000e+05 1.405163666666666686e+05 1.339283666666666686e+05 1.288510333333333256e+05 1.847966666666666570e+05 1.384976916666666802e+05 7.494599018741320284e-01
2.213416999999999825e+05 2.083507666666666337e+05 1.942563999999999942e+05 1.767487333333333081e+05 1.598307666666666919e+05 1.506950000000000000e+05 1.405163666666666686e+05 1.339283666666666686e+05 2.001743999999999651e+05 1.462426250000000291e+05 7.305760626733490692e-01
2.369773333333333430e+05 2.213416999999999825e+05 2.083507666666666337e+05 1.942563999999999942e+05 1.767487333333333081e+05 1.598307666666666919e+05 1.506950000000000000e+05 1.405163666666666686e+05 2.152315499999999884e+05 1.569477166666666744e+05 7.292040440477555174e-01
2.526927333333333663e+05 2.369773333333333430e+05 2.213416999999999825e+05 2.083507666666666337e+05 1.942563999999999942e+05 1.767487333333333081e+05 1.598307666666666919e+05 1.506950000000000000e+05 2.298406333333333314e+05 1.703827250000000058e+05 7.413081078352986575e-01
2.717396000000000349e+05 2.526927333333333663e+05 2.369773333333333430e+05 2.213416999999999825e+05 2.083507666666666337e+05 1.942563999999999942e+05 1.767487333333333081e+05 1.598307666666666919e+05 2.456878416666666744e+05 1.847966666666666570e+05 7.521604057126554110e-01
2.961180999999999767e+05 2.717396000000000349e+05 2.526927333333333663e+05 2.369773333333333430e+05 2.213416999999999825e+05 2.083507666666666337e+05 1.942563999999999942e+05 1.767487333333333081e+05 2.643819416666666511e+05 2.001743999999999651e+05 7.571409708927105964e-01
3.257485000000000000e+05 2.961180999999999767e+05 2.717396000000000349e+05 2.526927333333333663e+05 2.369773333333333430e+05 2.213416999999999825e+05 2.083507666666666337e+05 1.942563999999999942e+05 2.865747333333333372e+05 2.152315499999999884e+05 7.510485920949997452e-01
3.571461333333333023e+05 3.257485000000000000e+05 2.961180999999999767e+05 2.717396000000000349e+05 2.526927333333333663e+05 2.369773333333333430e+05 2.213416999999999825e+05 2.083507666666666337e+05 3.126880833333333139e+05 2.298406333333333314e+05 7.350476260021635566e-01
3.895376333333333023e+05 3.571461333333333023e+05 3.257485000000000000e+05 2.961180999999999767e+05 2.717396000000000349e+05 2.526927333333333663e+05 2.369773333333333430e+05 2.213416999999999825e+05 3.421375916666666744e+05 2.456878416666666744e+05 7.180966010482479067e-01
4.073020333333333838e+05 3.895376333333333023e+05 3.571461333333333023e+05 3.257485000000000000e+05 2.961180999999999767e+05 2.717396000000000349e+05 2.526927333333333663e+05 2.369773333333333430e+05 3.699335750000000116e+05 2.643819416666666511e+05 7.146740916032470192e-01
4.250916333333333023e+05 4.073020333333333838e+05 3.895376333333333023e+05 3.571461333333333023e+05 3.257485000000000000e+05 2.961180999999999767e+05 2.717396000000000349e+05 2.526927333333333663e+05 3.947693583333333372e+05 2.865747333333333372e+05 7.259295264030012351e-01
4.402313666666666977e+05 4.250916333333333023e+05 4.073020333333333838e+05 3.895376333333333023e+05 3.571461333333333023e+05 3.257485000000000000e+05 2.961180999999999767e+05 2.717396000000000349e+05 4.155406666666666861e+05 3.126880833333333139e+05 7.524849152349307735e-01
4.433155999999999185e+05 4.402313666666666977e+05 4.250916333333333023e+05 4.073020333333333838e+05 3.895376333333333023e+05 3.571461333333333023e+05 3.257485000000000000e+05 2.961180999999999767e+05 4.289851583333333256e+05 3.421375916666666744e+05 7.975511157446997235e-01
4.446530333333333838e+05 4.433155999999999185e+05 4.402313666666666977e+05 4.250916333333333023e+05 4.073020333333333838e+05 3.895376333333333023e+05 3.571461333333333023e+05 3.257485000000000000e+05 4.383229083333333256e+05 3.699335750000000116e+05 8.439749964395540927e-01
4.468870000000000000e+05 4.446530333333333838e+05 4.433155999999999185e+05 4.402313666666666977e+05 4.250916333333333023e+05 4.073020333333333838e+05 3.895376333333333023e+05 3.571461333333333023e+05 4.437717500000000000e+05 3.947693583333333372e+05 8.895774873757361645e-01
4.498461000000000349e+05 4.468870000000000000e+05 4.446530333333333838e+05 4.433155999999999185e+05 4.402313666666666977e+05 4.250916333333333023e+05 4.073020333333333838e+05 3.895376333333333023e+05 4.461754333333333489e+05 4.155406666666666861e+05 9.313391899733310941e-01
4.669234333333333489e+05 4.498461000000000349e+05 4.468870000000000000e+05 4.446530333333333838e+05 4.433155999999999185e+05 4.402313666666666977e+05 4.250916333333333023e+05 4.073020333333333838e+05 4.520773916666667210e+05 4.289851583333333256e+05 9.489197341893174098e-01
4.658891666666666861e+05 4.669234333333333489e+05 4.498461000000000349e+05 4.468870000000000000e+05 4.446530333333333838e+05 4.433155999999999185e+05 4.402313666666666977e+05 4.250916333333333023e+05 4.573864250000000466e+05 4.383229083333333256e+05 9.583207641838807911e-01
4.578260666666666511e+05 4.658891666666666861e+05 4.669234333333333489e+05 4.498461000000000349e+05 4.468870000000000000e+05 4.446530333333333838e+05 4.433155999999999185e+05 4.402313666666666977e+05 4.601211916666667094e+05 4.437717500000000000e+05 9.644670970110175157e-01
4.662984666666666162e+05 4.578260666666666511e+05 4.658891666666666861e+05 4.669234333333333489e+05 4.498461000000000349e+05 4.468870000000000000e+05 4.446530333333333838e+05 4.433155999999999185e+05 4.642342833333333256e+05 4.461754333333333489e+05 9.610997062295091320e-01
4.803075333333333838e+05 4.662984666666666162e+05 4.578260666666666511e+05 4.658891666666666861e+05 4.669234333333333489e+05 4.498461000000000349e+05 4.468870000000000000e+05 4.446530333333333838e+05 4.675803083333333489e+05 4.520773916666667210e+05 9.668443764838472454e-01
4.913923999999999651e+05 4.803075333333333838e+05 4.662984666666666162e+05 4.578260666666666511e+05 4.658891666666666861e+05 4.669234333333333489e+05 4.498461000000000349e+05 4.468870000000000000e+05 4.739561166666666395e+05 4.573864250000000466e+05 9.650396079215071143e-01
5.064867666666666628e+05 4.913923999999999651e+05 4.803075333333333838e+05 4.662984666666666162e+05 4.578260666666666511e+05 4.658891666666666861e+05 4.669234333333333489e+05 4.498461000000000349e+05 4.861212916666666279e+05 4.601211916666667094e+05 9.465152001245232816e-01
5.278043333333333721e+05 5.064867666666666628e+05 4.913923999999999651e+05 4.803075333333333838e+05 4.662984666666666162e+05 4.578260666666666511e+05 4.658891666666666861e+05 4.669234333333333489e+05 5.014977583333333605e+05 4.642342833333333256e+05 9.256956299788046127e-01
5.835080000000000000e+05 5.278043333333333721e+05 5.064867666666666628e+05 4.913923999999999651e+05 4.803075333333333838e+05 4.662984666666666162e+05 4.578260666666666511e+05 4.658891666666666861e+05 5.272978750000000000e+05 4.675803083333333489e+05 8.867479474165022024e-01
5.954327999999999302e+05 5.835080000000000000e+05 5.278043333333333721e+05 5.064867666666666628e+05 4.913923999999999651e+05 4.803075333333333838e+05 4.662984666666666162e+05 4.578260666666666511e+05 5.533079749999999767e+05 4.739561166666666395e+05 8.565864547075553448e-01
6.065548666666666977e+05 5.954327999999999302e+05 5.835080000000000000e+05 5.278043333333333721e+05 5.064867666666666628e+05 4.913923999999999651e+05 4.803075333333333838e+05 4.662984666666666162e+05 5.783250000000000000e+05 4.861212916666666279e+05 8.405676594763612508e-01
6.052672666666667210e+05 6.065548666666666977e+05 5.954327999999999302e+05 5.835080000000000000e+05 5.278043333333333721e+05 5.064867666666666628e+05 4.913923999999999651e+05 4.803075333333333838e+05 5.976907333333332790e+05 5.014977583333333605e+05 8.390589486580630751e-01
6.043065999999999767e+05 6.052672666666667210e+05 6.065548666666666977e+05 5.954327999999999302e+05 5.835080000000000000e+05 5.278043333333333721e+05 5.064867666666666628e+05 4.913923999999999651e+05 6.028903833333333023e+05 5.272978750000000000e+05 8.746164967578545779e-01
5.993213666666665813e+05 6.043065999999999767e+05 6.052672666666667210e+05 6.065548666666666977e+05 5.954327999999999302e+05 5.835080000000000000e+05 5.278043333333333721e+05 5.064867666666666628e+05 6.038625250000000233e+05 5.533079749999999767e+05 9.162813589069795928e-01
5.985835000000000000e+05 5.993213666666665813e+05 6.043065999999999767e+05 6.052672666666667210e+05 6.065548666666666977e+05 5.954327999999999302e+05 5.835080000000000000e+05 5.278043333333333721e+05 6.018696833333333489e+05 5.783250000000000000e+05 9.608807620896672175e-01
5.939786999999999534e+05 5.985835000000000000e+05 5.993213666666665813e+05 6.043065999999999767e+05 6.052672666666667210e+05 6.065548666666666977e+05 5.954327999999999302e+05 5.835080000000000000e+05 5.990475416666666279e+05 5.976907333333332790e+05 9.977350573385904697e-01
5.859559333333332324e+05 5.939786999999999534e+05 5.985835000000000000e+05 5.993213666666665813e+05 6.043065999999999767e+05 6.052672666666667210e+05 6.065548666666666977e+05 5.954327999999999302e+05 5.944598750000000000e+05 6.028903833333333023e+05 1.014181795421151611e+00
5.744899333333332324e+05 5.859559333333332324e+05 5.939786999999999534e+05 5.985835000000000000e+05 5.993213666666665813e+05 6.043065999999999767e+05 6.052672666666667210e+05 6.065548666666666977e+05 5.882520166666666046e+05 6.038625250000000233e+05 1.026537109760864874e+00
5.654280999999999767e+05 5.744899333333332324e+05 5.859559333333332324e+05 5.939786999999999534e+05 5.985835000000000000e+05 5.993213666666665813e+05 6.043065999999999767e+05 6.052672666666667210e+05 5.799631666666665114e+05 6.018696833333333489e+05 1.037772255077118677e+00
5.580415333333333256e+05 5.654280999999999767e+05 5.744899333333332324e+05 5.859559333333332324e+05 5.939786999999999534e+05 5.985835000000000000e+05 5.993213666666665813e+05 6.043065999999999767e+05 5.709788749999998836e+05 5.990475416666666279e+05 1.049158853147879933e+00
5.517312333333332790e+05 5.580415333333333256e+05 5.654280999999999767e+05 5.744899333333332324e+05 5.859559333333332324e+05 5.939786999999999534e+05 5.985835000000000000e+05 5.993213666666665813e+05 5.624226999999999534e+05 5.944598750000000000e+05 1.056962805733125732e+00
5.491010000000000000e+05 5.517312333333332790e+05 5.580415333333333256e+05 5.654280999999999767e+05 5.744899333333332324e+05 5.859559333333332324e+05 5.939786999999999534e+05 5.985835000000000000e+05 5.560754666666666744e+05 5.882520166666666046e+05 1.057863638892178937e+00
5.413354333333334653e+05 5.491010000000000000e+05 5.517312333333332790e+05 5.580415333333333256e+05 5.654280999999999767e+05 5.744899333333332324e+05 5.859559333333332324e+05 5.939786999999999534e+05 5.500523000000000466e+05 5.799631666666665114e+05 1.054378223064727615e+00
5.308377666666667210e+05 5.413354333333334653e+05 5.491010000000000000e+05 5.517312333333332790e+05 5.580415333333333256e+05 5.654280999999999767e+05 5.744899333333332324e+05 5.859559333333332324e+05 5.432513583333333954e+05 5.709788749999998836e+05 1.051039939875590967e+00
5.192244666666667326e+05 5.308377666666667210e+05 5.413354333333334653e+05 5.491010000000000000e+05 5.517312333333332790e+05 5.580415333333333256e+05 5.654280999999999767e+05 5.744899333333332324e+05 5.351246666666667443e+05 5.624226999999999534e+05 1.051012474351770809e+00
5.079868999999999651e+05 5.192244666666667326e+05 5.308377666666667210e+05 5.413354333333334653e+05 5.491010000000000000e+05 5.517312333333332790e+05 5.580415333333333256e+05 5.654280999999999767e+05 5.248461416666667210e+05 5.560754666666666744e+05 1.059501866396178826e+00
4.939725333333333838e+05 5.079868999999999651e+05 5.192244666666667326e+05 5.308377666666667210e+05 5.413354333333334653e+05 5.491010000000000000e+05 5.517312333333332790e+05 5.580415333333333256e+05 5.130054166666667443e+05 5.500523000000000466e+05 1.072215384340483579e+00
4.848798666666666977e+05 4.939725333333333838e+05 5.079868999999999651e+05 5.192244666666667326e+05 5.308377666666667210e+05 5.413354333333334653e+05 5.491010000000000000e+05 5.517312333333332790e+05 5.015159416666667094e+05 5.432513583333333954e+05 1.083218524475950240e+00
4.761585666666667094e+05 4.848798666666666977e+05 4.939725333333333838e+05 5.079868999999999651e+05 5.192244666666667326e+05 5.308377666666667210e+05 5.413354333333334653e+05 5.491010000000000000e+05 4.907494666666666744e+05 5.351246666666667443e+05 1.090423328019918481e+00
4.684357333333333954e+05 4.761585666666667094e+05 4.848798666666666977e+05 4.939725333333333838e+05 5.079868999999999651e+05 5.192244666666667326e+05 5.308377666666667210e+05 5.413354333333334653e+05 4.808616750000000466e+05 5.248461416666667210e+05 1.091470102429491051e+00
4.652391666666666861e+05 4.684357333333333954e+05 4.761585666666667094e+05 4.848798666666666977e+05 4.939725333333333838e+05 5.079868999999999651e+05 5.192244666666667326e+05 5.308377666666667210e+05 4.736783333333333721e+05 5.130054166666667443e+05 1.083024872716013443e+00
4.610196666666666861e+05 4.652391666666666861e+05 4.684357333333333954e+05 4.761585666666667094e+05 4.848798666666666977e+05 4.939725333333333838e+05 5.079868999999999651e+05 5.192244666666667326e+05 4.677132833333333838e+05 5.015159416666667094e+05 1.072272179426733585e+00
4.583051333333333023e+05 4.610196666666666861e+05 4.652391666666666861e+05 4.684357333333333954e+05 4.761585666666667094e+05 4.848798666666666977e+05 4.939725333333333838e+05 5.079868999999999651e+05 4.632499250000000466e+05 4.907494666666666744e+05 1.059362215043351929e+00
4.532137333333333954e+05 4.583051333333333023e+05 4.610196666666666861e+05 4.652391666666666861e+05 4.684357333333333954e+05 4.761585666666667094e+05 4.848798666666666977e+05 4.939725333333333838e+05 4.594444250000000466e+05 4.808616750000000466e+05 1.046615540062326266e+00
4.475431666666666861e+05 4.532137333333333954e+05 4.583051333333333023e+05 4.610196666666666861e+05 4.652391666666666861e+05 4.684357333333333954e+05 4.761585666666667094e+05 4.848798666666666977e+05 4.550204250000000466e+05 4.736783333333333721e+05 1.041004551242580733e+00
4.405715666666666511e+05 4.475431666666666861e+05 4.532137333333333954e+05 4.583051333333333023e+05 4.610196666666666861e+05 4.652391666666666861e+05 4.684357333333333954e+05 4.761585666666667094e+05 4.499084000000000233e+05 4.677132833333333838e+05 1.039574463009211192e+00
4.364006333333333023e+05 4.405715666666666511e+05 4.475431666666666861e+05 4.532137333333333954e+05 4.583051333333333023e+05 4.610196666666666861e+05 4.652391666666666861e+05 4.684357333333333954e+05 4.444322750000000233e+05 4.632499250000000466e+05 1.042340871845997219e+00
4.306036000000000349e+05 4.364006333333333023e+05 4.405715666666666511e+05 4.475431666666666861e+05 4.532137333333333954e+05 4.583051333333333023e+05 4.610196666666666861e+05 4.652391666666666861e+05 4.387797416666666977e+05 4.594444250000000466e+05 1.047095800856348458e+00
4.239744333333333489e+05 4.306036000000000349e+05 4.364006333333333023e+05 4.405715666666666511e+05 4.475431666666666861e+05 4.532137333333333954e+05 4.583051333333333023e+05 4.610196666666666861e+05 4.328875583333333489e+05 4.550204250000000466e+05 1.051128442572664357e+00
4.174365000000000000e+05 4.239744333333333489e+05 4.306036000000000349e+05 4.364006333333333023e+05 4.405715666666666511e+05 4.475431666666666861e+05 4.532137333333333954e+05 4.583051333333333023e+05 4.271037916666666861e+05 4.499084000000000233e+05 1.053393598413968624e+00
4.093007999999999884e+05 4.174365000000000000e+05 4.239744333333333489e+05 4.306036000000000349e+05 4.364006333333333023e+05 4.405715666666666511e+05 4.475431666666666861e+05 4.532137333333333954e+05 4.203288333333333721e+05 4.444322750000000233e+05 1.057344249918615198e+00
3.998805666666667094e+05 4.093007999999999884e+05 4.174365000000000000e+05 4.239744333333333489e+05 4.306036000000000349e+05 4.364006333333333023e+05 4.405715666666666511e+05 4.475431666666666861e+05 4.126480750000000116e+05 4.387797416666666977e+05 1.063326762560728556e+00
3.928127999999999884e+05 3.998805666666667094e+05 4.093007999999999884e+05 4.174365000000000000e+05 4.239744333333333489e+05 4.306036000000000349e+05 4.364006333333333023e+05 4.405715666666666511e+05 4.048576666666666861e+05 4.328875583333333489e+05 1.069233940652393855e+00
3.864061666666666861e+05 3.928127999999999884e+05 3.998805666666667094e+05 4.093007999999999884e+05 4.174365000000000000e+05 4.239744333333333489e+05 4.306036000000000349e+05 4.364006333333333023e+05 3.971000833333333721e+05 4.271037916666666861e+05 1.075557043658808887e+00
