2.172282666666666557e+02 2.341818666666666502e+02 2.337886333333333369e+02 2.140020666666666784e+02 2.364015000000000271e+02 2.530453333333333319e+02 2.476419999999999675e+02 2.475597666666666612e+02 2.248002083333333303e+02 2.418897616666666579e+02 1.076021074268725730e+00
2.303519666666666978e+02 2.172282666666666557e+02 2.341818666666666502e+02 2.337886333333333369e+02 2.140020666666666784e+02 2.364015000000000271e+02 2.530453333333333319e+02 2.476419999999999675e+02 2.288876833333333423e+02 2.359957166666666524e+02 1.031054678127794944e+00
2.372461666666666531e+02 2.303519666666666978e+02 2.172282666666666557e+02 2.341818666666666502e+02 2.337886333333333369e+02 2.140020666666666784e+02 2.364015000000000271e+02 2.530453333333333319e+02 2.297520666666666784e+02 2.333979200000000276e+02 1.015868642168180846e+00
2.601591999999999985e+02 2.372461666666666531e+02 2.303519666666666978e+02 2.172282666666666557e+02 2.341818666666666502e+02 2.337886333333333369e+02 2.140020666666666784e+02 2.364015000000000271e+02 2.362463999999999942e+02 2.309240933333333601e+02 9.774713745197106674e-01
2.901771666666666647e+02 2.601591999999999985e+02 2.372461666666666531e+02 2.303519666666666978e+02 2.172282666666666557e+02 2.341818666666666502e+02 2.337886333333333369e+02 2.140020666666666784e+02 2.544836250000000177e+02 2.307368916666666792e+02 9.066865959122779595e-01
3.023404666666666003e+02 2.901771666666666647e+02 2.601591999999999985e+02 2.372461666666666531e+02 2.303519666666666978e+02 2.172282666666666557e+02 2.341818666666666502e+02 2.337886333333333369e+02 2.724807499999999436e+02 2.376062966666666512e+02 8.720113133374255421e-01
3.017728333333333808e+02 3.023404666666666003e+02 2.901771666666666647e+02 2.601591999999999985e+02 2.372461666666666531e+02 2.303519666666666978e+02 2.172282666666666557e+02 2.341818666666666502e+02 2.886124166666666611e+02 2.415241366666666636e+02 8.368459661443302666e-01
3.195166666666666515e+02 3.017728333333333808e+02 3.023404666666666003e+02 2.901771666666666647e+02 2.601591999999999985e+02 2.372461666666666531e+02 2.303519666666666978e+02 2.172282666666666557e+02 3.034517833333333101e+02 2.496874766666666687e+02 8.228242191359671498e-01
3.331198666666666668e+02 3.195166666666666515e+02 3.017728333333333808e+02 3.023404666666666003e+02 2.901771666666666647e+02 2.601591999999999985e+02 2.372461666666666531e+02 2.303519666666666978e+02 3.141874583333333248e+02 2.664243916666666792e+02 8.479790793686200479e-01
3.488188333333333162e+02 3.331198666666666668e+02 3.195166666666666515e+02 3.017728333333333808e+02 3.023404666666666003e+02 2.901771666666666647e+02 2.601591999999999985e+02 2.372461666666666531e+02 3.258070500000000038e+02 2.831460099999999329e+02 8.690604147454756845e-01
3.414023666666666941e+02 3.488188333333333162e+02 3.331198666666666668e+02 3.195166666666666515e+02 3.017728333333333808e+02 3.023404666666666003e+02 2.901771666666666647e+02 2.601591999999999985e+02 3.357144333333333179e+02 2.980328200000000152e+02 8.877569458090026622e-01
3.412669333333333270e+02 3.414023666666666941e+02 3.488188333333333162e+02 3.331198666666666668e+02 3.195166666666666515e+02 3.017728333333333808e+02 3.023404666666666003e+02 2.901771666666666647e+02 3.411519999999999868e+02 3.109918266666666682e+02 9.115931510489948542e-01
3.633531666666665956e+02 3.412669333333333270e+02 3.414023666666666941e+02 3.488188333333333162e+02 3.331198666666666668e+02 3.195166666666666515e+02 3.017728333333333808e+02 3.023404666666666003e+02 3.487103249999999548e+02 3.210920316666666849e+02 9.207987508447498248e-01
3.765346666666666806e+02 3.633531666666665956e+02 3.412669333333333270e+02 3.414023666666666941e+02 3.488188333333333162e+02 3.331198666666666668e+02 3.195166666666666515e+02 3.017728333333333808e+02 3.556392833333333101e+02 3.317734966666666878e+02 9.328932775845864001e-01
3.730185333333333233e+02 3.765346666666666806e+02 3.633531666666665956e+02 3.412669333333333270e+02 3.414023666666666941e+02 3.488188333333333162e+02 3.331198666666666668e+02 3.195166666666666515e+02 3.635433249999999816e+02 3.412802116666666734e+02 9.387607698935654943e-01
3.873669333333332929e+02 3.730185333333333233e+02 3.765346666666666806e+02 3.633531666666665956e+02 3.412669333333333270e+02 3.414023666666666941e+02 3.488188333333333162e+02 3.331198666666666668e+02 3.750683249999999589e+02 3.479352649999999585e+02 9.276583539812379708e-01
4.047035666666667453e+02 3.873669333333332929e+02 3.730185333333333233e+02 3.765346666666666806e+02 3.633531666666665956e+02 3.412669333333333270e+02 3.414023666666666941e+02 3.488188333333333162e+02 3.854059250000000247e+02 3.560494449999999915e+02 9.238297127891844651e-01
3.994943333333333157e+02 4.047035666666667453e+02 3.873669333333332929e+02 3.730185333333333233e+02 3.765346666666666806e+02 3.633531666666665956e+02 3.412669333333333270e+02 3.414023666666666941e+02 3.911458416666666835e+02 3.627405949999999848e+02 9.273793975525027600e-01
4.146900333333333037e+02 3.994943333333333157e+02 4.047035666666667453e+02 3.873669333333332929e+02 3.730185333333333233e+02 3.765346666666666806e+02 3.633531666666665956e+02 3.412669333333333270e+02 4.015637166666666644e+02 3.711474033333332727e+02 9.242553246946321188e-01
4.226013666666665927e+02 4.146900333333333037e+02 3.994943333333333157e+02 4.047035666666667453e+02 3.873669333333332929e+02 3.730185333333333233e+02 3.765346666666666806e+02 3.633531666666665956e+02 4.103723249999999894e+02 3.821291249999999877e+02 9.311766455011312171e-01
4.225392666666666628e+02 4.226013666666665927e+02 4.146900333333333037e+02 3.994943333333333157e+02 4.047035666666667453e+02 3.873669333333332929e+02 3.730185333333333233e+02 3.765346666666666806e+02 4.148312499999999545e+02 3.912909900000000221e+02 9.432534072589759955e-01
4.361686333333333891e+02 4.225392666666666628e+02 4.226013666666665927e+02 4.146900333333333037e+02 3.994943333333333157e+02 4.047035666666667453e+02 3.873669333333332929e+02 3.730185333333333233e+02 4.239998249999999871e+02 3.977166383333333215e+02 9.380113266163101482e-01
4.559902000000000157e+02 4.361686333333333891e+02 4.225392666666666628e+02 4.226013666666665927e+02 4.146900333333333037e+02 3.994943333333333157e+02 4.047035666666667453e+02 3.873669333333332929e+02 4.343248666666666509e+02 4.081159466666666731e+02 9.396559533854306201e-01
4.672125666666666461e+02 4.559902000000000157e+02 4.361686333333333891e+02 4.225392666666666628e+02 4.226013666666665927e+02 4.146900333333333037e+02 3.994943333333333157e+02 4.047035666666667453e+02 4.454776666666666642e+02 4.173933933333333925e+02 9.369569443436372991e-01
4.689802333333333877e+02 4.672125666666666461e+02 4.559902000000000157e+02 4.361686333333333891e+02 4.225392666666666628e+02 4.226013666666665927e+02 4.146900333333333037e+02 3.994943333333333157e+02 4.570879083333333597e+02 4.232825816666666583e+02 9.260419581215130203e-01
4.868208333333333826e+02 4.689802333333333877e+02 4.672125666666666461e+02 4.559902000000000157e+02 4.361686333333333891e+02 4.225392666666666628e+02 4.226013666666665927e+02 4.146900333333333037e+02 4.697509583333333580e+02 4.331500516666666840e+02 9.220844449226331951e-01
4.856111333333333278e+02 4.868208333333333826e+02 4.689802333333333877e+02 4.672125666666666461e+02 4.559902000000000157e+02 4.361686333333333891e+02 4.225392666666666628e+02 4.226013666666665927e+02 4.771561916666667003e+02 4.428911316666666380e+02 9.281890068735877408e-01
4.939309333333333143e+02 4.856111333333333278e+02 4.868208333333333826e+02 4.689802333333333877e+02 4.672125666666666461e+02 4.559902000000000157e+02 4.361686333333333891e+02 4.225392666666666628e+02 4.838357833333333815e+02 4.531492900000000077e+02 9.365766353163832436e-01
5.135223999999999478e+02 4.939309333333333143e+02 4.856111333333333278e+02 4.868208333333333826e+02 4.689802333333333877e+02 4.672125666666666461e+02 4.559902000000000157e+02 4.361686333333333891e+02 4.949713250000000357e+02 4.646645916666667517e+02 9.387707291259078657e-01
5.176099000000000387e+02 5.135223999999999478e+02 4.939309333333333143e+02 4.856111333333333278e+02 4.868208333333333826e+02 4.689802333333333877e+02 4.672125666666666461e+02 4.559902000000000157e+02 5.026685916666666571e+02 4.763344850000000292e+02 9.476113942600784545e-01
4.909026333333333127e+02 5.176099000000000387e+02 5.135223999999999478e+02 4.939309333333333143e+02 4.856111333333333278e+02 4.868208333333333826e+02 4.689802333333333877e+02 4.672125666666666461e+02 5.039914666666666676e+02 4.825232466666667506e+02 9.574036041880076287e-01
4.531902666666666732e+02 4.909026333333333127e+02 5.176099000000000387e+02 5.135223999999999478e+02 4.939309333333333143e+02 4.856111333333333278e+02 4.868208333333333826e+02 4.689802333333333877e+02 4.938062999999999647e+02 4.858298866666667095e+02 9.838470806603049068e-01
4.378213333333333139e+02 4.531902666666666732e+02 4.909026333333333127e+02 5.176099000000000387e+02 5.135223999999999478e+02 4.939309333333333143e+02 4.856111333333333278e+02 4.868208333333333826e+02 4.748810333333333347e+02 4.909532666666667069e+02 1.033844757329046127e+00
4.213580333333333670e+02 4.378213333333333139e+02 4.531902666666666732e+02 4.909026333333333127e+02 5.176099000000000387e+02 5.135223999999999478e+02 4.939309333333333143e+02 4.856111333333333278e+02 4.508180666666667094e+02 4.922984866666666903e+02 1.092011441126804927e+00
3.839975333333333651e+02 4.213580333333333670e+02 4.378213333333333139e+02 4.531902666666666732e+02 4.909026333333333127e+02 5.176099000000000387e+02 5.135223999999999478e+02 4.939309333333333143e+02 4.240917916666666656e+02 4.880115316666666558e+02 1.150721474114831500e+00
3.445520666666666330e+02 3.839975333333333651e+02 4.213580333333333670e+02 4.378213333333333139e+02 4.531902666666666732e+02 4.909026333333333127e+02 5.176099000000000387e+02 5.135223999999999478e+02 3.969322416666666982e+02 4.744314883333333341e+02 1.195245531935771766e+00
2.882413999999999987e+02 3.445520666666666330e+02 3.839975333333333651e+02 4.213580333333333670e+02 4.378213333333333139e+02 4.531902666666666732e+02 4.909026333333333127e+02 5.176099000000000387e+02 3.595372583333333409e+02 4.518122783333333246e+02 1.256649395469468189e+00
2.708674000000000319e+02 2.882413999999999987e+02 3.445520666666666330e+02 3.839975333333333651e+02 4.213580333333333670e+02 4.378213333333333139e+02 4.531902666666666732e+02 4.909026333333333127e+02 3.219146000000000072e+02 4.250373733333333917e+02 1.320342020316361387e+00
2.975613666666666859e+02 2.708674000000000319e+02 2.882413999999999987e+02 3.445520666666666330e+02 3.839975333333333651e+02 4.213580333333333670e+02 4.378213333333333139e+02 4.531902666666666732e+02 3.003055583333333516e+02 3.993345449999999914e+02 1.329760751736557500e+00
3.099995999999999867e+02 2.975613666666666859e+02 2.708674000000000319e+02 2.882413999999999987e+02 3.445520666666666330e+02 3.839975333333333651e+02 4.213580333333333670e+02 4.378213333333333139e+02 2.916674416666667184e+02 3.758792816666667136e+02 1.288725541386418483e+00
3.158182666666666591e+02 3.099995999999999867e+02 2.975613666666666859e+02 2.708674000000000319e+02 2.882413999999999987e+02 3.445520666666666330e+02 3.839975333333333651e+02 4.213580333333333670e+02 2.985616583333333551e+02 3.473421383333333097e+02 1.163384944578309765e+00
2.967703333333333262e+02 3.158182666666666591e+02 3.099995999999999867e+02 2.975613666666666859e+02 2.708674000000000319e+02 2.882413999999999987e+02 3.445520666666666330e+02 3.839975333333333651e+02 3.050373916666666787e+02 3.185391583333333756e+02 1.044262661022950622e+00
2.837151333333333127e+02 2.967703333333333262e+02 3.158182666666666591e+02 3.099995999999999867e+02 2.975613666666666859e+02 2.708674000000000319e+02 2.882413999999999987e+02 3.445520666666666330e+02 3.015758333333333212e+02 3.005596133333333455e+02 9.966303002837871849e-01
2.744278666666666595e+02 2.837151333333333127e+02 2.967703333333333262e+02 3.158182666666666591e+02 3.099995999999999867e+02 2.975613666666666859e+02 2.708674000000000319e+02 2.882413999999999987e+02 2.926829000000000178e+02 2.918705333333333556e+02 9.972244136344601273e-01
2.522819000000000358e+02 2.744278666666666595e+02 2.837151333333333127e+02 2.967703333333333262e+02 3.158182666666666591e+02 3.099995999999999867e+02 2.975613666666666859e+02 2.708674000000000319e+02 2.767988083333333407e+02 2.942090883333333409e+02 1.062898681193142236e+00
2.382186000000000092e+02 2.522819000000000358e+02 2.744278666666666595e+02 2.837151333333333127e+02 2.967703333333333262e+02 3.158182666666666591e+02 3.099995999999999867e+02 2.975613666666666859e+02 2.621608750000000327e+02 2.964620883333333268e+02 1.130840322124089914e+00
2.406274999999999693e+02 2.382186000000000092e+02 2.522819000000000358e+02 2.744278666666666595e+02 2.837151333333333127e+02 2.967703333333333262e+02 3.158182666666666591e+02 3.099995999999999867e+02 2.513889666666666756e+02 2.915384599999999864e+02 1.159710642299469630e+00
2.479993666666666456e+02 2.406274999999999693e+02 2.382186000000000092e+02 2.522819000000000358e+02 2.744278666666666595e+02 2.837151333333333127e+02 2.967703333333333262e+02 3.158182666666666591e+02 2.447818416666666792e+02 2.831026883333333330e+02 1.156551018677481446e+00
2.311716333333333466e+02 2.479993666666666456e+02 2.406274999999999693e+02 2.382186000000000092e+02 2.522819000000000358e+02 2.744278666666666595e+02 2.837151333333333127e+02 2.967703333333333262e+02 2.395042750000000069e+02 2.693399016666666625e+02 1.124572418035822752e+00
2.391788333333333014e+02 2.311716333333333466e+02 2.479993666666666456e+02 2.406274999999999693e+02 2.382186000000000092e+02 2.522819000000000358e+02 2.744278666666666595e+02 2.837151333333333127e+02 2.397443333333333157e+02 2.576775666666666780e+02 1.074801489920512720e+00
2.469092333333333329e+02 2.391788333333333014e+02 2.311716333333333466e+02 2.479993666666666456e+02 2.406274999999999693e+02 2.382186000000000092e+02 2.522819000000000358e+02 2.744278666666666595e+02 2.413147666666666566e+02 2.493741266666666831e+02 1.033397707530814280e+00
2.423351999999999862e+02 2.469092333333333329e+02 2.391788333333333014e+02 2.311716333333333466e+02 2.479993666666666456e+02 2.406274999999999693e+02 2.382186000000000092e+02 2.522819000000000358e+02 2.398987249999999847e+02 2.438052183333333289e+02 1.016283927033515333e+00
2.374411000000000058e+02 2.423351999999999862e+02 2.469092333333333329e+02 2.391788333333333014e+02 2.311716333333333466e+02 2.479993666666666456e+02 2.406274999999999693e+02 2.382186000000000092e+02 2.414660916666666424e+02 2.398966383333333283e+02 9.935003158310945492e-01
2.416786333333333516e+02 2.374411000000000058e+02 2.423351999999999862e+02 2.469092333333333329e+02 2.391788333333333014e+02 2.311716333333333466e+02 2.479993666666666456e+02 2.406274999999999693e+02 2.420910416666666549e+02 2.402136749999999665e+02 9.922452038962613630e-01
2.227182333333333588e+02 2.416786333333333516e+02 2.374411000000000058e+02 2.423351999999999862e+02 2.469092333333333329e+02 2.391788333333333014e+02 2.311716333333333466e+02 2.479993666666666456e+02 2.360432916666666756e+02 2.402604716666666604e+02 1.017866129430000433e+00
2.230288666666666586e+02 2.227182333333333588e+02 2.416786333333333516e+02 2.374411000000000058e+02 2.423351999999999862e+02 2.469092333333333329e+02 2.391788333333333014e+02 2.311716333333333466e+02 2.312167083333333437e+02 2.381623216666666281e+02 1.030039409277119233e+00
3.335645666666666216e+02 2.230288666666666586e+02 2.227182333333333588e+02 2.416786333333333516e+02 2.374411000000000058e+02 2.423351999999999862e+02 2.469092333333333329e+02 2.391788333333333014e+02 2.552475749999999834e+02 2.442223883333332992e+02 9.568059102357125978e-01
2.721800666666666757e+02 3.335645666666666216e+02 2.230288666666666586e+02 2.227182333333333588e+02 2.416786333333333516e+02 2.374411000000000058e+02 2.423351999999999862e+02 2.469092333333333329e+02 2.628729333333333216e+02 2.462474199999999769e+02 9.367545638019281196e-01
2.356196666666666886e+02 2.721800666666666757e+02 3.335645666666666216e+02 2.230288666666666586e+02 2.227182333333333588e+02 2.416786333333333516e+02 2.374411000000000058e+02 2.423351999999999862e+02 2.660982916666666824e+02 2.420542916666666713e+02 9.096424112706472664e-01
2.127845666666667057e+02 2.356196666666666886e+02 2.721800666666666757e+02 3.335645666666666216e+02 2.230288666666666586e+02 2.227182333333333588e+02 2.416786333333333516e+02 2.374411000000000058e+02 2.635372166666666658e+02 2.376808100000000081e+02 9.018870769232909534e-01
1.969938666666666620e+02 2.127845666666667057e+02 2.356196666666666886e+02 2.721800666666666757e+02 3.335645666666666216e+02 2.230288666666666586e+02 2.227182333333333588e+02 2.416786333333333516e+02 2.293945416666666972e+02 2.500769683333333546e+02 1.090160936334397590e+00
2.039164000000000385e+02 1.969938666666666620e+02 2.127845666666667057e+02 2.356196666666666886e+02 2.721800666666666757e+02 3.335645666666666216e+02 2.230288666666666586e+02 2.227182333333333588e+02 2.123286250000000450e+02 2.527640716666666663e+02 1.190438037578148478e+00
2.118049666666666724e+02 2.039164000000000385e+02 1.969938666666666620e+02 2.127845666666667057e+02 2.356196666666666886e+02 2.721800666666666757e+02 3.335645666666666216e+02 2.230288666666666586e+02 2.063749500000000126e+02 2.541536233333333143e+02 1.231513918396265117e+00
2.008694333333333191e+02 2.118049666666666724e+02 2.039164000000000385e+02 1.969938666666666620e+02 2.127845666666667057e+02 2.356196666666666886e+02 2.721800666666666757e+02 3.335645666666666216e+02 2.033961666666666872e+02 2.515090066666666644e+02 1.236547427557221912e+00
1.882187666666666530e+02 2.008694333333333191e+02 2.118049666666666724e+02 2.039164000000000385e+02 1.969938666666666620e+02 2.127845666666667057e+02 2.356196666666666886e+02 2.721800666666666757e+02 2.012023916666666707e+02 2.237561116666666692e+02 1.112094691385999479e+00
1.886912666666666780e+02 1.882187666666666530e+02 2.008694333333333191e+02 2.118049666666666724e+02 2.039164000000000385e+02 1.969938666666666620e+02 2.127845666666667057e+02 2.356196666666666886e+02 1.973961083333333306e+02 2.093421216666667135e+02 1.060517977959123392e+00
1.672785333333333426e+02 1.886912666666666780e+02 1.882187666666666530e+02 2.008694333333333191e+02 2.118049666666666724e+02 2.039164000000000385e+02 1.969938666666666620e+02 2.127845666666667057e+02 1.862644999999999982e+02 2.023528600000000210e+02 1.086373731977913204e+00
1.516689333333333423e+02 1.672785333333333426e+02 1.886912666666666780e+02 1.882187666666666530e+02 2.008694333333333191e+02 2.118049666666666724e+02 2.039164000000000385e+02 1.969938666666666620e+02 1.739643749999999898e+02 1.975098083333333534e+02 1.135346293362266668e+00
1.293504000000000076e+02 1.516689333333333423e+02 1.672785333333333426e+02 1.886912666666666780e+02 1.882187666666666530e+02 2.008694333333333191e+02 2.118049666666666724e+02 2.039164000000000385e+02 1.592472833333333426e+02 1.928113700000000108e+02 1.210767091055556355e+00
1.057942666666666582e+02 1.293504000000000076e+02 1.516689333333333423e+02 1.672785333333333426e+02 1.886912666666666780e+02 1.882187666666666530e+02 2.008694333333333191e+02 2.118049666666666724e+02 1.385230333333333306e+02 1.856214933333333192e+02 1.340004538354752528e+00
9.681376666666666608e+01 1.057942666666666582e+02 1.293504000000000076e+02 1.516689333333333423e+02 1.672785333333333426e+02 1.886912666666666780e+02 1.882187666666666530e+02 2.008694333333333191e+02 1.209068416666666792e+02 1.731929683333333401e+02 1.432449693879330299e+00
1.006371333333333382e+02 9.681376666666666608e+01 1.057942666666666582e+02 1.293504000000000076e+02 1.516689333333333423e+02 1.672785333333333426e+02 1.886912666666666780e+02 1.882187666666666530e+02 1.081488916666666569e+02 1.608012783333333005e+02 1.486850913173944466e+00
1.005101000000000084e+02 1.006371333333333382e+02 9.681376666666666608e+01 1.057942666666666582e+02 1.293504000000000076e+02 1.516689333333333423e+02 1.672785333333333426e+02 1.886912666666666780e+02 1.009388166666666677e+02 1.475855899999999963e+02 1.462129187499556116e+00
1.029546333333333337e+02 1.005101000000000084e+02 1.006371333333333382e+02 9.681376666666666608e+01 1.057942666666666582e+02 1.293504000000000076e+02 1.516689333333333423e+02 1.672785333333333426e+02 1.002289083333333366e+02 1.308642083333333517e+02 1.305653334047254699e+00
1.065056000000000012e+02 1.029546333333333337e+02 1.005101000000000084e+02 1.006371333333333382e+02 9.681376666666666608e+01 1.057942666666666582e+02 1.293504000000000076e+02 1.516689333333333423e+02 1.026518666666666775e+02 1.172558466666666845e+02 1.142267067070707576e+00
9.517606666666665660e+01 1.065056000000000012e+02 1.029546333333333337e+02 1.005101000000000084e+02 1.006371333333333382e+02 9.681376666666666608e+01 1.057942666666666582e+02 1.293504000000000076e+02 1.012866000000000071e+02 1.067764333333333298e+02 1.054200983479881115e+00
7.805863333333333287e+01 9.517606666666665660e+01 1.065056000000000012e+02 1.029546333333333337e+02 1.005101000000000084e+02 1.006371333333333382e+02 9.681376666666666608e+01 1.057942666666666582e+02 9.567373333333333107e+01 9.988579999999998904e+01 1.044025319384073391e+00
8.154076666666666995e+01 7.805863333333333287e+01 9.517606666666665660e+01 1.065056000000000012e+02 1.029546333333333337e+02 1.005101000000000084e+02 1.006371333333333382e+02 9.681376666666666608e+01 9.032026666666666870e+01 9.824718000000000018e+01 1.087764503204891708e+00
8.782093333333334328e+01 8.154076666666666995e+01 7.805863333333333287e+01 9.517606666666665660e+01 1.065056000000000012e+02 1.029546333333333337e+02 1.005101000000000084e+02 1.006371333333333382e+02 8.564910000000000423e+01 9.925131333333334283e+01 1.158813266377969331e+00
9.332086666666667440e+01 8.782093333333334328e+01 8.154076666666666995e+01 7.805863333333333287e+01 9.517606666666665660e+01 1.065056000000000012e+02 1.029546333333333337e+02 1.005101000000000084e+02 8.518529999999999802e+01 9.806633999999999673e+01 1.151212004888167328e+00
1.109887666666666632e+02 9.332086666666667440e+01 8.782093333333334328e+01 8.154076666666666995e+01 7.805863333333333287e+01 9.517606666666665660e+01 1.065056000000000012e+02 1.029546333333333337e+02 9.341783333333334838e+01 9.522255333333333738e+01 1.019318795304964942e+00
1.039146333333333558e+02 1.109887666666666632e+02 9.332086666666667440e+01 8.782093333333334328e+01 8.154076666666666995e+01 7.805863333333333287e+01 9.517606666666665660e+01 1.065056000000000012e+02 9.901130000000001985e+01 9.205847333333333893e+01 9.297774429113981887e-01
9.871933333333333849e+01 1.039146333333333558e+02 1.109887666666666632e+02 9.332086666666667440e+01 8.782093333333334328e+01 8.154076666666666995e+01 7.805863333333333287e+01 9.517606666666665660e+01 1.017359000000000151e+02 8.886646000000000356e+01 8.735014876754418900e-01
9.826673333333333460e+01 9.871933333333333849e+01 1.039146333333333558e+02 1.109887666666666632e+02 9.332086666666667440e+01 8.782093333333334328e+01 8.154076666666666995e+01 7.805863333333333287e+01 1.029723666666666730e+02 8.874271333333334155e+01 8.618109518702590233e-01
1.004611666666666565e+02 9.826673333333333460e+01 9.871933333333333849e+01 1.039146333333333558e+02 1.109887666666666632e+02 9.332086666666667440e+01 8.782093333333334328e+01 8.154076666666666995e+01 1.003404666666666714e+02 9.480236000000000729e+01 9.448068476194716458e-01
1.092724000000000046e+02 1.004611666666666565e+02 9.826673333333333460e+01 9.871933333333333849e+01 1.039146333333333558e+02 1.109887666666666632e+02 9.332086666666667440e+01 8.782093333333334328e+01 1.016799083333333300e+02 9.954502166666668472e+01 9.790038494166622973e-01
1.092703666666666749e+02 1.092724000000000046e+02 1.004611666666666565e+02 9.826673333333333460e+01 9.871933333333333849e+01 1.039146333333333558e+02 1.109887666666666632e+02 9.332086666666667440e+01 1.043176666666666677e+02 1.022522533333333570e+02 9.802007330174181687e-01
1.088028666666666595e+02 1.092703666666666749e+02 1.092724000000000046e+02 1.004611666666666565e+02 9.826673333333333460e+01 9.871933333333333849e+01 1.039146333333333558e+02 1.109887666666666632e+02 1.069517000000000024e+02 1.037682333333333418e+02 9.702345388931016279e-01
1.072239333333333349e+02 1.088028666666666595e+02 1.092703666666666749e+02 1.092724000000000046e+02 1.004611666666666565e+02 9.826673333333333460e+01 9.871933333333333849e+01 1.039146333333333558e+02 1.086423916666666685e+02 1.020008516666666765e+02 9.388678774637310154e-01
1.020273000000000110e+02 1.072239333333333349e+02 1.088028666666666595e+02 1.092703666666666749e+02 1.092724000000000046e+02 1.004611666666666565e+02 9.826673333333333460e+01 9.871933333333333849e+01 1.068311166666666736e+02 1.027101499999999987e+02 9.614254086707259006e-01
9.969733333333333292e+01 1.020273000000000110e+02 1.072239333333333349e+02 1.088028666666666595e+02 1.092703666666666749e+02 1.092724000000000046e+02 1.004611666666666565e+02 9.826673333333333460e+01 1.044378583333333381e+02 1.043417050000000046e+02 9.990793249223242078e-01
1.024463333333333281e+02 9.969733333333333292e+01 1.020273000000000110e+02 1.072239333333333349e+02 1.088028666666666595e+02 1.092703666666666749e+02 1.092724000000000046e+02 1.004611666666666565e+02 1.028487250000000017e+02 1.061311050000000051e+02 1.031914639680754364e+00
1.042338666666666569e+02 1.024463333333333281e+02 9.969733333333333292e+01 1.020273000000000110e+02 1.072239333333333349e+02 1.088028666666666595e+02 1.092703666666666749e+02 1.092724000000000046e+02 1.021012083333333322e+02 1.073341550000000097e+02 1.051252543942305717e+00
1.080374000000000052e+02 1.042338666666666569e+02 1.024463333333333281e+02 9.969733333333333292e+01 1.020273000000000110e+02 1.072239333333333349e+02 1.088028666666666595e+02 1.092703666666666749e+02 1.036037333333333379e+02 1.061856400000000065e+02 1.024920980968510698e+00
1.048717333333333244e+02 1.080374000000000052e+02 1.042338666666666569e+02 1.024463333333333281e+02 9.969733333333333292e+01 1.020273000000000110e+02 1.072239333333333349e+02 1.088028666666666595e+02 1.048973333333333215e+02 1.045297533333333320e+02 9.964958117778653923e-01
1.112227666666666863e+02 1.048717333333333244e+02 1.080374000000000052e+02 1.042338666666666569e+02 1.024463333333333281e+02 9.969733333333333292e+01 1.020273000000000110e+02 1.072239333333333349e+02 1.070914416666666682e+02 1.036972683333333407e+02 9.683058395656111150e-01
1.226713000000000164e+02 1.112227666666666863e+02 1.048717333333333244e+02 1.080374000000000052e+02 1.042338666666666569e+02 1.024463333333333281e+02 9.969733333333333292e+01 1.020273000000000110e+02 1.117008000000000010e+02 1.040211266666666745e+02 9.312478215614093946e-01
1.341444333333333248e+02 1.226713000000000164e+02 1.112227666666666863e+02 1.048717333333333244e+02 1.080374000000000052e+02 1.042338666666666569e+02 1.024463333333333281e+02 9.969733333333333292e+01 1.182275583333333486e+02 1.065284983333333457e+02 9.010462521181785700e-01
1.176823666666666668e+02 1.341444333333333248e+02 1.226713000000000164e+02 1.112227666666666863e+02 1.048717333333333244e+02 1.080374000000000052e+02 1.042338666666666569e+02 1.024463333333333281e+02 1.214302166666666807e+02 1.082039099999999934e+02 8.910789502832421327e-01
1.152184333333333370e+02 1.176823666666666668e+02 1.341444333333333248e+02 1.226713000000000164e+02 1.112227666666666863e+02 1.048717333333333244e+02 1.080374000000000052e+02 1.042338666666666569e+02 1.224291333333333398e+02 1.101589799999999997e+02 8.997775039383326678e-01
1.369038666666666870e+02 1.152184333333333370e+02 1.176823666666666668e+02 1.341444333333333248e+02 1.226713000000000164e+02 1.112227666666666863e+02 1.048717333333333244e+02 1.080374000000000052e+02 1.259872749999999968e+02 1.145580950000000087e+02 9.092830605313116932e-01
1.495429333333333091e+02 1.369038666666666870e+02 1.152184333333333370e+02 1.176823666666666668e+02 1.341444333333333248e+02 1.226713000000000164e+02 1.112227666666666863e+02 1.048717333333333244e+02 1.298369000000000142e+02 1.205494266666666761e+02 9.284681524795082019e-01
1.320339666666666574e+02 1.495429333333333091e+02 1.369038666666666870e+02 1.152184333333333370e+02 1.176823666666666668e+02 1.341444333333333248e+02 1.226713000000000164e+02 1.112227666666666863e+02 1.334248000000000047e+02 1.238291333333333597e+02 9.280818358605997798e-01
1.270858999999999952e+02 1.320339666666666574e+02 1.495429333333333091e+02 1.369038666666666870e+02 1.152184333333333370e+02 1.176823666666666668e+02 1.341444333333333248e+02 1.226713000000000164e+02 1.363916666666666515e+02 1.252216400000000078e+02 9.181033054316614095e-01
