7.510567155067153635e+02 7.404227354566336317e+02 7.252589364658329032e+02 7.089422916265019694e+02 6.945181841967554419e+02 6.752255078255077478e+02 6.528023334690000183e+02 6.297797359872830611e+02 7.134294719169720338e+02 6.248861385836387399e+02 8.266631651514364520e-01
7.510567155067153635e+02 7.404227354566336317e+02 7.252589364658329032e+02 7.089422916265019694e+02 6.945181841967554419e+02 6.752255078255077478e+02 6.528023334690000183e+02 6.297797359872830611e+02 7.134294719169720338e+02 6.248861385836387399e+02 8.266631651514364520e-01
7.510567155067153635e+02 7.404227354566336317e+02 7.252589364658329032e+02 7.089422916265019694e+02 6.945181841967554419e+02 6.752255078255077478e+02 6.528023334690000183e+02 6.297797359872830611e+02 7.134294719169720338e+02 6.248861385836387399e+02 8.266631651514364520e-01
7.510567155067153635e+02 7.404227354566336317e+02 7.252589364658329032e+02 7.089422916265019694e+02 6.945181841967554419e+02 6.752255078255077478e+02 6.528023334690000183e+02 6.297797359872830611e+02 7.134294719169720338e+02 6.248861385836387399e+02 8.266631651514364520e-01
7.510567155067153635e+02 7.404227354566336317e+02 7.252589364658329032e+02 7.089422916265019694e+02 6.945181841967554419e+02 6.752255078255077478e+02 6.528023334690000183e+02 6.297797359872830611e+02 7.134294719169720338e+02 6.248861385836387399e+02 8.266631651514364520e-01
7.510567155067153635e+02 7.404227354566336317e+02 7.252589364658329032e+02 7.089422916265019694e+02 6.945181841967554419e+02 6.752255078255077478e+02 6.528023334690000183e+02 6.297797359872830611e+02 7.134294719169720338e+02 6.248861385836387399e+02 8.266631651514364520e-01
7.510567155067153635e+02 7.404227354566336317e+02 7.252589364658329032e+02 7.089422916265019694e+02 6.945181841967554419e+02 6.752255078255077478e+02 6.528023334690000183e+02 6.297797359872830611e+02 7.134294719169720338e+02 6.248861385836387399e+02 8.266631651514364520e-01
7.510567155067153635e+02 7.404227354566336317e+02 7.252589364658329032e+02 7.089422916265019694e+02 6.945181841967554419e+02 6.752255078255077478e+02 6.528023334690000183e+02 6.297797359872830611e+02 7.134294719169720338e+02 6.248861385836387399e+02 8.266631651514364520e-01
7.510567155067153635e+02 7.404227354566336317e+02 7.252589364658329032e+02 7.089422916265019694e+02 6.945181841967554419e+02 6.752255078255077478e+02 6.528023334690000183e+02 6.297797359872830611e+02 7.134294719169720338e+02 6.248861385836387399e+02 8.266631651514364520e-01
7.510567155067153635e+02 7.404227354566336317e+02 7.252589364658329032e+02 7.089422916265019694e+02 6.945181841967554419e+02 6.752255078255077478e+02 6.528023334690000183e+02 6.297797359872830611e+02 7.134294719169720338e+02 6.248861385836387399e+02 8.266631651514364520e-01
7.510567155067153635e+02 7.404227354566336317e+02 7.252589364658329032e+02 7.089422916265019694e+02 6.945181841967554419e+02 6.752255078255077478e+02 6.528023334690000183e+02 6.297797359872830611e+02 7.134294719169720338e+02 6.248861385836387399e+02 8.266631651514364520e-01
7.510567155067153635e+02 7.404227354566336317e+02 7.252589364658329032e+02 7.089422916265019694e+02 6.945181841967554419e+02 6.752255078255077478e+02 6.528023334690000183e+02 6.297797359872830611e+02 7.134294719169720338e+02 6.248861385836387399e+02 8.266631651514364520e-01
7.510567155067153635e+02 7.404227354566336317e+02 7.252589364658329032e+02 7.089422916265019694e+02 6.945181841967554419e+02 6.752255078255077478e+02 6.528023334690000183e+02 6.297797359872830611e+02 7.134294719169720338e+02 6.248861385836387399e+02 8.266631651514364520e-01
7.510567155067153635e+02 7.404227354566336317e+02 7.252589364658329032e+02 7.089422916265019694e+02 6.945181841967554419e+02 6.752255078255077478e+02 6.528023334690000183e+02 6.297797359872830611e+02 7.134294719169720338e+02 6.248861385836387399e+02 8.266631651514364520e-01
7.510567155067153635e+02 7.404227354566336317e+02 7.252589364658329032e+02 7.089422916265019694e+02 6.945181841967554419e+02 6.752255078255077478e+02 6.528023334690000183e+02 6.297797359872830611e+02 7.134294719169720338e+02 6.248861385836387399e+02 8.266631651514364520e-01
7.510567155067153635e+02 7.404227354566336317e+02 7.252589364658329032e+02 7.089422916265019694e+02 6.945181841967554419e+02 6.752255078255077478e+02 6.528023334690000183e+02 6.297797359872830611e+02 7.134294719169720338e+02 6.248861385836387399e+02 8.266631651514364520e-01
7.510567155067153635e+02 7.404227354566336317e+02 7.252589364658329032e+02 7.089422916265019694e+02 6.945181841967554419e+02 6.752255078255077478e+02 6.528023334690000183e+02 6.297797359872830611e+02 7.134294719169720338e+02 6.248861385836387399e+02 8.266631651514364520e-01
7.510567155067153635e+02 7.404227354566336317e+02 7.252589364658329032e+02 7.089422916265019694e+02 6.945181841967554419e+02 6.752255078255077478e+02 6.528023334690000183e+02 6.297797359872830611e+02 7.134294719169720338e+02 6.248861385836387399e+02 8.266631651514364520e-01
7.510567155067153635e+02 7.404227354566336317e+02 7.252589364658329032e+02 7.089422916265019694e+02 6.945181841967554419e+02 6.752255078255077478e+02 6.528023334690000183e+02 6.297797359872830611e+02 7.134294719169720338e+02 6.248861385836387399e+02 8.266631651514364520e-01
7.510567155067153635e+02 7.404227354566336317e+02 7.252589364658329032e+02 7.089422916265019694e+02 6.945181841967554419e+02 6.752255078255077478e+02 6.528023334690000183e+02 6.297797359872830611e+02 7.134294719169720338e+02 6.248861385836387399e+02 8.266631651514364520e-01
7.510567155067153635e+02 7.404227354566336317e+02 7.252589364658329032e+02 7.089422916265019694e+02 6.945181841967554419e+02 6.752255078255077478e+02 6.528023334690000183e+02 6.297797359872830611e+02 7.134294719169720338e+02 6.248861385836387399e+02 8.266631651514364520e-01
7.510567155067153635e+02 7.404227354566336317e+02 7.252589364658329032e+02 7.089422916265019694e+02 6.945181841967554419e+02 6.752255078255077478e+02 6.528023334690000183e+02 6.297797359872830611e+02 7.134294719169720338e+02 6.248861385836387399e+02 8.266631651514364520e-01
7.510567155067153635e+02 7.404227354566336317e+02 7.252589364658329032e+02 7.089422916265019694e+02 6.945181841967554419e+02 6.752255078255077478e+02 6.528023334690000183e+02 6.297797359872830611e+02 7.134294719169720338e+02 6.248861385836387399e+02 8.266631651514364520e-01
7.510567155067153635e+02 7.404227354566336317e+02 7.252589364658329032e+02 7.089422916265019694e+02 6.945181841967554419e+02 6.752255078255077478e+02 6.528023334690000183e+02 6.297797359872830611e+02 7.134294719169720338e+02 6.248861385836387399e+02 8.266631651514364520e-01
7.510567155067153635e+02 7.404227354566336317e+02 7.252589364658329032e+02 7.089422916265019694e+02 6.945181841967554419e+02 6.752255078255077478e+02 6.528023334690000183e+02 6.297797359872830611e+02 7.134294719169720338e+02 6.248861385836387399e+02 8.266631651514364520e-01
7.510567155067153635e+02 7.404227354566336317e+02 7.252589364658329032e+02 7.089422916265019694e+02 6.945181841967554419e+02 6.752255078255077478e+02 6.528023334690000183e+02 6.297797359872830611e+02 7.134294719169720338e+02 6.248861385836387399e+02 8.266631651514364520e-01
7.510567155067153635e+02 7.404227354566336317e+02 7.252589364658329032e+02 7.089422916265019694e+02 6.945181841967554419e+02 6.752255078255077478e+02 6.528023334690000183e+02 6.297797359872830611e+02 7.134294719169720338e+02 6.248861385836387399e+02 8.266631651514364520e-01
7.510567155067153635e+02 7.404227354566336317e+02 7.252589364658329032e+02 7.089422916265019694e+02 6.945181841967554419e+02 6.752255078255077478e+02 6.528023334690000183e+02 6.297797359872830611e+02 7.134294719169720338e+02 6.248861385836387399e+02 8.266631651514364520e-01
7.510567155067153635e+02 7.404227354566336317e+02 7.252589364658329032e+02 7.089422916265019694e+02 6.945181841967554419e+02 6.752255078255077478e+02 6.528023334690000183e+02 6.297797359872830611e+02 7.134294719169720338e+02 6.248861385836387399e+02 8.266631651514364520e-01
7.510567155067153635e+02 7.404227354566336317e+02 7.252589364658329032e+02 7.089422916265019694e+02 6.945181841967554419e+02 6.752255078255077478e+02 6.528023334690000183e+02 6.297797359872830611e+02 7.134294719169720338e+02 6.248861385836387399e+02 8.266631651514364520e-01
7.510567155067153635e+02 7.404227354566336317e+02 7.252589364658329032e+02 7.089422916265019694e+02 6.945181841967554419e+02 6.752255078255077478e+02 6.528023334690000183e+02 6.297797359872830611e+02 7.134294719169720338e+02 6.248861385836387399e+02 8.266631651514364520e-01
7.510567155067153635e+02 7.404227354566336317e+02 7.252589364658329032e+02 7.089422916265019694e+02 6.945181841967554419e+02 6.752255078255077478e+02 6.528023334690000183e+02 6.297797359872830611e+02 7.134294719169720338e+02 6.248861385836387399e+02 8.266631651514364520e-01
7.510567155067153635e+02 7.404227354566336317e+02 7.252589364658329032e+02 7.089422916265019694e+02 6.945181841967554419e+02 6.752255078255077478e+02 6.528023334690000183e+02 6.297797359872830611e+02 7.134294719169720338e+02 6.248861385836387399e+02 8.266631651514364520e-01
7.510567155067153635e+02 7.404227354566336317e+02 7.252589364658329032e+02 7.089422916265019694e+02 6.945181841967554419e+02 6.752255078255077478e+02 6.528023334690000183e+02 6.297797359872830611e+02 7.134294719169720338e+02 6.248861385836387399e+02 8.266631651514364520e-01
7.510567155067153635e+02 7.404227354566336317e+02 7.252589364658329032e+02 7.089422916265019694e+02 6.945181841967554419e+02 6.752255078255077478e+02 6.528023334690000183e+02 6.297797359872830611e+02 7.134294719169720338e+02 6.248861385836387399e+02 8.266631651514364520e-01
7.510567155067153635e+02 7.404227354566336317e+02 7.252589364658329032e+02 7.089422916265019694e+02 6.945181841967554419e+02 6.752255078255077478e+02 6.528023334690000183e+02 6.297797359872830611e+02 7.134294719169720338e+02 6.248861385836387399e+02 8.266631651514364520e-01
7.510567155067153635e+02 7.404227354566336317e+02 7.252589364658329032e+02 7.089422916265019694e+02 6.945181841967554419e+02 6.752255078255077478e+02 6.528023334690000183e+02 6.297797359872830611e+02 7.134294719169720338e+02 6.248861385836387399e+02 8.266631651514364520e-01
7.510567155067153635e+02 7.404227354566336317e+02 7.252589364658329032e+02 7.089422916265019694e+02 6.945181841967554419e+02 6.752255078255077478e+02 6.528023334690000183e+02 6.297797359872830611e+02 7.134294719169720338e+02 6.248861385836387399e+02 8.266631651514364520e-01
7.510567155067153635e+02 7.404227354566336317e+02 7.252589364658329032e+02 7.089422916265019694e+02 6.945181841967554419e+02 6.752255078255077478e+02 6.528023334690000183e+02 6.297797359872830611e+02 7.134294719169720338e+02 6.248861385836387399e+02 8.266631651514364520e-01
7.510567155067153635e+02 7.404227354566336317e+02 7.252589364658329032e+02 7.089422916265019694e+02 6.945181841967554419e+02 6.752255078255077478e+02 6.528023334690000183e+02 6.297797359872830611e+02 7.134294719169720338e+02 6.248861385836387399e+02 8.266631651514364520e-01
7.510567155067153635e+02 7.404227354566336317e+02 7.252589364658329032e+02 7.089422916265019694e+02 6.945181841967554419e+02 6.752255078255077478e+02 6.528023334690000183e+02 6.297797359872830611e+02 7.134294719169720338e+02 6.248861385836387399e+02 8.266631651514364520e-01
7.510567155067153635e+02 7.404227354566336317e+02 7.252589364658329032e+02 7.089422916265019694e+02 6.945181841967554419e+02 6.752255078255077478e+02 6.528023334690000183e+02 6.297797359872830611e+02 7.134294719169720338e+02 6.248861385836387399e+02 8.266631651514364520e-01
7.510567155067153635e+02 7.404227354566336317e+02 7.252589364658329032e+02 7.089422916265019694e+02 6.945181841967554419e+02 6.752255078255077478e+02 6.528023334690000183e+02 6.297797359872830611e+02 7.134294719169720338e+02 6.248861385836387399e+02 8.266631651514364520e-01
7.510567155067153635e+02 7.404227354566336317e+02 7.252589364658329032e+02 7.089422916265019694e+02 6.945181841967554419e+02 6.752255078255077478e+02 6.528023334690000183e+02 6.297797359872830611e+02 7.134294719169720338e+02 6.248861385836387399e+02 8.266631651514364520e-01
0.000000000000000000e+00 7.404227354566336317e+02 7.252589364658329032e+02 7.089422916265019694e+02 6.945181841967554419e+02 6.752255078255077478e+02 6.528023334690000183e+02 6.297797359872830611e+02 0.000000000000000000e+00 0.000000000000000000e+00 8.266631651514364520e-01
0.000000000000000000e+00 0.000000000000000000e+00 7.252589364658329032e+02 7.089422916265019694e+02 6.945181841967554419e+02 6.752255078255077478e+02 6.528023334690000183e+02 6.297797359872830611e+02 0.000000000000000000e+00 0.000000000000000000e+00 8.266631651514364520e-01
0.000000000000000000e+00 0.000000000000000000e+00 0.000000000000000000e+00 7.089422916265019694e+02 6.945181841967554419e+02 6.752255078255077478e+02 6.528023334690000183e+02 6.297797359872830611e+02 0.000000000000000000e+00 0.000000000000000000e+00 8.266631651514364520e-01
0.000000000000000000e+00 0.000000000000000000e+00 0.000000000000000000e+00 0.000000000000000000e+00 6.945181841967554419e+02 6.752255078255077478e+02 6.528023334690000183e+02 6.297797359872830611e+02 0.000000000000000000e+00 0.000000000000000000e+00 8.266631651514364520e-01
0.000000000000000000e+00 0.000000000000000000e+00 0.000000000000000000e+00 0.000000000000000000e+00 0.000000000000000000e+00 6.752255078255077478e+02 6.528023334690000183e+02 6.297797359872830611e+02 0.000000000000000000e+00 0.000000000000000000e+00 8.266631651514364520e-01
0.000000000000000000e+00 0.000000000000000000e+00 0.000000000000000000e+00 0.000000000000000000e+00 0.000000000000000000e+00 0.000000000000000000e+00 6.528023334690000183e+02 6.297797359872830611e+02 0.000000000000000000e+00 0.000000000000000000e+00 8.266631651514364520e-01
0.000000000000000000e+00 0.000000000000000000e+00 0.000000000000000000e+00 0.000000000000000000e+00 0.000000000000000000e+00 0.000000000000000000e+00 0.000000000000000000e+00 6.297797359872830611e+02 0.000000000000000000e+00 0.000000000000000000e+00 8.266631651514364520e-01
0.000000000000000000e+00 0.000000000000000000e+00 0.000000000000000000e+00 0.000000000000000000e+00 0.000000000000000000e+00 0.000000000000000000e+00 0.000000000000000000e+00 0.000000000000000000e+00 0.000000000000000000e+00 0.000000000000000000e+00 8.266631651514364520e-01
0.000000000000000000e+00 0.000000000000000000e+00 0.000000000000000000e+00 0.000000000000000000e+00 0.000000000000000000e+00 0.000000000000000000e+00 0.000000000000000000e+00 0.000000000000000000e+00 0.000000000000000000e+00 0.000000000000000000e+00 8.266631651514364520e-01
0.000000000000000000e+00 0.000000000000000000e+00 0.000000000000000000e+00 0.000000000000000000e+00 0.000000000000000000e+00 0.000000000000000000e+00 0.000000000000000000e+00 0.000000000000000000e+00 0.000000000000000000e+00 0.000000000000000000e+00 8.266631651514364520e-01
0.000000000000000000e+00 0.000000000000000000e+00 0.000000000000000000e+00 0.000000000000000000e+00 0.000000000000000000e+00 0.000000000000000000e+00 0.000000000000000000e+00 0.000000000000000000e+00 0.000000000000000000e+00 0.000000000000000000e+00 8.266631651514364520e-01
0.000000000000000000e+00 0.000000000000000000e+00 0.000000000000000000e+00 0.000000000000000000e+00 0.000000000000000000e+00 0.000000000000000000e+00 0.000000000000000000e+00 0.000000000000000000e+00 0.000000000000000000e+00 0.000000000000000000e+00 8.266631651514364520e-01
0.000000000000000000e+00 0.000000000000000000e+00 0.000000000000000000e+00 0.000000000000000000e+00 0.000000000000000000e+00 0.000000000000000000e+00 0.000000000000000000e+00 0.000000000000000000e+00 0.000000000000000000e+00 0.000000000000000000e+00 8.266631651514364520e-01
0.000000000000000000e+00 0.000000000000000000e+00 0.000000000000000000e+00 0.000000000000000000e+00 0.000000000000000000e+00 0.000000000000000000e+00 0.000000000000000000e+00 0.000000000000000000e+00 0.000000000000000000e+00 0.000000000000000000e+00 8.266631651514364520e-01
0.000000000000000000e+00 0.000000000000000000e+00 0.000000000000000000e+00 0.000000000000000000e+00 0.000000000000000000e+00 0.000000000000000000e+00 0.000000000000000000e+00 0.000000000000000000e+00 0.000000000000000000e+00 0.000000000000000000e+00 8.266631651514364520e-01
0.000000000000000000e+00 0.000000000000000000e+00 0.000000000000000000e+00 0.000000000000000000e+00 0.000000000000000000e+00 0.000000000000000000e+00 0.000000000000000000e+00 0.000000000000000000e+00 0.000000000000000000e+00 0.000000000000000000e+00 8.266631651514364520e-01
0.000000000000000000e+00 0.000000000000000000e+00 0.000000000000000000e+00 0.000000000000000000e+00 0.000000000000000000e+00 0.000000000000000000e+00 0.000000000000000000e+00 0.000000000000000000e+00 0.000000000000000000e+00 0.000000000000000000e+00 8.266631651514364520e-01
0.000000000000000000e+00 0.000000000000000000e+00 0.000000000000000000e+00 0.000000000000000000e+00 0.000000000000000000e+00 0.000000000000000000e+00 0.000000000000000000e+00 0.000000000000000000e+00 0.000000000000000000e+00 0.000000000000000000e+00 8.266631651514364520e-01
0.000000000000000000e+00 0.000000000000000000e+00 0.000000000000000000e+00 0.000000000000000000e+00 0.000000000000000000e+00 0.000000000000000000e+00 0.000000000000000000e+00 0.000000000000000000e+00 0.000000000000000000e+00 0.000000000000000000e+00 8.266631651514364520e-01
0.000000000000000000e+00 0.000000000000000000e+00 0.000000000000000000e+00 0.000000000000000000e+00 0.000000000000000000e+00 0.000000000000000000e+00 0.000000000000000000e+00 0.000000000000000000e+00 0.000000000000000000e+00 0.000000000000000000e+00 8.266631651514364520e-01
0.000000000000000000e+00 0.000000000000000000e+00 0.000000000000000000e+00 0.000000000000000000e+00 0.000000000000000000e+00 0.000000000000000000e+00 0.000000000000000000e+00 0.000000000000000000e+00 0.000000000000000000e+00 0.000000000000000000e+00 8.266631651514364520e-01
0.000000000000000000e+00 0.000000000000000000e+00 0.000000000000000000e+00 0.000000000000000000e+00 0.000000000000000000e+00 0.000000000000000000e+00 0.000000000000000000e+00 0.000000000000000000e+00 0.000000000000000000e+00 0.000000000000000000e+00 8.266631651514364520e-01
0.000000000000000000e+00 0.000000000000000000e+00 0.000000000000000000e+00 0.000000000000000000e+00 0.000000000000000000e+00 0.000000000000000000e+00 0.000000000000000000e+00 0.000000000000000000e+00 0.000000000000000000e+00 0.000000000000000000e+00 8.266631651514364520e-01
0.000000000000000000e+00 0.000000000000000000e+00 0.000000000000000000e+00 0.000000000000000000e+00 0.000000000000000000e+00 0.000000000000000000e+00 0.000000000000000000e+00 0.000000000000000000e+00 0.000000000000000000e+00 0.000000000000000000e+00 8.266631651514364520e-01
0.000000000000000000e+00 0.000000000000000000e+00 0.000000000000000000e+00 0.000000000000000000e+00 0.000000000000000000e+00 0.000000000000000000e+00 0.000000000000000000e+00 0.000000000000000000e+00 0.000000000000000000e+00 0.000000000000000000e+00 8.266631651514364520e-01
0.000000000000000000e+00 0.000000000000000000e+00 0.000000000000000000e+00 0.000000000000000000e+00 0.000000000000000000e+00 0.000000000000000000e+00 0.000000000000000000e+00 0.000000000000000000e+00 0.000000000000000000e+00 0.000000000000000000e+00 8.266631651514364520e-01
0.000000000000000000e+00 0.000000000000000000e+00 0.000000000000000000e+00 0.000000000000000000e+00 0.000000000000000000e+00 0.000000000000000000e+00 0.000000000000000000e+00 0.000000000000000000e+00 0.000000000000000000e+00 0.000000000000000000e+00 8.266631651514364520e-01
0.000000000000000000e+00 0.000000000000000000e+00 0.000000000000000000e+00 0.000000000000000000e+00 0.000000000000000000e+00 0.000000000000000000e+00 0.000000000000000000e+00 0.000000000000000000e+00 0.000000000000000000e+00 0.000000000000000000e+00 8.266631651514364520e-01
0.000000000000000000e+00 0.000000000000000000e+00 0.000000000000000000e+00 0.000000000000000000e+00 0.000000000000000000e+00 0.000000000000000000e+00 0.000000000000000000e+00 0.000000000000000000e+00 0.000000000000000000e+00 0.000000000000000000e+00 8.266631651514364520e-01
0.000000000000000000e+00 0.000000000000000000e+00 0.000000000000000000e+00 0.000000000000000000e+00 0.000000000000000000e+00 0.000000000000000000e+00 0.000000000000000000e+00 0.000000000000000000e+00 0.000000000000000000e+00 0.000000000000000000e+00 8.266631651514364520e-01
0.000000000000000000e+00 0.000000000000000000e+00 0.000000000000000000e+00 0.000000000000000000e+00 0.000000000000000000e+00 0.000000000000000000e+00 0.000000000000000000e+00 0.000000000000000000e+00 0.000000000000000000e+00 0.000000000000000000e+00 8.266631651514364520e-01
0.000000000000000000e+00 0.000000000000000000e+00 0.000000000000000000e+00 0.000000000000000000e+00 0.000000000000000000e+00 0.000000000000000000e+00 0.000000000000000000e+00 0.000000000000000000e+00 0.000000000000000000e+00 0.000000000000000000e+00 8.266631651514364520e-01
0.000000000000000000e+00 0.000000000000000000e+00 0.000000000000000000e+00 0.000000000000000000e+00 0.000000000000000000e+00 0.000000000000000000e+00 0.000000000000000000e+00 0.000000000000000000e+00 0.000000000000000000e+00 0.000000000000000000e+00 8.266631651514364520e-01
1.545000000000000000e+03 0.000000000000000000e+00 0.000000000000000000e+00 0.000000000000000000e+00 0.000000000000000000e+00 0.000000000000000000e+00 0.000000000000000000e+00 0.000000000000000000e+00 3.862500000000000000e+02 7.725000000000000000e+01 2.000000000000000111e-01
1.772230769230769283e+03 1.545000000000000000e+03 0.000000000000000000e+00 0.000000000000000000e+00 0.000000000000000000e+00 0.000000000000000000e+00 0.000000000000000000e+00 0.000000000000000000e+00 8.293076923076923777e+02 1.658615384615384869e+02 2.000000000000000111e-01
1.141000000000000000e+03 1.772230769230769283e+03 1.545000000000000000e+03 0.000000000000000000e+00 0.000000000000000000e+00 0.000000000000000000e+00 0.000000000000000000e+00 0.000000000000000000e+00 1.114557692307692378e+03 2.229115384615384698e+02 1.999999999999999833e-01
1.029307692307692378e+03 1.141000000000000000e+03 1.772230769230769283e+03 1.545000000000000000e+03 0.000000000000000000e+00 0.000000000000000000e+00 0.000000000000000000e+00 0.000000000000000000e+00 1.371884615384615472e+03 2.743769230769231058e+02 2.000000000000000111e-01
1.455076923076923094e+03 1.029307692307692378e+03 1.141000000000000000e+03 1.772230769230769283e+03 1.545000000000000000e+03 0.000000000000000000e+00 0.000000000000000000e+00 0.000000000000000000e+00 1.349403846153846189e+03 5.788807692307692605e+02 4.289900098334022416e-01
1.799307692307692378e+03 1.455076923076923094e+03 1.029307692307692378e+03 1.141000000000000000e+03 1.772230769230769283e+03 1.545000000000000000e+03 0.000000000000000000e+00 0.000000000000000000e+00 1.356173076923076906e+03 9.346807692307693287e+02 6.892046340806285976e-01
1.804692307692307622e+03 1.799307692307692378e+03 1.455076923076923094e+03 1.029307692307692378e+03 1.141000000000000000e+03 1.772230769230769283e+03 1.545000000000000000e+03 0.000000000000000000e+00 1.522096153846153811e+03 1.196065384615384801e+03 7.858014630633364250e-01
1.660230769230769283e+03 1.804692307692307622e+03 1.799307692307692378e+03 1.455076923076923094e+03 1.029307692307692378e+03 1.141000000000000000e+03 1.772230769230769283e+03 1.545000000000000000e+03 1.679826923076923094e+03 1.433473076923076860e+03 8.533456972444505295e-01
1.075153846153846189e+03 1.660230769230769283e+03 1.804692307692307622e+03 1.799307692307692378e+03 1.455076923076923094e+03 1.029307692307692378e+03 1.141000000000000000e+03 1.772230769230769283e+03 1.584846153846153811e+03 1.396492307692307804e+03 8.811532301121196564e-01
1.494538461538461434e+03 1.075153846153846189e+03 1.660230769230769283e+03 1.804692307692307622e+03 1.799307692307692378e+03 1.455076923076923094e+03 1.029307692307692378e+03 1.141000000000000000e+03 1.508653846153846189e+03 1.386669230769230808e+03 9.191434034416825494e-01
1.573307692307692378e+03 1.494538461538461434e+03 1.075153846153846189e+03 1.660230769230769283e+03 1.804692307692307622e+03 1.799307692307692378e+03 1.455076923076923094e+03 1.029307692307692378e+03 1.450807692307692378e+03 1.507838461538461615e+03 1.039309668354497562e+00
1.831153846153846189e+03 1.573307692307692378e+03 1.494538461538461434e+03 1.075153846153846189e+03 1.660230769230769283e+03 1.804692307692307622e+03 1.799307692307692378e+03 1.455076923076923094e+03 1.493538461538461434e+03 1.642569230769230899e+03 1.099783683559950820e+00
2.117307692307692378e+03 1.831153846153846189e+03 1.573307692307692378e+03 1.494538461538461434e+03 1.075153846153846189e+03 1.660230769230769283e+03 1.804692307692307622e+03 1.799307692307692378e+03 1.754076923076922867e+03 1.618692307692307622e+03 9.228171731789677201e-01
2.038846153846153811e+03 2.117307692307692378e+03 1.831153846153846189e+03 1.573307692307692378e+03 1.494538461538461434e+03 1.075153846153846189e+03 1.660230769230769283e+03 1.804692307692307622e+03 1.890153846153845961e+03 1.584953846153846143e+03 8.385316620543709076e-01
1.891615384615384528e+03 2.038846153846153811e+03 2.117307692307692378e+03 1.831153846153846189e+03 1.573307692307692378e+03 1.494538461538461434e+03 1.075153846153846189e+03 1.660230769230769283e+03 1.969730769230769056e+03 1.554592307692307713e+03 7.892410130240369304e-01
1.664071428571428669e+03 1.891615384615384528e+03 2.038846153846153811e+03 2.117307692307692378e+03 1.831153846153846189e+03 1.573307692307692378e+03 1.494538461538461434e+03 1.075153846153846189e+03 1.927960164835164733e+03 1.580422802197801957e+03 8.197383073695009292e-01
1.609666666666666742e+03 1.664071428571428669e+03 1.891615384615384528e+03 2.038846153846153811e+03 2.117307692307692378e+03 1.831153846153846189e+03 1.573307692307692378e+03 1.494538461538461434e+03 1.801049908424908608e+03 1.763471520146520106e+03 9.791352876438319530e-01
1.954846153846153811e+03 1.609666666666666742e+03 1.664071428571428669e+03 1.891615384615384528e+03 2.038846153846153811e+03 2.117307692307692378e+03 1.831153846153846189e+03 1.573307692307692378e+03 1.780049908424908381e+03 1.868133058608058491e+03 1.049483528392241016e+00
1.974357142857142890e+03 1.954846153846153811e+03 1.609666666666666742e+03 1.664071428571428669e+03 1.891615384615384528e+03 2.038846153846153811e+03 2.117307692307692378e+03 1.831153846153846189e+03 1.800735347985347971e+03 1.935931684981684839e+03 1.075078404579325797e+00
1.946615384615384528e+03 1.974357142857142890e+03 1.954846153846153811e+03 1.609666666666666742e+03 1.664071428571428669e+03 1.891615384615384528e+03 2.038846153846153811e+03 2.117307692307692378e+03 1.871371336996337050e+03 1.916642399267399014e+03 1.024191383813607414e+00
1.873000000000000000e+03 1.946615384615384528e+03 1.974357142857142890e+03 1.954846153846153811e+03 1.609666666666666742e+03 1.664071428571428669e+03 1.891615384615384528e+03 2.038846153846153811e+03 1.937204670329670535e+03 1.828280860805861039e+03 9.437726889718508483e-01
1.886076923076923094e+03 1.873000000000000000e+03 1.946615384615384528e+03 1.974357142857142890e+03 1.954846153846153811e+03 1.609666666666666742e+03 1.664071428571428669e+03 1.891615384615384528e+03 1.920012362637362685e+03 1.808042399267399333e+03 9.416826862426243006e-01
1.755615384615384528e+03 1.886076923076923094e+03 1.873000000000000000e+03 1.946615384615384528e+03 1.974357142857142890e+03 1.954846153846153811e+03 1.609666666666666742e+03 1.664071428571428669e+03 1.865326923076923094e+03 1.813653663003663041e+03 9.722980141261119424e-01
1.516692307692307622e+03 1.755615384615384528e+03 1.886076923076923094e+03 1.873000000000000000e+03 1.946615384615384528e+03 1.974357142857142890e+03 1.954846153846153811e+03 1.609666666666666742e+03 1.757846153846153811e+03 1.848666300366300447e+03 1.051665583089528511e+00
1.655307692307692378e+03 1.516692307692307622e+03 1.755615384615384528e+03 1.886076923076923094e+03 1.873000000000000000e+03 1.946615384615384528e+03 1.974357142857142890e+03 1.954846153846153811e+03 1.703423076923076906e+03 1.890448351648351718e+03 1.109793789493037641e+00
1.619923076923076906e+03 1.655307692307692378e+03 1.516692307692307622e+03 1.755615384615384528e+03 1.886076923076923094e+03 1.873000000000000000e+03 1.946615384615384528e+03 1.974357142857142890e+03 1.636884615384615472e+03 1.863386813186813470e+03 1.138373954812311073e+00
1.378461538461538566e+03 1.619923076923076906e+03 1.655307692307692378e+03 1.516692307692307622e+03 1.755615384615384528e+03 1.886076923076923094e+03 1.873000000000000000e+03 1.946615384615384528e+03 1.542596153846153811e+03 1.800780769230769238e+03 1.167370192607367629e+00
