5.890000000000000000e+03 1.375100000000000000e+04 1.418800000000000000e+04 1.411000000000000000e+04 2.420000000000000000e+03 9.769000000000000000e+03 1.571700000000000000e+04 1.122700000000000000e+04 1.198475000000000000e+04 1.022354999999999927e+04 8.530465800287865274e-01
1.961700000000000000e+04 5.890000000000000000e+03 1.375100000000000000e+04 1.418800000000000000e+04 1.411000000000000000e+04 2.420000000000000000e+03 9.769000000000000000e+03 1.571700000000000000e+04 1.336150000000000000e+04 1.107550000000000000e+04 8.289114246154997145e-01
1.627900000000000000e+04 1.961700000000000000e+04 5.890000000000000000e+03 1.375100000000000000e+04 1.418800000000000000e+04 1.411000000000000000e+04 2.420000000000000000e+03 9.769000000000000000e+03 1.388425000000000000e+04 1.087425000000000000e+04 7.832075913355061036e-01
1.358200000000000000e+04 1.627900000000000000e+04 1.961700000000000000e+04 5.890000000000000000e+03 1.375100000000000000e+04 1.418800000000000000e+04 1.411000000000000000e+04 2.420000000000000000e+03 1.384200000000000000e+04 1.166220000000000073e+04 8.425227568270481360e-01
1.395800000000000000e+04 1.358200000000000000e+04 1.627900000000000000e+04 1.961700000000000000e+04 5.890000000000000000e+03 1.375100000000000000e+04 1.418800000000000000e+04 1.411000000000000000e+04 1.585900000000000000e+04 1.275960000000000036e+04 8.045652310990605294e-01
1.290800000000000000e+04 1.395800000000000000e+04 1.358200000000000000e+04 1.627900000000000000e+04 1.961700000000000000e+04 5.890000000000000000e+03 1.375100000000000000e+04 1.418800000000000000e+04 1.418175000000000000e+04 1.352554999999999927e+04 9.537292647240290799e-01
1.960500000000000000e+04 1.290800000000000000e+04 1.395800000000000000e+04 1.358200000000000000e+04 1.627900000000000000e+04 1.961700000000000000e+04 5.890000000000000000e+03 1.375100000000000000e+04 1.501325000000000000e+04 1.411004999999999927e+04 9.398398081694502304e-01
2.098800000000000000e+04 1.960500000000000000e+04 1.290800000000000000e+04 1.395800000000000000e+04 1.358200000000000000e+04 1.627900000000000000e+04 1.961700000000000000e+04 5.890000000000000000e+03 1.686475000000000000e+04 1.444654999999999927e+04 8.566121644257993495e-01
2.578700000000000000e+04 2.098800000000000000e+04 1.960500000000000000e+04 1.290800000000000000e+04 1.395800000000000000e+04 1.358200000000000000e+04 1.627900000000000000e+04 1.961700000000000000e+04 1.982200000000000000e+04 1.665159999999999854e+04 8.400565028755927477e-01
3.466700000000000000e+04 2.578700000000000000e+04 2.098800000000000000e+04 1.960500000000000000e+04 1.290800000000000000e+04 1.395800000000000000e+04 1.358200000000000000e+04 1.627900000000000000e+04 2.526175000000000000e+04 1.639775000000000000e+04 6.491137787366274559e-01
3.700100000000000000e+04 3.466700000000000000e+04 2.578700000000000000e+04 2.098800000000000000e+04 1.960500000000000000e+04 1.290800000000000000e+04 1.395800000000000000e+04 1.358200000000000000e+04 2.961075000000000000e+04 1.793275000000000000e+04 6.056162035747152395e-01
4.218400000000000000e+04 3.700100000000000000e+04 3.466700000000000000e+04 2.578700000000000000e+04 2.098800000000000000e+04 1.960500000000000000e+04 1.290800000000000000e+04 1.395800000000000000e+04 3.490975000000000000e+04 2.047375000000000000e+04 5.864765574087468236e-01
4.398900000000000000e+04 4.218400000000000000e+04 3.700100000000000000e+04 3.466700000000000000e+04 2.578700000000000000e+04 2.098800000000000000e+04 1.960500000000000000e+04 1.290800000000000000e+04 3.946025000000000000e+04 2.374965000000000146e+04 6.018626339164095951e-01
3.543400000000000000e+04 4.398900000000000000e+04 4.218400000000000000e+04 3.700100000000000000e+04 3.466700000000000000e+04 2.578700000000000000e+04 2.098800000000000000e+04 1.960500000000000000e+04 3.965200000000000000e+04 2.813979999999999927e+04 7.096691213557954070e-01
3.719600000000000000e+04 3.543400000000000000e+04 4.398900000000000000e+04 4.218400000000000000e+04 3.700100000000000000e+04 3.466700000000000000e+04 2.578700000000000000e+04 2.098800000000000000e+04 3.970075000000000000e+04 3.162875000000000000e+04 7.966789040509310027e-01
4.088700000000000000e+04 3.719600000000000000e+04 3.543400000000000000e+04 4.398900000000000000e+04 4.218400000000000000e+04 3.700100000000000000e+04 3.466700000000000000e+04 2.578700000000000000e+04 3.937650000000000000e+04 3.580309999999999854e+04 9.092504412530315605e-01
3.943200000000000000e+04 4.088700000000000000e+04 3.719600000000000000e+04 3.543400000000000000e+04 4.398900000000000000e+04 4.218400000000000000e+04 3.700100000000000000e+04 3.466700000000000000e+04 3.823725000000000000e+04 3.921565000000000146e+04 1.025587614172044360e+00
4.851700000000000000e+04 3.943200000000000000e+04 4.088700000000000000e+04 3.719600000000000000e+04 3.543400000000000000e+04 4.398900000000000000e+04 4.218400000000000000e+04 3.700100000000000000e+04 4.150800000000000000e+04 4.002319999999999709e+04 9.642285824419388751e-01
4.971300000000000000e+04 4.851700000000000000e+04 3.943200000000000000e+04 4.088700000000000000e+04 3.719600000000000000e+04 3.543400000000000000e+04 4.398900000000000000e+04 4.218400000000000000e+04 4.463725000000000000e+04 4.068805000000000291e+04 9.115268077670556357e-01
4.796500000000000000e+04 4.971300000000000000e+04 4.851700000000000000e+04 3.943200000000000000e+04 4.088700000000000000e+04 3.719600000000000000e+04 3.543400000000000000e+04 4.398900000000000000e+04 4.640675000000000000e+04 4.078255000000000291e+04 8.788064236344929059e-01
4.700600000000000000e+04 4.796500000000000000e+04 4.971300000000000000e+04 4.851700000000000000e+04 3.943200000000000000e+04 4.088700000000000000e+04 3.719600000000000000e+04 3.543400000000000000e+04 4.830025000000000000e+04 4.024984999999999854e+04 8.333259144621404380e-01
5.280500000000000000e+04 4.700600000000000000e+04 4.796500000000000000e+04 4.971300000000000000e+04 4.851700000000000000e+04 3.943200000000000000e+04 4.088700000000000000e+04 3.719600000000000000e+04 4.937225000000000000e+04 4.308084999999999854e+04 8.725721432586118764e-01
5.329300000000000000e+04 5.280500000000000000e+04 4.700600000000000000e+04 4.796500000000000000e+04 4.971300000000000000e+04 4.851700000000000000e+04 3.943200000000000000e+04 4.088700000000000000e+04 5.026725000000000000e+04 4.576325000000000000e+04 9.103989177844421521e-01
5.939600000000000000e+04 5.329300000000000000e+04 5.280500000000000000e+04 4.700600000000000000e+04 4.796500000000000000e+04 4.971300000000000000e+04 4.851700000000000000e+04 3.943200000000000000e+04 5.312500000000000000e+04 4.775040000000000146e+04 8.988310588235294274e-01
5.556500000000000000e+04 5.939600000000000000e+04 5.329300000000000000e+04 5.280500000000000000e+04 4.700600000000000000e+04 4.796500000000000000e+04 4.971300000000000000e+04 4.851700000000000000e+04 5.526475000000000000e+04 4.969315000000000146e+04 8.991834759046227754e-01
3.391400000000000000e+04 5.556500000000000000e+04 5.939600000000000000e+04 5.329300000000000000e+04 5.280500000000000000e+04 4.700600000000000000e+04 4.796500000000000000e+04 4.971300000000000000e+04 5.054200000000000000e+04 4.960619999999999709e+04 9.814847057892445159e-01
3.610000000000000000e+04 3.391400000000000000e+04 5.556500000000000000e+04 5.939600000000000000e+04 5.329300000000000000e+04 5.280500000000000000e+04 4.700600000000000000e+04 4.796500000000000000e+04 4.624375000000000000e+04 4.946255000000000291e+04 1.069605081767806443e+00
4.642900000000000000e+04 3.610000000000000000e+04 3.391400000000000000e+04 5.556500000000000000e+04 5.939600000000000000e+04 5.329300000000000000e+04 5.280500000000000000e+04 4.700600000000000000e+04 4.300200000000000000e+04 5.110040000000000146e+04 1.188326124366308578e+00
4.063300000000000000e+04 4.642900000000000000e+04 3.610000000000000000e+04 3.391400000000000000e+04 5.556500000000000000e+04 5.939600000000000000e+04 5.329300000000000000e+04 5.280500000000000000e+04 3.926900000000000000e+04 5.206559999999999854e+04 1.325870279355216619e+00
3.755800000000000000e+04 4.063300000000000000e+04 4.642900000000000000e+04 3.610000000000000000e+04 3.391400000000000000e+04 5.556500000000000000e+04 5.939600000000000000e+04 5.329300000000000000e+04 4.018000000000000000e+04 4.846959999999999854e+04 1.206311597809855529e+00
3.747900000000000000e+04 3.755800000000000000e+04 4.063300000000000000e+04 4.642900000000000000e+04 3.610000000000000000e+04 3.391400000000000000e+04 5.556500000000000000e+04 5.939600000000000000e+04 4.052475000000000000e+04 4.509994999999999709e+04 1.112898907457787967e+00
4.073800000000000000e+04 3.747900000000000000e+04 3.755800000000000000e+04 4.063300000000000000e+04 4.642900000000000000e+04 3.610000000000000000e+04 3.391400000000000000e+04 5.556500000000000000e+04 3.910200000000000000e+04 4.222200000000000000e+04 1.079791315022249565e+00
2.763400000000000000e+04 4.073800000000000000e+04 3.747900000000000000e+04 3.755800000000000000e+04 4.063300000000000000e+04 4.642900000000000000e+04 3.610000000000000000e+04 3.391400000000000000e+04 3.585225000000000000e+04 3.858565000000000146e+04 1.076240682244489655e+00
9.927000000000000000e+03 2.763400000000000000e+04 4.073800000000000000e+04 3.747900000000000000e+04 3.755800000000000000e+04 4.063300000000000000e+04 4.642900000000000000e+04 3.610000000000000000e+04 2.894450000000000000e+04 3.793290000000000146e+04 1.310539135241583164e+00
7.269000000000000000e+03 9.927000000000000000e+03 2.763400000000000000e+04 4.073800000000000000e+04 3.747900000000000000e+04 3.755800000000000000e+04 4.063300000000000000e+04 4.642900000000000000e+04 2.139200000000000000e+04 3.669819999999999709e+04 1.715510471204188425e+00
5.917000000000000000e+03 7.269000000000000000e+03 9.927000000000000000e+03 2.763400000000000000e+04 4.073800000000000000e+04 3.747900000000000000e+04 3.755800000000000000e+04 4.063300000000000000e+04 1.268675000000000000e+04 3.381894999999999709e+04 2.665690582694543398e+00
2.801000000000000000e+03 5.917000000000000000e+03 7.269000000000000000e+03 9.927000000000000000e+03 2.763400000000000000e+04 4.073800000000000000e+04 3.747900000000000000e+04 3.755800000000000000e+04 6.478500000000000000e+03 2.997750000000000000e+04 4.627228525121555691e+00
-2.098700000000000000e+04 2.801000000000000000e+03 5.917000000000000000e+03 7.269000000000000000e+03 9.927000000000000000e+03 2.763400000000000000e+04 4.073800000000000000e+04 3.747900000000000000e+04 -1.250000000000000000e+03 2.290559999999999854e+04 -1.832447999999999766e+01
1.163700000000000000e+04 -2.098700000000000000e+04 2.801000000000000000e+03 5.917000000000000000e+03 7.269000000000000000e+03 9.927000000000000000e+03 2.763400000000000000e+04 4.073800000000000000e+04 -1.580000000000000000e+02 1.708200000000000000e+04 -1.081139240506329173e+02
1.337000000000000000e+04 1.163700000000000000e+04 -2.098700000000000000e+04 2.801000000000000000e+03 5.917000000000000000e+03 7.269000000000000000e+03 9.927000000000000000e+03 2.763400000000000000e+04 1.705250000000000000e+03 1.049045000000000073e+04 6.151854566779064726e+00
-6.535000000000000000e+03 1.337000000000000000e+04 1.163700000000000000e+04 -2.098700000000000000e+04 2.801000000000000000e+03 5.917000000000000000e+03 7.269000000000000000e+03 9.927000000000000000e+03 -6.287500000000000000e+02 5.057050000000000182e+03 -8.043021868787276318e+00
2.707100000000000000e+04 -6.535000000000000000e+03 1.337000000000000000e+04 1.163700000000000000e+04 -2.098700000000000000e+04 2.801000000000000000e+03 5.917000000000000000e+03 7.269000000000000000e+03 1.138575000000000000e+04 1.277150000000000091e+03 1.121709153986342605e-01
2.302300000000000000e+04 2.707100000000000000e+04 -6.535000000000000000e+03 1.337000000000000000e+04 1.163700000000000000e+04 -2.098700000000000000e+04 2.801000000000000000e+03 5.917000000000000000e+03 1.423225000000000000e+04 2.720050000000000182e+03 1.911187619666602500e-01
2.717000000000000000e+04 2.302300000000000000e+04 2.707100000000000000e+04 -6.535000000000000000e+03 1.337000000000000000e+04 1.163700000000000000e+04 -2.098700000000000000e+04 2.801000000000000000e+03 1.768225000000000000e+04 4.900649999999999636e+03 2.771508150829221084e-01
2.076000000000000000e+04 2.717000000000000000e+04 2.302300000000000000e+04 2.707100000000000000e+04 -6.535000000000000000e+03 1.337000000000000000e+04 1.163700000000000000e+04 -2.098700000000000000e+04 2.450600000000000000e+04 4.398199999999999818e+03 1.794744144291194055e-01
4.952400000000000000e+04 2.076000000000000000e+04 2.717000000000000000e+04 2.302300000000000000e+04 2.707100000000000000e+04 -6.535000000000000000e+03 1.337000000000000000e+04 1.163700000000000000e+04 3.011925000000000000e+04 1.513245000000000073e+04 5.024178888916557284e-01
1.726900000000000000e+04 4.952400000000000000e+04 2.076000000000000000e+04 2.717000000000000000e+04 2.302300000000000000e+04 2.707100000000000000e+04 -6.535000000000000000e+03 1.337000000000000000e+04 2.868075000000000000e+04 1.712195000000000073e+04 5.969840398176478047e-01
3.764600000000000000e+04 1.726900000000000000e+04 4.952400000000000000e+04 2.076000000000000000e+04 2.717000000000000000e+04 2.302300000000000000e+04 2.707100000000000000e+04 -6.535000000000000000e+03 3.129975000000000000e+04 2.040575000000000000e+04 6.519461018059249380e-01
2.786000000000000000e+04 3.764600000000000000e+04 1.726900000000000000e+04 4.952400000000000000e+04 2.076000000000000000e+04 2.717000000000000000e+04 2.302300000000000000e+04 2.707100000000000000e+04 3.307475000000000000e+04 2.621975000000000000e+04 7.927421975978654611e-01
3.723000000000000000e+04 2.786000000000000000e+04 3.764600000000000000e+04 1.726900000000000000e+04 4.952400000000000000e+04 2.076000000000000000e+04 2.717000000000000000e+04 2.302300000000000000e+04 3.000125000000000000e+04 3.009565000000000146e+04 1.003146535561018293e+00
5.464000000000000000e+04 3.723000000000000000e+04 2.786000000000000000e+04 3.764600000000000000e+04 1.726900000000000000e+04 4.952400000000000000e+04 2.076000000000000000e+04 2.717000000000000000e+04 3.934400000000000000e+04 3.081340000000000146e+04 7.831791378609190835e-01
5.682500000000000000e+04 5.464000000000000000e+04 3.723000000000000000e+04 2.786000000000000000e+04 3.764600000000000000e+04 1.726900000000000000e+04 4.952400000000000000e+04 2.076000000000000000e+04 4.413875000000000000e+04 3.386755000000000291e+04 7.672974427232307493e-01
1.629800000000000000e+04 5.682500000000000000e+04 5.464000000000000000e+04 3.723000000000000000e+04 2.786000000000000000e+04 3.764600000000000000e+04 1.726900000000000000e+04 4.952400000000000000e+04 4.124825000000000000e+04 3.470944999999999709e+04 8.414769111416847691e-01
5.767600000000000000e+04 1.629800000000000000e+04 5.682500000000000000e+04 5.464000000000000000e+04 3.723000000000000000e+04 2.786000000000000000e+04 3.764600000000000000e+04 1.726900000000000000e+04 4.635975000000000000e+04 3.327294999999999709e+04 7.177120239000425173e-01
1.029590000000000000e+05 5.767600000000000000e+04 1.629800000000000000e+04 5.682500000000000000e+04 5.464000000000000000e+04 3.723000000000000000e+04 2.786000000000000000e+04 3.764600000000000000e+04 5.843950000000000000e+04 4.316309999999999854e+04 7.385946149436596331e-01
1.621340000000000000e+05 1.029590000000000000e+05 5.767600000000000000e+04 1.629800000000000000e+04 5.682500000000000000e+04 5.464000000000000000e+04 3.723000000000000000e+04 2.786000000000000000e+04 8.476675000000000000e+04 5.226434999999999854e+04 6.165666372722794497e-01
2.351500000000000000e+05 1.621340000000000000e+05 1.029590000000000000e+05 5.767600000000000000e+04 1.629800000000000000e+04 5.682500000000000000e+04 5.464000000000000000e+04 3.723000000000000000e+04 1.394797500000000000e+05 6.089455000000000291e+04 4.365834467010444309e-01
6.765400000000000000e+04 2.351500000000000000e+05 1.621340000000000000e+05 1.029590000000000000e+05 5.767600000000000000e+04 1.629800000000000000e+04 5.682500000000000000e+04 5.464000000000000000e+04 1.419742500000000000e+05 6.548265000000000146e+04 4.612290609036497901e-01
6.500200000000000000e+04 6.765400000000000000e+04 2.351500000000000000e+05 1.621340000000000000e+05 1.029590000000000000e+05 5.767600000000000000e+04 1.629800000000000000e+04 5.682500000000000000e+04 1.324850000000000000e+05 7.324860000000000582e+04 5.528822130807261592e-01
5.667400000000000000e+04 6.500200000000000000e+04 6.765400000000000000e+04 2.351500000000000000e+05 1.621340000000000000e+05 1.029590000000000000e+05 5.767600000000000000e+04 1.629800000000000000e+04 1.061200000000000000e+05 8.903739999999999418e+04 8.390256313607236116e-01
7.636000000000000000e+03 5.667400000000000000e+04 6.500200000000000000e+04 6.765400000000000000e+04 2.351500000000000000e+05 1.621340000000000000e+05 1.029590000000000000e+05 5.767600000000000000e+04 4.924150000000000000e+04 1.214321000000000058e+05 2.466052008976168608e+00
2.069000000000000000e+04 7.636000000000000000e+03 5.667400000000000000e+04 6.500200000000000000e+04 6.765400000000000000e+04 2.351500000000000000e+05 1.621340000000000000e+05 1.029590000000000000e+05 3.750050000000000000e+04 1.210795000000000000e+05 3.228743616751776457e+00
3.623200000000000000e+04 2.069000000000000000e+04 7.636000000000000000e+03 5.667400000000000000e+04 6.500200000000000000e+04 6.765400000000000000e+04 2.351500000000000000e+05 1.621340000000000000e+05 3.030800000000000000e+04 1.120496000000000058e+05 3.697030487000132037e+00
2.359000000000000000e+03 3.623200000000000000e+04 2.069000000000000000e+04 7.636000000000000000e+03 5.667400000000000000e+04 6.500200000000000000e+04 6.765400000000000000e+04 2.351500000000000000e+05 1.672925000000000000e+04 8.824185000000000582e+04 5.274704484660102111e+00
7.587000000000000000e+03 2.359000000000000000e+03 3.623200000000000000e+04 2.069000000000000000e+04 7.636000000000000000e+03 5.667400000000000000e+04 6.500200000000000000e+04 6.765400000000000000e+04 1.671700000000000000e+04 4.273659999999999854e+04 2.556475444158640808e+00
6.940000000000000000e+02 7.587000000000000000e+03 2.359000000000000000e+03 3.623200000000000000e+04 2.069000000000000000e+04 7.636000000000000000e+03 5.667400000000000000e+04 6.500200000000000000e+04 1.171800000000000000e+04 3.234400000000000000e+04 2.760197986004437443e+00
-7.257000000000000000e+03 6.940000000000000000e+02 7.587000000000000000e+03 2.359000000000000000e+03 3.623200000000000000e+04 2.069000000000000000e+04 7.636000000000000000e+03 5.667400000000000000e+04 8.457500000000000000e+02 2.441554999999999927e+04 2.886851906591782324e+01
1.665300000000000000e+04 -7.257000000000000000e+03 6.940000000000000000e+02 7.587000000000000000e+03 2.359000000000000000e+03 3.623200000000000000e+04 2.069000000000000000e+04 7.636000000000000000e+03 4.419250000000000000e+03 1.426725000000000000e+04 3.228432426316682591e+00
2.065500000000000000e+04 1.665300000000000000e+04 -7.257000000000000000e+03 6.940000000000000000e+02 7.587000000000000000e+03 2.359000000000000000e+03 3.623200000000000000e+04 2.069000000000000000e+04 7.686250000000000000e+03 1.491085000000000036e+04 1.939938201333550216e+00
-4.680000000000000000e+02 2.065500000000000000e+04 1.665300000000000000e+04 -7.257000000000000000e+03 6.940000000000000000e+02 7.587000000000000000e+03 2.359000000000000000e+03 3.623200000000000000e+04 7.395750000000000000e+03 1.085354999999999927e+04 1.467538789169455349e+00
1.140700000000000000e+04 -4.680000000000000000e+02 2.065500000000000000e+04 1.665300000000000000e+04 -7.257000000000000000e+03 6.940000000000000000e+02 7.587000000000000000e+03 2.359000000000000000e+03 1.206175000000000000e+04 3.088949999999999818e+03 2.560946794619354261e-01
4.137700000000000000e+04 1.140700000000000000e+04 -4.680000000000000000e+02 2.065500000000000000e+04 1.665300000000000000e+04 -7.257000000000000000e+03 6.940000000000000000e+02 7.587000000000000000e+03 1.824275000000000000e+04 7.183949999999999818e+03 3.937975360074549847e-01
5.267400000000000000e+04 4.137700000000000000e+04 1.140700000000000000e+04 -4.680000000000000000e+02 2.065500000000000000e+04 1.665300000000000000e+04 -7.257000000000000000e+03 6.940000000000000000e+02 2.624750000000000000e+04 1.139850000000000000e+04 4.342699304695685214e-01
5.744900000000000000e+04 5.267400000000000000e+04 4.137700000000000000e+04 1.140700000000000000e+04 -4.680000000000000000e+02 2.065500000000000000e+04 1.665300000000000000e+04 -7.257000000000000000e+03 4.072675000000000000e+04 1.406195000000000073e+04 3.452755252997108948e-01
7.426300000000000000e+04 5.744900000000000000e+04 5.267400000000000000e+04 4.137700000000000000e+04 1.140700000000000000e+04 -4.680000000000000000e+02 2.065500000000000000e+04 1.665300000000000000e+04 5.644075000000000000e+04 2.093754999999999927e+04 3.709651271466095079e-01
8.455000000000000000e+04 7.426300000000000000e+04 5.744900000000000000e+04 5.267400000000000000e+04 4.137700000000000000e+04 1.140700000000000000e+04 -4.680000000000000000e+02 2.065500000000000000e+04 6.723400000000000000e+04 2.804100000000000000e+04 4.170657702947913048e-01
7.587500000000000000e+04 8.455000000000000000e+04 7.426300000000000000e+04 5.744900000000000000e+04 5.267400000000000000e+04 4.137700000000000000e+04 1.140700000000000000e+04 -4.680000000000000000e+02 7.303425000000000000e+04 3.560484999999999854e+04 4.875089427220790084e-01
5.113100000000000000e+04 7.587500000000000000e+04 8.455000000000000000e+04 7.426300000000000000e+04 5.744900000000000000e+04 5.267400000000000000e+04 4.137700000000000000e+04 1.140700000000000000e+04 7.145475000000000000e+04 4.687234999999999854e+04 6.559724860838502813e-01
7.606000000000000000e+04 5.113100000000000000e+04 7.587500000000000000e+04 8.455000000000000000e+04 7.426300000000000000e+04 5.744900000000000000e+04 5.267400000000000000e+04 4.137700000000000000e+04 7.190400000000000000e+04 5.953340000000000146e+04 8.279567200712060204e-01
7.714600000000000000e+04 7.606000000000000000e+04 5.113100000000000000e+04 7.587500000000000000e+04 8.455000000000000000e+04 7.426300000000000000e+04 5.744900000000000000e+04 5.267400000000000000e+04 7.005300000000000000e+04 6.779780000000000291e+04 9.678072316674518616e-01
8.358800000000000000e+04 7.714600000000000000e+04 7.606000000000000000e+04 5.113100000000000000e+04 7.587500000000000000e+04 8.455000000000000000e+04 7.426300000000000000e+04 5.744900000000000000e+04 7.198125000000000000e+04 7.282364999999999418e+04 1.011703047668663702e+00
8.529900000000000000e+04 8.358800000000000000e+04 7.714600000000000000e+04 7.606000000000000000e+04 5.113100000000000000e+04 7.587500000000000000e+04 8.455000000000000000e+04 7.426300000000000000e+04 8.052325000000000000e+04 7.326844999999999709e+04 9.099042823035582428e-01
1.010280000000000000e+05 8.529900000000000000e+04 8.358800000000000000e+04 7.714600000000000000e+04 7.606000000000000000e+04 5.113100000000000000e+04 7.587500000000000000e+04 8.455000000000000000e+04 8.676525000000000000e+04 7.487625000000000000e+04 8.629750965968518983e-01
8.153100000000000000e+04 1.010280000000000000e+05 8.529900000000000000e+04 8.358800000000000000e+04 7.714600000000000000e+04 7.606000000000000000e+04 5.113100000000000000e+04 7.587500000000000000e+04 8.786150000000000000e+04 7.361469999999999709e+04 8.378493424309850779e-01
4.446000000000000000e+04 8.153100000000000000e+04 1.010280000000000000e+05 8.529900000000000000e+04 8.358800000000000000e+04 7.714600000000000000e+04 7.606000000000000000e+04 5.113100000000000000e+04 7.807950000000000000e+04 7.320089999999999418e+04 9.375175302095939411e-01
9.079400000000000000e+04 4.446000000000000000e+04 8.153100000000000000e+04 1.010280000000000000e+05 8.529900000000000000e+04 8.358800000000000000e+04 7.714600000000000000e+04 7.606000000000000000e+04 7.945325000000000000e+04 8.030925000000000000e+04 1.010773631034602049e+00
9.546600000000000000e+04 9.079400000000000000e+04 4.446000000000000000e+04 8.153100000000000000e+04 1.010280000000000000e+05 8.529900000000000000e+04 8.358800000000000000e+04 7.714600000000000000e+04 7.806275000000000000e+04 8.502475000000000000e+04 1.089184662338951615e+00
4.596700000000000000e+04 9.546600000000000000e+04 9.079400000000000000e+04 4.446000000000000000e+04 8.153100000000000000e+04 1.010280000000000000e+05 8.529900000000000000e+04 8.358800000000000000e+04 6.917175000000000000e+04 8.412355000000000291e+04 1.216154716340124509e+00
9.312200000000000000e+04 4.596700000000000000e+04 9.546600000000000000e+04 9.079400000000000000e+04 4.446000000000000000e+04 8.153100000000000000e+04 1.010280000000000000e+05 8.529900000000000000e+04 8.133725000000000000e+04 7.873105000000000291e+04 9.679581003783629400e-01
4.765000000000000000e+04 9.312200000000000000e+04 4.596700000000000000e+04 9.546600000000000000e+04 9.079400000000000000e+04 4.446000000000000000e+04 8.153100000000000000e+04 1.010280000000000000e+05 7.055125000000000000e+04 7.767285000000000582e+04 1.100942222852181906e+00
6.999900000000000000e+04 4.765000000000000000e+04 9.312200000000000000e+04 4.596700000000000000e+04 9.546600000000000000e+04 9.079400000000000000e+04 4.446000000000000000e+04 8.153100000000000000e+04 6.418450000000000000e+04 7.528710000000000582e+04 1.172979457657222557e+00
1.001130000000000000e+05 6.999900000000000000e+04 4.765000000000000000e+04 9.312200000000000000e+04 4.596700000000000000e+04 9.546600000000000000e+04 9.079400000000000000e+04 4.446000000000000000e+04 7.772100000000000000e+04 7.088160000000000582e+04 9.120006175937006576e-01
9.513500000000000000e+04 1.001130000000000000e+05 6.999900000000000000e+04 4.765000000000000000e+04 9.312200000000000000e+04 4.596700000000000000e+04 9.546600000000000000e+04 9.079400000000000000e+04 7.822425000000000000e+04 8.071464999999999418e+04 1.031836674688475730e+00
6.907800000000000000e+04 9.513500000000000000e+04 1.001130000000000000e+05 6.999900000000000000e+04 4.765000000000000000e+04 9.312200000000000000e+04 4.596700000000000000e+04 9.546600000000000000e+04 8.358125000000000000e+04 7.315725000000000000e+04 8.752830329768936934e-01
7.146400000000000000e+04 6.907800000000000000e+04 9.513500000000000000e+04 1.001130000000000000e+05 6.999900000000000000e+04 4.765000000000000000e+04 9.312200000000000000e+04 4.596700000000000000e+04 8.394750000000000000e+04 6.813710000000000582e+04 8.116632419071444504e-01
8.016800000000000000e+04 7.146400000000000000e+04 6.907800000000000000e+04 9.513500000000000000e+04 1.001130000000000000e+05 6.999900000000000000e+04 4.765000000000000000e+04 9.312200000000000000e+04 7.896125000000000000e+04 7.796905000000000291e+04 9.874343427947253060e-01
6.023800000000000000e+04 8.016800000000000000e+04 7.146400000000000000e+04 6.907800000000000000e+04 9.513500000000000000e+04 1.001130000000000000e+05 6.999900000000000000e+04 4.765000000000000000e+04 7.023700000000000000e+04 7.662680000000000291e+04 1.090974842319575089e+00
7.109900000000000000e+04 6.023800000000000000e+04 8.016800000000000000e+04 7.146400000000000000e+04 6.907800000000000000e+04 9.513500000000000000e+04 1.001130000000000000e+05 6.999900000000000000e+04 7.074225000000000000e+04 8.101344999999999709e+04 1.145191876141909537e+00
3.811800000000000000e+04 7.109900000000000000e+04 6.023800000000000000e+04 8.016800000000000000e+04 7.146400000000000000e+04 6.907800000000000000e+04 9.513500000000000000e+04 1.001130000000000000e+05 6.240575000000000000e+04 7.963914999999999418e+04 1.276150835459873401e+00
4.865600000000000000e+04 3.811800000000000000e+04 7.109900000000000000e+04 6.023800000000000000e+04 8.016800000000000000e+04 7.146400000000000000e+04 6.907800000000000000e+04 9.513500000000000000e+04 5.452775000000000000e+04 7.407455000000000291e+04 1.358474354800995876e+00
2.605200000000000000e+04 4.865600000000000000e+04 3.811800000000000000e+04 7.109900000000000000e+04 6.023800000000000000e+04 8.016800000000000000e+04 7.146400000000000000e+04 6.907800000000000000e+04 4.598125000000000000e+04 6.538584999999999854e+04 1.422011145847492219e+00
3.672800000000000000e+04 2.605200000000000000e+04 4.865600000000000000e+04 3.811800000000000000e+04 7.109900000000000000e+04 6.023800000000000000e+04 8.016800000000000000e+04 7.146400000000000000e+04 3.738850000000000000e+04 6.407150000000000000e+04 1.713668641427176897e+00
4.210700000000000000e+04 3.672800000000000000e+04 2.605200000000000000e+04 4.865600000000000000e+04 3.811800000000000000e+04 7.109900000000000000e+04 6.023800000000000000e+04 8.016800000000000000e+04 3.838575000000000000e+04 5.760175000000000000e+04 1.500602437102310116e+00
4.489986407766990305e+04 4.210700000000000000e+04 3.672800000000000000e+04 2.605200000000000000e+04 4.865600000000000000e+04 3.811800000000000000e+04 7.109900000000000000e+04 6.023800000000000000e+04 3.496233333333333576e+04 5.061466666666667152e+04 1.447691324949707870e+00
