7.158800000000000000e+04 6.901738461538460979e+04 6.696876923076923413e+04 6.485576923076923413e+04 6.284184615384615608e+04 5.897146153846153902e+04 5.541600000000000000e+04 5.298230769230769511e+04 6.810748076923078042e+04 5.755290384615384392e+04 8.450305780823238466e-01
7.204207692307692196e+04 7.158800000000000000e+04 6.901738461538460979e+04 6.696876923076923413e+04 6.485576923076923413e+04 6.284184615384615608e+04 5.897146153846153902e+04 5.541600000000000000e+04 6.990405769230770238e+04 6.052126923076923413e+04 8.657761971009165780e-01
7.287476923076923413e+04 7.204207692307692196e+04 7.158800000000000000e+04 6.901738461538460979e+04 6.696876923076923413e+04 6.485576923076923413e+04 6.284184615384615608e+04 5.897146153846153902e+04 7.138055769230768783e+04 6.340946153846153902e+04 8.883295898554579573e-01
7.417671428571428987e+04 7.287476923076923413e+04 7.204207692307692196e+04 7.158800000000000000e+04 6.901738461538460979e+04 6.696876923076923413e+04 6.485576923076923413e+04 6.284184615384615608e+04 7.267039010989011149e+04 6.592094230769231217e+04 9.071224498452330476e-01
7.534646153846153175e+04 7.417671428571428987e+04 7.287476923076923413e+04 7.204207692307692196e+04 7.158800000000000000e+04 6.901738461538460979e+04 6.696876923076923413e+04 6.485576923076923413e+04 7.361000549450550170e+04 6.810748076923078042e+04 9.252475979547991614e-01
7.518984615384615608e+04 7.534646153846153175e+04 7.417671428571428987e+04 7.287476923076923413e+04 7.204207692307692196e+04 7.158800000000000000e+04 6.901738461538460979e+04 6.696876923076923413e+04 7.439694780219779932e+04 6.990405769230770238e+04 9.396092145898844450e-01
7.611138461538460979e+04 7.518984615384615608e+04 7.534646153846153175e+04 7.417671428571428987e+04 7.287476923076923413e+04 7.204207692307692196e+04 7.158800000000000000e+04 6.901738461538460979e+04 7.520610164835164323e+04 7.138055769230768783e+04 9.491325321723040886e-01
7.553869230769231217e+04 7.611138461538460979e+04 7.518984615384615608e+04 7.534646153846153175e+04 7.417671428571428987e+04 7.287476923076923413e+04 7.204207692307692196e+04 7.158800000000000000e+04 7.554659615384615608e+04 7.267039010989011149e+04 9.619280524816918865e-01
7.486784615384615608e+04 7.553869230769231217e+04 7.611138461538460979e+04 7.518984615384615608e+04 7.534646153846153175e+04 7.417671428571428987e+04 7.287476923076923413e+04 7.204207692307692196e+04 7.542694230769231217e+04 7.361000549450550170e+04 9.759113022800937065e-01
7.355092307692307804e+04 7.486784615384615608e+04 7.553869230769231217e+04 7.611138461538460979e+04 7.518984615384615608e+04 7.534646153846153175e+04 7.417671428571428987e+04 7.287476923076923413e+04 7.501721153846154630e+04 7.439694780219779932e+04 9.917317143153776549e-01
7.387969230769231217e+04 7.355092307692307804e+04 7.486784615384615608e+04 7.553869230769231217e+04 7.611138461538460979e+04 7.518984615384615608e+04 7.534646153846153175e+04 7.417671428571428987e+04 7.445928846153846825e+04 7.520610164835164323e+04 1.010029819009067520e+00
7.494630769230768783e+04 7.387969230769231217e+04 7.355092307692307804e+04 7.486784615384615608e+04 7.553869230769231217e+04 7.611138461538460979e+04 7.518984615384615608e+04 7.534646153846153175e+04 7.431119230769231217e+04 7.554659615384615608e+04 1.016624734549252507e+00
7.615623076923076587e+04 7.494630769230768783e+04 7.387969230769231217e+04 7.355092307692307804e+04 7.486784615384615608e+04 7.553869230769231217e+04 7.611138461538460979e+04 7.518984615384615608e+04 7.463328846153845370e+04 7.542694230769231217e+04 1.010634046315175505e+00
7.619184615384615608e+04 7.615623076923076587e+04 7.494630769230768783e+04 7.387969230769231217e+04 7.355092307692307804e+04 7.486784615384615608e+04 7.553869230769231217e+04 7.611138461538460979e+04 7.529351923076923413e+04 7.501721153846154630e+04 9.963302592954803583e-01
7.711815384615384392e+04 7.619184615384615608e+04 7.615623076923076587e+04 7.494630769230768783e+04 7.387969230769231217e+04 7.355092307692307804e+04 7.486784615384615608e+04 7.553869230769231217e+04 7.610313461538460979e+04 7.445928846153846825e+04 9.783997576163724341e-01
7.903069230769231217e+04 7.711815384615384392e+04 7.619184615384615608e+04 7.615623076923076587e+04 7.494630769230768783e+04 7.387969230769231217e+04 7.355092307692307804e+04 7.486784615384615608e+04 7.712423076923076587e+04 7.431119230769231217e+04 9.635258798242596345e-01
8.000030769230768783e+04 7.903069230769231217e+04 7.711815384615384392e+04 7.619184615384615608e+04 7.615623076923076587e+04 7.494630769230768783e+04 7.387969230769231217e+04 7.355092307692307804e+04 7.808525000000000000e+04 7.463328846153845370e+04 9.557923994805479495e-01
8.032730769230768783e+04 8.000030769230768783e+04 7.903069230769231217e+04 7.711815384615384392e+04 7.619184615384615608e+04 7.615623076923076587e+04 7.494630769230768783e+04 7.387969230769231217e+04 7.911911538461537566e+04 7.529351923076923413e+04 9.516476374230288249e-01
8.046507692307692196e+04 8.032730769230768783e+04 8.000030769230768783e+04 7.903069230769231217e+04 7.711815384615384392e+04 7.619184615384615608e+04 7.615623076923076587e+04 7.494630769230768783e+04 7.995584615384615608e+04 7.610313461538460979e+04 9.518145110859261848e-01
8.170169230769231217e+04 8.046507692307692196e+04 8.032730769230768783e+04 8.000030769230768783e+04 7.903069230769231217e+04 7.711815384615384392e+04 7.619184615384615608e+04 7.615623076923076587e+04 8.062359615384615608e+04 7.712423076923076587e+04 9.565962627375502736e-01
8.490961538461539021e+04 8.170169230769231217e+04 8.046507692307692196e+04 8.032730769230768783e+04 8.000030769230768783e+04 7.903069230769231217e+04 7.711815384615384392e+04 7.619184615384615608e+04 8.185092307692307804e+04 7.808525000000000000e+04 9.539935172950447795e-01
8.699100000000000000e+04 8.490961538461539021e+04 8.170169230769231217e+04 8.046507692307692196e+04 8.032730769230768783e+04 8.000030769230768783e+04 7.903069230769231217e+04 7.711815384615384392e+04 8.351684615384615608e+04 7.911911538461537566e+04 9.473431891677310812e-01
9.090607692307692196e+04 8.699100000000000000e+04 8.490961538461539021e+04 8.170169230769231217e+04 8.046507692307692196e+04 8.032730769230768783e+04 8.000030769230768783e+04 7.903069230769231217e+04 8.612709615384615608e+04 7.995584615384615608e+04 9.283471720795452020e-01
9.564523076923076587e+04 9.090607692307692196e+04 8.699100000000000000e+04 8.490961538461539021e+04 8.170169230769231217e+04 8.046507692307692196e+04 8.032730769230768783e+04 8.000030769230768783e+04 8.961298076923076587e+04 8.062359615384615608e+04 8.996865795756324724e-01
9.855235714285714494e+04 9.564523076923076587e+04 9.090607692307692196e+04 8.699100000000000000e+04 8.490961538461539021e+04 8.170169230769231217e+04 8.046507692307692196e+04 8.032730769230768783e+04 9.302366620879121183e+04 8.185092307692307804e+04 8.798935412114271548e-01
9.883700000000000000e+04 9.855235714285714494e+04 9.564523076923076587e+04 9.090607692307692196e+04 8.699100000000000000e+04 8.490961538461539021e+04 8.170169230769231217e+04 8.046507692307692196e+04 9.598516620879121183e+04 8.351684615384615608e+04 8.701015943669523356e-01
9.845253846153846825e+04 9.883700000000000000e+04 9.855235714285714494e+04 9.564523076923076587e+04 9.090607692307692196e+04 8.699100000000000000e+04 8.490961538461539021e+04 8.170169230769231217e+04 9.787178159340658749e+04 8.612709615384615608e+04 8.799992679365750137e-01
9.894014285714285506e+04 9.845253846153846825e+04 9.883700000000000000e+04 9.855235714285714494e+04 9.564523076923076587e+04 9.090607692307692196e+04 8.699100000000000000e+04 8.490961538461539021e+04 9.869550961538462434e+04 8.961298076923076587e+04 9.079742444053596762e-01
9.809923076923076587e+04 9.894014285714285506e+04 9.845253846153846825e+04 9.883700000000000000e+04 9.855235714285714494e+04 9.564523076923076587e+04 9.090607692307692196e+04 8.699100000000000000e+04 9.858222802197802230e+04 9.302366620879121183e+04 9.436149707232466266e-01
9.640153846153846825e+04 9.809923076923076587e+04 9.894014285714285506e+04 9.845253846153846825e+04 9.883700000000000000e+04 9.855235714285714494e+04 9.564523076923076587e+04 9.090607692307692196e+04 9.797336263736264664e+04 9.598516620879121183e+04 9.797067654406175219e-01
9.767438461538460979e+04 9.640153846153846825e+04 9.809923076923076587e+04 9.894014285714285506e+04 9.845253846153846825e+04 9.883700000000000000e+04 9.855235714285714494e+04 9.564523076923076587e+04 9.777882417582416383e+04 9.787178159340658749e+04 1.000950690687538502e+00
9.778953846153846825e+04 9.767438461538460979e+04 9.640153846153846825e+04 9.809923076923076587e+04 9.894014285714285506e+04 9.845253846153846825e+04 9.883700000000000000e+04 9.855235714285714494e+04 9.749117307692306349e+04 9.869550961538462434e+04 1.012353287999840923e+00
1.004622307692307659e+05 9.778953846153846825e+04 9.767438461538460979e+04 9.640153846153846825e+04 9.809923076923076587e+04 9.894014285714285506e+04 9.845253846153846825e+04 9.883700000000000000e+04 9.808192307692309259e+04 9.858222802197802230e+04 1.005100888414091953e+00
1.059140769230769220e+05 1.004622307692307659e+05 9.778953846153846825e+04 9.767438461538460979e+04 9.640153846153846825e+04 9.809923076923076587e+04 9.894014285714285506e+04 9.845253846153846825e+04 1.004600576923076878e+05 9.797336263736264664e+04 9.752469278629983807e-01
1.127983076923076878e+05 1.059140769230769220e+05 1.004622307692307659e+05 9.778953846153846825e+04 9.767438461538460979e+04 9.640153846153846825e+04 9.809923076923076587e+04 9.894014285714285506e+04 1.042410384615384683e+05 9.777882417582416383e+04 9.380070039488463962e-01
1.204345384615384683e+05 1.127983076923076878e+05 1.059140769230769220e+05 1.004622307692307659e+05 9.778953846153846825e+04 9.767438461538460979e+04 9.640153846153846825e+04 9.809923076923076587e+04 1.099022884615384537e+05 9.749117307692306349e+04 8.870713653159387757e-01
1.263359230769230780e+05 1.204345384615384683e+05 1.127983076923076878e+05 1.059140769230769220e+05 1.004622307692307659e+05 9.778953846153846825e+04 9.767438461538460979e+04 9.640153846153846825e+04 1.163707115384615463e+05 9.808192307692309259e+04 8.428402798285387076e-01
1.294139230769230780e+05 1.263359230769230780e+05 1.204345384615384683e+05 1.127983076923076878e+05 1.059140769230769220e+05 1.004622307692307659e+05 9.778953846153846825e+04 9.767438461538460979e+04 1.222456730769230780e+05 1.004600576923076878e+05 8.217882495447770275e-01
1.344086923076923122e+05 1.294139230769230780e+05 1.263359230769230780e+05 1.204345384615384683e+05 1.127983076923076878e+05 1.059140769230769220e+05 1.004622307692307659e+05 9.778953846153846825e+04 1.276482692307692196e+05 1.042410384615384683e+05 8.166271198952652632e-01
1.407920769230769365e+05 1.344086923076923122e+05 1.294139230769230780e+05 1.263359230769230780e+05 1.204345384615384683e+05 1.127983076923076878e+05 1.059140769230769220e+05 1.004622307692307659e+05 1.327376538461538439e+05 1.099022884615384537e+05 8.279661819917193410e-01
1.509556923076923122e+05 1.407920769230769365e+05 1.344086923076923122e+05 1.294139230769230780e+05 1.263359230769230780e+05 1.204345384615384683e+05 1.127983076923076878e+05 1.059140769230769220e+05 1.388925961538461561e+05 1.163707115384615463e+05 8.378467590134325294e-01
1.599443076923076878e+05 1.509556923076923122e+05 1.407920769230769365e+05 1.344086923076923122e+05 1.294139230769230780e+05 1.263359230769230780e+05 1.204345384615384683e+05 1.127983076923076878e+05 1.465251923076923122e+05 1.222456730769230780e+05 8.342979876130515171e-01
1.766206153846153757e+05 1.599443076923076878e+05 1.509556923076923122e+05 1.407920769230769365e+05 1.344086923076923122e+05 1.294139230769230780e+05 1.263359230769230780e+05 1.204345384615384683e+05 1.570781730769230635e+05 1.276482692307692196e+05 8.126416721708262791e-01
1.941387692307692196e+05 1.766206153846153757e+05 1.599443076923076878e+05 1.509556923076923122e+05 1.407920769230769365e+05 1.344086923076923122e+05 1.294139230769230780e+05 1.263359230769230780e+05 1.704148461538461270e+05 1.327376538461538439e+05 7.789089791292110876e-01
2.084548461538461561e+05 1.941387692307692196e+05 1.766206153846153757e+05 1.599443076923076878e+05 1.509556923076923122e+05 1.407920769230769365e+05 1.344086923076923122e+05 1.294139230769230780e+05 1.847896346153846243e+05 1.388925961538461561e+05 7.516254710007564954e-01
2.211813076923076878e+05 2.084548461538461561e+05 1.941387692307692196e+05 1.766206153846153757e+05 1.599443076923076878e+05 1.509556923076923122e+05 1.407920769230769365e+05 1.344086923076923122e+05 2.000988846153846243e+05 1.465251923076923122e+05 7.322639133612977025e-01
2.367996923076923122e+05 2.211813076923076878e+05 2.084548461538461561e+05 1.941387692307692196e+05 1.766206153846153757e+05 1.599443076923076878e+05 1.509556923076923122e+05 1.407920769230769365e+05 2.151436538461538439e+05 1.570781730769230635e+05 7.301083265474678230e-01
2.524317692307692196e+05 2.367996923076923122e+05 2.211813076923076878e+05 2.084548461538461561e+05 1.941387692307692196e+05 1.766206153846153757e+05 1.599443076923076878e+05 1.509556923076923122e+05 2.297169038461538439e+05 1.704148461538461270e+05 7.418472184701586647e-01
2.718621428571428405e+05 2.524317692307692196e+05 2.367996923076923122e+05 2.211813076923076878e+05 2.084548461538461561e+05 1.941387692307692196e+05 1.766206153846153757e+05 1.599443076923076878e+05 2.455687280219780514e+05 1.847896346153846243e+05 7.524966069736950258e-01
2.967152307692307513e+05 2.718621428571428405e+05 2.524317692307692196e+05 2.367996923076923122e+05 2.211813076923076878e+05 2.084548461538461561e+05 1.941387692307692196e+05 1.766206153846153757e+05 2.644522087912088027e+05 2.000988846153846243e+05 7.566542383216294798e-01
3.263150000000000000e+05 2.967152307692307513e+05 2.718621428571428405e+05 2.524317692307692196e+05 2.367996923076923122e+05 2.211813076923076878e+05 2.084548461538461561e+05 1.941387692307692196e+05 2.868310357142856810e+05 2.151436538461538439e+05 7.500710420348649654e-01
3.573116923076923122e+05 3.263150000000000000e+05 2.967152307692307513e+05 2.718621428571428405e+05 2.524317692307692196e+05 2.367996923076923122e+05 2.211813076923076878e+05 2.084548461538461561e+05 3.130510164835164323e+05 2.297169038461538439e+05 7.338002170590284257e-01
3.896335384615384392e+05 3.573116923076923122e+05 3.263150000000000000e+05 2.967152307692307513e+05 2.718621428571428405e+05 2.524317692307692196e+05 2.367996923076923122e+05 2.211813076923076878e+05 3.424938653846153757e+05 2.455687280219780514e+05 7.170018293501640994e-01
4.075754615384615608e+05 3.896335384615384392e+05 3.573116923076923122e+05 3.263150000000000000e+05 2.967152307692307513e+05 2.718621428571428405e+05 2.524317692307692196e+05 2.367996923076923122e+05 3.702089230769230635e+05 2.644522087912088027e+05 7.143323467010549432e-01
4.254307692307692487e+05 4.075754615384615608e+05 3.896335384615384392e+05 3.573116923076923122e+05 3.263150000000000000e+05 2.967152307692307513e+05 2.718621428571428405e+05 2.524317692307692196e+05 3.949878653846153757e+05 2.868310357142856810e+05 7.261768293438253252e-01
4.407236153846153757e+05 4.254307692307692487e+05 4.075754615384615608e+05 3.896335384615384392e+05 3.573116923076923122e+05 3.263150000000000000e+05 2.967152307692307513e+05 2.718621428571428405e+05 4.158408461538461852e+05 3.130510164835164323e+05 7.528144947254623576e-01
4.439804615384615608e+05 4.407236153846153757e+05 4.254307692307692487e+05 4.075754615384615608e+05 3.896335384615384392e+05 3.573116923076923122e+05 3.263150000000000000e+05 2.967152307692307513e+05 4.294275769230769365e+05 3.424938653846153757e+05 7.975590851399049219e-01
4.452910000000000000e+05 4.439804615384615608e+05 4.407236153846153757e+05 4.254307692307692487e+05 4.075754615384615608e+05 3.896335384615384392e+05 3.573116923076923122e+05 3.263150000000000000e+05 4.388564615384615608e+05 3.702089230769230635e+05 8.435763296707842196e-01
4.476044615384615608e+05 4.452910000000000000e+05 4.439804615384615608e+05 4.407236153846153757e+05 4.254307692307692487e+05 4.075754615384615608e+05 3.896335384615384392e+05 3.573116923076923122e+05 4.443998846153846243e+05 3.949878653846153757e+05 8.888118090455088272e-01
4.501519230769230635e+05 4.476044615384615608e+05 4.452910000000000000e+05 4.439804615384615608e+05 4.407236153846153757e+05 4.254307692307692487e+05 4.075754615384615608e+05 3.896335384615384392e+05 4.467569615384615026e+05 4.158408461538461852e+05 9.307988055112741410e-01
4.677975384615384392e+05 4.501519230769230635e+05 4.476044615384615608e+05 4.452910000000000000e+05 4.439804615384615608e+05 4.407236153846153757e+05 4.254307692307692487e+05 4.075754615384615608e+05 4.527112307692307513e+05 4.294275769230769365e+05 9.485684200796364873e-01
4.675993076923076878e+05 4.677975384615384392e+05 4.501519230769230635e+05 4.476044615384615608e+05 4.452910000000000000e+05 4.439804615384615608e+05 4.407236153846153757e+05 4.254307692307692487e+05 4.582883076923076878e+05 4.388564615384615608e+05 9.575990793836866022e-01
4.592046923076923122e+05 4.675993076923076878e+05 4.677975384615384392e+05 4.501519230769230635e+05 4.476044615384615608e+05 4.452910000000000000e+05 4.439804615384615608e+05 4.407236153846153757e+05 4.611883653846153757e+05 4.443998846153846243e+05 9.635973454030443142e-01
4.676403846153846243e+05 4.592046923076923122e+05 4.675993076923076878e+05 4.677975384615384392e+05 4.501519230769230635e+05 4.476044615384615608e+05 4.452910000000000000e+05 4.439804615384615608e+05 4.655604807692308095e+05 4.467569615384615026e+05 9.596110065018816915e-01
4.814360000000000000e+05 4.676403846153846243e+05 4.592046923076923122e+05 4.675993076923076878e+05 4.677975384615384392e+05 4.501519230769230635e+05 4.476044615384615608e+05 4.452910000000000000e+05 4.689700961538461852e+05 4.527112307692307513e+05 9.653306990830355927e-01
4.921379230769230635e+05 4.814360000000000000e+05 4.676403846153846243e+05 4.592046923076923122e+05 4.675993076923076878e+05 4.677975384615384392e+05 4.501519230769230635e+05 4.476044615384615608e+05 4.751047499999999418e+05 4.582883076923076878e+05 9.646047691426106185e-01
5.059492307692307513e+05 4.921379230769230635e+05 4.814360000000000000e+05 4.676403846153846243e+05 4.592046923076923122e+05 4.675993076923076878e+05 4.677975384615384392e+05 4.501519230769230635e+05 4.867908846153846243e+05 4.611883653846153757e+05 9.474055081146437463e-01
5.247940769230768783e+05 5.059492307692307513e+05 4.921379230769230635e+05 4.814360000000000000e+05 4.676403846153846243e+05 4.592046923076923122e+05 4.675993076923076878e+05 4.677975384615384392e+05 5.010793076923076878e+05 4.655604807692308095e+05 9.291153588308069811e-01
5.835620714285714785e+05 5.247940769230768783e+05 5.059492307692307513e+05 4.921379230769230635e+05 4.814360000000000000e+05 4.676403846153846243e+05 4.592046923076923122e+05 4.675993076923076878e+05 5.266108255494505865e+05 4.689700961538461852e+05 8.905439717547323220e-01
5.958772500000000000e+05 5.835620714285714785e+05 5.247940769230768783e+05 5.059492307692307513e+05 4.921379230769230635e+05 4.814360000000000000e+05 4.676403846153846243e+05 4.592046923076923122e+05 5.525456572802197188e+05 4.751047499999999418e+05 8.598470438417613604e-01
6.064974615384615026e+05 5.958772500000000000e+05 5.835620714285714785e+05 5.247940769230768783e+05 5.059492307692307513e+05 4.921379230769230635e+05 4.814360000000000000e+05 4.676403846153846243e+05 5.776827149725274649e+05 4.867908846153846243e+05 8.426613294783014130e-01
6.056564285714285215e+05 6.064974615384615026e+05 5.958772500000000000e+05 5.835620714285714785e+05 5.247940769230768783e+05 5.059492307692307513e+05 4.921379230769230635e+05 4.814360000000000000e+05 5.978983028846153757e+05 5.010793076923076878e+05 8.380677872387402028e-01
6.045309230769231217e+05 6.056564285714285215e+05 6.064974615384615026e+05 5.958772500000000000e+05 5.835620714285714785e+05 5.247940769230768783e+05 5.059492307692307513e+05 4.921379230769230635e+05 6.031405157967032865e+05 5.266108255494505865e+05 8.731146586195378534e-01
5.996046153846153757e+05 6.045309230769231217e+05 6.056564285714285215e+05 6.064974615384615026e+05 5.958772500000000000e+05 5.835620714285714785e+05 5.247940769230768783e+05 5.059492307692307513e+05 6.040723571428571595e+05 5.525456572802197188e+05 9.147011127833285515e-01
5.988403076923077460e+05 5.996046153846153757e+05 6.045309230769231217e+05 6.056564285714285215e+05 6.064974615384615026e+05 5.958772500000000000e+05 5.835620714285714785e+05 5.247940769230768783e+05 6.021580686813186621e+05 5.776827149725274649e+05 9.593539388048217820e-01
5.942829230769231217e+05 5.988403076923077460e+05 5.996046153846153757e+05 6.045309230769231217e+05 6.056564285714285215e+05 6.064974615384615026e+05 5.958772500000000000e+05 5.835620714285714785e+05 5.993146923076923704e+05 5.978983028846153757e+05 9.976366515934673718e-01
5.863927692307692487e+05 5.942829230769231217e+05 5.988403076923077460e+05 5.996046153846153757e+05 6.045309230769231217e+05 6.056564285714285215e+05 6.064974615384615026e+05 5.958772500000000000e+05 5.947801538461538730e+05 6.031405157967032865e+05 1.014056222112468042e+00
5.749331538461538730e+05 5.863927692307692487e+05 5.942829230769231217e+05 5.988403076923077460e+05 5.996046153846153757e+05 6.045309230769231217e+05 6.056564285714285215e+05 6.064974615384615026e+05 5.886122884615384974e+05 6.040723571428571595e+05 1.026265283590539257e+00
5.657437692307692487e+05 5.749331538461538730e+05 5.863927692307692487e+05 5.942829230769231217e+05 5.988403076923077460e+05 5.996046153846153757e+05 6.045309230769231217e+05 6.056564285714285215e+05 5.803381538461538730e+05 6.021580686813186621e+05 1.037598621925087450e+00
5.583916153846153757e+05 5.657437692307692487e+05 5.749331538461538730e+05 5.863927692307692487e+05 5.942829230769231217e+05 5.988403076923077460e+05 5.996046153846153757e+05 6.045309230769231217e+05 5.713653269230769947e+05 5.993146923076923704e+05 1.048916803431402922e+00
5.520315384615384974e+05 5.583916153846153757e+05 5.657437692307692487e+05 5.749331538461538730e+05 5.863927692307692487e+05 5.942829230769231217e+05 5.988403076923077460e+05 5.996046153846153757e+05 5.627750192307692487e+05 5.947801538461538730e+05 1.056870211935012627e+00
5.495293076923077460e+05 5.520315384615384974e+05 5.583916153846153757e+05 5.657437692307692487e+05 5.749331538461538730e+05 5.863927692307692487e+05 5.942829230769231217e+05 5.988403076923077460e+05 5.564240576923077460e+05 5.886122884615384974e+05 1.057848380788434905e+00
5.418733076923077460e+05 5.495293076923077460e+05 5.520315384615384974e+05 5.583916153846153757e+05 5.657437692307692487e+05 5.749331538461538730e+05 5.863927692307692487e+05 5.942829230769231217e+05 5.504564423076923704e+05 5.803381538461538730e+05 1.054285333482859466e+00
5.314998461538461270e+05 5.418733076923077460e+05 5.495293076923077460e+05 5.520315384615384974e+05 5.583916153846153757e+05 5.657437692307692487e+05 5.749331538461538730e+05 5.863927692307692487e+05 5.437335000000000000e+05 5.713653269230769947e+05 1.050818695046519924e+00
5.199441538461538730e+05 5.314998461538461270e+05 5.418733076923077460e+05 5.495293076923077460e+05 5.520315384615384974e+05 5.583916153846153757e+05 5.657437692307692487e+05 5.749331538461538730e+05 5.357116538461538730e+05 5.627750192307692487e+05 1.050518530239753723e+00
5.088296153846153757e+05 5.199441538461538730e+05 5.314998461538461270e+05 5.418733076923077460e+05 5.495293076923077460e+05 5.520315384615384974e+05 5.583916153846153757e+05 5.657437692307692487e+05 5.255367307692307513e+05 5.564240576923077460e+05 1.058772917504485545e+00
4.947420769230769365e+05 5.088296153846153757e+05 5.199441538461538730e+05 5.314998461538461270e+05 5.418733076923077460e+05 5.495293076923077460e+05 5.520315384615384974e+05 5.583916153846153757e+05 5.137539230769230053e+05 5.504564423076923704e+05 1.071439881200233701e+00
4.855096153846153757e+05 4.947420769230769365e+05 5.088296153846153757e+05 5.199441538461538730e+05 5.314998461538461270e+05 5.418733076923077460e+05 5.495293076923077460e+05 5.520315384615384974e+05 5.022563653846153757e+05 5.437335000000000000e+05 1.082581600700316615e+00
4.770198461538461270e+05 4.855096153846153757e+05 4.947420769230769365e+05 5.088296153846153757e+05 5.199441538461538730e+05 5.314998461538461270e+05 5.418733076923077460e+05 5.495293076923077460e+05 4.915252884615384974e+05 5.357116538461538730e+05 1.089896423280514393e+00
4.691224615384615608e+05 4.770198461538461270e+05 4.855096153846153757e+05 4.947420769230769365e+05 5.088296153846153757e+05 5.199441538461538730e+05 5.314998461538461270e+05 5.418733076923077460e+05 4.815985000000000000e+05 5.255367307692307513e+05 1.091234152035836402e+00
4.656780769230769365e+05 4.691224615384615608e+05 4.770198461538461270e+05 4.855096153846153757e+05 4.947420769230769365e+05 5.088296153846153757e+05 5.199441538461538730e+05 5.314998461538461270e+05 4.743325000000000000e+05 5.137539230769230053e+05 1.083109260016808850e+00
4.615227692307692487e+05 4.656780769230769365e+05 4.691224615384615608e+05 4.770198461538461270e+05 4.855096153846153757e+05 4.947420769230769365e+05 5.088296153846153757e+05 5.199441538461538730e+05 4.683357884615384974e+05 5.022563653846153757e+05 1.072427898441211225e+00
4.587650714285714203e+05 4.615227692307692487e+05 4.656780769230769365e+05 4.691224615384615608e+05 4.770198461538461270e+05 4.855096153846153757e+05 4.947420769230769365e+05 5.088296153846153757e+05 4.637720947802197770e+05 4.915252884615384974e+05 1.059842310466029280e+00
4.538014166666666861e+05 4.587650714285714203e+05 4.615227692307692487e+05 4.656780769230769365e+05 4.691224615384615608e+05 4.770198461538461270e+05 4.855096153846153757e+05 4.947420769230769365e+05 4.599418335622710874e+05 4.815985000000000000e+05 1.047085663571841296e+00
4.483032307692307513e+05 4.538014166666666861e+05 4.587650714285714203e+05 4.615227692307692487e+05 4.656780769230769365e+05 4.691224615384615608e+05 4.770198461538461270e+05 4.855096153846153757e+05 4.555981220238095266e+05 4.743325000000000000e+05 1.041120402105633280e+00
4.411735000000000000e+05 4.483032307692307513e+05 4.538014166666666861e+05 4.587650714285714203e+05 4.615227692307692487e+05 4.656780769230769365e+05 4.691224615384615608e+05 4.770198461538461270e+05 4.505108047161172144e+05 4.683357884615384974e+05 1.039566162584387721e+00
4.368006923076923122e+05 4.411735000000000000e+05 4.483032307692307513e+05 4.538014166666666861e+05 4.587650714285714203e+05 4.615227692307692487e+05 4.656780769230769365e+05 4.691224615384615608e+05 4.450197099358974374e+05 4.637720947802197770e+05 1.042138324271128402e+00
4.307976153846153757e+05 4.368006923076923122e+05 4.411735000000000000e+05 4.483032307692307513e+05 4.538014166666666861e+05 4.587650714285714203e+05 4.615227692307692487e+05 4.656780769230769365e+05 4.392687596153846243e+05 4.599418335622710874e+05 1.047062472562326985e+00
4.241309230769230635e+05 4.307976153846153757e+05 4.368006923076923122e+05 4.411735000000000000e+05 4.483032307692307513e+05 4.538014166666666861e+05 4.587650714285714203e+05 4.615227692307692487e+05 4.332256826923076878e+05 4.555981220238095266e+05 1.051641535175077635e+00
4.177750000000000000e+05 4.241309230769230635e+05 4.307976153846153757e+05 4.368006923076923122e+05 4.411735000000000000e+05 4.483032307692307513e+05 4.538014166666666861e+05 4.587650714285714203e+05 4.273760576923076878e+05 4.505108047161172144e+05 1.054132061465328007e+00
4.099612307692307513e+05 4.177750000000000000e+05 4.241309230769230635e+05 4.307976153846153757e+05 4.368006923076923122e+05 4.411735000000000000e+05 4.483032307692307513e+05 4.538014166666666861e+05 4.206661923076922540e+05 4.450197099358974374e+05 1.057892737932198735e+00
4.004158461538461270e+05 4.099612307692307513e+05 4.177750000000000000e+05 4.241309230769230635e+05 4.307976153846153757e+05 4.368006923076923122e+05 4.411735000000000000e+05 4.483032307692307513e+05 4.130707500000000000e+05 4.392687596153846243e+05 1.063422572562653379e+00
3.933480000000000000e+05 4.004158461538461270e+05 4.099612307692307513e+05 4.177750000000000000e+05 4.241309230769230635e+05 4.307976153846153757e+05 4.368006923076923122e+05 4.411735000000000000e+05 4.053750192307692487e+05 4.332256826923076878e+05 1.068703452705071166e+00
3.869359230769230635e+05 3.933480000000000000e+05 4.004158461538461270e+05 4.099612307692307513e+05 4.177750000000000000e+05 4.241309230769230635e+05 4.307976153846153757e+05 4.368006923076923122e+05 3.976652499999999418e+05 4.273760576923076878e+05 1.074713110316548370e+00
