2.894244838494838064e+02 2.854572201236263140e+02 2.820027383906415821e+02 2.818633424908424558e+02 2.792228211443728014e+02 2.780527570643641297e+02 2.731886141636140906e+02 2.680106614539306520e+02 2.812779637029636888e+02 2.684063028638028641e+02 9.608662074768458128e-01
2.894244838494838064e+02 2.854572201236263140e+02 2.820027383906415821e+02 2.818633424908424558e+02 2.792228211443728014e+02 2.780527570643641297e+02 2.731886141636140906e+02 2.680106614539306520e+02 2.812779637029636888e+02 2.684063028638028641e+02 9.608662074768458128e-01
2.894244838494838064e+02 2.854572201236263140e+02 2.820027383906415821e+02 2.818633424908424558e+02 2.792228211443728014e+02 2.780527570643641297e+02 2.731886141636140906e+02 2.680106614539306520e+02 2.812779637029636888e+02 2.684063028638028641e+02 9.608662074768458128e-01
2.894244838494838064e+02 2.854572201236263140e+02 2.820027383906415821e+02 2.818633424908424558e+02 2.792228211443728014e+02 2.780527570643641297e+02 2.731886141636140906e+02 2.680106614539306520e+02 2.812779637029636888e+02 2.684063028638028641e+02 9.608662074768458128e-01
2.894244838494838064e+02 2.854572201236263140e+02 2.820027383906415821e+02 2.818633424908424558e+02 2.792228211443728014e+02 2.780527570643641297e+02 2.731886141636140906e+02 2.680106614539306520e+02 2.812779637029636888e+02 2.684063028638028641e+02 9.608662074768458128e-01
2.894244838494838064e+02 2.854572201236263140e+02 2.820027383906415821e+02 2.818633424908424558e+02 2.792228211443728014e+02 2.780527570643641297e+02 2.731886141636140906e+02 2.680106614539306520e+02 2.812779637029636888e+02 2.684063028638028641e+02 9.608662074768458128e-01
2.894244838494838064e+02 2.854572201236263140e+02 2.820027383906415821e+02 2.818633424908424558e+02 2.792228211443728014e+02 2.780527570643641297e+02 2.731886141636140906e+02 2.680106614539306520e+02 2.812779637029636888e+02 2.684063028638028641e+02 9.608662074768458128e-01
2.894244838494838064e+02 2.854572201236263140e+02 2.820027383906415821e+02 2.818633424908424558e+02 2.792228211443728014e+02 2.780527570643641297e+02 2.731886141636140906e+02 2.680106614539306520e+02 2.812779637029636888e+02 2.684063028638028641e+02 9.608662074768458128e-01
2.894244838494838064e+02 2.854572201236263140e+02 2.820027383906415821e+02 2.818633424908424558e+02 2.792228211443728014e+02 2.780527570643641297e+02 2.731886141636140906e+02 2.680106614539306520e+02 2.812779637029636888e+02 2.684063028638028641e+02 9.608662074768458128e-01
2.894244838494838064e+02 2.854572201236263140e+02 2.820027383906415821e+02 2.818633424908424558e+02 2.792228211443728014e+02 2.780527570643641297e+02 2.731886141636140906e+02 2.680106614539306520e+02 2.812779637029636888e+02 2.684063028638028641e+02 9.608662074768458128e-01
2.894244838494838064e+02 2.854572201236263140e+02 2.820027383906415821e+02 2.818633424908424558e+02 2.792228211443728014e+02 2.780527570643641297e+02 2.731886141636140906e+02 2.680106614539306520e+02 2.812779637029636888e+02 2.684063028638028641e+02 9.608662074768458128e-01
2.894244838494838064e+02 2.854572201236263140e+02 2.820027383906415821e+02 2.818633424908424558e+02 2.792228211443728014e+02 2.780527570643641297e+02 2.731886141636140906e+02 2.680106614539306520e+02 2.812779637029636888e+02 2.684063028638028641e+02 9.608662074768458128e-01
2.894244838494838064e+02 2.854572201236263140e+02 2.820027383906415821e+02 2.818633424908424558e+02 2.792228211443728014e+02 2.780527570643641297e+02 2.731886141636140906e+02 2.680106614539306520e+02 2.812779637029636888e+02 2.684063028638028641e+02 9.608662074768458128e-01
2.894244838494838064e+02 2.854572201236263140e+02 2.820027383906415821e+02 2.818633424908424558e+02 2.792228211443728014e+02 2.780527570643641297e+02 2.731886141636140906e+02 2.680106614539306520e+02 2.812779637029636888e+02 2.684063028638028641e+02 9.608662074768458128e-01
2.894244838494838064e+02 2.854572201236263140e+02 2.820027383906415821e+02 2.818633424908424558e+02 2.792228211443728014e+02 2.780527570643641297e+02 2.731886141636140906e+02 2.680106614539306520e+02 2.812779637029636888e+02 2.684063028638028641e+02 9.608662074768458128e-01
2.894244838494838064e+02 2.854572201236263140e+02 2.820027383906415821e+02 2.818633424908424558e+02 2.792228211443728014e+02 2.780527570643641297e+02 2.731886141636140906e+02 2.680106614539306520e+02 2.812779637029636888e+02 2.684063028638028641e+02 9.608662074768458128e-01
2.894244838494838064e+02 2.854572201236263140e+02 2.820027383906415821e+02 2.818633424908424558e+02 2.792228211443728014e+02 2.780527570643641297e+02 2.731886141636140906e+02 2.680106614539306520e+02 2.812779637029636888e+02 2.684063028638028641e+02 9.608662074768458128e-01
2.894244838494838064e+02 2.854572201236263140e+02 2.820027383906415821e+02 2.818633424908424558e+02 2.792228211443728014e+02 2.780527570643641297e+02 2.731886141636140906e+02 2.680106614539306520e+02 2.812779637029636888e+02 2.684063028638028641e+02 9.608662074768458128e-01
2.894244838494838064e+02 2.854572201236263140e+02 2.820027383906415821e+02 2.818633424908424558e+02 2.792228211443728014e+02 2.780527570643641297e+02 2.731886141636140906e+02 2.680106614539306520e+02 2.812779637029636888e+02 2.684063028638028641e+02 9.608662074768458128e-01
2.894244838494838064e+02 2.854572201236263140e+02 2.820027383906415821e+02 2.818633424908424558e+02 2.792228211443728014e+02 2.780527570643641297e+02 2.731886141636140906e+02 2.680106614539306520e+02 2.812779637029636888e+02 2.684063028638028641e+02 9.608662074768458128e-01
2.894244838494838064e+02 2.854572201236263140e+02 2.820027383906415821e+02 2.818633424908424558e+02 2.792228211443728014e+02 2.780527570643641297e+02 2.731886141636140906e+02 2.680106614539306520e+02 2.812779637029636888e+02 2.684063028638028641e+02 9.608662074768458128e-01
2.894244838494838064e+02 2.854572201236263140e+02 2.820027383906415821e+02 2.818633424908424558e+02 2.792228211443728014e+02 2.780527570643641297e+02 2.731886141636140906e+02 2.680106614539306520e+02 2.812779637029636888e+02 2.684063028638028641e+02 9.608662074768458128e-01
2.894244838494838064e+02 2.854572201236263140e+02 2.820027383906415821e+02 2.818633424908424558e+02 2.792228211443728014e+02 2.780527570643641297e+02 2.731886141636140906e+02 2.680106614539306520e+02 2.812779637029636888e+02 2.684063028638028641e+02 9.608662074768458128e-01
2.894244838494838064e+02 2.854572201236263140e+02 2.820027383906415821e+02 2.818633424908424558e+02 2.792228211443728014e+02 2.780527570643641297e+02 2.731886141636140906e+02 2.680106614539306520e+02 2.812779637029636888e+02 2.684063028638028641e+02 9.608662074768458128e-01
2.894244838494838064e+02 2.854572201236263140e+02 2.820027383906415821e+02 2.818633424908424558e+02 2.792228211443728014e+02 2.780527570643641297e+02 2.731886141636140906e+02 2.680106614539306520e+02 2.812779637029636888e+02 2.684063028638028641e+02 9.608662074768458128e-01
2.894244838494838064e+02 2.854572201236263140e+02 2.820027383906415821e+02 2.818633424908424558e+02 2.792228211443728014e+02 2.780527570643641297e+02 2.731886141636140906e+02 2.680106614539306520e+02 2.812779637029636888e+02 2.684063028638028641e+02 9.608662074768458128e-01
2.894244838494838064e+02 2.854572201236263140e+02 2.820027383906415821e+02 2.818633424908424558e+02 2.792228211443728014e+02 2.780527570643641297e+02 2.731886141636140906e+02 2.680106614539306520e+02 2.812779637029636888e+02 2.684063028638028641e+02 9.608662074768458128e-01
2.894244838494838064e+02 2.854572201236263140e+02 2.820027383906415821e+02 2.818633424908424558e+02 2.792228211443728014e+02 2.780527570643641297e+02 2.731886141636140906e+02 2.680106614539306520e+02 2.812779637029636888e+02 2.684063028638028641e+02 9.608662074768458128e-01
2.894244838494838064e+02 2.854572201236263140e+02 2.820027383906415821e+02 2.818633424908424558e+02 2.792228211443728014e+02 2.780527570643641297e+02 2.731886141636140906e+02 2.680106614539306520e+02 2.812779637029636888e+02 2.684063028638028641e+02 9.608662074768458128e-01
2.894244838494838064e+02 2.854572201236263140e+02 2.820027383906415821e+02 2.818633424908424558e+02 2.792228211443728014e+02 2.780527570643641297e+02 2.731886141636140906e+02 2.680106614539306520e+02 2.812779637029636888e+02 2.684063028638028641e+02 9.608662074768458128e-01
2.894244838494838064e+02 2.854572201236263140e+02 2.820027383906415821e+02 2.818633424908424558e+02 2.792228211443728014e+02 2.780527570643641297e+02 2.731886141636140906e+02 2.680106614539306520e+02 2.812779637029636888e+02 2.684063028638028641e+02 9.608662074768458128e-01
2.894244838494838064e+02 2.854572201236263140e+02 2.820027383906415821e+02 2.818633424908424558e+02 2.792228211443728014e+02 2.780527570643641297e+02 2.731886141636140906e+02 2.680106614539306520e+02 2.812779637029636888e+02 2.684063028638028641e+02 9.608662074768458128e-01
2.894244838494838064e+02 2.854572201236263140e+02 2.820027383906415821e+02 2.818633424908424558e+02 2.792228211443728014e+02 2.780527570643641297e+02 2.731886141636140906e+02 2.680106614539306520e+02 2.812779637029636888e+02 2.684063028638028641e+02 9.608662074768458128e-01
2.894244838494838064e+02 2.854572201236263140e+02 2.820027383906415821e+02 2.818633424908424558e+02 2.792228211443728014e+02 2.780527570643641297e+02 2.731886141636140906e+02 2.680106614539306520e+02 2.812779637029636888e+02 2.684063028638028641e+02 9.608662074768458128e-01
2.894244838494838064e+02 2.854572201236263140e+02 2.820027383906415821e+02 2.818633424908424558e+02 2.792228211443728014e+02 2.780527570643641297e+02 2.731886141636140906e+02 2.680106614539306520e+02 2.812779637029636888e+02 2.684063028638028641e+02 9.608662074768458128e-01
2.894244838494838064e+02 2.854572201236263140e+02 2.820027383906415821e+02 2.818633424908424558e+02 2.792228211443728014e+02 2.780527570643641297e+02 2.731886141636140906e+02 2.680106614539306520e+02 2.812779637029636888e+02 2.684063028638028641e+02 9.608662074768458128e-01
2.894244838494838064e+02 2.854572201236263140e+02 2.820027383906415821e+02 2.818633424908424558e+02 2.792228211443728014e+02 2.780527570643641297e+02 2.731886141636140906e+02 2.680106614539306520e+02 2.812779637029636888e+02 2.684063028638028641e+02 9.608662074768458128e-01
2.894244838494838064e+02 2.854572201236263140e+02 2.820027383906415821e+02 2.818633424908424558e+02 2.792228211443728014e+02 2.780527570643641297e+02 2.731886141636140906e+02 2.680106614539306520e+02 2.812779637029636888e+02 2.684063028638028641e+02 9.608662074768458128e-01
2.894244838494838064e+02 2.854572201236263140e+02 2.820027383906415821e+02 2.818633424908424558e+02 2.792228211443728014e+02 2.780527570643641297e+02 2.731886141636140906e+02 2.680106614539306520e+02 2.812779637029636888e+02 2.684063028638028641e+02 9.608662074768458128e-01
2.894244838494838064e+02 2.854572201236263140e+02 2.820027383906415821e+02 2.818633424908424558e+02 2.792228211443728014e+02 2.780527570643641297e+02 2.731886141636140906e+02 2.680106614539306520e+02 2.812779637029636888e+02 2.684063028638028641e+02 9.608662074768458128e-01
2.894244838494838064e+02 2.854572201236263140e+02 2.820027383906415821e+02 2.818633424908424558e+02 2.792228211443728014e+02 2.780527570643641297e+02 2.731886141636140906e+02 2.680106614539306520e+02 2.812779637029636888e+02 2.684063028638028641e+02 9.608662074768458128e-01
2.894244838494838064e+02 2.854572201236263140e+02 2.820027383906415821e+02 2.818633424908424558e+02 2.792228211443728014e+02 2.780527570643641297e+02 2.731886141636140906e+02 2.680106614539306520e+02 2.812779637029636888e+02 2.684063028638028641e+02 9.608662074768458128e-01
2.894244838494838064e+02 2.854572201236263140e+02 2.820027383906415821e+02 2.818633424908424558e+02 2.792228211443728014e+02 2.780527570643641297e+02 2.731886141636140906e+02 2.680106614539306520e+02 2.812779637029636888e+02 2.684063028638028641e+02 9.608662074768458128e-01
2.894244838494838064e+02 2.854572201236263140e+02 2.820027383906415821e+02 2.818633424908424558e+02 2.792228211443728014e+02 2.780527570643641297e+02 2.731886141636140906e+02 2.680106614539306520e+02 2.812779637029636888e+02 2.684063028638028641e+02 9.608662074768458128e-01
2.894244838494838064e+02 2.854572201236263140e+02 2.820027383906415821e+02 2.818633424908424558e+02 2.792228211443728014e+02 2.780527570643641297e+02 2.731886141636140906e+02 2.680106614539306520e+02 2.812779637029636888e+02 2.684063028638028641e+02 9.608662074768458128e-01
2.894244838494838064e+02 2.854572201236263140e+02 2.820027383906415821e+02 2.818633424908424558e+02 2.792228211443728014e+02 2.780527570643641297e+02 2.731886141636140906e+02 2.680106614539306520e+02 2.812779637029636888e+02 2.684063028638028641e+02 9.608662074768458128e-01
2.894244838494838064e+02 2.854572201236263140e+02 2.820027383906415821e+02 2.818633424908424558e+02 2.792228211443728014e+02 2.780527570643641297e+02 2.731886141636140906e+02 2.680106614539306520e+02 2.812779637029636888e+02 2.684063028638028641e+02 9.608662074768458128e-01
2.894244838494838064e+02 2.854572201236263140e+02 2.820027383906415821e+02 2.818633424908424558e+02 2.792228211443728014e+02 2.780527570643641297e+02 2.731886141636140906e+02 2.680106614539306520e+02 2.812779637029636888e+02 2.684063028638028641e+02 9.608662074768458128e-01
2.894244838494838064e+02 2.854572201236263140e+02 2.820027383906415821e+02 2.818633424908424558e+02 2.792228211443728014e+02 2.780527570643641297e+02 2.731886141636140906e+02 2.680106614539306520e+02 2.812779637029636888e+02 2.684063028638028641e+02 9.608662074768458128e-01
2.894244838494838064e+02 2.854572201236263140e+02 2.820027383906415821e+02 2.818633424908424558e+02 2.792228211443728014e+02 2.780527570643641297e+02 2.731886141636140906e+02 2.680106614539306520e+02 2.812779637029636888e+02 2.684063028638028641e+02 9.608662074768458128e-01
2.894244838494838064e+02 2.854572201236263140e+02 2.820027383906415821e+02 2.818633424908424558e+02 2.792228211443728014e+02 2.780527570643641297e+02 2.731886141636140906e+02 2.680106614539306520e+02 2.812779637029636888e+02 2.684063028638028641e+02 9.608662074768458128e-01
2.894244838494838064e+02 2.854572201236263140e+02 2.820027383906415821e+02 2.818633424908424558e+02 2.792228211443728014e+02 2.780527570643641297e+02 2.731886141636140906e+02 2.680106614539306520e+02 2.812779637029636888e+02 2.684063028638028641e+02 9.608662074768458128e-01
2.894244838494838064e+02 2.854572201236263140e+02 2.820027383906415821e+02 2.818633424908424558e+02 2.792228211443728014e+02 2.780527570643641297e+02 2.731886141636140906e+02 2.680106614539306520e+02 2.812779637029636888e+02 2.684063028638028641e+02 9.608662074768458128e-01
2.894244838494838064e+02 2.854572201236263140e+02 2.820027383906415821e+02 2.818633424908424558e+02 2.792228211443728014e+02 2.780527570643641297e+02 2.731886141636140906e+02 2.680106614539306520e+02 2.812779637029636888e+02 2.684063028638028641e+02 9.608662074768458128e-01
2.894244838494838064e+02 2.854572201236263140e+02 2.820027383906415821e+02 2.818633424908424558e+02 2.792228211443728014e+02 2.780527570643641297e+02 2.731886141636140906e+02 2.680106614539306520e+02 2.812779637029636888e+02 2.684063028638028641e+02 9.608662074768458128e-01
2.894244838494838064e+02 2.854572201236263140e+02 2.820027383906415821e+02 2.818633424908424558e+02 2.792228211443728014e+02 2.780527570643641297e+02 2.731886141636140906e+02 2.680106614539306520e+02 2.812779637029636888e+02 2.684063028638028641e+02 9.608662074768458128e-01
2.894244838494838064e+02 2.854572201236263140e+02 2.820027383906415821e+02 2.818633424908424558e+02 2.792228211443728014e+02 2.780527570643641297e+02 2.731886141636140906e+02 2.680106614539306520e+02 2.812779637029636888e+02 2.684063028638028641e+02 9.608662074768458128e-01
2.894244838494838064e+02 2.854572201236263140e+02 2.820027383906415821e+02 2.818633424908424558e+02 2.792228211443728014e+02 2.780527570643641297e+02 2.731886141636140906e+02 2.680106614539306520e+02 2.812779637029636888e+02 2.684063028638028641e+02 9.608662074768458128e-01
2.894244838494838064e+02 2.854572201236263140e+02 2.820027383906415821e+02 2.818633424908424558e+02 2.792228211443728014e+02 2.780527570643641297e+02 2.731886141636140906e+02 2.680106614539306520e+02 2.812779637029636888e+02 2.684063028638028641e+02 9.608662074768458128e-01
2.894244838494838064e+02 2.854572201236263140e+02 2.820027383906415821e+02 2.818633424908424558e+02 2.792228211443728014e+02 2.780527570643641297e+02 2.731886141636140906e+02 2.680106614539306520e+02 2.812779637029636888e+02 2.684063028638028641e+02 9.608662074768458128e-01
2.894244838494838064e+02 2.854572201236263140e+02 2.820027383906415821e+02 2.818633424908424558e+02 2.792228211443728014e+02 2.780527570643641297e+02 2.731886141636140906e+02 2.680106614539306520e+02 2.812779637029636888e+02 2.684063028638028641e+02 9.608662074768458128e-01
2.894244838494838064e+02 2.854572201236263140e+02 2.820027383906415821e+02 2.818633424908424558e+02 2.792228211443728014e+02 2.780527570643641297e+02 2.731886141636140906e+02 2.680106614539306520e+02 2.812779637029636888e+02 2.684063028638028641e+02 9.608662074768458128e-01
2.894244838494838064e+02 2.854572201236263140e+02 2.820027383906415821e+02 2.818633424908424558e+02 2.792228211443728014e+02 2.780527570643641297e+02 2.731886141636140906e+02 2.680106614539306520e+02 2.812779637029636888e+02 2.684063028638028641e+02 9.608662074768458128e-01
2.894244838494838064e+02 2.854572201236263140e+02 2.820027383906415821e+02 2.818633424908424558e+02 2.792228211443728014e+02 2.780527570643641297e+02 2.731886141636140906e+02 2.680106614539306520e+02 2.812779637029636888e+02 2.684063028638028641e+02 9.608662074768458128e-01
2.894244838494838064e+02 2.854572201236263140e+02 2.820027383906415821e+02 2.818633424908424558e+02 2.792228211443728014e+02 2.780527570643641297e+02 2.731886141636140906e+02 2.680106614539306520e+02 2.812779637029636888e+02 2.684063028638028641e+02 9.608662074768458128e-01
2.894244838494838064e+02 2.854572201236263140e+02 2.820027383906415821e+02 2.818633424908424558e+02 2.792228211443728014e+02 2.780527570643641297e+02 2.731886141636140906e+02 2.680106614539306520e+02 2.812779637029636888e+02 2.684063028638028641e+02 9.608662074768458128e-01
2.894244838494838064e+02 2.854572201236263140e+02 2.820027383906415821e+02 2.818633424908424558e+02 2.792228211443728014e+02 2.780527570643641297e+02 2.731886141636140906e+02 2.680106614539306520e+02 2.812779637029636888e+02 2.684063028638028641e+02 9.608662074768458128e-01
2.894244838494838064e+02 2.854572201236263140e+02 2.820027383906415821e+02 2.818633424908424558e+02 2.792228211443728014e+02 2.780527570643641297e+02 2.731886141636140906e+02 2.680106614539306520e+02 2.812779637029636888e+02 2.684063028638028641e+02 9.608662074768458128e-01
2.894244838494838064e+02 2.854572201236263140e+02 2.820027383906415821e+02 2.818633424908424558e+02 2.792228211443728014e+02 2.780527570643641297e+02 2.731886141636140906e+02 2.680106614539306520e+02 2.812779637029636888e+02 2.684063028638028641e+02 9.608662074768458128e-01
2.894244838494838064e+02 2.854572201236263140e+02 2.820027383906415821e+02 2.818633424908424558e+02 2.792228211443728014e+02 2.780527570643641297e+02 2.731886141636140906e+02 2.680106614539306520e+02 2.812779637029636888e+02 2.684063028638028641e+02 9.608662074768458128e-01
2.894244838494838064e+02 2.854572201236263140e+02 2.820027383906415821e+02 2.818633424908424558e+02 2.792228211443728014e+02 2.780527570643641297e+02 2.731886141636140906e+02 2.680106614539306520e+02 2.812779637029636888e+02 2.684063028638028641e+02 9.608662074768458128e-01
2.051142857142856997e+02 2.854572201236263140e+02 2.820027383906415821e+02 2.818633424908424558e+02 2.792228211443728014e+02 2.780527570643641297e+02 2.731886141636140906e+02 2.680106614539306520e+02 2.051142857142856997e+02 2.051142857142856997e+02 1.000000000000000000e+00
2.007538461538461547e+02 2.051142857142856997e+02 2.820027383906415821e+02 2.818633424908424558e+02 2.792228211443728014e+02 2.780527570643641297e+02 2.731886141636140906e+02 2.680106614539306520e+02 2.029340659340659272e+02 2.029340659340659272e+02 1.000000000000000000e+00
2.657000000000000455e+02 2.007538461538461547e+02 2.051142857142856997e+02 2.818633424908424558e+02 2.792228211443728014e+02 2.780527570643641297e+02 2.731886141636140906e+02 2.680106614539306520e+02 2.238560439560439761e+02 2.238560439560439761e+02 1.000000000000000000e+00
2.405538461538461377e+02 2.657000000000000455e+02 2.007538461538461547e+02 2.051142857142856997e+02 2.792228211443728014e+02 2.780527570643641297e+02 2.731886141636140906e+02 2.680106614539306520e+02 2.280304945054945165e+02 2.280304945054945165e+02 1.000000000000000000e+00
2.570923076923077133e+02 2.405538461538461377e+02 2.657000000000000455e+02 2.007538461538461547e+02 2.051142857142856997e+02 2.780527570643641297e+02 2.731886141636140906e+02 2.680106614539306520e+02 2.410250000000000341e+02 2.230696428571428669e+02 9.255041711737074239e-01
2.425230769230768999e+02 2.570923076923077133e+02 2.405538461538461377e+02 2.657000000000000455e+02 2.007538461538461547e+02 2.051142857142856997e+02 2.731886141636140906e+02 2.680106614539306520e+02 2.514673076923077133e+02 2.191118131868131798e+02 8.713331971363676987e-01
2.597384615384614790e+02 2.425230769230768999e+02 2.570923076923077133e+02 2.405538461538461377e+02 2.657000000000000455e+02 2.007538461538461547e+02 2.051142857142856997e+02 2.680106614539306520e+02 2.499769230769230717e+02 2.303862637362637429e+02 9.216301284953776207e-01
2.313153846153846871e+02 2.597384615384614790e+02 2.425230769230768999e+02 2.570923076923077133e+02 2.405538461538461377e+02 2.657000000000000455e+02 2.007538461538461547e+02 2.051142857142856997e+02 2.476673076923077019e+02 2.319578571428571649e+02 9.365703503791975582e-01
2.365076923076923379e+02 2.313153846153846871e+02 2.597384615384614790e+02 2.425230769230768999e+02 2.570923076923077133e+02 2.405538461538461377e+02 2.657000000000000455e+02 2.007538461538461547e+02 2.425211538461538510e+02 2.413242307692307804e+02 9.950646652552117555e-01
2.199692307692307907e+02 2.365076923076923379e+02 2.313153846153846871e+02 2.597384615384614790e+02 2.425230769230768999e+02 2.570923076923077133e+02 2.405538461538461377e+02 2.657000000000000455e+02 2.368826923076923094e+02 2.485503846153846155e+02 1.049255149010789090e+00
2.360153846153845620e+02 2.199692307692307907e+02 2.365076923076923379e+02 2.313153846153846871e+02 2.597384615384614790e+02 2.425230769230768999e+02 2.570923076923077133e+02 2.405538461538461377e+02 2.309519230769230944e+02 2.461719230769230649e+02 1.065901161580415479e+00
2.452615384615384357e+02 2.360153846153845620e+02 2.199692307692307907e+02 2.365076923076923379e+02 2.313153846153846871e+02 2.597384615384614790e+02 2.425230769230768999e+02 2.570923076923077133e+02 2.344384615384615245e+02 2.450215384615384551e+02 1.045142238409292323e+00
2.182230769230768885e+02 2.452615384615384357e+02 2.360153846153845620e+02 2.199692307692307907e+02 2.365076923076923379e+02 2.313153846153846871e+02 2.597384615384614790e+02 2.425230769230768999e+02 2.298673076923076621e+02 2.399903846153846132e+02 1.044038784917720175e+00
1.798153846153846303e+02 2.182230769230768885e+02 2.452615384615384357e+02 2.360153846153845620e+02 2.199692307692307907e+02 2.365076923076923379e+02 2.313153846153846871e+02 2.597384615384614790e+02 2.198288461538461434e+02 2.334719230769230762e+02 1.062062268723044989e+00
2.177923076923077019e+02 1.798153846153846303e+02 2.182230769230768885e+02 2.452615384615384357e+02 2.360153846153845620e+02 2.199692307692307907e+02 2.365076923076923379e+02 2.313153846153846871e+02 2.152730769230768999e+02 2.278161538461538385e+02 1.058265887691840490e+00
2.458307692307692776e+02 2.177923076923077019e+02 1.798153846153846303e+02 2.182230769230768885e+02 2.452615384615384357e+02 2.360153846153845620e+02 2.199692307692307907e+02 2.365076923076923379e+02 2.154153846153845961e+02 2.306338461538461218e+02 1.070647050421368318e+00
2.523461538461538680e+02 2.458307692307692776e+02 2.177923076923077019e+02 1.798153846153846303e+02 2.182230769230768885e+02 2.452615384615384357e+02 2.360153846153845620e+02 2.199692307692307907e+02 2.239461538461538339e+02 2.286830769230768965e+02 1.021152062652423309e+00
2.867076923076922412e+02 2.523461538461538680e+02 2.458307692307692776e+02 2.177923076923077019e+02 1.798153846153846303e+02 2.182230769230768885e+02 2.452615384615384357e+02 2.360153846153845620e+02 2.506692307692307509e+02 2.259969230769230819e+02 9.015742473992697237e-01
3.120461538461538566e+02 2.867076923076922412e+02 2.523461538461538680e+02 2.458307692307692776e+02 2.177923076923077019e+02 1.798153846153846303e+02 2.182230769230768885e+02 2.452615384615384357e+02 2.742326923076922753e+02 2.270649999999999693e+02 8.280012061626496056e-01
3.172076923076922981e+02 3.120461538461538566e+02 2.867076923076922412e+02 2.523461538461538680e+02 2.458307692307692776e+02 2.177923076923077019e+02 1.798153846153846303e+02 2.182230769230768885e+02 2.920769230769230376e+02 2.307476923076922901e+02 7.900237029233605490e-01
2.781692307692308077e+02 3.172076923076922981e+02 3.120461538461538566e+02 2.867076923076922412e+02 2.523461538461538680e+02 2.458307692307692776e+02 2.177923076923077019e+02 1.798153846153846303e+02 2.985326923076922867e+02 2.388634615384615358e+02 8.001249702068450320e-01
3.404142857142857110e+02 2.781692307692308077e+02 3.172076923076922981e+02 3.120461538461538566e+02 2.867076923076922412e+02 2.523461538461538680e+02 2.458307692307692776e+02 2.177923076923077019e+02 3.119593406593406826e+02 2.629272527472527372e+02 8.428253893329292756e-01
3.970250000000000341e+02 3.404142857142857110e+02 2.781692307692308077e+02 3.172076923076922981e+02 3.120461538461538566e+02 2.867076923076922412e+02 2.523461538461538680e+02 2.458307692307692776e+02 3.332040521978021843e+02 2.860269642857142571e+02 8.584138229985214252e-01
3.920923076923076565e+02 3.970250000000000341e+02 3.404142857142857110e+02 2.781692307692308077e+02 3.172076923076922981e+02 3.120461538461538566e+02 2.867076923076922412e+02 2.523461538461538680e+02 3.519252060439560523e+02 3.040465796703296064e+02 8.639522672677036885e-01
3.189928571428571331e+02 3.920923076923076565e+02 3.970250000000000341e+02 3.404142857142857110e+02 2.781692307692308077e+02 3.172076923076922981e+02 3.120461538461538566e+02 2.867076923076922412e+02 3.621311126373626621e+02 3.112523763736263618e+02 8.595018917507755152e-01
3.710692307692307850e+02 3.189928571428571331e+02 3.920923076923076565e+02 3.970250000000000341e+02 3.404142857142857110e+02 2.781692307692308077e+02 3.172076923076922981e+02 3.120461538461538566e+02 3.697948489010989306e+02 3.235264423076923208e+02 8.748808785982278291e-01
4.078153846153845734e+02 3.710692307692307850e+02 3.189928571428571331e+02 3.920923076923076565e+02 3.970250000000000341e+02 3.404142857142857110e+02 2.781692307692308077e+02 3.172076923076922981e+02 3.724924450549450512e+02 3.410617307692307918e+02 9.156205321665570329e-01
4.093846153846153584e+02 4.078153846153845734e+02 3.710692307692307850e+02 3.189928571428571331e+02 3.920923076923076565e+02 3.970250000000000341e+02 3.404142857142857110e+02 2.781692307692308077e+02 3.768155219780219340e+02 3.569032692307692400e+02 9.471564954577054163e-01
3.119846153846153811e+02 4.093846153846153584e+02 4.078153846153845734e+02 3.710692307692307850e+02 3.189928571428571331e+02 3.920923076923076565e+02 3.970250000000000341e+02 3.404142857142857110e+02 3.750634615384615245e+02 3.647175824175824346e+02 9.724156571305516694e-01
3.584384615384615245e+02 3.119846153846153811e+02 4.093846153846153584e+02 4.078153846153845734e+02 3.710692307692307850e+02 3.189928571428571331e+02 3.920923076923076565e+02 3.970250000000000341e+02 3.719057692307692378e+02 3.702170329670329920e+02 9.954592361736438466e-01
2.861846153846153697e+02 3.584384615384615245e+02 3.119846153846153811e+02 4.093846153846153584e+02 4.078153846153845734e+02 3.710692307692307850e+02 3.189928571428571331e+02 3.920923076923076565e+02 3.414980769230769511e+02 3.662935714285714539e+02 1.072608006255565849e+00
3.925461538461538566e+02 2.861846153846153697e+02 3.584384615384615245e+02 3.119846153846153811e+02 4.093846153846153584e+02 4.078153846153845734e+02 3.710692307692307850e+02 3.189928571428571331e+02 3.372884615384615472e+02 3.689101098901098226e+02 1.093752535166526707e+00
4.163769230769231058e+02 3.925461538461538566e+02 2.861846153846153697e+02 3.584384615384615245e+02 3.119846153846153811e+02 4.093846153846153584e+02 4.078153846153845734e+02 3.710692307692307850e+02 3.633865384615384642e+02 3.727280769230769124e+02 1.025706891898328088e+00
