3.620000000000000000e+02 3.640000000000000000e+02 3.830000000000000000e+02 3.590000000000000000e+02 4.150000000000000000e+02 4.110000000000000000e+02 4.120000000000000000e+02 4.140000000000000000e+02 3.670000000000000000e+02 4.130000000000000000e+02 1.125340599455040946e+00
3.410000000000000000e+02 3.620000000000000000e+02 3.640000000000000000e+02 3.830000000000000000e+02 3.590000000000000000e+02 4.150000000000000000e+02 4.110000000000000000e+02 4.120000000000000000e+02 3.625000000000000000e+02 3.992500000000000000e+02 1.101379310344827500e+00
5.230000000000000000e+02 3.410000000000000000e+02 3.620000000000000000e+02 3.640000000000000000e+02 3.830000000000000000e+02 3.590000000000000000e+02 4.150000000000000000e+02 4.110000000000000000e+02 3.975000000000000000e+02 3.920000000000000000e+02 9.861635220125786194e-01
8.130000000000000000e+02 5.230000000000000000e+02 3.410000000000000000e+02 3.620000000000000000e+02 3.640000000000000000e+02 3.830000000000000000e+02 3.590000000000000000e+02 4.150000000000000000e+02 5.097500000000000000e+02 3.802500000000000000e+02 7.459538989700833511e-01
1.128000000000000000e+03 8.130000000000000000e+02 5.230000000000000000e+02 3.410000000000000000e+02 3.620000000000000000e+02 3.640000000000000000e+02 3.830000000000000000e+02 3.590000000000000000e+02 7.012500000000000000e+02 3.670000000000000000e+02 5.233511586452762598e-01
1.378000000000000000e+03 1.128000000000000000e+03 8.130000000000000000e+02 5.230000000000000000e+02 3.410000000000000000e+02 3.620000000000000000e+02 3.640000000000000000e+02 3.830000000000000000e+02 9.605000000000000000e+02 3.625000000000000000e+02 3.774076002082248915e-01
1.744000000000000000e+03 1.378000000000000000e+03 1.128000000000000000e+03 8.130000000000000000e+02 5.230000000000000000e+02 3.410000000000000000e+02 3.620000000000000000e+02 3.640000000000000000e+02 1.265750000000000000e+03 3.975000000000000000e+02 3.140430574758048543e-01
2.052000000000000000e+03 1.744000000000000000e+03 1.378000000000000000e+03 1.128000000000000000e+03 8.130000000000000000e+02 5.230000000000000000e+02 3.410000000000000000e+02 3.620000000000000000e+02 1.575500000000000000e+03 5.097500000000000000e+02 3.235480799746112135e-01
2.239000000000000000e+03 2.052000000000000000e+03 1.744000000000000000e+03 1.378000000000000000e+03 1.128000000000000000e+03 8.130000000000000000e+02 5.230000000000000000e+02 3.410000000000000000e+02 1.853250000000000000e+03 7.012500000000000000e+02 3.783893160663698851e-01
2.872000000000000000e+03 2.239000000000000000e+03 2.052000000000000000e+03 1.744000000000000000e+03 1.378000000000000000e+03 1.128000000000000000e+03 8.130000000000000000e+02 5.230000000000000000e+02 2.226750000000000000e+03 9.605000000000000000e+02 4.313461322555293687e-01
3.810000000000000000e+03 2.872000000000000000e+03 2.239000000000000000e+03 2.052000000000000000e+03 1.744000000000000000e+03 1.378000000000000000e+03 1.128000000000000000e+03 8.130000000000000000e+02 2.743250000000000000e+03 1.265750000000000000e+03 4.614052674747106675e-01
4.778000000000000000e+03 3.810000000000000000e+03 2.872000000000000000e+03 2.239000000000000000e+03 2.052000000000000000e+03 1.744000000000000000e+03 1.378000000000000000e+03 1.128000000000000000e+03 3.424750000000000000e+03 1.575500000000000000e+03 4.600335790933644531e-01
5.062000000000000000e+03 4.778000000000000000e+03 3.810000000000000000e+03 2.872000000000000000e+03 2.239000000000000000e+03 2.052000000000000000e+03 1.744000000000000000e+03 1.378000000000000000e+03 4.130500000000000000e+03 1.853250000000000000e+03 4.486744946132429357e-01
5.782000000000000000e+03 5.062000000000000000e+03 4.778000000000000000e+03 3.810000000000000000e+03 2.872000000000000000e+03 2.239000000000000000e+03 2.052000000000000000e+03 1.744000000000000000e+03 4.858000000000000000e+03 2.226750000000000000e+03 4.583676410045285921e-01
6.254000000000000000e+03 5.782000000000000000e+03 5.062000000000000000e+03 4.778000000000000000e+03 3.810000000000000000e+03 2.872000000000000000e+03 2.239000000000000000e+03 2.052000000000000000e+03 5.469000000000000000e+03 2.743250000000000000e+03 5.015999268604863781e-01
6.890000000000000000e+03 6.254000000000000000e+03 5.782000000000000000e+03 5.062000000000000000e+03 4.778000000000000000e+03 3.810000000000000000e+03 2.872000000000000000e+03 2.239000000000000000e+03 5.997000000000000000e+03 3.424750000000000000e+03 5.710772052693012801e-01
6.915000000000000000e+03 6.890000000000000000e+03 6.254000000000000000e+03 5.782000000000000000e+03 5.062000000000000000e+03 4.778000000000000000e+03 3.810000000000000000e+03 2.872000000000000000e+03 6.460250000000000000e+03 4.130500000000000000e+03 6.393715413490189681e-01
7.188000000000000000e+03 6.915000000000000000e+03 6.890000000000000000e+03 6.254000000000000000e+03 5.782000000000000000e+03 5.062000000000000000e+03 4.778000000000000000e+03 3.810000000000000000e+03 6.811750000000000000e+03 4.858000000000000000e+03 7.131794325980841398e-01
7.158000000000000000e+03 7.188000000000000000e+03 6.915000000000000000e+03 6.890000000000000000e+03 6.254000000000000000e+03 5.782000000000000000e+03 5.062000000000000000e+03 4.778000000000000000e+03 7.037750000000000000e+03 5.469000000000000000e+03 7.770949522219459116e-01
7.157000000000000000e+03 7.158000000000000000e+03 7.188000000000000000e+03 6.915000000000000000e+03 6.890000000000000000e+03 6.254000000000000000e+03 5.782000000000000000e+03 5.062000000000000000e+03 7.104500000000000000e+03 5.997000000000000000e+03 8.441128861988880239e-01
8.004000000000000000e+03 7.157000000000000000e+03 7.158000000000000000e+03 7.188000000000000000e+03 6.915000000000000000e+03 6.890000000000000000e+03 6.254000000000000000e+03 5.782000000000000000e+03 7.376750000000000000e+03 6.460250000000000000e+03 8.757582946419493197e-01
8.730000000000000000e+03 8.004000000000000000e+03 7.157000000000000000e+03 7.158000000000000000e+03 7.188000000000000000e+03 6.915000000000000000e+03 6.890000000000000000e+03 6.254000000000000000e+03 7.762250000000000000e+03 6.811750000000000000e+03 8.775483912525363639e-01
1.022600000000000000e+04 8.730000000000000000e+03 8.004000000000000000e+03 7.157000000000000000e+03 7.158000000000000000e+03 7.188000000000000000e+03 6.915000000000000000e+03 6.890000000000000000e+03 8.529250000000000000e+03 7.037750000000000000e+03 8.251311662807397918e-01
1.134100000000000000e+04 1.022600000000000000e+04 8.730000000000000000e+03 8.004000000000000000e+03 7.157000000000000000e+03 7.158000000000000000e+03 7.188000000000000000e+03 6.915000000000000000e+03 9.575250000000000000e+03 7.104500000000000000e+03 7.419649617503459860e-01
1.397000000000000000e+04 1.134100000000000000e+04 1.022600000000000000e+04 8.730000000000000000e+03 8.004000000000000000e+03 7.157000000000000000e+03 7.158000000000000000e+03 7.188000000000000000e+03 1.106675000000000000e+04 7.376750000000000000e+03 6.665687758375313798e-01
1.560400000000000000e+04 1.397000000000000000e+04 1.134100000000000000e+04 1.022600000000000000e+04 8.730000000000000000e+03 8.004000000000000000e+03 7.157000000000000000e+03 7.158000000000000000e+03 1.278525000000000000e+04 7.762250000000000000e+03 6.071253984083221367e-01
1.828000000000000000e+04 1.560400000000000000e+04 1.397000000000000000e+04 1.134100000000000000e+04 1.022600000000000000e+04 8.730000000000000000e+03 8.004000000000000000e+03 7.157000000000000000e+03 1.479875000000000000e+04 8.529250000000000000e+03 5.763493538305599628e-01
1.800200000000000000e+04 1.828000000000000000e+04 1.560400000000000000e+04 1.397000000000000000e+04 1.134100000000000000e+04 1.022600000000000000e+04 8.730000000000000000e+03 8.004000000000000000e+03 1.646400000000000000e+04 9.575250000000000000e+03 5.815870991253644373e-01
1.477000000000000000e+04 1.800200000000000000e+04 1.828000000000000000e+04 1.560400000000000000e+04 1.397000000000000000e+04 1.134100000000000000e+04 1.022600000000000000e+04 8.730000000000000000e+03 1.666400000000000000e+04 1.106675000000000000e+04 6.641112578012482448e-01
1.330200000000000000e+04 1.477000000000000000e+04 1.800200000000000000e+04 1.828000000000000000e+04 1.560400000000000000e+04 1.397000000000000000e+04 1.134100000000000000e+04 1.022600000000000000e+04 1.608850000000000000e+04 1.278525000000000000e+04 7.946825372160238876e-01
1.298700000000000000e+04 1.330200000000000000e+04 1.477000000000000000e+04 1.800200000000000000e+04 1.828000000000000000e+04 1.560400000000000000e+04 1.397000000000000000e+04 1.134100000000000000e+04 1.476525000000000000e+04 1.479875000000000000e+04 1.002268840690133889e+00
1.310500000000000000e+04 1.298700000000000000e+04 1.330200000000000000e+04 1.477000000000000000e+04 1.800200000000000000e+04 1.828000000000000000e+04 1.560400000000000000e+04 1.397000000000000000e+04 1.354100000000000000e+04 1.646400000000000000e+04 1.215862934790635785e+00
1.126100000000000000e+04 1.310500000000000000e+04 1.298700000000000000e+04 1.330200000000000000e+04 1.477000000000000000e+04 1.800200000000000000e+04 1.828000000000000000e+04 1.560400000000000000e+04 1.266375000000000000e+04 1.666400000000000000e+04 1.315881946500839117e+00
7.833000000000000000e+03 1.126100000000000000e+04 1.310500000000000000e+04 1.298700000000000000e+04 1.330200000000000000e+04 1.477000000000000000e+04 1.800200000000000000e+04 1.828000000000000000e+04 1.129650000000000000e+04 1.608850000000000000e+04 1.424202186517947943e+00
7.457000000000000000e+03 7.833000000000000000e+03 1.126100000000000000e+04 1.310500000000000000e+04 1.298700000000000000e+04 1.330200000000000000e+04 1.477000000000000000e+04 1.800200000000000000e+04 9.914000000000000000e+03 1.476525000000000000e+04 1.489333266088359808e+00
7.275000000000000000e+03 7.457000000000000000e+03 7.833000000000000000e+03 1.126100000000000000e+04 1.310500000000000000e+04 1.298700000000000000e+04 1.330200000000000000e+04 1.477000000000000000e+04 8.456500000000000000e+03 1.354100000000000000e+04 1.601253473659315363e+00
7.801000000000000000e+03 7.275000000000000000e+03 7.457000000000000000e+03 7.833000000000000000e+03 1.126100000000000000e+04 1.310500000000000000e+04 1.298700000000000000e+04 1.330200000000000000e+04 7.591500000000000000e+03 1.266375000000000000e+04 1.668148587235724234e+00
8.038000000000000000e+03 7.801000000000000000e+03 7.275000000000000000e+03 7.457000000000000000e+03 7.833000000000000000e+03 1.126100000000000000e+04 1.310500000000000000e+04 1.298700000000000000e+04 7.642750000000000000e+03 1.129650000000000000e+04 1.478067449543685186e+00
7.768000000000000000e+03 8.038000000000000000e+03 7.801000000000000000e+03 7.275000000000000000e+03 7.457000000000000000e+03 7.833000000000000000e+03 1.126100000000000000e+04 1.310500000000000000e+04 7.720500000000000000e+03 9.914000000000000000e+03 1.284113723204455715e+00
8.428000000000000000e+03 7.768000000000000000e+03 8.038000000000000000e+03 7.801000000000000000e+03 7.275000000000000000e+03 7.457000000000000000e+03 7.833000000000000000e+03 1.126100000000000000e+04 8.008750000000000000e+03 8.456500000000000000e+03 1.055907601061339074e+00
8.587000000000000000e+03 8.428000000000000000e+03 7.768000000000000000e+03 8.038000000000000000e+03 7.801000000000000000e+03 7.275000000000000000e+03 7.457000000000000000e+03 7.833000000000000000e+03 8.205250000000000000e+03 7.591500000000000000e+03 9.252003290576155115e-01
8.910000000000000000e+03 8.587000000000000000e+03 8.428000000000000000e+03 7.768000000000000000e+03 8.038000000000000000e+03 7.801000000000000000e+03 7.275000000000000000e+03 7.457000000000000000e+03 8.423250000000000000e+03 7.642750000000000000e+03 9.073398035200189726e-01
1.087400000000000000e+04 8.910000000000000000e+03 8.587000000000000000e+03 8.428000000000000000e+03 7.768000000000000000e+03 8.038000000000000000e+03 7.801000000000000000e+03 7.275000000000000000e+03 9.199750000000000000e+03 7.720500000000000000e+03 8.392075871626946126e-01
1.417200000000000000e+04 1.087400000000000000e+04 8.910000000000000000e+03 8.587000000000000000e+03 8.428000000000000000e+03 7.768000000000000000e+03 8.038000000000000000e+03 7.801000000000000000e+03 1.063575000000000000e+04 8.008750000000000000e+03 7.530028441811813522e-01
1.871600000000000000e+04 1.417200000000000000e+04 1.087400000000000000e+04 8.910000000000000000e+03 8.587000000000000000e+03 8.428000000000000000e+03 7.768000000000000000e+03 8.038000000000000000e+03 1.316800000000000000e+04 8.205250000000000000e+03 6.231204434993924401e-01
1.727500000000000000e+04 1.871600000000000000e+04 1.417200000000000000e+04 1.087400000000000000e+04 8.910000000000000000e+03 8.587000000000000000e+03 8.428000000000000000e+03 7.768000000000000000e+03 1.525925000000000000e+04 8.423250000000000000e+03 5.520094368989301170e-01
2.403600000000000000e+04 1.727500000000000000e+04 1.871600000000000000e+04 1.417200000000000000e+04 1.087400000000000000e+04 8.910000000000000000e+03 8.587000000000000000e+03 8.428000000000000000e+03 1.854975000000000000e+04 9.199750000000000000e+03 4.959500801897599453e-01
3.032400000000000000e+04 2.403600000000000000e+04 1.727500000000000000e+04 1.871600000000000000e+04 1.417200000000000000e+04 1.087400000000000000e+04 8.910000000000000000e+03 8.587000000000000000e+03 2.258775000000000000e+04 1.063575000000000000e+04 4.708636318358402351e-01
3.718500000000000000e+04 3.032400000000000000e+04 2.403600000000000000e+04 1.727500000000000000e+04 1.871600000000000000e+04 1.417200000000000000e+04 1.087400000000000000e+04 8.910000000000000000e+03 2.720500000000000000e+04 1.316800000000000000e+04 4.840286712001470315e-01
4.250900000000000000e+04 3.718500000000000000e+04 3.032400000000000000e+04 2.403600000000000000e+04 1.727500000000000000e+04 1.871600000000000000e+04 1.417200000000000000e+04 1.087400000000000000e+04 3.351350000000000000e+04 1.525925000000000000e+04 4.553165142405299348e-01
5.254800000000000000e+04 4.250900000000000000e+04 3.718500000000000000e+04 3.032400000000000000e+04 2.403600000000000000e+04 1.727500000000000000e+04 1.871600000000000000e+04 1.417200000000000000e+04 4.064150000000000000e+04 1.854975000000000000e+04 4.564238524660753082e-01
6.620800000000000000e+04 5.254800000000000000e+04 4.250900000000000000e+04 3.718500000000000000e+04 3.032400000000000000e+04 2.403600000000000000e+04 1.727500000000000000e+04 1.871600000000000000e+04 4.961250000000000000e+04 2.258775000000000000e+04 4.552834467120181472e-01
1.031440000000000000e+05 6.620800000000000000e+04 5.254800000000000000e+04 4.250900000000000000e+04 3.718500000000000000e+04 3.032400000000000000e+04 2.403600000000000000e+04 1.727500000000000000e+04 6.610225000000000000e+04 2.720500000000000000e+04 4.115593644694394149e-01
1.101510000000000000e+05 1.031440000000000000e+05 6.620800000000000000e+04 5.254800000000000000e+04 4.250900000000000000e+04 3.718500000000000000e+04 3.032400000000000000e+04 2.403600000000000000e+04 8.301275000000000000e+04 3.351350000000000000e+04 4.037150919587653708e-01
1.210440000000000000e+05 1.101510000000000000e+05 1.031440000000000000e+05 6.620800000000000000e+04 5.254800000000000000e+04 4.250900000000000000e+04 3.718500000000000000e+04 3.032400000000000000e+04 1.001367500000000000e+05 4.064150000000000000e+04 4.058599864685042968e-01
1.305680000000000000e+05 1.210440000000000000e+05 1.101510000000000000e+05 1.031440000000000000e+05 6.620800000000000000e+04 5.254800000000000000e+04 4.250900000000000000e+04 3.718500000000000000e+04 1.162267500000000000e+05 4.961250000000000000e+04 4.268595654614794066e-01
1.279420000000000000e+05 1.305680000000000000e+05 1.210440000000000000e+05 1.101510000000000000e+05 1.031440000000000000e+05 6.620800000000000000e+04 5.254800000000000000e+04 4.250900000000000000e+04 1.224262500000000000e+05 6.610225000000000000e+04 5.399352671506314483e-01
1.355890000000000000e+05 1.279420000000000000e+05 1.305680000000000000e+05 1.210440000000000000e+05 1.101510000000000000e+05 1.031440000000000000e+05 6.620800000000000000e+04 5.254800000000000000e+04 1.287857500000000000e+05 8.301275000000000000e+04 6.445802427675422219e-01
1.376830000000000000e+05 1.355890000000000000e+05 1.279420000000000000e+05 1.305680000000000000e+05 1.210440000000000000e+05 1.101510000000000000e+05 1.031440000000000000e+05 6.620800000000000000e+04 1.329455000000000000e+05 1.001367500000000000e+05 7.532165436212583387e-01
1.341630000000000000e+05 1.376830000000000000e+05 1.355890000000000000e+05 1.279420000000000000e+05 1.305680000000000000e+05 1.210440000000000000e+05 1.101510000000000000e+05 1.031440000000000000e+05 1.338442500000000000e+05 1.162267500000000000e+05 8.683731277212132227e-01
1.041650000000000000e+05 1.341630000000000000e+05 1.376830000000000000e+05 1.355890000000000000e+05 1.279420000000000000e+05 1.305680000000000000e+05 1.210440000000000000e+05 1.101510000000000000e+05 1.279000000000000000e+05 1.224262500000000000e+05 9.572028928850664364e-01
1.105020000000000000e+05 1.041650000000000000e+05 1.341630000000000000e+05 1.376830000000000000e+05 1.355890000000000000e+05 1.279420000000000000e+05 1.305680000000000000e+05 1.210440000000000000e+05 1.216282500000000000e+05 1.287857500000000000e+05 1.058847348375069108e+00
9.956100000000000000e+04 1.105020000000000000e+05 1.041650000000000000e+05 1.341630000000000000e+05 1.376830000000000000e+05 1.355890000000000000e+05 1.279420000000000000e+05 1.305680000000000000e+05 1.120977500000000000e+05 1.329455000000000000e+05 1.185978309109683382e+00
9.040300000000000000e+04 9.956100000000000000e+04 1.105020000000000000e+05 1.041650000000000000e+05 1.341630000000000000e+05 1.376830000000000000e+05 1.355890000000000000e+05 1.279420000000000000e+05 1.011577500000000000e+05 1.338442500000000000e+05 1.323124031525019006e+00
8.066800000000000000e+04 9.040300000000000000e+04 9.956100000000000000e+04 1.105020000000000000e+05 1.041650000000000000e+05 1.341630000000000000e+05 1.376830000000000000e+05 1.355890000000000000e+05 9.528350000000000000e+04 1.279000000000000000e+05 1.342310053681907256e+00
6.616300000000000000e+04 8.066800000000000000e+04 9.040300000000000000e+04 9.956100000000000000e+04 1.105020000000000000e+05 1.041650000000000000e+05 1.341630000000000000e+05 1.376830000000000000e+05 8.419875000000000000e+04 1.216282500000000000e+05 1.444537478287979404e+00
6.057600000000000000e+04 6.616300000000000000e+04 8.066800000000000000e+04 9.040300000000000000e+04 9.956100000000000000e+04 1.105020000000000000e+05 1.041650000000000000e+05 1.341630000000000000e+05 7.445250000000000000e+04 1.120977500000000000e+05 1.505627749236090107e+00
5.544600000000000000e+04 6.057600000000000000e+04 6.616300000000000000e+04 8.066800000000000000e+04 9.040300000000000000e+04 9.956100000000000000e+04 1.105020000000000000e+05 1.041650000000000000e+05 6.571325000000000000e+04 1.011577500000000000e+05 1.539381327205700423e+00
3.426900000000000000e+04 5.544600000000000000e+04 6.057600000000000000e+04 6.616300000000000000e+04 8.066800000000000000e+04 9.040300000000000000e+04 9.956100000000000000e+04 1.105020000000000000e+05 5.411350000000000000e+04 9.528350000000000000e+04 1.760808301070897253e+00
8.473000000000000000e+03 3.426900000000000000e+04 5.544600000000000000e+04 6.057600000000000000e+04 6.616300000000000000e+04 8.066800000000000000e+04 9.040300000000000000e+04 9.956100000000000000e+04 3.969100000000000000e+04 8.419875000000000000e+04 2.121356226852435078e+00
9.407000000000000000e+03 8.473000000000000000e+03 3.426900000000000000e+04 5.544600000000000000e+04 6.057600000000000000e+04 6.616300000000000000e+04 8.066800000000000000e+04 9.040300000000000000e+04 2.689875000000000000e+04 7.445250000000000000e+04 2.767879548306148241e+00
9.120000000000000000e+03 9.407000000000000000e+03 8.473000000000000000e+03 3.426900000000000000e+04 5.544600000000000000e+04 6.057600000000000000e+04 6.616300000000000000e+04 8.066800000000000000e+04 1.531725000000000000e+04 6.571325000000000000e+04 4.290146729993961294e+00
8.909000000000000000e+03 9.120000000000000000e+03 9.407000000000000000e+03 8.473000000000000000e+03 3.426900000000000000e+04 5.544600000000000000e+04 6.057600000000000000e+04 6.616300000000000000e+04 8.977250000000000000e+03 5.411350000000000000e+04 6.027848171767523411e+00
1.104800000000000000e+04 8.909000000000000000e+03 9.120000000000000000e+03 9.407000000000000000e+03 8.473000000000000000e+03 3.426900000000000000e+04 5.544600000000000000e+04 6.057600000000000000e+04 9.621000000000000000e+03 3.969100000000000000e+04 4.125454734435090032e+00
8.942000000000000000e+03 1.104800000000000000e+04 8.909000000000000000e+03 9.120000000000000000e+03 9.407000000000000000e+03 8.473000000000000000e+03 3.426900000000000000e+04 5.544600000000000000e+04 9.504750000000000000e+03 2.689875000000000000e+04 2.830032352244930216e+00
8.807000000000000000e+03 8.942000000000000000e+03 1.104800000000000000e+04 8.909000000000000000e+03 9.120000000000000000e+03 9.407000000000000000e+03 8.473000000000000000e+03 3.426900000000000000e+04 9.426500000000000000e+03 1.531725000000000000e+04 1.624913806821195461e+00
8.957000000000000000e+03 8.807000000000000000e+03 8.942000000000000000e+03 1.104800000000000000e+04 8.909000000000000000e+03 9.120000000000000000e+03 9.407000000000000000e+03 8.473000000000000000e+03 9.438500000000000000e+03 8.977250000000000000e+03 9.511310059861206589e-01
2.035700000000000000e+04 8.957000000000000000e+03 8.807000000000000000e+03 8.942000000000000000e+03 1.104800000000000000e+04 8.909000000000000000e+03 9.120000000000000000e+03 9.407000000000000000e+03 1.176575000000000000e+04 9.621000000000000000e+03 8.177124280220130492e-01
1.967500000000000000e+04 2.035700000000000000e+04 8.957000000000000000e+03 8.807000000000000000e+03 8.942000000000000000e+03 1.104800000000000000e+04 8.909000000000000000e+03 9.120000000000000000e+03 1.444900000000000000e+04 9.504750000000000000e+03 6.578136895286871288e-01
1.973100000000000000e+04 1.967500000000000000e+04 2.035700000000000000e+04 8.957000000000000000e+03 8.807000000000000000e+03 8.942000000000000000e+03 1.104800000000000000e+04 8.909000000000000000e+03 1.718000000000000000e+04 9.426500000000000000e+03 5.486903376018625877e-01
1.975600000000000000e+04 1.973100000000000000e+04 1.967500000000000000e+04 2.035700000000000000e+04 8.957000000000000000e+03 8.807000000000000000e+03 8.942000000000000000e+03 1.104800000000000000e+04 1.987975000000000000e+04 9.438500000000000000e+03 4.747796124196732581e-01
2.125800000000000000e+04 1.975600000000000000e+04 1.973100000000000000e+04 1.967500000000000000e+04 2.035700000000000000e+04 8.957000000000000000e+03 8.807000000000000000e+03 8.942000000000000000e+03 2.010500000000000000e+04 1.176575000000000000e+04 5.852151206167619524e-01
2.428400000000000000e+04 2.125800000000000000e+04 1.975600000000000000e+04 1.973100000000000000e+04 1.967500000000000000e+04 2.035700000000000000e+04 8.957000000000000000e+03 8.807000000000000000e+03 2.125725000000000000e+04 1.444900000000000000e+04 6.797210363523032983e-01
2.439900000000000000e+04 2.428400000000000000e+04 2.125800000000000000e+04 1.975600000000000000e+04 1.973100000000000000e+04 1.967500000000000000e+04 2.035700000000000000e+04 8.957000000000000000e+03 2.242425000000000000e+04 1.718000000000000000e+04 7.661348763057850286e-01
2.645300000000000000e+04 2.439900000000000000e+04 2.428400000000000000e+04 2.125800000000000000e+04 1.975600000000000000e+04 1.973100000000000000e+04 1.967500000000000000e+04 2.035700000000000000e+04 2.409850000000000000e+04 1.987975000000000000e+04 8.249372367574745457e-01
2.661700000000000000e+04 2.645300000000000000e+04 2.439900000000000000e+04 2.428400000000000000e+04 2.125800000000000000e+04 1.975600000000000000e+04 1.973100000000000000e+04 1.967500000000000000e+04 2.543825000000000000e+04 2.010500000000000000e+04 7.903452478059614927e-01
2.921300000000000000e+04 2.661700000000000000e+04 2.645300000000000000e+04 2.439900000000000000e+04 2.428400000000000000e+04 2.125800000000000000e+04 1.975600000000000000e+04 1.973100000000000000e+04 2.667050000000000000e+04 2.125725000000000000e+04 7.970323016066440669e-01
2.946800000000000000e+04 2.921300000000000000e+04 2.661700000000000000e+04 2.645300000000000000e+04 2.439900000000000000e+04 2.428400000000000000e+04 2.125800000000000000e+04 1.975600000000000000e+04 2.793775000000000000e+04 2.242425000000000000e+04 8.026505355656772256e-01
3.130300000000000000e+04 2.946800000000000000e+04 2.921300000000000000e+04 2.661700000000000000e+04 2.645300000000000000e+04 2.439900000000000000e+04 2.428400000000000000e+04 2.125800000000000000e+04 2.915025000000000000e+04 2.409850000000000000e+04 8.266995994888551857e-01
3.286500000000000000e+04 3.130300000000000000e+04 2.946800000000000000e+04 2.921300000000000000e+04 2.661700000000000000e+04 2.645300000000000000e+04 2.439900000000000000e+04 2.428400000000000000e+04 3.071225000000000000e+04 2.543825000000000000e+04 8.282769904516926740e-01
3.516200000000000000e+04 3.286500000000000000e+04 3.130300000000000000e+04 2.946800000000000000e+04 2.921300000000000000e+04 2.661700000000000000e+04 2.645300000000000000e+04 2.439900000000000000e+04 3.219950000000000000e+04 2.667050000000000000e+04 8.282892591499868562e-01
4.143000000000000000e+04 3.516200000000000000e+04 3.286500000000000000e+04 3.130300000000000000e+04 2.946800000000000000e+04 2.921300000000000000e+04 2.661700000000000000e+04 2.645300000000000000e+04 3.519000000000000000e+04 2.793775000000000000e+04 7.939116226200625404e-01
4.398000000000000000e+04 4.143000000000000000e+04 3.516200000000000000e+04 3.286500000000000000e+04 3.130300000000000000e+04 2.946800000000000000e+04 2.921300000000000000e+04 2.661700000000000000e+04 3.835925000000000000e+04 2.915025000000000000e+04 7.599275272587446839e-01
4.298100000000000000e+04 4.398000000000000000e+04 4.143000000000000000e+04 3.516200000000000000e+04 3.286500000000000000e+04 3.130300000000000000e+04 2.946800000000000000e+04 2.921300000000000000e+04 4.088825000000000000e+04 3.071225000000000000e+04 7.511265461348920480e-01
4.924900000000000000e+04 4.298100000000000000e+04 4.398000000000000000e+04 4.143000000000000000e+04 3.516200000000000000e+04 3.286500000000000000e+04 3.130300000000000000e+04 2.946800000000000000e+04 4.441000000000000000e+04 3.219950000000000000e+04 7.250506642648052447e-01
4.805800000000000000e+04 4.924900000000000000e+04 4.298100000000000000e+04 4.398000000000000000e+04 4.143000000000000000e+04 3.516200000000000000e+04 3.286500000000000000e+04 3.130300000000000000e+04 4.606700000000000000e+04 3.519000000000000000e+04 7.638873814227103987e-01
4.610600000000000000e+04 4.805800000000000000e+04 4.924900000000000000e+04 4.298100000000000000e+04 4.398000000000000000e+04 4.143000000000000000e+04 3.516200000000000000e+04 3.286500000000000000e+04 4.659850000000000000e+04 3.835925000000000000e+04 8.231863686599354413e-01
4.903400000000000000e+04 4.610600000000000000e+04 4.805800000000000000e+04 4.924900000000000000e+04 4.298100000000000000e+04 4.398000000000000000e+04 4.143000000000000000e+04 3.516200000000000000e+04 4.811175000000000000e+04 4.088825000000000000e+04 8.498599614439300565e-01
5.116700000000000000e+04 4.903400000000000000e+04 4.610600000000000000e+04 4.805800000000000000e+04 4.924900000000000000e+04 4.298100000000000000e+04 4.398000000000000000e+04 4.143000000000000000e+04 4.859125000000000000e+04 4.441000000000000000e+04 9.139505569418362452e-01
6.187100000000000000e+04 5.116700000000000000e+04 4.903400000000000000e+04 4.610600000000000000e+04 4.805800000000000000e+04 4.924900000000000000e+04 4.298100000000000000e+04 4.398000000000000000e+04 5.204450000000000000e+04 4.606700000000000000e+04 8.851463651298407953e-01
5.838900000000000000e+04 6.187100000000000000e+04 5.116700000000000000e+04 4.903400000000000000e+04 4.610600000000000000e+04 4.805800000000000000e+04 4.924900000000000000e+04 4.298100000000000000e+04 5.511525000000000000e+04 4.659850000000000000e+04 8.454738026226861214e-01
6.003300000000000000e+04 5.838900000000000000e+04 6.187100000000000000e+04 5.116700000000000000e+04 4.903400000000000000e+04 4.610600000000000000e+04 4.805800000000000000e+04 4.924900000000000000e+04 5.786500000000000000e+04 4.811175000000000000e+04 8.314481983928108111e-01
6.319700000000000000e+04 6.003300000000000000e+04 5.838900000000000000e+04 6.187100000000000000e+04 5.116700000000000000e+04 4.903400000000000000e+04 4.610600000000000000e+04 4.805800000000000000e+04 6.087250000000000000e+04 4.859125000000000000e+04 7.982463345517269993e-01
3.283211650485436985e+04 6.319700000000000000e+04 6.003300000000000000e+04 5.838900000000000000e+04 6.187100000000000000e+04 5.116700000000000000e+04 4.903400000000000000e+04 4.610600000000000000e+04 6.053966666666666424e+04 5.204450000000000000e+04 8.596760250854811325e-01
