2.172282999999999902e+02 2.341819000000000131e+02 2.337886000000000024e+02 2.140021000000000129e+02 2.364014999999999986e+02 2.530454000000000008e+02 2.476419999999999959e+02 2.475597999999999956e+02 2.248002250000000117e+02 2.418897849999999892e+02 1.076021098288491462e+00
2.303520000000000039e+02 2.172282999999999902e+02 2.341819000000000131e+02 2.337886000000000024e+02 2.140021000000000129e+02 2.364014999999999986e+02 2.530454000000000008e+02 2.476419999999999959e+02 2.288876999999999953e+02 2.359957399999999836e+02 1.031054704992885096e+00
2.372461999999999875e+02 2.303520000000000039e+02 2.172282999999999902e+02 2.341819000000000131e+02 2.337886000000000024e+02 2.140021000000000129e+02 2.364014999999999986e+02 2.530454000000000008e+02 2.297521000000000129e+02 2.333979399999999771e+02 1.015868581832331197e+00
2.601591999999999985e+02 2.372461999999999875e+02 2.303520000000000039e+02 2.172282999999999902e+02 2.341819000000000131e+02 2.337886000000000024e+02 2.140021000000000129e+02 2.364014999999999986e+02 2.362464249999999879e+02 2.309241049999999973e+02 9.774713204654843501e-01
2.901770999999999958e+02 2.601591999999999985e+02 2.372461999999999875e+02 2.303520000000000039e+02 2.172282999999999902e+02 2.341819000000000131e+02 2.337886000000000024e+02 2.140021000000000129e+02 2.544836249999999893e+02 2.307369050000000357e+02 9.066866483059570214e-01
3.023405000000000200e+02 2.901770999999999958e+02 2.601591999999999985e+02 2.372461999999999875e+02 2.303520000000000039e+02 2.172282999999999902e+02 2.341819000000000131e+02 2.337886000000000024e+02 2.724807500000000005e+02 2.376063099999999793e+02 8.720113622705456535e-01
3.017728000000000179e+02 3.023405000000000200e+02 2.901770999999999958e+02 2.601591999999999985e+02 2.372461999999999875e+02 2.303520000000000039e+02 2.172282999999999902e+02 2.341819000000000131e+02 2.886123999999999796e+02 2.415241600000000233e+02 8.368460953167641270e-01
3.195167000000000144e+02 3.017728000000000179e+02 3.023405000000000200e+02 2.901770999999999958e+02 2.601591999999999985e+02 2.372461999999999875e+02 2.303520000000000039e+02 2.172282999999999902e+02 3.034517749999999978e+02 2.496874949999999842e+02 8.228243021481749242e-01
3.331198999999999728e+02 3.195167000000000144e+02 3.017728000000000179e+02 3.023405000000000200e+02 2.901770999999999958e+02 2.601591999999999985e+02 2.372461999999999875e+02 2.303520000000000039e+02 3.141874750000000063e+02 2.664243950000000041e+02 8.479790449953487075e-01
3.488188999999999851e+02 3.331198999999999728e+02 3.195167000000000144e+02 3.017728000000000179e+02 3.023405000000000200e+02 2.901770999999999958e+02 2.601591999999999985e+02 2.372461999999999875e+02 3.258070749999999975e+02 2.831460149999999771e+02 8.690603634067798344e-01
3.414024000000000001e+02 3.488188999999999851e+02 3.331198999999999728e+02 3.195167000000000144e+02 3.017728000000000179e+02 3.023405000000000200e+02 2.901770999999999958e+02 2.601591999999999985e+02 3.357144749999999931e+02 2.980328149999999710e+02 8.877568207328563332e-01
3.412669000000000210e+02 3.414024000000000001e+02 3.488188999999999851e+02 3.331198999999999728e+02 3.195167000000000144e+02 3.017728000000000179e+02 3.023405000000000200e+02 2.901770999999999958e+02 3.411520249999999805e+02 3.109918249999999489e+02 9.115930793610267369e-01
3.633532000000000153e+02 3.412669000000000210e+02 3.414024000000000001e+02 3.488188999999999851e+02 3.331198999999999728e+02 3.195167000000000144e+02 3.017728000000000179e+02 3.023405000000000200e+02 3.487103500000000054e+02 3.210920500000000288e+02 9.207987374048405282e-01
3.765346000000000117e+02 3.633532000000000153e+02 3.412669000000000210e+02 3.414024000000000001e+02 3.488188999999999851e+02 3.331198999999999728e+02 3.195167000000000144e+02 3.017728000000000179e+02 3.556392749999999978e+02 3.317735149999999749e+02 9.328933509944872249e-01
3.730185000000000173e+02 3.765346000000000117e+02 3.633532000000000153e+02 3.412669000000000210e+02 3.414024000000000001e+02 3.488188999999999851e+02 3.331198999999999728e+02 3.195167000000000144e+02 3.635433000000000447e+02 3.412802399999999921e+02 9.387609123865023886e-01
3.873668999999999869e+02 3.730185000000000173e+02 3.765346000000000117e+02 3.633532000000000153e+02 3.412669000000000210e+02 3.414024000000000001e+02 3.488188999999999851e+02 3.331198999999999728e+02 3.750683000000000220e+02 3.479352799999999775e+02 9.276584558065823494e-01
4.047035999999999945e+02 3.873668999999999869e+02 3.730185000000000173e+02 3.765346000000000117e+02 3.633532000000000153e+02 3.412669000000000210e+02 3.414024000000000001e+02 3.488188999999999851e+02 3.854058999999999742e+02 3.560494600000000105e+02 9.238298116349542566e-01
3.994943000000000097e+02 4.047035999999999945e+02 3.873668999999999869e+02 3.730185000000000173e+02 3.765346000000000117e+02 3.633532000000000153e+02 3.412669000000000210e+02 3.414024000000000001e+02 3.911458250000000589e+02 3.627405850000000100e+02 9.273794115020912443e-01
4.146899999999999977e+02 3.994943000000000097e+02 4.047035999999999945e+02 3.873668999999999869e+02 3.730185000000000173e+02 3.765346000000000117e+02 3.633532000000000153e+02 3.412669000000000210e+02 4.015636999999999830e+02 3.711473799999999983e+02 9.242553049491276651e-01
4.226014000000000124e+02 4.146899999999999977e+02 3.994943000000000097e+02 4.047035999999999945e+02 3.873668999999999869e+02 3.730185000000000173e+02 3.765346000000000117e+02 3.633532000000000153e+02 4.103723250000000462e+02 3.821291050000000382e+02 9.311765967649012765e-01
4.225393000000000256e+02 4.226014000000000124e+02 4.146899999999999977e+02 3.994943000000000097e+02 4.047035999999999945e+02 3.873668999999999869e+02 3.730185000000000173e+02 3.765346000000000117e+02 4.148312500000000114e+02 3.912909699999999589e+02 9.432533590466001261e-01
4.361686000000000263e+02 4.225393000000000256e+02 4.226014000000000124e+02 4.146899999999999977e+02 3.994943000000000097e+02 4.047035999999999945e+02 3.873668999999999869e+02 3.730185000000000173e+02 4.239998250000000439e+02 3.977166250000000787e+02 9.380112951697563428e-01
4.559902000000000157e+02 4.361686000000000263e+02 4.225393000000000256e+02 4.226014000000000124e+02 4.146899999999999977e+02 3.994943000000000097e+02 4.047035999999999945e+02 3.873668999999999869e+02 4.343248750000000200e+02 4.081159349999999790e+02 9.396559084947643248e-01
4.672126000000000090e+02 4.559902000000000157e+02 4.361686000000000263e+02 4.225393000000000256e+02 4.226014000000000124e+02 4.146899999999999977e+02 3.994943000000000097e+02 4.047035999999999945e+02 4.454776749999999765e+02 4.173933950000000550e+02 9.369569305577436502e-01
4.689802000000000248e+02 4.672126000000000090e+02 4.559902000000000157e+02 4.361686000000000263e+02 4.225393000000000256e+02 4.226014000000000124e+02 4.146899999999999977e+02 3.994943000000000097e+02 4.570878999999999905e+02 4.232825800000000527e+02 9.260419713582443979e-01
4.868208000000000197e+02 4.689802000000000248e+02 4.672126000000000090e+02 4.559902000000000157e+02 4.361686000000000263e+02 4.225393000000000256e+02 4.226014000000000124e+02 4.146899999999999977e+02 4.697509499999999889e+02 4.331500500000000216e+02 9.220844577323367153e-01
4.856111000000000217e+02 4.868208000000000197e+02 4.689802000000000248e+02 4.672126000000000090e+02 4.559902000000000157e+02 4.361686000000000263e+02 4.225393000000000256e+02 4.226014000000000124e+02 4.771561750000000188e+02 4.428911350000000198e+02 9.281890462802875330e-01
4.939309999999999832e+02 4.856111000000000217e+02 4.868208000000000197e+02 4.689802000000000248e+02 4.672126000000000090e+02 4.559902000000000157e+02 4.361686000000000263e+02 4.225393000000000256e+02 4.838357750000000124e+02 4.531492949999999951e+02 9.365766617815723949e-01
5.135223999999999478e+02 4.939309999999999832e+02 4.856111000000000217e+02 4.868208000000000197e+02 4.689802000000000248e+02 4.672126000000000090e+02 4.559902000000000157e+02 4.361686000000000263e+02 4.949713249999999789e+02 4.646645849999999882e+02 9.387707156571141187e-01
5.176099000000000387e+02 5.135223999999999478e+02 4.939309999999999832e+02 4.856111000000000217e+02 4.868208000000000197e+02 4.689802000000000248e+02 4.672126000000000090e+02 4.559902000000000157e+02 5.026686000000000263e+02 4.763344799999999850e+02 9.476113686034893790e-01
4.909026000000000067e+02 5.176099000000000387e+02 5.135223999999999478e+02 4.939309999999999832e+02 4.856111000000000217e+02 4.868208000000000197e+02 4.689802000000000248e+02 4.672126000000000090e+02 5.039914750000000367e+02 4.825232349999999997e+02 9.574035652091138493e-01
4.531902000000000044e+02 4.909026000000000067e+02 5.176099000000000387e+02 5.135223999999999478e+02 4.939309999999999832e+02 4.856111000000000217e+02 4.868208000000000197e+02 4.689802000000000248e+02 4.938062750000000278e+02 4.858298750000000155e+02 9.838471068436706046e-01
4.378213000000000079e+02 4.531902000000000044e+02 4.909026000000000067e+02 5.176099000000000387e+02 5.135223999999999478e+02 4.939309999999999832e+02 4.856111000000000217e+02 4.868208000000000197e+02 4.748809999999999718e+02 4.909532599999999434e+02 1.033844815859130906e+00
4.213580000000000041e+02 4.378213000000000079e+02 4.531902000000000044e+02 4.909026000000000067e+02 5.176099000000000387e+02 5.135223999999999478e+02 4.939309999999999832e+02 4.856111000000000217e+02 4.508180250000000342e+02 4.922984850000000847e+02 1.092011538358520717e+00
3.839975000000000023e+02 4.213580000000000041e+02 4.378213000000000079e+02 4.531902000000000044e+02 4.909026000000000067e+02 5.176099000000000387e+02 5.135223999999999478e+02 4.939309999999999832e+02 4.240917499999999905e+02 4.880115300000000502e+02 1.150721583242305668e+00
3.445520999999999958e+02 3.839975000000000023e+02 4.213580000000000041e+02 4.378213000000000079e+02 4.531902000000000044e+02 4.909026000000000067e+02 5.176099000000000387e+02 5.135223999999999478e+02 3.969322250000000167e+02 4.744314650000000029e+02 1.195245523338398508e+00
2.882413999999999987e+02 3.445520999999999958e+02 3.839975000000000023e+02 4.213580000000000041e+02 4.378213000000000079e+02 4.531902000000000044e+02 4.909026000000000067e+02 5.176099000000000387e+02 3.595372499999999718e+02 4.518122499999999491e+02 1.256649345791013284e+00
2.708673999999999751e+02 2.882413999999999987e+02 3.445520999999999958e+02 3.839975000000000023e+02 4.213580000000000041e+02 4.378213000000000079e+02 4.531902000000000044e+02 4.909026000000000067e+02 3.219146000000000072e+02 4.250373400000000288e+02 1.320341916769230073e+00
2.975613999999999919e+02 2.708673999999999751e+02 2.882413999999999987e+02 3.445520999999999958e+02 3.839975000000000023e+02 4.213580000000000041e+02 4.378213000000000079e+02 4.531902000000000044e+02 3.003055749999999762e+02 3.993345150000000103e+02 1.329760578037886942e+00
3.099995999999999867e+02 2.975613999999999919e+02 2.708673999999999751e+02 2.882413999999999987e+02 3.445520999999999958e+02 3.839975000000000023e+02 4.213580000000000041e+02 4.378213000000000079e+02 2.916674499999999739e+02 3.758792700000000195e+02 1.288725464565895429e+00
3.158183000000000220e+02 3.099995999999999867e+02 2.975613999999999919e+02 2.708673999999999751e+02 2.882413999999999987e+02 3.445520999999999958e+02 3.839975000000000023e+02 4.213580000000000041e+02 2.985616750000000366e+02 3.473421349999999848e+02 1.163384868469805822e+00
2.967703000000000202e+02 3.158183000000000220e+02 3.099995999999999867e+02 2.975613999999999919e+02 2.708673999999999751e+02 2.882413999999999987e+02 3.445520999999999958e+02 3.839975000000000023e+02 3.050373999999999910e+02 3.185391599999999812e+02 1.044262637958492945e+00
2.837151000000000067e+02 2.967703000000000202e+02 3.158183000000000220e+02 3.099995999999999867e+02 2.975613999999999919e+02 2.708673999999999751e+02 2.882413999999999987e+02 3.445520999999999958e+02 3.015758250000000089e+02 3.005596249999999827e+02 9.966303665089865094e-01
2.744277999999999906e+02 2.837151000000000067e+02 2.967703000000000202e+02 3.158183000000000220e+02 3.099995999999999867e+02 2.975613999999999919e+02 2.708673999999999751e+02 2.882413999999999987e+02 2.926828750000000241e+02 2.918705349999999612e+02 9.972245045085057491e-01
2.522819000000000074e+02 2.744277999999999906e+02 2.837151000000000067e+02 2.967703000000000202e+02 3.158183000000000220e+02 3.099995999999999867e+02 2.975613999999999919e+02 2.708673999999999751e+02 2.767987749999999778e+02 2.942090950000000475e+02 1.062898833276989974e+00
2.382186000000000092e+02 2.522819000000000074e+02 2.744277999999999906e+02 2.837151000000000067e+02 2.967703000000000202e+02 3.158183000000000220e+02 3.099995999999999867e+02 2.975613999999999919e+02 2.621608499999999822e+02 2.964620899999999892e+02 1.130840436319915820e+00
2.406274999999999977e+02 2.382186000000000092e+02 2.522819000000000074e+02 2.744277999999999906e+02 2.837151000000000067e+02 2.967703000000000202e+02 3.158183000000000220e+02 3.099995999999999867e+02 2.513889499999999657e+02 2.915384500000000116e+02 1.159710679407348843e+00
2.479994000000000085e+02 2.406274999999999977e+02 2.382186000000000092e+02 2.522819000000000074e+02 2.744277999999999906e+02 2.837151000000000067e+02 2.967703000000000202e+02 3.158183000000000220e+02 2.447818500000000199e+02 2.831026700000000460e+02 1.156550904407332547e+00
2.311716000000000122e+02 2.479994000000000085e+02 2.406274999999999977e+02 2.382186000000000092e+02 2.522819000000000074e+02 2.744277999999999906e+02 2.837151000000000067e+02 2.967703000000000202e+02 2.395042750000000353e+02 2.693398750000000064e+02 1.124572306694734181e+00
2.391787999999999954e+02 2.311716000000000122e+02 2.479994000000000085e+02 2.406274999999999977e+02 2.382186000000000092e+02 2.522819000000000074e+02 2.744277999999999906e+02 2.837151000000000067e+02 2.397443250000000035e+02 2.576775450000000092e+02 1.074801436905753693e+00
2.469091999999999985e+02 2.391787999999999954e+02 2.311716000000000122e+02 2.479994000000000085e+02 2.406274999999999977e+02 2.382186000000000092e+02 2.522819000000000074e+02 2.744277999999999906e+02 2.413147500000000036e+02 2.493741099999999733e+02 1.033397709837463152e+00
2.423351999999999862e+02 2.469091999999999985e+02 2.391787999999999954e+02 2.311716000000000122e+02 2.479994000000000085e+02 2.406274999999999977e+02 2.382186000000000092e+02 2.522819000000000074e+02 2.398986999999999910e+02 2.438052200000000198e+02 1.016284039888503132e+00
2.374411000000000058e+02 2.423351999999999862e+02 2.469091999999999985e+02 2.391787999999999954e+02 2.311716000000000122e+02 2.479994000000000085e+02 2.406274999999999977e+02 2.382186000000000092e+02 2.414660750000000178e+02 2.398966350000000034e+02 9.935003706007147217e-01
2.416785999999999888e+02 2.374411000000000058e+02 2.423351999999999862e+02 2.469091999999999985e+02 2.391787999999999954e+02 2.311716000000000122e+02 2.479994000000000085e+02 2.406274999999999977e+02 2.420910250000000019e+02 2.402136649999999918e+02 9.922452309002367521e-01
2.227181999999999960e+02 2.416785999999999888e+02 2.374411000000000058e+02 2.423351999999999862e+02 2.469091999999999985e+02 2.391787999999999954e+02 2.311716000000000122e+02 2.479994000000000085e+02 2.360432749999999942e+02 2.402604550000000074e+02 1.017866130691501336e+00
2.230287999999999897e+02 2.227181999999999960e+02 2.416785999999999888e+02 2.374411000000000058e+02 2.423351999999999862e+02 2.469091999999999985e+02 2.391787999999999954e+02 2.311716000000000122e+02 2.312166749999999809e+02 2.381622950000000003e+02 1.030039442440732422e+00
3.335645999999999844e+02 2.230287999999999897e+02 2.227181999999999960e+02 2.416785999999999888e+02 2.374411000000000058e+02 2.423351999999999862e+02 2.469091999999999985e+02 2.391787999999999954e+02 2.552475499999999897e+02 2.442223700000000122e+02 9.568059321235405923e-01
2.721800999999999817e+02 3.335645999999999844e+02 2.230287999999999897e+02 2.227181999999999960e+02 2.416785999999999888e+02 2.374411000000000058e+02 2.423351999999999862e+02 2.469091999999999985e+02 2.628729250000000093e+02 2.462474049999999863e+02 9.367545364361886673e-01
2.356196999999999946e+02 2.721800999999999817e+02 3.335645999999999844e+02 2.230287999999999897e+02 2.227181999999999960e+02 2.416785999999999888e+02 2.374411000000000058e+02 2.423351999999999862e+02 2.660982999999999947e+02 2.420542800000000057e+02 9.096423389401586679e-01
2.127846000000000117e+02 2.356196999999999946e+02 2.721800999999999817e+02 3.335645999999999844e+02 2.230287999999999897e+02 2.227181999999999960e+02 2.416785999999999888e+02 2.374411000000000058e+02 2.635372499999999718e+02 2.376807899999999734e+02 9.018868869581055936e-01
1.969938999999999965e+02 2.127846000000000117e+02 2.356196999999999946e+02 2.721800999999999817e+02 3.335645999999999844e+02 2.230287999999999897e+02 2.227181999999999960e+02 2.416785999999999888e+02 2.293945749999999748e+02 2.500769549999999981e+02 1.090160719799062594e+00
2.039164000000000101e+02 1.969938999999999965e+02 2.127846000000000117e+02 2.356196999999999946e+02 2.721800999999999817e+02 3.335645999999999844e+02 2.230287999999999897e+02 2.227181999999999960e+02 2.123286499999999819e+02 2.527640700000000038e+02 1.190437889564126328e+00
2.118050000000000068e+02 2.039164000000000101e+02 1.969938999999999965e+02 2.127846000000000117e+02 2.356196999999999946e+02 2.721800999999999817e+02 3.335645999999999844e+02 2.230287999999999897e+02 2.063749750000000063e+02 2.541536349999999800e+02 1.231513825743649315e+00
2.008694000000000131e+02 2.118050000000000068e+02 2.039164000000000101e+02 1.969938999999999965e+02 2.127846000000000117e+02 2.356196999999999946e+02 2.721800999999999817e+02 3.335645999999999844e+02 2.033961749999999711e+02 2.515090349999999546e+02 1.236547516195916518e+00
1.882187000000000126e+02 2.008694000000000131e+02 2.118050000000000068e+02 2.039164000000000101e+02 1.969938999999999965e+02 2.127846000000000117e+02 2.356196999999999946e+02 2.721800999999999817e+02 2.012023750000000177e+02 2.237561350000000004e+02 1.112094899476211429e+00
1.886913000000000125e+02 1.882187000000000126e+02 2.008694000000000131e+02 2.118050000000000068e+02 2.039164000000000101e+02 1.969938999999999965e+02 2.127846000000000117e+02 2.356196999999999946e+02 1.973960999999999899e+02 2.093421399999999721e+02 1.060518115606134071e+00
1.672785000000000082e+02 1.886913000000000125e+02 1.882187000000000126e+02 2.008694000000000131e+02 2.118050000000000068e+02 2.039164000000000101e+02 1.969938999999999965e+02 2.127846000000000117e+02 1.862644750000000045e+02 2.023528749999999832e+02 1.086373958319212463e+00
1.516689000000000078e+02 1.672785000000000082e+02 1.886913000000000125e+02 1.882187000000000126e+02 2.008694000000000131e+02 2.118050000000000068e+02 2.039164000000000101e+02 1.969938999999999965e+02 1.739643500000000245e+02 1.975098099999999590e+02 1.135346466100669138e+00
1.293504000000000076e+02 1.516689000000000078e+02 1.672785000000000082e+02 1.886913000000000125e+02 1.882187000000000126e+02 2.008694000000000131e+02 2.118050000000000068e+02 2.039164000000000101e+02 1.592472750000000019e+02 1.928113549999999918e+02 1.210767060221281666e+00
1.057943000000000069e+02 1.293504000000000076e+02 1.516689000000000078e+02 1.672785000000000082e+02 1.886913000000000125e+02 1.882187000000000126e+02 2.008694000000000131e+02 2.118050000000000068e+02 1.385230250000000183e+02 1.856214849999999785e+02 1.340004558808905344e+00
9.681369999999999720e+01 1.057943000000000069e+02 1.293504000000000076e+02 1.516689000000000078e+02 1.672785000000000082e+02 1.886913000000000125e+02 1.882187000000000126e+02 2.008694000000000131e+02 1.209068249999999978e+02 1.731929450000000088e+02 1.432449698352429746e+00
1.006371000000000038e+02 9.681369999999999720e+01 1.057943000000000069e+02 1.293504000000000076e+02 1.516689000000000078e+02 1.672785000000000082e+02 1.886913000000000125e+02 1.882187000000000126e+02 1.081488750000000039e+02 1.608012550000000260e+02 1.486850926558413333e+00
1.005100999999999942e+02 1.006371000000000038e+02 9.681369999999999720e+01 1.057943000000000069e+02 1.293504000000000076e+02 1.516689000000000078e+02 1.672785000000000082e+02 1.886913000000000125e+02 1.009388000000000005e+02 1.475855799999999931e+02 1.462129329851355353e+00
1.029545999999999992e+02 1.005100999999999942e+02 1.006371000000000038e+02 9.681369999999999720e+01 1.057943000000000069e+02 1.293504000000000076e+02 1.516689000000000078e+02 1.672785000000000082e+02 1.002288750000000022e+02 1.308641950000000236e+02 1.305653635242339350e+00
1.065056000000000012e+02 1.029545999999999992e+02 1.005100999999999942e+02 1.006371000000000038e+02 9.681369999999999720e+01 1.057943000000000069e+02 1.293504000000000076e+02 1.516689000000000078e+02 1.026518499999999960e+02 1.172558299999999889e+02 1.142267090169344135e+00
9.517600000000000193e+01 1.065056000000000012e+02 1.029545999999999992e+02 1.005100999999999942e+02 1.006371000000000038e+02 9.681369999999999720e+01 1.057943000000000069e+02 1.293504000000000076e+02 1.012865749999999991e+02 1.067764150000000001e+02 1.054201062677852407e+00
7.805859999999999843e+01 9.517600000000000193e+01 1.065056000000000012e+02 1.029545999999999992e+02 1.005100999999999942e+02 1.006371000000000038e+02 9.681369999999999720e+01 1.057943000000000069e+02 9.567369999999999663e+01 9.988577999999999690e+01 1.044025474085354732e+00
8.154080000000000439e+01 7.805859999999999843e+01 9.517600000000000193e+01 1.065056000000000012e+02 1.029545999999999992e+02 1.005100999999999942e+02 1.006371000000000038e+02 9.681369999999999720e+01 9.032025000000000148e+01 9.824715000000000487e+01 1.087764371777093286e+00
8.782089999999999463e+01 8.154080000000000439e+01 7.805859999999999843e+01 9.517600000000000193e+01 1.065056000000000012e+02 1.029545999999999992e+02 1.005100999999999942e+02 1.006371000000000038e+02 8.564907499999999629e+01 9.925129499999999894e+01 1.158813390570768043e+00
9.332089999999999463e+01 8.782089999999999463e+01 8.154080000000000439e+01 7.805859999999999843e+01 9.517600000000000193e+01 1.065056000000000012e+02 1.029545999999999992e+02 1.005100999999999942e+02 8.518529999999999802e+01 9.806631999999999039e+01 1.151211770105875054e+00
1.109887999999999977e+02 9.332089999999999463e+01 8.782089999999999463e+01 8.154080000000000439e+01 7.805859999999999843e+01 9.517600000000000193e+01 1.065056000000000012e+02 1.029545999999999992e+02 9.341784999999998718e+01 9.522252999999999190e+01 1.019318363674608374e+00
1.039145999999999930e+02 1.109887999999999977e+02 9.332089999999999463e+01 8.782089999999999463e+01 8.154080000000000439e+01 7.805859999999999843e+01 9.517600000000000193e+01 1.065056000000000012e+02 9.901129999999999143e+01 9.205845999999999663e+01 9.297773082466345151e-01
9.871930000000000405e+01 1.039145999999999930e+02 1.109887999999999977e+02 9.332089999999999463e+01 8.782089999999999463e+01 8.154080000000000439e+01 7.805859999999999843e+01 9.517600000000000193e+01 1.017359000000000009e+02 8.886643999999999721e+01 8.735012910880033399e-01
9.826680000000000348e+01 9.871930000000000405e+01 1.039145999999999930e+02 1.109887999999999977e+02 9.332089999999999463e+01 8.782089999999999463e+01 8.154080000000000439e+01 7.805859999999999843e+01 1.029723749999999995e+02 8.874271500000000401e+01 8.618108983113189625e-01
1.004612000000000052e+02 9.826680000000000348e+01 9.871930000000000405e+01 1.039145999999999930e+02 1.109887999999999977e+02 9.332089999999999463e+01 8.782089999999999463e+01 8.154080000000000439e+01 1.003404750000000121e+02 9.480237499999999784e+01 9.448069186437475508e-01
1.092724000000000046e+02 1.004612000000000052e+02 9.826680000000000348e+01 9.871930000000000405e+01 1.039145999999999930e+02 1.109887999999999977e+02 9.332089999999999463e+01 8.782089999999999463e+01 1.016799249999999972e+02 9.954502499999998122e+01 9.790037217277647308e-01
1.092703999999999951e+02 1.092724000000000046e+02 1.004612000000000052e+02 9.826680000000000348e+01 9.871930000000000405e+01 1.039145999999999930e+02 1.109887999999999977e+02 9.332089999999999463e+01 1.043177000000000021e+02 1.022522600000000068e+02 9.802004837146525151e-01
1.088028999999999940e+02 1.092703999999999951e+02 1.092724000000000046e+02 1.004612000000000052e+02 9.826680000000000348e+01 9.871930000000000405e+01 1.039145999999999930e+02 1.109887999999999977e+02 1.069517249999999962e+02 1.037682450000000074e+02 9.702344211839502020e-01
1.072239000000000004e+02 1.088028999999999940e+02 1.092703999999999951e+02 1.092724000000000046e+02 1.004612000000000052e+02 9.826680000000000348e+01 9.871930000000000405e+01 1.039145999999999930e+02 1.086423999999999950e+02 1.020008600000000172e+02 9.388678821528244622e-01
1.020272999999999968e+02 1.072239000000000004e+02 1.088028999999999940e+02 1.092703999999999951e+02 1.092724000000000046e+02 1.004612000000000052e+02 9.826680000000000348e+01 9.871930000000000405e+01 1.068311249999999859e+02 1.027101650000000035e+02 9.614254740835127544e-01
9.969729999999999848e+01 1.020272999999999968e+02 1.072239000000000004e+02 1.088028999999999940e+02 1.092703999999999951e+02 1.092724000000000046e+02 1.004612000000000052e+02 9.826680000000000348e+01 1.044378499999999974e+02 1.043417300000000125e+02 9.990796440179495752e-01
1.032899000000000029e+02 9.969729999999999848e+01 1.020272999999999968e+02 1.072239000000000004e+02 1.088028999999999940e+02 1.092703999999999951e+02 1.092724000000000046e+02 1.004612000000000052e+02 1.030596000000000032e+02 1.061732999999999976e+02 1.030212614836463425e+00
1.022305999999999955e+02 1.032899000000000029e+02 9.969729999999999848e+01 1.020272999999999968e+02 1.072239000000000004e+02 1.088028999999999940e+02 1.092703999999999951e+02 1.092724000000000046e+02 1.018112749999999949e+02 1.072761749999999950e+02 1.053676766153846867e+00
1.022801999999999936e+02 1.022305999999999955e+02 1.032899000000000029e+02 9.969729999999999848e+01 1.020272999999999968e+02 1.072239000000000004e+02 1.088028999999999940e+02 1.092703999999999951e+02 1.018744999999999976e+02 1.058397999999999968e+02 1.038923381219048814e+00
1.024759999999999991e+02 1.022801999999999936e+02 1.022305999999999955e+02 1.032899000000000029e+02 9.969729999999999848e+01 1.020272999999999968e+02 1.072239000000000004e+02 1.088028999999999940e+02 1.025691749999999871e+02 1.040641149999999868e+02 1.014574944177917049e+00
1.097222000000000008e+02 1.024759999999999991e+02 1.022801999999999936e+02 1.022305999999999955e+02 1.032899000000000029e+02 9.969729999999999848e+01 1.020272999999999968e+02 1.072239000000000004e+02 1.041772499999999866e+02 1.032831299999999999e+02 9.914173200002881492e-01
1.178097000000000065e+02 1.097222000000000008e+02 1.024759999999999991e+02 1.022801999999999936e+02 1.022305999999999955e+02 1.032899000000000029e+02 9.969729999999999848e+01 1.020272999999999968e+02 1.080720249999999965e+02 1.030634250000000094e+02 9.536549814811002834e-01
1.245348999999999933e+02 1.178097000000000065e+02 1.097222000000000008e+02 1.024759999999999991e+02 1.022801999999999936e+02 1.022305999999999955e+02 1.032899000000000029e+02 9.969729999999999848e+01 1.136356999999999999e+02 1.042267399999999924e+02 9.172006684519037334e-01
1.176824000000000012e+02 1.245348999999999933e+02 1.178097000000000065e+02 1.097222000000000008e+02 1.024759999999999991e+02 1.022801999999999936e+02 1.022305999999999955e+02 1.032899000000000029e+02 1.174372999999999934e+02 1.055427999999999855e+02 8.987161659881485187e-01
1.152184000000000026e+02 1.176824000000000012e+02 1.245348999999999933e+02 1.178097000000000065e+02 1.097222000000000008e+02 1.024759999999999991e+02 1.022801999999999936e+02 1.022305999999999955e+02 1.188113500000000045e+02 1.071040700000000072e+02 9.014632861254417984e-01
1.369038999999999930e+02 1.152184000000000026e+02 1.176824000000000012e+02 1.245348999999999933e+02 1.178097000000000065e+02 1.097222000000000008e+02 1.024759999999999991e+02 1.022801999999999936e+02 1.235849000000000046e+02 1.111746000000000123e+02 8.995807740266004160e-01
1.495429000000000030e+02 1.369038999999999930e+02 1.152184000000000026e+02 1.176824000000000012e+02 1.245348999999999933e+02 1.178097000000000065e+02 1.097222000000000008e+02 1.024759999999999991e+02 1.298369000000000142e+02 1.168759399999999857e+02 9.001750657940845723e-01
1.320339999999999918e+02 1.495429000000000030e+02 1.369038999999999930e+02 1.152184000000000026e+02 1.176824000000000012e+02 1.245348999999999933e+02 1.178097000000000065e+02 1.097222000000000008e+02 1.334248000000000047e+02 1.206347999999999985e+02 9.041407594390248326e-01
1.270858999999999952e+02 1.320339999999999918e+02 1.495429000000000030e+02 1.369038999999999930e+02 1.152184000000000026e+02 1.176824000000000012e+02 1.245348999999999933e+02 1.178097000000000065e+02 1.363916749999999922e+02 1.223274150000000020e+02 8.968832958463190952e-01
