-2.000000000000000000e+00 -1.900000000000000000e+01 2.400000000000000000e+01 -5.600000000000000000e+01 4.000000000000000000e+00 -1.000000000000000000e+00 -2.000000000000000000e+00 -4.000000000000000000e+00 -1.325000000000000000e+01 -3.250000000000000000e+00 2.452830188679245293e-01
-2.100000000000000000e+01 -2.000000000000000000e+00 -1.900000000000000000e+01 2.400000000000000000e+01 -5.600000000000000000e+01 4.000000000000000000e+00 -1.000000000000000000e+00 -2.000000000000000000e+00 -4.500000000000000000e+00 -1.190000000000000036e+01 2.644444444444444375e+00
1.820000000000000000e+02 -2.100000000000000000e+01 -2.000000000000000000e+00 -1.900000000000000000e+01 2.400000000000000000e+01 -5.600000000000000000e+01 4.000000000000000000e+00 -1.000000000000000000e+00 3.500000000000000000e+01 1.199999999999999956e+00 3.428571428571428742e-02
2.900000000000000000e+02 1.820000000000000000e+02 -2.100000000000000000e+01 -2.000000000000000000e+00 -1.900000000000000000e+01 2.400000000000000000e+01 -5.600000000000000000e+01 4.000000000000000000e+00 1.122500000000000000e+02 1.305000000000000071e+01 1.162583518930957738e-01
3.150000000000000000e+02 2.900000000000000000e+02 1.820000000000000000e+02 -2.100000000000000000e+01 -2.000000000000000000e+00 -1.900000000000000000e+01 2.400000000000000000e+01 -5.600000000000000000e+01 1.915000000000000000e+02 2.769999999999999929e+01 1.446475195822454207e-01
2.500000000000000000e+02 3.150000000000000000e+02 2.900000000000000000e+02 1.820000000000000000e+02 -2.100000000000000000e+01 -2.000000000000000000e+00 -1.900000000000000000e+01 2.400000000000000000e+01 2.592500000000000000e+02 4.825000000000000000e+01 1.861137897782063622e-01
3.660000000000000000e+02 2.500000000000000000e+02 3.150000000000000000e+02 2.900000000000000000e+02 1.820000000000000000e+02 -2.100000000000000000e+01 -2.000000000000000000e+00 -1.900000000000000000e+01 3.052500000000000000e+02 8.904999999999999716e+01 2.917280917280917207e-01
3.080000000000000000e+02 3.660000000000000000e+02 2.500000000000000000e+02 3.150000000000000000e+02 2.900000000000000000e+02 1.820000000000000000e+02 -2.100000000000000000e+01 -2.000000000000000000e+00 3.097500000000000000e+02 1.517500000000000000e+02 4.899112187247780525e-01
1.870000000000000000e+02 3.080000000000000000e+02 3.660000000000000000e+02 2.500000000000000000e+02 3.150000000000000000e+02 2.900000000000000000e+02 1.820000000000000000e+02 -2.100000000000000000e+01 2.777500000000000000e+02 2.087500000000000000e+02 7.515751575157515463e-01
6.330000000000000000e+02 1.870000000000000000e+02 3.080000000000000000e+02 3.660000000000000000e+02 2.500000000000000000e+02 3.150000000000000000e+02 2.900000000000000000e+02 1.820000000000000000e+02 3.735000000000000000e+02 2.821000000000000227e+02 7.552878179384203694e-01
9.380000000000000000e+02 6.330000000000000000e+02 1.870000000000000000e+02 3.080000000000000000e+02 3.660000000000000000e+02 2.500000000000000000e+02 3.150000000000000000e+02 2.900000000000000000e+02 5.165000000000000000e+02 3.475000000000000000e+02 6.727976766698935407e-01
9.680000000000000000e+02 9.380000000000000000e+02 6.330000000000000000e+02 1.870000000000000000e+02 3.080000000000000000e+02 3.660000000000000000e+02 2.500000000000000000e+02 3.150000000000000000e+02 6.815000000000000000e+02 3.841000000000000227e+02 5.636096845194424887e-01
2.840000000000000000e+02 9.680000000000000000e+02 9.380000000000000000e+02 6.330000000000000000e+02 1.870000000000000000e+02 3.080000000000000000e+02 3.660000000000000000e+02 2.500000000000000000e+02 7.057500000000000000e+02 3.633500000000000227e+02 5.148423662770102993e-01
7.200000000000000000e+02 2.840000000000000000e+02 9.680000000000000000e+02 9.380000000000000000e+02 6.330000000000000000e+02 1.870000000000000000e+02 3.080000000000000000e+02 3.660000000000000000e+02 7.275000000000000000e+02 4.443000000000000114e+02 6.107216494845361110e-01
4.720000000000000000e+02 7.200000000000000000e+02 2.840000000000000000e+02 9.680000000000000000e+02 9.380000000000000000e+02 6.330000000000000000e+02 1.870000000000000000e+02 3.080000000000000000e+02 6.110000000000000000e+02 5.353999999999999773e+02 8.762684124386251883e-01
6.360000000000000000e+02 4.720000000000000000e+02 7.200000000000000000e+02 2.840000000000000000e+02 9.680000000000000000e+02 9.380000000000000000e+02 6.330000000000000000e+02 1.870000000000000000e+02 5.280000000000000000e+02 6.507999999999999545e+02 1.232575757575757436e+00
2.500000000000000000e+01 6.360000000000000000e+02 4.720000000000000000e+02 7.200000000000000000e+02 2.840000000000000000e+02 9.680000000000000000e+02 9.380000000000000000e+02 6.330000000000000000e+02 4.632500000000000000e+02 6.572500000000000000e+02 1.418780356179168978e+00
2.730000000000000000e+02 2.500000000000000000e+01 6.360000000000000000e+02 4.720000000000000000e+02 7.200000000000000000e+02 2.840000000000000000e+02 9.680000000000000000e+02 9.380000000000000000e+02 3.515000000000000000e+02 6.522999999999999545e+02 1.855761024182076779e+00
-3.000000000000000000e+01 2.730000000000000000e+02 2.500000000000000000e+01 6.360000000000000000e+02 4.720000000000000000e+02 7.200000000000000000e+02 2.840000000000000000e+02 9.680000000000000000e+02 2.260000000000000000e+02 5.340000000000000000e+02 2.362831858407079544e+00
-1.000000000000000000e+00 -3.000000000000000000e+01 2.730000000000000000e+02 2.500000000000000000e+01 6.360000000000000000e+02 4.720000000000000000e+02 7.200000000000000000e+02 2.840000000000000000e+02 6.675000000000000000e+01 4.357500000000000000e+02 6.528089887640449618e+00
8.470000000000000000e+02 -1.000000000000000000e+00 -3.000000000000000000e+01 2.730000000000000000e+02 2.500000000000000000e+01 6.360000000000000000e+02 4.720000000000000000e+02 7.200000000000000000e+02 2.722500000000000000e+02 4.250500000000000114e+02 1.561248852157943068e+00
7.260000000000000000e+02 8.470000000000000000e+02 -1.000000000000000000e+00 -3.000000000000000000e+01 2.730000000000000000e+02 2.500000000000000000e+01 6.360000000000000000e+02 4.720000000000000000e+02 3.855000000000000000e+02 3.583000000000000114e+02 9.294422827496757744e-01
1.496000000000000000e+03 7.260000000000000000e+02 8.470000000000000000e+02 -1.000000000000000000e+00 -3.000000000000000000e+01 2.730000000000000000e+02 2.500000000000000000e+01 6.360000000000000000e+02 7.670000000000000000e+02 3.341999999999999886e+02 4.357235984354628222e-01
1.115000000000000000e+03 1.496000000000000000e+03 7.260000000000000000e+02 8.470000000000000000e+02 -1.000000000000000000e+00 -3.000000000000000000e+01 2.730000000000000000e+02 2.500000000000000000e+01 1.046000000000000000e+03 2.626000000000000227e+02 2.510516252390057601e-01
2.629000000000000000e+03 1.115000000000000000e+03 1.496000000000000000e+03 7.260000000000000000e+02 8.470000000000000000e+02 -1.000000000000000000e+00 -3.000000000000000000e+01 2.730000000000000000e+02 1.491500000000000000e+03 5.161000000000000227e+02 3.460274891049279211e-01
1.634000000000000000e+03 2.629000000000000000e+03 1.115000000000000000e+03 1.496000000000000000e+03 7.260000000000000000e+02 8.470000000000000000e+02 -1.000000000000000000e+00 -3.000000000000000000e+01 1.718500000000000000e+03 6.521000000000000227e+02 3.794588303753273495e-01
2.676000000000000000e+03 1.634000000000000000e+03 2.629000000000000000e+03 1.115000000000000000e+03 1.496000000000000000e+03 7.260000000000000000e+02 8.470000000000000000e+02 -1.000000000000000000e+00 2.013500000000000000e+03 1.016299999999999955e+03 5.047429848522473339e-01
-2.780000000000000000e+02 2.676000000000000000e+03 1.634000000000000000e+03 2.629000000000000000e+03 1.115000000000000000e+03 1.496000000000000000e+03 7.260000000000000000e+02 8.470000000000000000e+02 1.665250000000000000e+03 1.169849999999999909e+03 7.025071310614021680e-01
-3.232000000000000000e+03 -2.780000000000000000e+02 2.676000000000000000e+03 1.634000000000000000e+03 2.629000000000000000e+03 1.115000000000000000e+03 1.496000000000000000e+03 7.260000000000000000e+02 2.000000000000000000e+02 1.233200000000000045e+03 6.166000000000000369e+00
-1.468000000000000000e+03 -3.232000000000000000e+03 -2.780000000000000000e+02 2.676000000000000000e+03 1.634000000000000000e+03 2.629000000000000000e+03 1.115000000000000000e+03 1.496000000000000000e+03 -5.755000000000000000e+02 1.259700000000000045e+03 -2.188879235447437122e+00
-3.150000000000000000e+02 -1.468000000000000000e+03 -3.232000000000000000e+03 -2.780000000000000000e+02 2.676000000000000000e+03 1.634000000000000000e+03 2.629000000000000000e+03 1.115000000000000000e+03 -1.323250000000000000e+03 1.346150000000000091e+03 -1.017305875684866967e+00
1.180000000000000000e+02 -3.150000000000000000e+02 -1.468000000000000000e+03 -3.232000000000000000e+03 -2.780000000000000000e+02 2.676000000000000000e+03 1.634000000000000000e+03 2.629000000000000000e+03 -1.224250000000000000e+03 1.087349999999999909e+03 -8.881764345517663140e-01
4.550000000000000000e+02 1.180000000000000000e+02 -3.150000000000000000e+02 -1.468000000000000000e+03 -3.232000000000000000e+03 -2.780000000000000000e+02 2.676000000000000000e+03 1.634000000000000000e+03 -3.025000000000000000e+02 9.950000000000000000e+01 -3.289256198347107474e-01
-3.428000000000000000e+03 4.550000000000000000e+02 1.180000000000000000e+02 -3.150000000000000000e+02 -1.468000000000000000e+03 -3.232000000000000000e+03 -2.780000000000000000e+02 2.676000000000000000e+03 -7.925000000000000000e+02 -6.188999999999999773e+02 7.809463722397476104e-01
-3.760000000000000000e+02 -3.428000000000000000e+03 4.550000000000000000e+02 1.180000000000000000e+02 -3.150000000000000000e+02 -1.468000000000000000e+03 -3.232000000000000000e+03 -2.780000000000000000e+02 -8.077500000000000000e+02 -1.220150000000000091e+03 1.510554008047044316e+00
-1.820000000000000000e+02 -3.760000000000000000e+02 -3.428000000000000000e+03 4.550000000000000000e+02 1.180000000000000000e+02 -3.150000000000000000e+02 -1.468000000000000000e+03 -3.232000000000000000e+03 -8.827500000000000000e+02 -1.155950000000000045e+03 1.309487397337864678e+00
5.260000000000000000e+02 -1.820000000000000000e+02 -3.760000000000000000e+02 -3.428000000000000000e+03 4.550000000000000000e+02 1.180000000000000000e+02 -3.150000000000000000e+02 -1.468000000000000000e+03 -8.650000000000000000e+02 -4.150000000000000000e+02 4.797687861271676124e-01
2.370000000000000000e+02 5.260000000000000000e+02 -1.820000000000000000e+02 -3.760000000000000000e+02 -3.428000000000000000e+03 4.550000000000000000e+02 1.180000000000000000e+02 -3.150000000000000000e+02 5.125000000000000000e+01 -6.237500000000000000e+02 -1.217073170731707243e+01
-2.700000000000000000e+02 2.370000000000000000e+02 5.260000000000000000e+02 -1.820000000000000000e+02 -3.760000000000000000e+02 -3.428000000000000000e+03 4.550000000000000000e+02 1.180000000000000000e+02 7.775000000000000000e+01 -6.306499999999999773e+02 -8.111254019292603701e+00
6.600000000000000000e+02 -2.700000000000000000e+02 2.370000000000000000e+02 5.260000000000000000e+02 -1.820000000000000000e+02 -3.760000000000000000e+02 -3.428000000000000000e+03 4.550000000000000000e+02 2.882500000000000000e+02 -6.485499999999999545e+02 -2.249956634865567739e+00
1.590000000000000000e+02 6.600000000000000000e+02 -2.700000000000000000e+02 2.370000000000000000e+02 5.260000000000000000e+02 -1.820000000000000000e+02 -3.760000000000000000e+02 -3.428000000000000000e+03 1.965000000000000000e+02 -6.527000000000000455e+02 -3.321628498727735579e+00
3.230000000000000000e+02 1.590000000000000000e+02 6.600000000000000000e+02 -2.700000000000000000e+02 2.370000000000000000e+02 5.260000000000000000e+02 -1.820000000000000000e+02 -3.760000000000000000e+02 2.180000000000000000e+02 8.459999999999999432e+01 3.880733944954128378e-01
1.964000000000000000e+03 3.230000000000000000e+02 1.590000000000000000e+02 6.600000000000000000e+02 -2.700000000000000000e+02 2.370000000000000000e+02 5.260000000000000000e+02 -1.820000000000000000e+02 7.765000000000000000e+02 2.175000000000000000e+02 2.801030264005151538e-01
3.298000000000000000e+03 1.964000000000000000e+03 3.230000000000000000e+02 1.590000000000000000e+02 6.600000000000000000e+02 -2.700000000000000000e+02 2.370000000000000000e+02 5.260000000000000000e+02 1.436000000000000000e+03 5.177999999999999545e+02 3.605849582172701573e-01
4.544000000000000000e+03 3.298000000000000000e+03 1.964000000000000000e+03 3.230000000000000000e+02 1.590000000000000000e+02 6.600000000000000000e+02 -2.700000000000000000e+02 2.370000000000000000e+02 2.532250000000000000e+03 6.636499999999999773e+02 2.620791785961101850e-01
-1.441000000000000000e+03 4.544000000000000000e+03 3.298000000000000000e+03 1.964000000000000000e+03 3.230000000000000000e+02 1.590000000000000000e+02 6.600000000000000000e+02 -2.700000000000000000e+02 2.091250000000000000e+03 5.926499999999999773e+02 2.833950986252241622e-01
6.761000000000000000e+03 -1.441000000000000000e+03 4.544000000000000000e+03 3.298000000000000000e+03 1.964000000000000000e+03 3.230000000000000000e+02 1.590000000000000000e+02 6.600000000000000000e+02 3.290500000000000000e+03 1.279299999999999955e+03 3.887858987995745363e-01
6.288000000000000000e+03 6.761000000000000000e+03 -1.441000000000000000e+03 4.544000000000000000e+03 3.298000000000000000e+03 1.964000000000000000e+03 3.230000000000000000e+02 1.590000000000000000e+02 4.038000000000000000e+03 1.956400000000000091e+03 4.844972758791480927e-01
6.861000000000000000e+03 6.288000000000000000e+03 6.761000000000000000e+03 -1.441000000000000000e+03 4.544000000000000000e+03 3.298000000000000000e+03 1.964000000000000000e+03 3.230000000000000000e+02 4.617250000000000000e+03 2.949250000000000000e+03 6.387460068222426957e-01
5.324000000000000000e+03 6.861000000000000000e+03 6.288000000000000000e+03 6.761000000000000000e+03 -1.441000000000000000e+03 4.544000000000000000e+03 3.298000000000000000e+03 1.964000000000000000e+03 6.308500000000000000e+03 2.934699999999999818e+03 4.651977490687168038e-01
1.003900000000000000e+04 5.324000000000000000e+03 6.861000000000000000e+03 6.288000000000000000e+03 6.761000000000000000e+03 -1.441000000000000000e+03 4.544000000000000000e+03 3.298000000000000000e+03 7.128000000000000000e+03 4.058000000000000000e+03 5.693041526374860162e-01
-1.188000000000000000e+03 1.003900000000000000e+04 5.324000000000000000e+03 6.861000000000000000e+03 6.288000000000000000e+03 6.761000000000000000e+03 -1.441000000000000000e+03 4.544000000000000000e+03 5.259000000000000000e+03 4.282199999999999818e+03 8.142612664004563738e-01
3.693600000000000000e+04 -1.188000000000000000e+03 1.003900000000000000e+04 5.324000000000000000e+03 6.861000000000000000e+03 6.288000000000000000e+03 6.761000000000000000e+03 -1.441000000000000000e+03 1.277775000000000000e+04 6.249350000000000364e+03 4.890806284361488010e-01
7.007000000000000000e+03 3.693600000000000000e+04 -1.188000000000000000e+03 1.003900000000000000e+04 5.324000000000000000e+03 6.861000000000000000e+03 6.288000000000000000e+03 6.761000000000000000e+03 1.319850000000000000e+04 7.686500000000000000e+03 5.823767852407470969e-01
1.089300000000000000e+04 7.007000000000000000e+03 3.693600000000000000e+04 -1.188000000000000000e+03 1.003900000000000000e+04 5.324000000000000000e+03 6.861000000000000000e+03 6.288000000000000000e+03 1.341200000000000000e+04 8.384799999999999272e+03 6.251714882195048562e-01
9.524000000000000000e+03 1.089300000000000000e+04 7.007000000000000000e+03 3.693600000000000000e+04 -1.188000000000000000e+03 1.003900000000000000e+04 5.324000000000000000e+03 6.861000000000000000e+03 1.609000000000000000e+04 7.425199999999999818e+03 4.614791796146675007e-01
-2.626000000000000000e+03 9.524000000000000000e+03 1.089300000000000000e+04 7.007000000000000000e+03 3.693600000000000000e+04 -1.188000000000000000e+03 1.003900000000000000e+04 5.324000000000000000e+03 6.199500000000000000e+03 1.146210000000000036e+04 1.848874909266876365e+00
7.647000000000000000e+03 -2.626000000000000000e+03 9.524000000000000000e+03 1.089300000000000000e+04 7.007000000000000000e+03 3.693600000000000000e+04 -1.188000000000000000e+03 1.003900000000000000e+04 6.359500000000000000e+03 1.183070000000000073e+04 1.860319207484865345e+00
2.094000000000000000e+03 7.647000000000000000e+03 -2.626000000000000000e+03 9.524000000000000000e+03 1.089300000000000000e+04 7.007000000000000000e+03 3.693600000000000000e+04 -1.188000000000000000e+03 4.159750000000000000e+03 1.156154999999999927e+04 2.779385780395456251e+00
-3.520000000000000000e+03 2.094000000000000000e+03 7.647000000000000000e+03 -2.626000000000000000e+03 9.524000000000000000e+03 1.089300000000000000e+04 7.007000000000000000e+03 3.693600000000000000e+04 8.987500000000000000e+02 1.305175000000000000e+04 1.452211404728790001e+01
-2.999800000000000000e+04 -3.520000000000000000e+03 2.094000000000000000e+03 7.647000000000000000e+03 -2.626000000000000000e+03 9.524000000000000000e+03 1.089300000000000000e+04 7.007000000000000000e+03 -5.944250000000000000e+03 3.770750000000000000e+03 -6.343525255499011806e-01
6.358000000000000000e+03 -2.999800000000000000e+04 -3.520000000000000000e+03 2.094000000000000000e+03 7.647000000000000000e+03 -2.626000000000000000e+03 9.524000000000000000e+03 1.089300000000000000e+04 -6.266500000000000000e+03 3.834300000000000182e+03 -6.118726561876646208e-01
-1.091800000000000000e+04 6.358000000000000000e+03 -2.999800000000000000e+04 -3.520000000000000000e+03 2.094000000000000000e+03 7.647000000000000000e+03 -2.626000000000000000e+03 9.524000000000000000e+03 -9.519500000000000000e+03 1.423900000000000091e+03 -1.495771836756132345e-01
-9.120000000000000000e+03 -1.091800000000000000e+04 6.358000000000000000e+03 -2.999800000000000000e+04 -3.520000000000000000e+03 2.094000000000000000e+03 7.647000000000000000e+03 -2.626000000000000000e+03 -1.091950000000000000e+04 -1.464900000000000091e+03 1.341544942533998974e-01
-9.683000000000000000e+03 -9.120000000000000000e+03 -1.091800000000000000e+04 6.358000000000000000e+03 -2.999800000000000000e+04 -3.520000000000000000e+03 2.094000000000000000e+03 7.647000000000000000e+03 -5.840750000000000000e+03 -5.923550000000000182e+03 1.014176261610238550e+00
-1.443000000000000000e+04 -9.683000000000000000e+03 -9.120000000000000000e+03 -1.091800000000000000e+04 6.358000000000000000e+03 -2.999800000000000000e+04 -3.520000000000000000e+03 2.094000000000000000e+03 -1.103775000000000000e+04 -7.220750000000000000e+03 6.541867681366220211e-01
-5.487000000000000000e+03 -1.443000000000000000e+04 -9.683000000000000000e+03 -9.120000000000000000e+03 -1.091800000000000000e+04 6.358000000000000000e+03 -2.999800000000000000e+04 -3.520000000000000000e+03 -9.680000000000000000e+03 -9.551600000000000364e+03 9.867355371900826677e-01
-5.038000000000000000e+03 -5.487000000000000000e+03 -1.443000000000000000e+04 -9.683000000000000000e+03 -9.120000000000000000e+03 -1.091800000000000000e+04 6.358000000000000000e+03 -2.999800000000000000e+04 -8.659500000000000000e+03 -1.046750000000000000e+04 1.208788036260754151e+00
-2.111400000000000000e+04 -5.038000000000000000e+03 -5.487000000000000000e+03 -1.443000000000000000e+04 -9.683000000000000000e+03 -9.120000000000000000e+03 -1.091800000000000000e+04 6.358000000000000000e+03 -1.151725000000000000e+04 -6.976050000000000182e+03 6.057044867481387040e-01
-2.577800000000000000e+04 -2.111400000000000000e+04 -5.038000000000000000e+03 -5.487000000000000000e+03 -1.443000000000000000e+04 -9.683000000000000000e+03 -9.120000000000000000e+03 -1.091800000000000000e+04 -1.435425000000000000e+04 -1.170104999999999927e+04 8.151627566748523845e-01
9.600000000000000000e+02 -2.577800000000000000e+04 -2.111400000000000000e+04 -5.038000000000000000e+03 -5.487000000000000000e+03 -1.443000000000000000e+04 -9.683000000000000000e+03 -9.120000000000000000e+03 -1.274250000000000000e+04 -1.029250000000000000e+04 8.077300372768294601e-01
-2.530000000000000000e+02 9.600000000000000000e+02 -2.577800000000000000e+04 -2.111400000000000000e+04 -5.038000000000000000e+03 -5.487000000000000000e+03 -1.443000000000000000e+04 -9.683000000000000000e+03 -1.154625000000000000e+04 -9.236850000000000364e+03 7.999870087690809095e-01
-1.750000000000000000e+02 -2.530000000000000000e+02 9.600000000000000000e+02 -2.577800000000000000e+04 -2.111400000000000000e+04 -5.038000000000000000e+03 -5.487000000000000000e+03 -1.443000000000000000e+04 -6.311500000000000000e+03 -1.047610000000000036e+04 1.659843143468272331e+00
2.170000000000000000e+03 -1.750000000000000000e+02 -2.530000000000000000e+02 9.600000000000000000e+02 -2.577800000000000000e+04 -2.111400000000000000e+04 -5.038000000000000000e+03 -5.487000000000000000e+03 6.755000000000000000e+02 -1.134829999999999927e+04 -1.679985196150999016e+01
-2.080000000000000000e+03 2.170000000000000000e+03 -1.750000000000000000e+02 -2.530000000000000000e+02 9.600000000000000000e+02 -2.577800000000000000e+04 -2.111400000000000000e+04 -5.038000000000000000e+03 -8.450000000000000000e+01 -1.021089999999999964e+04 1.208390532544378715e+02
-1.100000000000000000e+02 -2.080000000000000000e+03 2.170000000000000000e+03 -1.750000000000000000e+02 -2.530000000000000000e+02 9.600000000000000000e+02 -2.577800000000000000e+04 -2.111400000000000000e+04 -4.875000000000000000e+01 -9.246750000000000000e+03 1.896769230769230887e+02
1.720000000000000000e+02 -1.100000000000000000e+02 -2.080000000000000000e+03 2.170000000000000000e+03 -1.750000000000000000e+02 -2.530000000000000000e+02 9.600000000000000000e+02 -2.577800000000000000e+04 3.800000000000000000e+01 -5.041600000000000364e+03 -1.326736842105263179e+02
1.145000000000000000e+04 1.720000000000000000e+02 -1.100000000000000000e+02 -2.080000000000000000e+03 2.170000000000000000e+03 -1.750000000000000000e+02 -2.530000000000000000e+02 9.600000000000000000e+02 2.358000000000000000e+03 1.012000000000000000e+03 4.291772688719253659e-01
-6.340000000000000000e+02 1.145000000000000000e+04 1.720000000000000000e+02 -1.100000000000000000e+02 -2.080000000000000000e+03 2.170000000000000000e+03 -1.750000000000000000e+02 -2.530000000000000000e+02 2.719500000000000000e+03 4.763000000000000114e+02 1.751424894282037070e-01
9.500000000000000000e+01 -6.340000000000000000e+02 1.145000000000000000e+04 1.720000000000000000e+02 -1.100000000000000000e+02 -2.080000000000000000e+03 2.170000000000000000e+03 -1.750000000000000000e+02 2.770750000000000000e+03 5.151499999999999773e+02 1.859243887034196518e-01
6.600000000000000000e+01 9.500000000000000000e+01 -6.340000000000000000e+02 1.145000000000000000e+04 1.720000000000000000e+02 -1.100000000000000000e+02 -2.080000000000000000e+03 2.170000000000000000e+03 2.744250000000000000e+03 5.792500000000000000e+02 2.110777079347727070e-01
1.547000000000000000e+03 6.600000000000000000e+01 9.500000000000000000e+01 -6.340000000000000000e+02 1.145000000000000000e+04 1.720000000000000000e+02 -1.100000000000000000e+02 -2.080000000000000000e+03 2.685000000000000000e+02 1.940099999999999909e+03 7.225698324022346242e+00
3.070000000000000000e+03 1.547000000000000000e+03 6.600000000000000000e+01 9.500000000000000000e+01 -6.340000000000000000e+02 1.145000000000000000e+04 1.720000000000000000e+02 -1.100000000000000000e+02 1.194500000000000000e+03 2.414500000000000000e+03 2.021347844286312423e+00
1.660000000000000000e+02 3.070000000000000000e+03 1.547000000000000000e+03 6.600000000000000000e+01 9.500000000000000000e+01 -6.340000000000000000e+02 1.145000000000000000e+04 1.720000000000000000e+02 1.212250000000000000e+03 2.459050000000000182e+03 2.028500721798308870e+00
2.095000000000000000e+03 1.660000000000000000e+02 3.070000000000000000e+03 1.547000000000000000e+03 6.600000000000000000e+01 9.500000000000000000e+01 -6.340000000000000000e+02 1.145000000000000000e+04 1.719500000000000000e+03 2.539300000000000182e+03 1.476766501890084404e+00
2.000000000000000000e+02 2.095000000000000000e+03 1.660000000000000000e+02 3.070000000000000000e+03 1.547000000000000000e+03 6.600000000000000000e+01 9.500000000000000000e+01 -6.340000000000000000e+02 1.382750000000000000e+03 4.913500000000000227e+02 3.553426143554511141e-01
2.632000000000000000e+03 2.000000000000000000e+02 2.095000000000000000e+03 1.660000000000000000e+02 3.070000000000000000e+03 1.547000000000000000e+03 6.600000000000000000e+01 9.500000000000000000e+01 1.273250000000000000e+03 1.210250000000000000e+03 9.505203220106027695e-01
2.840000000000000000e+02 2.632000000000000000e+03 2.000000000000000000e+02 2.095000000000000000e+03 1.660000000000000000e+02 3.070000000000000000e+03 1.547000000000000000e+03 6.600000000000000000e+01 1.302750000000000000e+03 1.230349999999999909e+03 9.444252542698138297e-01
1.861000000000000000e+03 2.840000000000000000e+02 2.632000000000000000e+03 2.000000000000000000e+02 2.095000000000000000e+03 1.660000000000000000e+02 3.070000000000000000e+03 1.547000000000000000e+03 1.244250000000000000e+03 1.624450000000000045e+03 1.305565601768133410e+00
1.585000000000000000e+03 1.861000000000000000e+03 2.840000000000000000e+02 2.632000000000000000e+03 2.000000000000000000e+02 2.095000000000000000e+03 1.660000000000000000e+02 3.070000000000000000e+03 1.590500000000000000e+03 1.424299999999999955e+03 8.955045583149952027e-01
2.321000000000000000e+03 1.585000000000000000e+03 1.861000000000000000e+03 2.840000000000000000e+02 2.632000000000000000e+03 2.000000000000000000e+02 2.095000000000000000e+03 1.660000000000000000e+02 1.512750000000000000e+03 1.321150000000000091e+03 8.733432490497439193e-01
6.293000000000000000e+03 2.321000000000000000e+03 1.585000000000000000e+03 1.861000000000000000e+03 2.840000000000000000e+02 2.632000000000000000e+03 2.000000000000000000e+02 2.095000000000000000e+03 3.015000000000000000e+03 1.645200000000000045e+03 5.456716417910447703e-01
-1.656000000000000000e+03 6.293000000000000000e+03 2.321000000000000000e+03 1.585000000000000000e+03 1.861000000000000000e+03 2.840000000000000000e+02 2.632000000000000000e+03 2.000000000000000000e+02 2.135750000000000000e+03 1.422549999999999955e+03 6.660657848530960878e-01
-9.470000000000000000e+02 -1.656000000000000000e+03 6.293000000000000000e+03 2.321000000000000000e+03 1.585000000000000000e+03 1.861000000000000000e+03 2.840000000000000000e+02 2.632000000000000000e+03 1.502750000000000000e+03 1.572950000000000045e+03 1.046714357012144436e+00
6.295000000000000000e+03 -9.470000000000000000e+02 -1.656000000000000000e+03 6.293000000000000000e+03 2.321000000000000000e+03 1.585000000000000000e+03 1.861000000000000000e+03 2.840000000000000000e+02 2.496250000000000000e+03 1.709450000000000045e+03 6.848072108162243099e-01
-1.174000000000000000e+03 6.295000000000000000e+03 -9.470000000000000000e+02 -1.656000000000000000e+03 6.293000000000000000e+03 2.321000000000000000e+03 1.585000000000000000e+03 1.861000000000000000e+03 6.295000000000000000e+02 2.537900000000000091e+03 4.031612390786338374e+00
-1.931000000000000000e+03 -1.174000000000000000e+03 6.295000000000000000e+03 -9.470000000000000000e+02 -1.656000000000000000e+03 6.293000000000000000e+03 2.321000000000000000e+03 1.585000000000000000e+03 5.607500000000000000e+02 1.820750000000000000e+03 3.246990637539010294e+00
2.948000000000000000e+03 -1.931000000000000000e+03 -1.174000000000000000e+03 6.295000000000000000e+03 -9.470000000000000000e+02 -1.656000000000000000e+03 6.293000000000000000e+03 2.321000000000000000e+03 1.534500000000000000e+03 1.509099999999999909e+03 9.834473769957640110e-01
2.148000000000000000e+03 2.948000000000000000e+03 -1.931000000000000000e+03 -1.174000000000000000e+03 6.295000000000000000e+03 -9.470000000000000000e+02 -1.656000000000000000e+03 6.293000000000000000e+03 4.977500000000000000e+02 2.096550000000000182e+03 4.212054244098442979e+00
1.072000000000000000e+04 2.148000000000000000e+03 2.948000000000000000e+03 -1.931000000000000000e+03 -1.174000000000000000e+03 6.295000000000000000e+03 -9.470000000000000000e+02 -1.656000000000000000e+03 3.471250000000000000e+03 1.197849999999999909e+03 3.450774216780698178e-01
-3.470000000000000000e+03 1.072000000000000000e+04 2.148000000000000000e+03 2.948000000000000000e+03 -1.931000000000000000e+03 -1.174000000000000000e+03 6.295000000000000000e+03 -9.470000000000000000e+02 3.086500000000000000e+03 1.065900000000000091e+03 3.453426210918516537e-01
1.662000000000000000e+03 -3.470000000000000000e+03 1.072000000000000000e+04 2.148000000000000000e+03 2.948000000000000000e+03 -1.931000000000000000e+03 -1.174000000000000000e+03 6.295000000000000000e+03 2.765000000000000000e+03 1.780599999999999909e+03 6.439783001808317975e-01
3.189000000000000000e+03 1.662000000000000000e+03 -3.470000000000000000e+03 1.072000000000000000e+04 2.148000000000000000e+03 2.948000000000000000e+03 -1.931000000000000000e+03 -1.174000000000000000e+03 3.025250000000000000e+03 1.003250000000000000e+03 3.316254854970663857e-01
4.615631067961165286e+02 3.189000000000000000e+03 1.662000000000000000e+03 -3.470000000000000000e+03 1.072000000000000000e+04 2.148000000000000000e+03 2.948000000000000000e+03 -1.931000000000000000e+03 4.603333333333333144e+02 2.869066666666666606e+03 6.232585083272990545e+00
