1.075000000000000000e+03 1.534000000000000000e+03 1.674000000000000000e+03 -1.410000000000000000e+02 -1.177000000000000000e+03 -2.327000000000000000e+03 -3.626000000000000000e+03 -3.651000000000000000e+03 1.035500000000000000e+03 -2.695250000000000000e+03 -2.602848865282472168e+00
-1.495000000000000000e+03 1.075000000000000000e+03 1.534000000000000000e+03 1.674000000000000000e+03 -1.410000000000000000e+02 -1.177000000000000000e+03 -2.327000000000000000e+03 -3.626000000000000000e+03 6.970000000000000000e+02 -1.817750000000000000e+03 -2.607962697274031516e+00
-4.216000000000000000e+03 -1.495000000000000000e+03 1.075000000000000000e+03 1.534000000000000000e+03 1.674000000000000000e+03 -1.410000000000000000e+02 -1.177000000000000000e+03 -2.327000000000000000e+03 -7.755000000000000000e+02 -4.927500000000000000e+02 6.353965183752418033e-01
-2.133000000000000000e+03 -4.216000000000000000e+03 -1.495000000000000000e+03 1.075000000000000000e+03 1.534000000000000000e+03 1.674000000000000000e+03 -1.410000000000000000e+02 -1.177000000000000000e+03 -1.692250000000000000e+03 4.725000000000000000e+02 -2.792140641158221137e-01
-2.679000000000000000e+03 -2.133000000000000000e+03 -4.216000000000000000e+03 -1.495000000000000000e+03 1.075000000000000000e+03 1.534000000000000000e+03 1.674000000000000000e+03 -1.410000000000000000e+02 -2.630750000000000000e+03 1.035500000000000000e+03 -3.936139884063479810e-01
-5.847000000000000000e+03 -2.679000000000000000e+03 -2.133000000000000000e+03 -4.216000000000000000e+03 -1.495000000000000000e+03 1.075000000000000000e+03 1.534000000000000000e+03 1.674000000000000000e+03 -3.718750000000000000e+03 6.970000000000000000e+02 -1.874285714285714166e-01
-6.713000000000000000e+03 -5.847000000000000000e+03 -2.679000000000000000e+03 -2.133000000000000000e+03 -4.216000000000000000e+03 -1.495000000000000000e+03 1.075000000000000000e+03 1.534000000000000000e+03 -4.343000000000000000e+03 -7.755000000000000000e+02 1.785632051577250856e-01
-5.962000000000000000e+03 -6.713000000000000000e+03 -5.847000000000000000e+03 -2.679000000000000000e+03 -2.133000000000000000e+03 -4.216000000000000000e+03 -1.495000000000000000e+03 1.075000000000000000e+03 -5.300250000000000000e+03 -1.692250000000000000e+03 3.192773925758218834e-01
-1.782000000000000000e+03 -5.962000000000000000e+03 -6.713000000000000000e+03 -5.847000000000000000e+03 -2.679000000000000000e+03 -2.133000000000000000e+03 -4.216000000000000000e+03 -1.495000000000000000e+03 -5.076000000000000000e+03 -2.630750000000000000e+03 5.182722616233254032e-01
3.117000000000000000e+03 -1.782000000000000000e+03 -5.962000000000000000e+03 -6.713000000000000000e+03 -5.847000000000000000e+03 -2.679000000000000000e+03 -2.133000000000000000e+03 -4.216000000000000000e+03 -2.835000000000000000e+03 -3.718750000000000000e+03 1.311728395061728447e+00
4.741000000000000000e+03 3.117000000000000000e+03 -1.782000000000000000e+03 -5.962000000000000000e+03 -6.713000000000000000e+03 -5.847000000000000000e+03 -2.679000000000000000e+03 -2.133000000000000000e+03 2.850000000000000000e+01 -4.343000000000000000e+03 -1.523859649122807127e+02
8.943000000000000000e+03 4.741000000000000000e+03 3.117000000000000000e+03 -1.782000000000000000e+03 -5.962000000000000000e+03 -6.713000000000000000e+03 -5.847000000000000000e+03 -2.679000000000000000e+03 3.754750000000000000e+03 -5.300250000000000000e+03 -1.411611958186297366e+00
7.600000000000000000e+03 8.943000000000000000e+03 4.741000000000000000e+03 3.117000000000000000e+03 -1.782000000000000000e+03 -5.962000000000000000e+03 -6.713000000000000000e+03 -5.847000000000000000e+03 6.100250000000000000e+03 -5.076000000000000000e+03 -8.320970452030654885e-01
1.442000000000000000e+03 7.600000000000000000e+03 8.943000000000000000e+03 4.741000000000000000e+03 3.117000000000000000e+03 -1.782000000000000000e+03 -5.962000000000000000e+03 -6.713000000000000000e+03 5.681500000000000000e+03 -2.835000000000000000e+03 -4.989879433248262108e-01
-9.820000000000000000e+02 1.442000000000000000e+03 7.600000000000000000e+03 8.943000000000000000e+03 4.741000000000000000e+03 3.117000000000000000e+03 -1.782000000000000000e+03 -5.962000000000000000e+03 4.250750000000000000e+03 2.850000000000000000e+01 6.704699170734576379e-03
-4.387000000000000000e+03 -9.820000000000000000e+02 1.442000000000000000e+03 7.600000000000000000e+03 8.943000000000000000e+03 4.741000000000000000e+03 3.117000000000000000e+03 -1.782000000000000000e+03 9.182500000000000000e+02 3.754750000000000000e+03 4.089028042472093283e+00
-4.434000000000000000e+03 -4.387000000000000000e+03 -9.820000000000000000e+02 1.442000000000000000e+03 7.600000000000000000e+03 8.943000000000000000e+03 4.741000000000000000e+03 3.117000000000000000e+03 -2.090250000000000000e+03 6.100250000000000000e+03 -2.918430809711757057e+00
-8.370000000000000000e+02 -4.434000000000000000e+03 -4.387000000000000000e+03 -9.820000000000000000e+02 1.442000000000000000e+03 7.600000000000000000e+03 8.943000000000000000e+03 4.741000000000000000e+03 -2.660000000000000000e+03 5.681500000000000000e+03 -2.135902255639097636e+00
1.700000000000000000e+01 -8.370000000000000000e+02 -4.434000000000000000e+03 -4.387000000000000000e+03 -9.820000000000000000e+02 1.442000000000000000e+03 7.600000000000000000e+03 8.943000000000000000e+03 -2.410250000000000000e+03 4.250750000000000000e+03 -1.763613733015247487e+00
6.760000000000000000e+02 1.700000000000000000e+01 -8.370000000000000000e+02 -4.434000000000000000e+03 -4.387000000000000000e+03 -9.820000000000000000e+02 1.442000000000000000e+03 7.600000000000000000e+03 -1.144500000000000000e+03 9.182500000000000000e+02 -8.023154215814766177e-01
3.451000000000000000e+03 6.760000000000000000e+02 1.700000000000000000e+01 -8.370000000000000000e+02 -4.434000000000000000e+03 -4.387000000000000000e+03 -9.820000000000000000e+02 1.442000000000000000e+03 8.267500000000000000e+02 -2.090250000000000000e+03 -2.528273359540369025e+00
-6.067000000000000000e+03 3.451000000000000000e+03 6.760000000000000000e+02 1.700000000000000000e+01 -8.370000000000000000e+02 -4.434000000000000000e+03 -4.387000000000000000e+03 -9.820000000000000000e+02 -4.807500000000000000e+02 -2.660000000000000000e+03 5.533021320852833824e+00
-6.872000000000000000e+03 -6.067000000000000000e+03 3.451000000000000000e+03 6.760000000000000000e+02 1.700000000000000000e+01 -8.370000000000000000e+02 -4.434000000000000000e+03 -4.387000000000000000e+03 -2.203000000000000000e+03 -2.410250000000000000e+03 1.094076259645937466e+00
-7.316000000000000000e+03 -6.872000000000000000e+03 -6.067000000000000000e+03 3.451000000000000000e+03 6.760000000000000000e+02 1.700000000000000000e+01 -8.370000000000000000e+02 -4.434000000000000000e+03 -4.201000000000000000e+03 -1.144500000000000000e+03 2.724351344917876894e-01
-7.373000000000000000e+03 -7.316000000000000000e+03 -6.872000000000000000e+03 -6.067000000000000000e+03 3.451000000000000000e+03 6.760000000000000000e+02 1.700000000000000000e+01 -8.370000000000000000e+02 -6.907000000000000000e+03 8.267500000000000000e+02 -1.196974084262342614e-01
-1.381000000000000000e+03 -7.373000000000000000e+03 -7.316000000000000000e+03 -6.872000000000000000e+03 -6.067000000000000000e+03 3.451000000000000000e+03 6.760000000000000000e+02 1.700000000000000000e+01 -5.735500000000000000e+03 -4.807500000000000000e+02 8.382006799755906123e-02
-1.335000000000000000e+03 -1.381000000000000000e+03 -7.373000000000000000e+03 -7.316000000000000000e+03 -6.872000000000000000e+03 -6.067000000000000000e+03 3.451000000000000000e+03 6.760000000000000000e+02 -4.351250000000000000e+03 -2.203000000000000000e+03 5.062912956047113111e-01
-1.293000000000000000e+03 -1.335000000000000000e+03 -1.381000000000000000e+03 -7.373000000000000000e+03 -7.316000000000000000e+03 -6.872000000000000000e+03 -6.067000000000000000e+03 3.451000000000000000e+03 -2.845500000000000000e+03 -4.201000000000000000e+03 1.476366192233350860e+00
-3.420000000000000000e+02 -1.293000000000000000e+03 -1.335000000000000000e+03 -1.381000000000000000e+03 -7.373000000000000000e+03 -7.316000000000000000e+03 -6.872000000000000000e+03 -6.067000000000000000e+03 -1.087750000000000000e+03 -6.907000000000000000e+03 6.349804642610894057e+00
5.014000000000000000e+03 -3.420000000000000000e+02 -1.293000000000000000e+03 -1.335000000000000000e+03 -1.381000000000000000e+03 -7.373000000000000000e+03 -7.316000000000000000e+03 -6.872000000000000000e+03 5.110000000000000000e+02 -5.735500000000000000e+03 -1.122407045009784810e+01
5.974000000000000000e+03 5.014000000000000000e+03 -3.420000000000000000e+02 -1.293000000000000000e+03 -1.335000000000000000e+03 -1.381000000000000000e+03 -7.373000000000000000e+03 -7.316000000000000000e+03 2.338250000000000000e+03 -4.351250000000000000e+03 -1.860900245910403150e+00
5.592000000000000000e+03 5.974000000000000000e+03 5.014000000000000000e+03 -3.420000000000000000e+02 -1.293000000000000000e+03 -1.335000000000000000e+03 -1.381000000000000000e+03 -7.373000000000000000e+03 4.059500000000000000e+03 -2.845500000000000000e+03 -7.009483926591945080e-01
5.241000000000000000e+03 5.592000000000000000e+03 5.974000000000000000e+03 5.014000000000000000e+03 -3.420000000000000000e+02 -1.293000000000000000e+03 -1.335000000000000000e+03 -1.381000000000000000e+03 5.455250000000000000e+03 -1.087750000000000000e+03 -1.993950781357408109e-01
4.665000000000000000e+03 5.241000000000000000e+03 5.592000000000000000e+03 5.974000000000000000e+03 5.014000000000000000e+03 -3.420000000000000000e+02 -1.293000000000000000e+03 -1.335000000000000000e+03 5.368000000000000000e+03 5.110000000000000000e+02 9.519374068554396773e-02
4.872000000000000000e+03 4.665000000000000000e+03 5.241000000000000000e+03 5.592000000000000000e+03 5.974000000000000000e+03 5.014000000000000000e+03 -3.420000000000000000e+02 -1.293000000000000000e+03 5.092500000000000000e+03 2.338250000000000000e+03 4.591556210112910930e-01
5.174000000000000000e+03 4.872000000000000000e+03 4.665000000000000000e+03 5.241000000000000000e+03 5.592000000000000000e+03 5.974000000000000000e+03 5.014000000000000000e+03 -3.420000000000000000e+02 4.988000000000000000e+03 4.059500000000000000e+03 8.138532477947072463e-01
6.120000000000000000e+03 5.174000000000000000e+03 4.872000000000000000e+03 4.665000000000000000e+03 5.241000000000000000e+03 5.592000000000000000e+03 5.974000000000000000e+03 5.014000000000000000e+03 5.207750000000000000e+03 5.455250000000000000e+03 1.047525322836157624e+00
2.094000000000000000e+03 6.120000000000000000e+03 5.174000000000000000e+03 4.872000000000000000e+03 4.665000000000000000e+03 5.241000000000000000e+03 5.592000000000000000e+03 5.974000000000000000e+03 4.565000000000000000e+03 5.368000000000000000e+03 1.175903614457831425e+00
2.540000000000000000e+03 2.094000000000000000e+03 6.120000000000000000e+03 5.174000000000000000e+03 4.872000000000000000e+03 4.665000000000000000e+03 5.241000000000000000e+03 5.592000000000000000e+03 3.982000000000000000e+03 5.092500000000000000e+03 1.278879959819186229e+00
4.179000000000000000e+03 2.540000000000000000e+03 2.094000000000000000e+03 6.120000000000000000e+03 5.174000000000000000e+03 4.872000000000000000e+03 4.665000000000000000e+03 5.241000000000000000e+03 3.733250000000000000e+03 4.988000000000000000e+03 1.336101252260095018e+00
6.037000000000000000e+03 4.179000000000000000e+03 2.540000000000000000e+03 2.094000000000000000e+03 6.120000000000000000e+03 5.174000000000000000e+03 4.872000000000000000e+03 4.665000000000000000e+03 3.712500000000000000e+03 5.207750000000000000e+03 1.402760942760942653e+00
9.496000000000000000e+03 6.037000000000000000e+03 4.179000000000000000e+03 2.540000000000000000e+03 2.094000000000000000e+03 6.120000000000000000e+03 5.174000000000000000e+03 4.872000000000000000e+03 5.563000000000000000e+03 4.565000000000000000e+03 8.206003954700701319e-01
1.088900000000000000e+04 9.496000000000000000e+03 6.037000000000000000e+03 4.179000000000000000e+03 2.540000000000000000e+03 2.094000000000000000e+03 6.120000000000000000e+03 5.174000000000000000e+03 7.650250000000000000e+03 3.982000000000000000e+03 5.205058658213783662e-01
9.169000000000000000e+03 1.088900000000000000e+04 9.496000000000000000e+03 6.037000000000000000e+03 4.179000000000000000e+03 2.540000000000000000e+03 2.094000000000000000e+03 6.120000000000000000e+03 8.897750000000000000e+03 3.733250000000000000e+03 4.195723637998370337e-01
7.601000000000000000e+03 9.169000000000000000e+03 1.088900000000000000e+04 9.496000000000000000e+03 6.037000000000000000e+03 4.179000000000000000e+03 2.540000000000000000e+03 2.094000000000000000e+03 9.288750000000000000e+03 3.712500000000000000e+03 3.996770286637060798e-01
5.812000000000000000e+03 7.601000000000000000e+03 9.169000000000000000e+03 1.088900000000000000e+04 9.496000000000000000e+03 6.037000000000000000e+03 4.179000000000000000e+03 2.540000000000000000e+03 8.367750000000000000e+03 5.563000000000000000e+03 6.648143168713214202e-01
3.064000000000000000e+03 5.812000000000000000e+03 7.601000000000000000e+03 9.169000000000000000e+03 1.088900000000000000e+04 9.496000000000000000e+03 6.037000000000000000e+03 4.179000000000000000e+03 6.411500000000000000e+03 7.650250000000000000e+03 1.193207517741558199e+00
2.569000000000000000e+03 3.064000000000000000e+03 5.812000000000000000e+03 7.601000000000000000e+03 9.169000000000000000e+03 1.088900000000000000e+04 9.496000000000000000e+03 6.037000000000000000e+03 4.761500000000000000e+03 8.897750000000000000e+03 1.868686338338758857e+00
5.783000000000000000e+03 2.569000000000000000e+03 3.064000000000000000e+03 5.812000000000000000e+03 7.601000000000000000e+03 9.169000000000000000e+03 1.088900000000000000e+04 9.496000000000000000e+03 4.307000000000000000e+03 9.288750000000000000e+03 2.156663570931042440e+00
1.363400000000000000e+04 5.783000000000000000e+03 2.569000000000000000e+03 3.064000000000000000e+03 5.812000000000000000e+03 7.601000000000000000e+03 9.169000000000000000e+03 1.088900000000000000e+04 6.262500000000000000e+03 8.367750000000000000e+03 1.336167664670658617e+00
1.580400000000000000e+04 1.363400000000000000e+04 5.783000000000000000e+03 2.569000000000000000e+03 3.064000000000000000e+03 5.812000000000000000e+03 7.601000000000000000e+03 9.169000000000000000e+03 9.447500000000000000e+03 6.411500000000000000e+03 6.786451442180471139e-01
1.753900000000000000e+04 1.580400000000000000e+04 1.363400000000000000e+04 5.783000000000000000e+03 2.569000000000000000e+03 3.064000000000000000e+03 5.812000000000000000e+03 7.601000000000000000e+03 1.319000000000000000e+04 4.761500000000000000e+03 3.609931766489765104e-01
1.808100000000000000e+04 1.753900000000000000e+04 1.580400000000000000e+04 1.363400000000000000e+04 5.783000000000000000e+03 2.569000000000000000e+03 3.064000000000000000e+03 5.812000000000000000e+03 1.626450000000000000e+04 4.307000000000000000e+03 2.648098619693196598e-01
1.746200000000000000e+04 1.808100000000000000e+04 1.753900000000000000e+04 1.580400000000000000e+04 1.363400000000000000e+04 5.783000000000000000e+03 2.569000000000000000e+03 3.064000000000000000e+03 1.722150000000000000e+04 6.262500000000000000e+03 3.636442818569811108e-01
1.625000000000000000e+04 1.746200000000000000e+04 1.808100000000000000e+04 1.753900000000000000e+04 1.580400000000000000e+04 1.363400000000000000e+04 5.783000000000000000e+03 2.569000000000000000e+03 1.733300000000000000e+04 9.447500000000000000e+03 5.450585588184387875e-01
1.257800000000000000e+04 1.625000000000000000e+04 1.746200000000000000e+04 1.808100000000000000e+04 1.753900000000000000e+04 1.580400000000000000e+04 1.363400000000000000e+04 5.783000000000000000e+03 1.609275000000000000e+04 1.319000000000000000e+04 8.196237436112535635e-01
1.186600000000000000e+04 1.257800000000000000e+04 1.625000000000000000e+04 1.746200000000000000e+04 1.808100000000000000e+04 1.753900000000000000e+04 1.580400000000000000e+04 1.363400000000000000e+04 1.453900000000000000e+04 1.626450000000000000e+04 1.118680789600385195e+00
7.268000000000000000e+03 1.186600000000000000e+04 1.257800000000000000e+04 1.625000000000000000e+04 1.746200000000000000e+04 1.808100000000000000e+04 1.753900000000000000e+04 1.580400000000000000e+04 1.199050000000000000e+04 1.722150000000000000e+04 1.436262040782285920e+00
9.540000000000000000e+03 7.268000000000000000e+03 1.186600000000000000e+04 1.257800000000000000e+04 1.625000000000000000e+04 1.746200000000000000e+04 1.808100000000000000e+04 1.753900000000000000e+04 1.031300000000000000e+04 1.733300000000000000e+04 1.680694269368757876e+00
6.862000000000000000e+03 9.540000000000000000e+03 7.268000000000000000e+03 1.186600000000000000e+04 1.257800000000000000e+04 1.625000000000000000e+04 1.746200000000000000e+04 1.808100000000000000e+04 8.884000000000000000e+03 1.609275000000000000e+04 1.811430661864025238e+00
6.150000000000000000e+03 6.862000000000000000e+03 9.540000000000000000e+03 7.268000000000000000e+03 1.186600000000000000e+04 1.257800000000000000e+04 1.625000000000000000e+04 1.746200000000000000e+04 7.455000000000000000e+03 1.453900000000000000e+04 1.950234741784037551e+00
-3.926000000000000000e+03 6.150000000000000000e+03 6.862000000000000000e+03 9.540000000000000000e+03 7.268000000000000000e+03 1.186600000000000000e+04 1.257800000000000000e+04 1.625000000000000000e+04 4.656500000000000000e+03 1.199050000000000000e+04 2.575002684419628540e+00
1.202000000000000000e+03 -3.926000000000000000e+03 6.150000000000000000e+03 6.862000000000000000e+03 9.540000000000000000e+03 7.268000000000000000e+03 1.186600000000000000e+04 1.257800000000000000e+04 2.572000000000000000e+03 1.031300000000000000e+04 4.009720062208398161e+00
1.031900000000000000e+04 1.202000000000000000e+03 -3.926000000000000000e+03 6.150000000000000000e+03 6.862000000000000000e+03 9.540000000000000000e+03 7.268000000000000000e+03 1.186600000000000000e+04 3.436250000000000000e+03 8.884000000000000000e+03 2.585376500545653045e+00
1.492700000000000000e+04 1.031900000000000000e+04 1.202000000000000000e+03 -3.926000000000000000e+03 6.150000000000000000e+03 6.862000000000000000e+03 9.540000000000000000e+03 7.268000000000000000e+03 5.630500000000000000e+03 7.455000000000000000e+03 1.324038717698250656e+00
-4.038500000000000000e+04 1.492700000000000000e+04 1.031900000000000000e+04 1.202000000000000000e+03 -3.926000000000000000e+03 6.150000000000000000e+03 6.862000000000000000e+03 9.540000000000000000e+03 -3.484250000000000000e+03 4.656500000000000000e+03 -1.336442562961899894e+00
-1.096700000000000000e+04 -4.038500000000000000e+04 1.492700000000000000e+04 1.031900000000000000e+04 1.202000000000000000e+03 -3.926000000000000000e+03 6.150000000000000000e+03 6.862000000000000000e+03 -6.526500000000000000e+03 2.572000000000000000e+03 -3.940856508082433152e-01
-8.756100000000000000e+04 -1.096700000000000000e+04 -4.038500000000000000e+04 1.492700000000000000e+04 1.031900000000000000e+04 1.202000000000000000e+03 -3.926000000000000000e+03 6.150000000000000000e+03 -3.099650000000000000e+04 3.436250000000000000e+03 -1.108592905650638005e-01
-4.088700000000000000e+04 -8.756100000000000000e+04 -1.096700000000000000e+04 -4.038500000000000000e+04 1.492700000000000000e+04 1.031900000000000000e+04 1.202000000000000000e+03 -3.926000000000000000e+03 -4.495000000000000000e+04 5.630500000000000000e+03 -1.252614015572858785e-01
3.893000000000000000e+03 -4.088700000000000000e+04 -8.756100000000000000e+04 -1.096700000000000000e+04 -4.038500000000000000e+04 1.492700000000000000e+04 1.031900000000000000e+04 1.202000000000000000e+03 -3.388050000000000000e+04 -3.484250000000000000e+03 1.028393913903277723e-01
1.416800000000000000e+04 3.893000000000000000e+03 -4.088700000000000000e+04 -8.756100000000000000e+04 -1.096700000000000000e+04 -4.038500000000000000e+04 1.492700000000000000e+04 1.031900000000000000e+04 -2.759675000000000000e+04 -6.526500000000000000e+03 2.364952394756628939e-01
2.145200000000000000e+04 1.416800000000000000e+04 3.893000000000000000e+03 -4.088700000000000000e+04 -8.756100000000000000e+04 -1.096700000000000000e+04 -4.038500000000000000e+04 1.492700000000000000e+04 -3.435000000000000000e+02 -3.099650000000000000e+04 9.023726346433770118e+01
1.263700000000000000e+04 2.145200000000000000e+04 1.416800000000000000e+04 3.893000000000000000e+03 -4.088700000000000000e+04 -8.756100000000000000e+04 -1.096700000000000000e+04 -4.038500000000000000e+04 1.303750000000000000e+04 -4.495000000000000000e+04 -3.447746883988494826e+00
2.251100000000000000e+04 1.263700000000000000e+04 2.145200000000000000e+04 1.416800000000000000e+04 3.893000000000000000e+03 -4.088700000000000000e+04 -8.756100000000000000e+04 -1.096700000000000000e+04 1.769200000000000000e+04 -3.388050000000000000e+04 -1.915018087271082914e+00
1.658200000000000000e+04 2.251100000000000000e+04 1.263700000000000000e+04 2.145200000000000000e+04 1.416800000000000000e+04 3.893000000000000000e+03 -4.088700000000000000e+04 -8.756100000000000000e+04 1.829550000000000000e+04 -2.759675000000000000e+04 -1.508390041266978177e+00
2.034900000000000000e+04 1.658200000000000000e+04 2.251100000000000000e+04 1.263700000000000000e+04 2.145200000000000000e+04 1.416800000000000000e+04 3.893000000000000000e+03 -4.088700000000000000e+04 1.801975000000000000e+04 -3.435000000000000000e+02 -1.906241762510578822e-02
5.234000000000000000e+03 2.034900000000000000e+04 1.658200000000000000e+04 2.251100000000000000e+04 1.263700000000000000e+04 2.145200000000000000e+04 1.416800000000000000e+04 3.893000000000000000e+03 1.616900000000000000e+04 1.303750000000000000e+04 8.063269218875626088e-01
-2.241000000000000000e+03 5.234000000000000000e+03 2.034900000000000000e+04 1.658200000000000000e+04 2.251100000000000000e+04 1.263700000000000000e+04 2.145200000000000000e+04 1.416800000000000000e+04 9.981000000000000000e+03 1.769200000000000000e+04 1.772567878970042976e+00
3.137000000000000000e+03 -2.241000000000000000e+03 5.234000000000000000e+03 2.034900000000000000e+04 1.658200000000000000e+04 2.251100000000000000e+04 1.263700000000000000e+04 2.145200000000000000e+04 6.619750000000000000e+03 1.829550000000000000e+04 2.763775067034253574e+00
4.077000000000000000e+03 3.137000000000000000e+03 -2.241000000000000000e+03 5.234000000000000000e+03 2.034900000000000000e+04 1.658200000000000000e+04 2.251100000000000000e+04 1.263700000000000000e+04 2.551750000000000000e+03 1.801975000000000000e+04 7.061722347408641021e+00
2.391800000000000000e+04 4.077000000000000000e+03 3.137000000000000000e+03 -2.241000000000000000e+03 5.234000000000000000e+03 2.034900000000000000e+04 1.658200000000000000e+04 2.251100000000000000e+04 7.222750000000000000e+03 1.616900000000000000e+04 2.238621023848257341e+00
1.550400000000000000e+04 2.391800000000000000e+04 4.077000000000000000e+03 3.137000000000000000e+03 -2.241000000000000000e+03 5.234000000000000000e+03 2.034900000000000000e+04 1.658200000000000000e+04 1.165900000000000000e+04 9.981000000000000000e+03 8.560768505017583019e-01
1.023400000000000000e+04 1.550400000000000000e+04 2.391800000000000000e+04 4.077000000000000000e+03 3.137000000000000000e+03 -2.241000000000000000e+03 5.234000000000000000e+03 2.034900000000000000e+04 1.343325000000000000e+04 6.619750000000000000e+03 4.927884168015930766e-01
1.203500000000000000e+04 1.023400000000000000e+04 1.550400000000000000e+04 2.391800000000000000e+04 4.077000000000000000e+03 3.137000000000000000e+03 -2.241000000000000000e+03 5.234000000000000000e+03 1.542275000000000000e+04 2.551750000000000000e+03 1.654536318101505754e-01
1.590700000000000000e+04 1.203500000000000000e+04 1.023400000000000000e+04 1.550400000000000000e+04 2.391800000000000000e+04 4.077000000000000000e+03 3.137000000000000000e+03 -2.241000000000000000e+03 1.342000000000000000e+04 7.222750000000000000e+03 5.382078986587183200e-01
-8.936000000000000000e+03 1.590700000000000000e+04 1.203500000000000000e+04 1.023400000000000000e+04 1.550400000000000000e+04 2.391800000000000000e+04 4.077000000000000000e+03 3.137000000000000000e+03 7.310000000000000000e+03 1.165900000000000000e+04 1.594938440492476017e+00
-3.586000000000000000e+03 -8.936000000000000000e+03 1.590700000000000000e+04 1.203500000000000000e+04 1.023400000000000000e+04 1.550400000000000000e+04 2.391800000000000000e+04 4.077000000000000000e+03 3.855000000000000000e+03 1.343325000000000000e+04 3.484630350194552584e+00
6.635000000000000000e+03 -3.586000000000000000e+03 -8.936000000000000000e+03 1.590700000000000000e+04 1.203500000000000000e+04 1.023400000000000000e+04 1.550400000000000000e+04 2.391800000000000000e+04 2.505000000000000000e+03 1.542275000000000000e+04 6.156786427145708451e+00
1.186200000000000000e+04 6.635000000000000000e+03 -3.586000000000000000e+03 -8.936000000000000000e+03 1.590700000000000000e+04 1.203500000000000000e+04 1.023400000000000000e+04 1.550400000000000000e+04 1.493750000000000000e+03 1.342000000000000000e+04 8.984100418410042366e+00
1.789500000000000000e+04 1.186200000000000000e+04 6.635000000000000000e+03 -3.586000000000000000e+03 -8.936000000000000000e+03 1.590700000000000000e+04 1.203500000000000000e+04 1.023400000000000000e+04 8.201500000000000000e+03 7.310000000000000000e+03 8.913003718831921107e-01
1.686900000000000000e+04 1.789500000000000000e+04 1.186200000000000000e+04 6.635000000000000000e+03 -3.586000000000000000e+03 -8.936000000000000000e+03 1.590700000000000000e+04 1.203500000000000000e+04 1.331525000000000000e+04 3.855000000000000000e+03 2.895176583241020896e-01
1.780200000000000000e+04 1.686900000000000000e+04 1.789500000000000000e+04 1.186200000000000000e+04 6.635000000000000000e+03 -3.586000000000000000e+03 -8.936000000000000000e+03 1.590700000000000000e+04 1.610700000000000000e+04 2.505000000000000000e+03 1.555224436580368852e-01
2.047500000000000000e+04 1.780200000000000000e+04 1.686900000000000000e+04 1.789500000000000000e+04 1.186200000000000000e+04 6.635000000000000000e+03 -3.586000000000000000e+03 -8.936000000000000000e+03 1.826025000000000000e+04 1.493750000000000000e+03 8.180337070960146117e-02
7.884000000000000000e+03 2.047500000000000000e+04 1.780200000000000000e+04 1.686900000000000000e+04 1.789500000000000000e+04 1.186200000000000000e+04 6.635000000000000000e+03 -3.586000000000000000e+03 1.575750000000000000e+04 8.201500000000000000e+03 5.204823100111057865e-01
2.103300000000000000e+04 7.884000000000000000e+03 2.047500000000000000e+04 1.780200000000000000e+04 1.686900000000000000e+04 1.789500000000000000e+04 1.186200000000000000e+04 6.635000000000000000e+03 1.679850000000000000e+04 1.331525000000000000e+04 7.926451766526773079e-01
2.180800000000000000e+04 2.103300000000000000e+04 7.884000000000000000e+03 2.047500000000000000e+04 1.780200000000000000e+04 1.686900000000000000e+04 1.789500000000000000e+04 1.186200000000000000e+04 1.780000000000000000e+04 1.610700000000000000e+04 9.048876404494382575e-01
2.272600000000000000e+04 2.180800000000000000e+04 2.103300000000000000e+04 7.884000000000000000e+03 2.047500000000000000e+04 1.780200000000000000e+04 1.686900000000000000e+04 1.789500000000000000e+04 1.836275000000000000e+04 1.826025000000000000e+04 9.944180474057534580e-01
2.152700000000000000e+04 2.272600000000000000e+04 2.180800000000000000e+04 2.103300000000000000e+04 7.884000000000000000e+03 2.047500000000000000e+04 1.780200000000000000e+04 1.686900000000000000e+04 2.177350000000000000e+04 1.575750000000000000e+04 7.237008289893678281e-01
2.215700000000000000e+04 2.152700000000000000e+04 2.272600000000000000e+04 2.180800000000000000e+04 2.103300000000000000e+04 7.884000000000000000e+03 2.047500000000000000e+04 1.780200000000000000e+04 2.205450000000000000e+04 1.679850000000000000e+04 7.616812895327483846e-01
2.173400000000000000e+04 2.215700000000000000e+04 2.152700000000000000e+04 2.272600000000000000e+04 2.180800000000000000e+04 2.103300000000000000e+04 7.884000000000000000e+03 2.047500000000000000e+04 2.203600000000000000e+04 1.780000000000000000e+04 8.077691051007442891e-01
2.383700000000000000e+04 2.173400000000000000e+04 2.215700000000000000e+04 2.152700000000000000e+04 2.272600000000000000e+04 2.180800000000000000e+04 2.103300000000000000e+04 7.884000000000000000e+03 2.231375000000000000e+04 1.836275000000000000e+04 8.229342893955520211e-01
2.284900000000000000e+04 2.383700000000000000e+04 2.173400000000000000e+04 2.215700000000000000e+04 2.152700000000000000e+04 2.272600000000000000e+04 2.180800000000000000e+04 2.103300000000000000e+04 2.264425000000000000e+04 2.177350000000000000e+04 9.615465294721617928e-01
2.300900000000000000e+04 2.284900000000000000e+04 2.383700000000000000e+04 2.173400000000000000e+04 2.215700000000000000e+04 2.152700000000000000e+04 2.272600000000000000e+04 2.180800000000000000e+04 2.285725000000000000e+04 2.205450000000000000e+04 9.648798521256931604e-01
5.361495145631068226e+03 2.300900000000000000e+04 2.284900000000000000e+04 2.383700000000000000e+04 2.173400000000000000e+04 2.215700000000000000e+04 2.152700000000000000e+04 2.272600000000000000e+04 2.323166666666666788e+04 2.203600000000000000e+04 9.485328933208981850e-01
