2.063482999999999947e+02 2.459586999999999932e+02 2.558035000000000139e+02 1.943367000000000075e+02 2.236459000000000117e+02 2.678704999999999927e+02 2.708075999999999794e+02 2.247579999999999814e+02 2.256118000000000166e+02 2.467704999999999700e+02 1.093783658478855836e+00
2.135338999999999885e+02 2.063482999999999947e+02 2.459586999999999932e+02 2.558035000000000139e+02 1.943367000000000075e+02 2.236459000000000117e+02 2.678704999999999927e+02 2.708075999999999794e+02 2.304111000000000047e+02 2.391651750000000050e+02 1.037993286781756508e+00
2.555700999999999965e+02 2.135338999999999885e+02 2.063482999999999947e+02 2.459586999999999932e+02 2.558035000000000139e+02 1.943367000000000075e+02 2.236459000000000117e+02 2.678704999999999927e+02 2.303527499999999861e+02 2.354141500000000065e+02 1.021972388000577547e+00
2.701311000000000035e+02 2.555700999999999965e+02 2.135338999999999885e+02 2.063482999999999947e+02 2.459586999999999932e+02 2.558035000000000139e+02 1.943367000000000075e+02 2.236459000000000117e+02 2.363958499999999958e+02 2.299361999999999853e+02 9.726744356975809414e-01
2.762402999999999906e+02 2.701311000000000035e+02 2.555700999999999965e+02 2.135338999999999885e+02 2.063482999999999947e+02 2.459586999999999932e+02 2.558035000000000139e+02 1.943367000000000075e+02 2.538688500000000090e+02 2.256118000000000166e+02 8.886943002262782665e-01
2.837142999999999802e+02 2.762402999999999906e+02 2.701311000000000035e+02 2.555700999999999965e+02 2.135338999999999885e+02 2.063482999999999947e+02 2.459586999999999932e+02 2.558035000000000139e+02 2.714139499999999998e+02 2.304111000000000047e+02 8.489287304502955989e-01
3.217726000000000113e+02 2.837142999999999802e+02 2.762402999999999906e+02 2.701311000000000035e+02 2.555700999999999965e+02 2.135338999999999885e+02 2.063482999999999947e+02 2.459586999999999932e+02 2.879645750000000248e+02 2.303527499999999861e+02 7.999343322004103252e-01
3.292436000000000149e+02 3.217726000000000113e+02 2.837142999999999802e+02 2.762402999999999906e+02 2.701311000000000035e+02 2.555700999999999965e+02 2.135338999999999885e+02 2.063482999999999947e+02 3.027427000000000135e+02 2.363958499999999958e+02 7.808473994583519096e-01
3.200253999999999905e+02 3.292436000000000149e+02 3.217726000000000113e+02 2.837142999999999802e+02 2.762402999999999906e+02 2.701311000000000035e+02 2.555700999999999965e+02 2.135338999999999885e+02 3.136889750000000276e+02 2.538688500000000090e+02 8.093011557068590101e-01
3.307502999999999815e+02 3.200253999999999905e+02 3.292436000000000149e+02 3.217726000000000113e+02 2.837142999999999802e+02 2.762402999999999906e+02 2.701311000000000035e+02 2.555700999999999965e+02 3.254479749999999854e+02 2.714139499999999998e+02 8.339703143029235655e-01
3.613806999999999903e+02 3.307502999999999815e+02 3.200253999999999905e+02 3.292436000000000149e+02 3.217726000000000113e+02 2.837142999999999802e+02 2.762402999999999906e+02 2.701311000000000035e+02 3.353500000000000227e+02 2.879645750000000248e+02 8.586985984792008253e-01
3.496573000000000206e+02 3.613806999999999903e+02 3.307502999999999815e+02 3.200253999999999905e+02 3.292436000000000149e+02 3.217726000000000113e+02 2.837142999999999802e+02 2.762402999999999906e+02 3.404534249999999815e+02 3.027427000000000135e+02 8.892338210432162438e-01
3.498405000000000200e+02 3.496573000000000206e+02 3.613806999999999903e+02 3.307502999999999815e+02 3.200253999999999905e+02 3.292436000000000149e+02 3.217726000000000113e+02 2.837142999999999802e+02 3.479071999999999889e+02 3.136889750000000276e+02 9.016455393852155220e-01
3.577040000000000077e+02 3.498405000000000200e+02 3.496573000000000206e+02 3.613806999999999903e+02 3.307502999999999815e+02 3.200253999999999905e+02 3.292436000000000149e+02 3.217726000000000113e+02 3.546456249999999955e+02 3.254479749999999854e+02 9.176709144515740046e-01
3.945153000000000247e+02 3.577040000000000077e+02 3.498405000000000200e+02 3.496573000000000206e+02 3.613806999999999903e+02 3.307502999999999815e+02 3.200253999999999905e+02 3.292436000000000149e+02 3.629292750000000183e+02 3.353500000000000227e+02 9.240092301730137292e-01
3.968365999999999758e+02 3.945153000000000247e+02 3.577040000000000077e+02 3.498405000000000200e+02 3.496573000000000206e+02 3.613806999999999903e+02 3.307502999999999815e+02 3.200253999999999905e+02 3.747241000000000213e+02 3.404534249999999815e+02 9.085442462868013047e-01
3.895545000000000186e+02 3.968365999999999758e+02 3.945153000000000247e+02 3.577040000000000077e+02 3.498405000000000200e+02 3.496573000000000206e+02 3.613806999999999903e+02 3.307502999999999815e+02 3.846526000000000067e+02 3.479071999999999889e+02 9.044712033663622197e-01
3.806947000000000116e+02 3.895545000000000186e+02 3.968365999999999758e+02 3.945153000000000247e+02 3.577040000000000077e+02 3.498405000000000200e+02 3.496573000000000206e+02 3.613806999999999903e+02 3.904002749999999651e+02 3.546456249999999955e+02 9.084154077504172919e-01
4.402590000000000146e+02 3.806947000000000116e+02 3.895545000000000186e+02 3.968365999999999758e+02 3.945153000000000247e+02 3.577040000000000077e+02 3.498405000000000200e+02 3.496573000000000206e+02 4.018361999999999625e+02 3.629292750000000183e+02 9.031771527801627508e-01
4.325095000000000027e+02 4.402590000000000146e+02 3.806947000000000116e+02 3.895545000000000186e+02 3.968365999999999758e+02 3.945153000000000247e+02 3.577040000000000077e+02 3.498405000000000200e+02 4.107544250000000261e+02 3.747241000000000213e+02 9.122825639675092857e-01
4.068682999999999765e+02 4.325095000000000027e+02 4.402590000000000146e+02 3.806947000000000116e+02 3.895545000000000186e+02 3.968365999999999758e+02 3.945153000000000247e+02 3.577040000000000077e+02 4.150828750000000014e+02 3.846526000000000067e+02 9.266886763275887784e-01
4.140747000000000071e+02 4.068682999999999765e+02 4.325095000000000027e+02 4.402590000000000146e+02 3.806947000000000116e+02 3.895545000000000186e+02 3.968365999999999758e+02 3.945153000000000247e+02 4.234278749999999718e+02 3.904002749999999651e+02 9.219994668513498137e-01
4.885269999999999868e+02 4.140747000000000071e+02 4.068682999999999765e+02 4.325095000000000027e+02 4.402590000000000146e+02 3.806947000000000116e+02 3.895545000000000186e+02 3.968365999999999758e+02 4.354948749999999791e+02 4.018361999999999625e+02 9.227116622210536079e-01
4.772567000000000235e+02 4.885269999999999868e+02 4.140747000000000071e+02 4.068682999999999765e+02 4.325095000000000027e+02 4.402590000000000146e+02 3.806947000000000116e+02 3.895545000000000186e+02 4.466816750000000411e+02 4.107544250000000261e+02 9.195685607653369953e-01
4.477054999999999723e+02 4.772567000000000235e+02 4.885269999999999868e+02 4.140747000000000071e+02 4.068682999999999765e+02 4.325095000000000027e+02 4.402590000000000146e+02 3.806947000000000116e+02 4.568909750000000258e+02 4.150828750000000014e+02 9.084943623585473027e-01
4.655430999999999813e+02 4.477054999999999723e+02 4.772567000000000235e+02 4.885269999999999868e+02 4.140747000000000071e+02 4.068682999999999765e+02 4.325095000000000027e+02 4.402590000000000146e+02 4.697580749999999625e+02 4.234278749999999718e+02 9.013743403985126079e-01
5.185276000000000067e+02 4.655430999999999813e+02 4.477054999999999723e+02 4.772567000000000235e+02 4.885269999999999868e+02 4.140747000000000071e+02 4.068682999999999765e+02 4.325095000000000027e+02 4.772582250000000386e+02 4.354948749999999791e+02 9.124931791379812251e-01
5.046637999999999806e+02 5.185276000000000067e+02 4.655430999999999813e+02 4.477054999999999723e+02 4.772567000000000235e+02 4.885269999999999868e+02 4.140747000000000071e+02 4.068682999999999765e+02 4.841100000000000136e+02 4.466816750000000411e+02 9.226863212906157852e-01
4.881394000000000233e+02 5.046637999999999806e+02 5.185276000000000067e+02 4.655430999999999813e+02 4.477054999999999723e+02 4.772567000000000235e+02 4.885269999999999868e+02 4.140747000000000071e+02 4.942184750000000122e+02 4.568909750000000258e+02 9.244716620518891315e-01
4.935004999999999882e+02 4.881394000000000233e+02 5.046637999999999806e+02 5.185276000000000067e+02 4.655430999999999813e+02 4.477054999999999723e+02 4.772567000000000235e+02 4.885269999999999868e+02 5.012078249999999571e+02 4.697580749999999625e+02 9.372520770201462348e-01
5.244763000000000375e+02 4.935004999999999882e+02 4.881394000000000233e+02 5.046637999999999806e+02 5.185276000000000067e+02 4.655430999999999813e+02 4.477054999999999723e+02 4.772567000000000235e+02 5.026949999999999932e+02 4.772582250000000386e+02 9.493991883746606408e-01
4.659390000000000214e+02 5.244763000000000375e+02 4.935004999999999882e+02 4.881394000000000233e+02 5.046637999999999806e+02 5.185276000000000067e+02 4.655430999999999813e+02 4.477054999999999723e+02 4.930138000000000602e+02 4.841100000000000136e+02 9.819400592843444686e-01
4.170348999999999933e+02 4.659390000000000214e+02 5.244763000000000375e+02 4.935004999999999882e+02 4.881394000000000233e+02 5.046637999999999806e+02 5.185276000000000067e+02 4.655430999999999813e+02 4.752376749999999674e+02 4.942184750000000122e+02 1.039939594435563386e+00
3.982087999999999965e+02 4.170348999999999933e+02 4.659390000000000214e+02 5.244763000000000375e+02 4.935004999999999882e+02 4.881394000000000233e+02 5.046637999999999806e+02 5.185276000000000067e+02 4.514147500000000264e+02 5.012078249999999571e+02 1.110304492708755975e+00
4.095301999999999794e+02 3.982087999999999965e+02 4.170348999999999933e+02 4.659390000000000214e+02 5.244763000000000375e+02 4.935004999999999882e+02 4.881394000000000233e+02 5.046637999999999806e+02 4.226782250000000545e+02 5.026949999999999932e+02 1.189308959551914402e+00
3.578670999999999935e+02 4.095301999999999794e+02 3.982087999999999965e+02 4.170348999999999933e+02 4.659390000000000214e+02 5.244763000000000375e+02 4.935004999999999882e+02 4.881394000000000233e+02 3.956602500000000191e+02 4.930138000000000602e+02 1.246053400613278850e+00
2.772001000000000204e+02 3.578670999999999935e+02 4.095301999999999794e+02 3.982087999999999965e+02 4.170348999999999933e+02 4.659390000000000214e+02 5.244763000000000375e+02 4.935004999999999882e+02 3.607015499999999975e+02 4.752376749999999674e+02 1.317537102349573885e+00
2.538054999999999950e+02 2.772001000000000204e+02 3.578670999999999935e+02 4.095301999999999794e+02 3.982087999999999965e+02 4.170348999999999933e+02 4.659390000000000214e+02 5.244763000000000375e+02 3.246007249999999544e+02 4.514147500000000264e+02 1.390676961673453116e+00
3.168784999999999741e+02 2.538054999999999950e+02 2.772001000000000204e+02 3.578670999999999935e+02 4.095301999999999794e+02 3.982087999999999965e+02 4.170348999999999933e+02 4.659390000000000214e+02 3.014377999999999815e+02 4.226782250000000545e+02 1.402207105412791810e+00
3.259198999999999842e+02 3.168784999999999741e+02 2.538054999999999950e+02 2.772001000000000204e+02 3.578670999999999935e+02 4.095301999999999794e+02 3.982087999999999965e+02 4.170348999999999933e+02 2.934509999999999650e+02 3.956602500000000191e+02 1.348300908839976886e+00
3.029490000000000123e+02 3.259198999999999842e+02 3.168784999999999741e+02 2.538054999999999950e+02 2.772001000000000204e+02 3.578670999999999935e+02 4.095301999999999794e+02 3.982087999999999965e+02 2.998882249999999772e+02 3.607015499999999975e+02 1.202786638254969898e+00
2.723136000000000081e+02 3.029490000000000123e+02 3.259198999999999842e+02 3.168784999999999741e+02 2.538054999999999950e+02 2.772001000000000204e+02 3.578670999999999935e+02 4.095301999999999794e+02 3.045152499999999804e+02 3.246007249999999544e+02 1.065958847709597368e+00
3.013355000000000246e+02 2.723136000000000081e+02 3.029490000000000123e+02 3.259198999999999842e+02 3.168784999999999741e+02 2.538054999999999950e+02 2.772001000000000204e+02 3.578670999999999935e+02 3.006295000000000073e+02 3.014377999999999815e+02 1.002688691562205303e+00
2.890018000000000029e+02 3.013355000000000246e+02 2.723136000000000081e+02 3.029490000000000123e+02 3.259198999999999842e+02 3.168784999999999741e+02 2.538054999999999950e+02 2.772001000000000204e+02 2.913999750000000404e+02 2.934509999999999650e+02 1.007038521537278575e+00
2.460953000000000088e+02 2.890018000000000029e+02 3.013355000000000246e+02 2.723136000000000081e+02 3.029490000000000123e+02 3.259198999999999842e+02 3.168784999999999741e+02 2.538054999999999950e+02 2.771865500000000111e+02 2.998882249999999772e+02 1.081900348339412510e+00
2.191225000000000023e+02 2.460953000000000088e+02 2.890018000000000029e+02 3.013355000000000246e+02 2.723136000000000081e+02 3.029490000000000123e+02 3.259198999999999842e+02 3.168784999999999741e+02 2.638887750000000096e+02 3.045152499999999804e+02 1.153953024337620814e+00
2.519413999999999874e+02 2.191225000000000023e+02 2.460953000000000088e+02 2.890018000000000029e+02 3.013355000000000246e+02 2.723136000000000081e+02 3.029490000000000123e+02 3.259198999999999842e+02 2.515402500000000146e+02 3.006295000000000073e+02 1.195154652187870425e+00
2.595425999999999931e+02 2.519413999999999874e+02 2.191225000000000023e+02 2.460953000000000088e+02 2.890018000000000029e+02 3.013355000000000246e+02 2.723136000000000081e+02 3.029490000000000123e+02 2.441754500000000121e+02 2.913999750000000404e+02 1.193404066625043614e+00
2.286033999999999935e+02 2.595425999999999931e+02 2.519413999999999874e+02 2.191225000000000023e+02 2.460953000000000088e+02 2.890018000000000029e+02 3.013355000000000246e+02 2.723136000000000081e+02 2.398024749999999585e+02 2.771865500000000111e+02 1.155895284233409370e+00
2.204445000000000050e+02 2.286033999999999935e+02 2.595425999999999931e+02 2.519413999999999874e+02 2.191225000000000023e+02 2.460953000000000088e+02 2.890018000000000029e+02 3.013355000000000246e+02 2.401329749999999876e+02 2.638887750000000096e+02 1.098927687877935266e+00
2.558691000000000031e+02 2.204445000000000050e+02 2.286033999999999935e+02 2.595425999999999931e+02 2.519413999999999874e+02 2.191225000000000023e+02 2.460953000000000088e+02 2.890018000000000029e+02 2.411149000000000058e+02 2.515402500000000146e+02 1.043238099345996428e+00
2.531582999999999970e+02 2.558691000000000031e+02 2.204445000000000050e+02 2.286033999999999935e+02 2.595425999999999931e+02 2.519413999999999874e+02 2.191225000000000023e+02 2.460953000000000088e+02 2.395188249999999925e+02 2.441754500000000121e+02 1.019441582514443390e+00
2.387206999999999937e+02 2.531582999999999970e+02 2.558691000000000031e+02 2.204445000000000050e+02 2.286033999999999935e+02 2.595425999999999931e+02 2.519413999999999874e+02 2.191225000000000023e+02 2.420481500000000210e+02 2.398024749999999585e+02 9.907221972157189693e-01
2.199975000000000023e+02 2.387206999999999937e+02 2.531582999999999970e+02 2.558691000000000031e+02 2.204445000000000050e+02 2.286033999999999935e+02 2.595425999999999931e+02 2.519413999999999874e+02 2.419364000000000203e+02 2.401329749999999876e+02 9.925458715596329196e-01
2.314011999999999887e+02 2.199975000000000023e+02 2.387206999999999937e+02 2.531582999999999970e+02 2.558691000000000031e+02 2.204445000000000050e+02 2.286033999999999935e+02 2.595425999999999931e+02 2.358194249999999670e+02 2.411149000000000058e+02 1.022455635281105613e+00
2.330805000000000007e+02 2.314011999999999887e+02 2.199975000000000023e+02 2.387206999999999937e+02 2.531582999999999970e+02 2.558691000000000031e+02 2.204445000000000050e+02 2.286033999999999935e+02 2.307999749999999892e+02 2.395188249999999925e+02 1.037776650539065315e+00
3.364565999999999804e+02 2.330805000000000007e+02 2.314011999999999887e+02 2.199975000000000023e+02 2.387206999999999937e+02 2.531582999999999970e+02 2.558691000000000031e+02 2.204445000000000050e+02 2.552339499999999930e+02 2.420481500000000210e+02 9.483383773984613851e-01
2.470243000000000109e+02 3.364565999999999804e+02 2.330805000000000007e+02 2.314011999999999887e+02 2.199975000000000023e+02 2.387206999999999937e+02 2.531582999999999970e+02 2.558691000000000031e+02 2.619906500000000165e+02 2.419364000000000203e+02 9.234543293816019904e-01
2.450277000000000100e+02 2.470243000000000109e+02 3.364565999999999804e+02 2.330805000000000007e+02 2.314011999999999887e+02 2.199975000000000023e+02 2.387206999999999937e+02 2.531582999999999970e+02 2.653972749999999792e+02 2.358194249999999670e+02 8.885525482505424177e-01
2.235347999999999900e+02 2.450277000000000100e+02 2.470243000000000109e+02 3.364565999999999804e+02 2.330805000000000007e+02 2.314011999999999887e+02 2.199975000000000023e+02 2.387206999999999937e+02 2.630108500000000049e+02 2.307999749999999892e+02 8.775302425736428713e-01
1.959249000000000080e+02 2.235347999999999900e+02 2.450277000000000100e+02 2.470243000000000109e+02 3.364565999999999804e+02 2.330805000000000007e+02 2.314011999999999887e+02 2.199975000000000023e+02 2.278779250000000047e+02 2.552339499999999930e+02 1.120046840868855531e+00
1.832375000000000114e+02 1.959249000000000080e+02 2.235347999999999900e+02 2.450277000000000100e+02 2.470243000000000109e+02 3.364565999999999804e+02 2.330805000000000007e+02 2.314011999999999887e+02 2.119312250000000120e+02 2.619906500000000165e+02 1.236205990882183636e+00
2.242918999999999983e+02 1.832375000000000114e+02 1.959249000000000080e+02 2.235347999999999900e+02 2.450277000000000100e+02 2.470243000000000109e+02 3.364565999999999804e+02 2.330805000000000007e+02 2.067472750000000019e+02 2.653972749999999792e+02 1.283679676068281816e+00
2.131243000000000052e+02 2.242918999999999983e+02 1.832375000000000114e+02 1.959249000000000080e+02 2.235347999999999900e+02 2.450277000000000100e+02 2.470243000000000109e+02 3.364565999999999804e+02 2.041446500000000128e+02 2.630108500000000049e+02 1.288355340196277510e+00
1.846702999999999975e+02 2.131243000000000052e+02 2.242918999999999983e+02 1.832375000000000114e+02 1.959249000000000080e+02 2.235347999999999900e+02 2.450277000000000100e+02 2.470243000000000109e+02 2.013310000000000173e+02 2.278779250000000047e+02 1.131857115893727173e+00
1.656988000000000056e+02 1.846702999999999975e+02 2.131243000000000052e+02 2.242918999999999983e+02 1.832375000000000114e+02 1.959249000000000080e+02 2.235347999999999900e+02 2.450277000000000100e+02 1.969463250000000016e+02 2.119312250000000120e+02 1.076086212829815425e+00
1.812383000000000095e+02 1.656988000000000056e+02 1.846702999999999975e+02 2.131243000000000052e+02 2.242918999999999983e+02 1.832375000000000114e+02 1.959249000000000080e+02 2.235347999999999900e+02 1.861829250000000116e+02 2.067472750000000019e+02 1.110452395137738746e+00
1.624204000000000008e+02 1.812383000000000095e+02 1.656988000000000056e+02 1.846702999999999975e+02 2.131243000000000052e+02 2.242918999999999983e+02 1.832375000000000114e+02 1.959249000000000080e+02 1.735069500000000176e+02 2.041446500000000128e+02 1.176579093805752319e+00
1.248072999999999979e+02 1.624204000000000008e+02 1.812383000000000095e+02 1.656988000000000056e+02 1.846702999999999975e+02 2.131243000000000052e+02 2.242918999999999983e+02 1.832375000000000114e+02 1.585412000000000035e+02 2.013310000000000173e+02 1.269897036227807030e+00
9.213089999999999691e+01 1.248072999999999979e+02 1.624204000000000008e+02 1.812383000000000095e+02 1.656988000000000056e+02 1.846702999999999975e+02 2.131243000000000052e+02 2.242918999999999983e+02 1.401492250000000013e+02 1.969463250000000016e+02 1.405261605977485839e+00
1.062597999999999985e+02 9.213089999999999691e+01 1.248072999999999979e+02 1.624204000000000008e+02 1.812383000000000095e+02 1.656988000000000056e+02 1.846702999999999975e+02 2.131243000000000052e+02 1.214045999999999879e+02 1.861829250000000116e+02 1.533573892587266396e+00
1.079441000000000059e+02 1.062597999999999985e+02 9.213089999999999691e+01 1.248072999999999979e+02 1.624204000000000008e+02 1.812383000000000095e+02 1.656988000000000056e+02 1.846702999999999975e+02 1.077855249999999927e+02 1.735069500000000176e+02 1.609742588348482162e+00
9.516060000000000230e+01 1.079441000000000059e+02 1.062597999999999985e+02 9.213089999999999691e+01 1.248072999999999979e+02 1.624204000000000008e+02 1.812383000000000095e+02 1.656988000000000056e+02 1.003738500000000045e+02 1.585412000000000035e+02 1.579507013031780760e+00
8.998730000000000473e+01 9.516060000000000230e+01 1.079441000000000059e+02 1.062597999999999985e+02 9.213089999999999691e+01 1.248072999999999979e+02 1.624204000000000008e+02 1.812383000000000095e+02 9.983794999999999220e+01 1.401492250000000013e+02 1.403767054511836587e+00
1.180117000000000047e+02 8.998730000000000473e+01 9.516060000000000230e+01 1.079441000000000059e+02 1.062597999999999985e+02 9.213089999999999691e+01 1.248072999999999979e+02 1.624204000000000008e+02 1.027759250000000009e+02 1.214045999999999879e+02 1.181255240466091427e+00
1.016941999999999950e+02 1.180117000000000047e+02 8.998730000000000473e+01 9.516060000000000230e+01 1.079441000000000059e+02 1.062597999999999985e+02 9.213089999999999691e+01 1.248072999999999979e+02 1.012134499999999946e+02 1.077855249999999927e+02 1.064932822663391176e+00
7.395140000000000668e+01 1.016941999999999950e+02 1.180117000000000047e+02 8.998730000000000473e+01 9.516060000000000230e+01 1.079441000000000059e+02 1.062597999999999985e+02 9.213089999999999691e+01 9.591115000000000634e+01 1.003738500000000045e+02 1.046529522375656995e+00
7.202639999999999532e+01 7.395140000000000668e+01 1.016941999999999950e+02 1.180117000000000047e+02 8.998730000000000473e+01 9.516060000000000230e+01 1.079441000000000059e+02 1.062597999999999985e+02 9.142092499999999688e+01 9.983794999999999220e+01 1.092068910919463898e+00
9.741089999999999804e+01 7.202639999999999532e+01 7.395140000000000668e+01 1.016941999999999950e+02 1.180117000000000047e+02 8.998730000000000473e+01 9.516060000000000230e+01 1.079441000000000059e+02 8.627072499999999877e+01 1.027759250000000009e+02 1.191318665746694538e+00
9.944329999999999359e+01 9.741089999999999804e+01 7.202639999999999532e+01 7.395140000000000668e+01 1.016941999999999950e+02 1.180117000000000047e+02 8.998730000000000473e+01 9.516060000000000230e+01 8.570799999999999841e+01 1.012134499999999946e+02 1.180910183413450332e+00
1.050096000000000060e+02 9.944329999999999359e+01 9.741089999999999804e+01 7.202639999999999532e+01 7.395140000000000668e+01 1.016941999999999950e+02 1.180117000000000047e+02 8.998730000000000473e+01 9.347254999999998404e+01 9.591115000000000634e+01 1.026088942689592054e+00
9.266880000000000450e+01 1.050096000000000060e+02 9.944329999999999359e+01 9.741089999999999804e+01 7.202639999999999532e+01 7.395140000000000668e+01 1.016941999999999950e+02 1.180117000000000047e+02 9.863315000000000055e+01 9.142092499999999688e+01 9.268782858501426469e-01
1.085587000000000018e+02 9.266880000000000450e+01 1.050096000000000060e+02 9.944329999999999359e+01 9.741089999999999804e+01 7.202639999999999532e+01 7.395140000000000668e+01 1.016941999999999950e+02 1.014201000000000192e+02 8.627072499999999877e+01 8.506274890283087586e-01
1.042163999999999930e+02 1.085587000000000018e+02 9.266880000000000450e+01 1.050096000000000060e+02 9.944329999999999359e+01 9.741089999999999804e+01 7.202639999999999532e+01 7.395140000000000668e+01 1.026133749999999907e+02 8.570799999999999841e+01 8.352517398438557006e-01
9.455620000000000402e+01 1.042163999999999930e+02 1.085587000000000018e+02 9.266880000000000450e+01 1.050096000000000060e+02 9.944329999999999359e+01 9.741089999999999804e+01 7.202639999999999532e+01 1.000000249999999937e+02 9.347254999999998404e+01 9.347252663186833566e-01
9.790909999999999513e+01 9.455620000000000402e+01 1.042163999999999930e+02 1.085587000000000018e+02 9.266880000000000450e+01 1.050096000000000060e+02 9.944329999999999359e+01 9.741089999999999804e+01 1.013100999999999914e+02 9.863315000000000055e+01 9.735766720198677504e-01
1.199150999999999954e+02 9.790909999999999513e+01 9.455620000000000402e+01 1.042163999999999930e+02 1.085587000000000018e+02 9.266880000000000450e+01 1.050096000000000060e+02 9.944329999999999359e+01 1.041492000000000075e+02 1.014201000000000192e+02 9.737962461545552895e-01
1.151790000000000020e+02 1.199150999999999954e+02 9.790909999999999513e+01 9.455620000000000402e+01 1.042163999999999930e+02 1.085587000000000018e+02 9.266880000000000450e+01 1.050096000000000060e+02 1.068898499999999956e+02 1.026133749999999907e+02 9.599917578703683896e-01
1.021388000000000034e+02 1.151790000000000020e+02 1.199150999999999954e+02 9.790909999999999513e+01 9.455620000000000402e+01 1.042163999999999930e+02 1.085587000000000018e+02 9.266880000000000450e+01 1.087854999999999848e+02 1.000000249999999937e+02 9.192403858970176200e-01
9.227700000000000102e+01 1.021388000000000034e+02 1.151790000000000020e+02 1.199150999999999954e+02 9.790909999999999513e+01 9.455620000000000402e+01 1.042163999999999930e+02 1.085587000000000018e+02 1.073774749999999898e+02 1.013100999999999914e+02 9.434948996519055830e-01
1.082117999999999967e+02 9.227700000000000102e+01 1.021388000000000034e+02 1.151790000000000020e+02 1.199150999999999954e+02 9.790909999999999513e+01 9.455620000000000402e+01 1.042163999999999930e+02 1.044516500000000008e+02 1.041492000000000075e+02 9.971044018931247699e-01
1.071631000000000000e+02 1.082117999999999967e+02 9.227700000000000102e+01 1.021388000000000034e+02 1.151790000000000020e+02 1.199150999999999954e+02 9.790909999999999513e+01 9.455620000000000402e+01 1.024476750000000038e+02 1.068898499999999956e+02 1.043360427652457734e+00
9.742529999999999291e+01 1.071631000000000000e+02 1.082117999999999967e+02 9.227700000000000102e+01 1.021388000000000034e+02 1.151790000000000020e+02 1.199150999999999954e+02 9.790909999999999513e+01 1.012692999999999870e+02 1.087854999999999848e+02 1.074219926473274800e+00
9.535169999999999391e+01 9.742529999999999291e+01 1.071631000000000000e+02 1.082117999999999967e+02 9.227700000000000102e+01 1.021388000000000034e+02 1.151790000000000020e+02 1.199150999999999954e+02 1.020379749999999888e+02 1.073774749999999898e+02 1.052328557088672234e+00
1.101654000000000053e+02 9.535169999999999391e+01 9.742529999999999291e+01 1.071631000000000000e+02 1.082117999999999967e+02 9.227700000000000102e+01 1.021388000000000034e+02 1.151790000000000020e+02 1.025263750000000016e+02 1.044516500000000008e+02 1.018778338744542600e+00
1.132428000000000026e+02 1.101654000000000053e+02 9.535169999999999391e+01 9.742529999999999291e+01 1.071631000000000000e+02 1.082117999999999967e+02 9.227700000000000102e+01 1.021388000000000034e+02 1.040463000000000022e+02 1.024476750000000038e+02 9.846354459505047840e-01
1.119715999999999951e+02 1.132428000000000026e+02 1.101654000000000053e+02 9.535169999999999391e+01 9.742529999999999291e+01 1.071631000000000000e+02 1.082117999999999967e+02 9.227700000000000102e+01 1.076828750000000099e+02 1.012692999999999870e+02 9.404401581959989098e-01
1.165854999999999961e+02 1.119715999999999951e+02 1.132428000000000026e+02 1.101654000000000053e+02 9.535169999999999391e+01 9.742529999999999291e+01 1.071631000000000000e+02 1.082117999999999967e+02 1.129913249999999891e+02 1.020379749999999888e+02 9.030602570595573919e-01
1.266889000000000038e+02 1.165854999999999961e+02 1.119715999999999951e+02 1.132428000000000026e+02 1.101654000000000053e+02 9.535169999999999391e+01 9.742529999999999291e+01 1.071631000000000000e+02 1.171221999999999923e+02 1.025263750000000016e+02 8.753795181442972639e-01
1.191948000000000008e+02 1.266889000000000038e+02 1.165854999999999961e+02 1.119715999999999951e+02 1.132428000000000026e+02 1.101654000000000053e+02 9.535169999999999391e+01 9.742529999999999291e+01 1.186101999999999919e+02 1.040463000000000022e+02 8.772120778820035047e-01
1.292211000000000070e+02 1.191948000000000008e+02 1.266889000000000038e+02 1.165854999999999961e+02 1.119715999999999951e+02 1.132428000000000026e+02 1.101654000000000053e+02 9.535169999999999391e+01 1.229225749999999948e+02 1.076828750000000099e+02 8.760219593512421632e-01
1.412133000000000038e+02 1.292211000000000070e+02 1.191948000000000008e+02 1.266889000000000038e+02 1.165854999999999961e+02 1.119715999999999951e+02 1.132428000000000026e+02 1.101654000000000053e+02 1.290795249999999896e+02 1.129913249999999891e+02 8.753621071970941747e-01
1.411347000000000094e+02 1.412133000000000038e+02 1.292211000000000070e+02 1.191948000000000008e+02 1.266889000000000038e+02 1.165854999999999961e+02 1.119715999999999951e+02 1.132428000000000026e+02 1.326909750000000088e+02 1.171221999999999923e+02 8.826689230371544959e-01
1.314433999999999969e+02 1.411347000000000094e+02 1.412133000000000038e+02 1.292211000000000070e+02 1.191948000000000008e+02 1.266889000000000038e+02 1.165854999999999961e+02 1.119715999999999951e+02 1.357531250000000114e+02 1.186101999999999919e+02 8.737198499113739691e-01
