2.927494949494949310e+02 2.901552083333333485e+02 2.870387096774193765e+02 2.839811111111111472e+02 2.803689655172414064e+02 2.765559523809524194e+02 2.724000000000000341e+02 2.685205128205128631e+02 2.848943602693603339e+02 2.711493295019157586e+02 9.290905919726256679e-01
2.927494949494949310e+02 2.901552083333333485e+02 2.870387096774193765e+02 2.839811111111111472e+02 2.803689655172414064e+02 2.765559523809524194e+02 2.724000000000000341e+02 2.685205128205128631e+02 2.848943602693603339e+02 2.711493295019157586e+02 9.290905919726256679e-01
2.927494949494949310e+02 2.901552083333333485e+02 2.870387096774193765e+02 2.839811111111111472e+02 2.803689655172414064e+02 2.765559523809524194e+02 2.724000000000000341e+02 2.685205128205128631e+02 2.848943602693603339e+02 2.711493295019157586e+02 9.290905919726256679e-01
2.927494949494949310e+02 2.901552083333333485e+02 2.870387096774193765e+02 2.839811111111111472e+02 2.803689655172414064e+02 2.765559523809524194e+02 2.724000000000000341e+02 2.685205128205128631e+02 2.848943602693603339e+02 2.711493295019157586e+02 9.290905919726256679e-01
2.927494949494949310e+02 2.901552083333333485e+02 2.870387096774193765e+02 2.839811111111111472e+02 2.803689655172414064e+02 2.765559523809524194e+02 2.724000000000000341e+02 2.685205128205128631e+02 2.848943602693603339e+02 2.711493295019157586e+02 9.290905919726256679e-01
2.927494949494949310e+02 2.901552083333333485e+02 2.870387096774193765e+02 2.839811111111111472e+02 2.803689655172414064e+02 2.765559523809524194e+02 2.724000000000000341e+02 2.685205128205128631e+02 2.848943602693603339e+02 2.711493295019157586e+02 9.290905919726256679e-01
2.927494949494949310e+02 2.901552083333333485e+02 2.870387096774193765e+02 2.839811111111111472e+02 2.803689655172414064e+02 2.765559523809524194e+02 2.724000000000000341e+02 2.685205128205128631e+02 2.848943602693603339e+02 2.711493295019157586e+02 9.290905919726256679e-01
2.927494949494949310e+02 2.901552083333333485e+02 2.870387096774193765e+02 2.839811111111111472e+02 2.803689655172414064e+02 2.765559523809524194e+02 2.724000000000000341e+02 2.685205128205128631e+02 2.848943602693603339e+02 2.711493295019157586e+02 9.290905919726256679e-01
2.927494949494949310e+02 2.901552083333333485e+02 2.870387096774193765e+02 2.839811111111111472e+02 2.803689655172414064e+02 2.765559523809524194e+02 2.724000000000000341e+02 2.685205128205128631e+02 2.848943602693603339e+02 2.711493295019157586e+02 9.290905919726256679e-01
2.927494949494949310e+02 2.901552083333333485e+02 2.870387096774193765e+02 2.839811111111111472e+02 2.803689655172414064e+02 2.765559523809524194e+02 2.724000000000000341e+02 2.685205128205128631e+02 2.848943602693603339e+02 2.711493295019157586e+02 9.290905919726256679e-01
2.927494949494949310e+02 2.901552083333333485e+02 2.870387096774193765e+02 2.839811111111111472e+02 2.803689655172414064e+02 2.765559523809524194e+02 2.724000000000000341e+02 2.685205128205128631e+02 2.848943602693603339e+02 2.711493295019157586e+02 9.290905919726256679e-01
2.927494949494949310e+02 2.901552083333333485e+02 2.870387096774193765e+02 2.839811111111111472e+02 2.803689655172414064e+02 2.765559523809524194e+02 2.724000000000000341e+02 2.685205128205128631e+02 2.848943602693603339e+02 2.711493295019157586e+02 9.290905919726256679e-01
2.927494949494949310e+02 2.901552083333333485e+02 2.870387096774193765e+02 2.839811111111111472e+02 2.803689655172414064e+02 2.765559523809524194e+02 2.724000000000000341e+02 2.685205128205128631e+02 2.848943602693603339e+02 2.711493295019157586e+02 9.290905919726256679e-01
2.927494949494949310e+02 2.901552083333333485e+02 2.870387096774193765e+02 2.839811111111111472e+02 2.803689655172414064e+02 2.765559523809524194e+02 2.724000000000000341e+02 2.685205128205128631e+02 2.848943602693603339e+02 2.711493295019157586e+02 9.290905919726256679e-01
2.927494949494949310e+02 2.901552083333333485e+02 2.870387096774193765e+02 2.839811111111111472e+02 2.803689655172414064e+02 2.765559523809524194e+02 2.724000000000000341e+02 2.685205128205128631e+02 2.848943602693603339e+02 2.711493295019157586e+02 9.290905919726256679e-01
2.927494949494949310e+02 2.901552083333333485e+02 2.870387096774193765e+02 2.839811111111111472e+02 2.803689655172414064e+02 2.765559523809524194e+02 2.724000000000000341e+02 2.685205128205128631e+02 2.848943602693603339e+02 2.711493295019157586e+02 9.290905919726256679e-01
2.927494949494949310e+02 2.901552083333333485e+02 2.870387096774193765e+02 2.839811111111111472e+02 2.803689655172414064e+02 2.765559523809524194e+02 2.724000000000000341e+02 2.685205128205128631e+02 2.848943602693603339e+02 2.711493295019157586e+02 9.290905919726256679e-01
2.927494949494949310e+02 2.901552083333333485e+02 2.870387096774193765e+02 2.839811111111111472e+02 2.803689655172414064e+02 2.765559523809524194e+02 2.724000000000000341e+02 2.685205128205128631e+02 2.848943602693603339e+02 2.711493295019157586e+02 9.290905919726256679e-01
2.927494949494949310e+02 2.901552083333333485e+02 2.870387096774193765e+02 2.839811111111111472e+02 2.803689655172414064e+02 2.765559523809524194e+02 2.724000000000000341e+02 2.685205128205128631e+02 2.848943602693603339e+02 2.711493295019157586e+02 9.290905919726256679e-01
2.927494949494949310e+02 2.901552083333333485e+02 2.870387096774193765e+02 2.839811111111111472e+02 2.803689655172414064e+02 2.765559523809524194e+02 2.724000000000000341e+02 2.685205128205128631e+02 2.848943602693603339e+02 2.711493295019157586e+02 9.290905919726256679e-01
2.927494949494949310e+02 2.901552083333333485e+02 2.870387096774193765e+02 2.839811111111111472e+02 2.803689655172414064e+02 2.765559523809524194e+02 2.724000000000000341e+02 2.685205128205128631e+02 2.848943602693603339e+02 2.711493295019157586e+02 9.290905919726256679e-01
2.927494949494949310e+02 2.901552083333333485e+02 2.870387096774193765e+02 2.839811111111111472e+02 2.803689655172414064e+02 2.765559523809524194e+02 2.724000000000000341e+02 2.685205128205128631e+02 2.848943602693603339e+02 2.711493295019157586e+02 9.290905919726256679e-01
2.927494949494949310e+02 2.901552083333333485e+02 2.870387096774193765e+02 2.839811111111111472e+02 2.803689655172414064e+02 2.765559523809524194e+02 2.724000000000000341e+02 2.685205128205128631e+02 2.848943602693603339e+02 2.711493295019157586e+02 9.290905919726256679e-01
2.927494949494949310e+02 2.901552083333333485e+02 2.870387096774193765e+02 2.839811111111111472e+02 2.803689655172414064e+02 2.765559523809524194e+02 2.724000000000000341e+02 2.685205128205128631e+02 2.848943602693603339e+02 2.711493295019157586e+02 9.290905919726256679e-01
2.927494949494949310e+02 2.901552083333333485e+02 2.870387096774193765e+02 2.839811111111111472e+02 2.803689655172414064e+02 2.765559523809524194e+02 2.724000000000000341e+02 2.685205128205128631e+02 2.848943602693603339e+02 2.711493295019157586e+02 9.290905919726256679e-01
2.927494949494949310e+02 2.901552083333333485e+02 2.870387096774193765e+02 2.839811111111111472e+02 2.803689655172414064e+02 2.765559523809524194e+02 2.724000000000000341e+02 2.685205128205128631e+02 2.848943602693603339e+02 2.711493295019157586e+02 9.290905919726256679e-01
2.927494949494949310e+02 2.901552083333333485e+02 2.870387096774193765e+02 2.839811111111111472e+02 2.803689655172414064e+02 2.765559523809524194e+02 2.724000000000000341e+02 2.685205128205128631e+02 2.848943602693603339e+02 2.711493295019157586e+02 9.290905919726256679e-01
2.927494949494949310e+02 2.901552083333333485e+02 2.870387096774193765e+02 2.839811111111111472e+02 2.803689655172414064e+02 2.765559523809524194e+02 2.724000000000000341e+02 2.685205128205128631e+02 2.848943602693603339e+02 2.711493295019157586e+02 9.290905919726256679e-01
2.927494949494949310e+02 2.901552083333333485e+02 2.870387096774193765e+02 2.839811111111111472e+02 2.803689655172414064e+02 2.765559523809524194e+02 2.724000000000000341e+02 2.685205128205128631e+02 2.848943602693603339e+02 2.711493295019157586e+02 9.290905919726256679e-01
2.927494949494949310e+02 2.901552083333333485e+02 2.870387096774193765e+02 2.839811111111111472e+02 2.803689655172414064e+02 2.765559523809524194e+02 2.724000000000000341e+02 2.685205128205128631e+02 2.848943602693603339e+02 2.711493295019157586e+02 9.290905919726256679e-01
2.927494949494949310e+02 2.901552083333333485e+02 2.870387096774193765e+02 2.839811111111111472e+02 2.803689655172414064e+02 2.765559523809524194e+02 2.724000000000000341e+02 2.685205128205128631e+02 2.848943602693603339e+02 2.711493295019157586e+02 9.290905919726256679e-01
2.927494949494949310e+02 2.901552083333333485e+02 2.870387096774193765e+02 2.839811111111111472e+02 2.803689655172414064e+02 2.765559523809524194e+02 2.724000000000000341e+02 2.685205128205128631e+02 2.848943602693603339e+02 2.711493295019157586e+02 9.290905919726256679e-01
2.927494949494949310e+02 2.901552083333333485e+02 2.870387096774193765e+02 2.839811111111111472e+02 2.803689655172414064e+02 2.765559523809524194e+02 2.724000000000000341e+02 2.685205128205128631e+02 2.848943602693603339e+02 2.711493295019157586e+02 9.290905919726256679e-01
2.927494949494949310e+02 2.901552083333333485e+02 2.870387096774193765e+02 2.839811111111111472e+02 2.803689655172414064e+02 2.765559523809524194e+02 2.724000000000000341e+02 2.685205128205128631e+02 2.848943602693603339e+02 2.711493295019157586e+02 9.290905919726256679e-01
2.927494949494949310e+02 2.901552083333333485e+02 2.870387096774193765e+02 2.839811111111111472e+02 2.803689655172414064e+02 2.765559523809524194e+02 2.724000000000000341e+02 2.685205128205128631e+02 2.848943602693603339e+02 2.711493295019157586e+02 9.290905919726256679e-01
2.927494949494949310e+02 2.901552083333333485e+02 2.870387096774193765e+02 2.839811111111111472e+02 2.803689655172414064e+02 2.765559523809524194e+02 2.724000000000000341e+02 2.685205128205128631e+02 2.848943602693603339e+02 2.711493295019157586e+02 9.290905919726256679e-01
2.927494949494949310e+02 2.901552083333333485e+02 2.870387096774193765e+02 2.839811111111111472e+02 2.803689655172414064e+02 2.765559523809524194e+02 2.724000000000000341e+02 2.685205128205128631e+02 2.848943602693603339e+02 2.711493295019157586e+02 9.290905919726256679e-01
2.927494949494949310e+02 2.901552083333333485e+02 2.870387096774193765e+02 2.839811111111111472e+02 2.803689655172414064e+02 2.765559523809524194e+02 2.724000000000000341e+02 2.685205128205128631e+02 2.848943602693603339e+02 2.711493295019157586e+02 9.290905919726256679e-01
2.927494949494949310e+02 2.901552083333333485e+02 2.870387096774193765e+02 2.839811111111111472e+02 2.803689655172414064e+02 2.765559523809524194e+02 2.724000000000000341e+02 2.685205128205128631e+02 2.848943602693603339e+02 2.711493295019157586e+02 9.290905919726256679e-01
2.927494949494949310e+02 2.901552083333333485e+02 2.870387096774193765e+02 2.839811111111111472e+02 2.803689655172414064e+02 2.765559523809524194e+02 2.724000000000000341e+02 2.685205128205128631e+02 2.848943602693603339e+02 2.711493295019157586e+02 9.290905919726256679e-01
2.927494949494949310e+02 2.901552083333333485e+02 2.870387096774193765e+02 2.839811111111111472e+02 2.803689655172414064e+02 2.765559523809524194e+02 2.724000000000000341e+02 2.685205128205128631e+02 2.848943602693603339e+02 2.711493295019157586e+02 9.290905919726256679e-01
2.927494949494949310e+02 2.901552083333333485e+02 2.870387096774193765e+02 2.839811111111111472e+02 2.803689655172414064e+02 2.765559523809524194e+02 2.724000000000000341e+02 2.685205128205128631e+02 2.848943602693603339e+02 2.711493295019157586e+02 9.290905919726256679e-01
2.927494949494949310e+02 2.901552083333333485e+02 2.870387096774193765e+02 2.839811111111111472e+02 2.803689655172414064e+02 2.765559523809524194e+02 2.724000000000000341e+02 2.685205128205128631e+02 2.848943602693603339e+02 2.711493295019157586e+02 9.290905919726256679e-01
2.927494949494949310e+02 2.901552083333333485e+02 2.870387096774193765e+02 2.839811111111111472e+02 2.803689655172414064e+02 2.765559523809524194e+02 2.724000000000000341e+02 2.685205128205128631e+02 2.848943602693603339e+02 2.711493295019157586e+02 9.290905919726256679e-01
2.927494949494949310e+02 2.901552083333333485e+02 2.870387096774193765e+02 2.839811111111111472e+02 2.803689655172414064e+02 2.765559523809524194e+02 2.724000000000000341e+02 2.685205128205128631e+02 2.848943602693603339e+02 2.711493295019157586e+02 9.290905919726256679e-01
2.927494949494949310e+02 2.901552083333333485e+02 2.870387096774193765e+02 2.839811111111111472e+02 2.803689655172414064e+02 2.765559523809524194e+02 2.724000000000000341e+02 2.685205128205128631e+02 2.848943602693603339e+02 2.711493295019157586e+02 9.290905919726256679e-01
2.927494949494949310e+02 2.901552083333333485e+02 2.870387096774193765e+02 2.839811111111111472e+02 2.803689655172414064e+02 2.765559523809524194e+02 2.724000000000000341e+02 2.685205128205128631e+02 2.848943602693603339e+02 2.711493295019157586e+02 9.290905919726256679e-01
2.927494949494949310e+02 2.901552083333333485e+02 2.870387096774193765e+02 2.839811111111111472e+02 2.803689655172414064e+02 2.765559523809524194e+02 2.724000000000000341e+02 2.685205128205128631e+02 2.848943602693603339e+02 2.711493295019157586e+02 9.290905919726256679e-01
2.927494949494949310e+02 2.901552083333333485e+02 2.870387096774193765e+02 2.839811111111111472e+02 2.803689655172414064e+02 2.765559523809524194e+02 2.724000000000000341e+02 2.685205128205128631e+02 2.848943602693603339e+02 2.711493295019157586e+02 9.290905919726256679e-01
2.927494949494949310e+02 2.901552083333333485e+02 2.870387096774193765e+02 2.839811111111111472e+02 2.803689655172414064e+02 2.765559523809524194e+02 2.724000000000000341e+02 2.685205128205128631e+02 2.848943602693603339e+02 2.711493295019157586e+02 9.290905919726256679e-01
2.927494949494949310e+02 2.901552083333333485e+02 2.870387096774193765e+02 2.839811111111111472e+02 2.803689655172414064e+02 2.765559523809524194e+02 2.724000000000000341e+02 2.685205128205128631e+02 2.848943602693603339e+02 2.711493295019157586e+02 9.290905919726256679e-01
2.927494949494949310e+02 2.901552083333333485e+02 2.870387096774193765e+02 2.839811111111111472e+02 2.803689655172414064e+02 2.765559523809524194e+02 2.724000000000000341e+02 2.685205128205128631e+02 2.848943602693603339e+02 2.711493295019157586e+02 9.290905919726256679e-01
2.927494949494949310e+02 2.901552083333333485e+02 2.870387096774193765e+02 2.839811111111111472e+02 2.803689655172414064e+02 2.765559523809524194e+02 2.724000000000000341e+02 2.685205128205128631e+02 2.848943602693603339e+02 2.711493295019157586e+02 9.290905919726256679e-01
2.927494949494949310e+02 2.901552083333333485e+02 2.870387096774193765e+02 2.839811111111111472e+02 2.803689655172414064e+02 2.765559523809524194e+02 2.724000000000000341e+02 2.685205128205128631e+02 2.848943602693603339e+02 2.711493295019157586e+02 9.290905919726256679e-01
2.927494949494949310e+02 2.901552083333333485e+02 2.870387096774193765e+02 2.839811111111111472e+02 2.803689655172414064e+02 2.765559523809524194e+02 2.724000000000000341e+02 2.685205128205128631e+02 2.848943602693603339e+02 2.711493295019157586e+02 9.290905919726256679e-01
2.927494949494949310e+02 2.901552083333333485e+02 2.870387096774193765e+02 2.839811111111111472e+02 2.803689655172414064e+02 2.765559523809524194e+02 2.724000000000000341e+02 2.685205128205128631e+02 2.848943602693603339e+02 2.711493295019157586e+02 9.290905919726256679e-01
2.927494949494949310e+02 2.901552083333333485e+02 2.870387096774193765e+02 2.839811111111111472e+02 2.803689655172414064e+02 2.765559523809524194e+02 2.724000000000000341e+02 2.685205128205128631e+02 2.848943602693603339e+02 2.711493295019157586e+02 9.290905919726256679e-01
2.927494949494949310e+02 2.901552083333333485e+02 2.870387096774193765e+02 2.839811111111111472e+02 2.803689655172414064e+02 2.765559523809524194e+02 2.724000000000000341e+02 2.685205128205128631e+02 2.848943602693603339e+02 2.711493295019157586e+02 9.290905919726256679e-01
2.927494949494949310e+02 2.901552083333333485e+02 2.870387096774193765e+02 2.839811111111111472e+02 2.803689655172414064e+02 2.765559523809524194e+02 2.724000000000000341e+02 2.685205128205128631e+02 2.848943602693603339e+02 2.711493295019157586e+02 9.290905919726256679e-01
2.927494949494949310e+02 2.901552083333333485e+02 2.870387096774193765e+02 2.839811111111111472e+02 2.803689655172414064e+02 2.765559523809524194e+02 2.724000000000000341e+02 2.685205128205128631e+02 2.848943602693603339e+02 2.711493295019157586e+02 9.290905919726256679e-01
2.927494949494949310e+02 2.901552083333333485e+02 2.870387096774193765e+02 2.839811111111111472e+02 2.803689655172414064e+02 2.765559523809524194e+02 2.724000000000000341e+02 2.685205128205128631e+02 2.848943602693603339e+02 2.711493295019157586e+02 9.290905919726256679e-01
2.927494949494949310e+02 2.901552083333333485e+02 2.870387096774193765e+02 2.839811111111111472e+02 2.803689655172414064e+02 2.765559523809524194e+02 2.724000000000000341e+02 2.685205128205128631e+02 2.848943602693603339e+02 2.711493295019157586e+02 9.290905919726256679e-01
2.927494949494949310e+02 2.901552083333333485e+02 2.870387096774193765e+02 2.839811111111111472e+02 2.803689655172414064e+02 2.765559523809524194e+02 2.724000000000000341e+02 2.685205128205128631e+02 2.848943602693603339e+02 2.711493295019157586e+02 9.290905919726256679e-01
2.927494949494949310e+02 2.901552083333333485e+02 2.870387096774193765e+02 2.839811111111111472e+02 2.803689655172414064e+02 2.765559523809524194e+02 2.724000000000000341e+02 2.685205128205128631e+02 2.848943602693603339e+02 2.711493295019157586e+02 9.290905919726256679e-01
2.927494949494949310e+02 2.901552083333333485e+02 2.870387096774193765e+02 2.839811111111111472e+02 2.803689655172414064e+02 2.765559523809524194e+02 2.724000000000000341e+02 2.685205128205128631e+02 2.848943602693603339e+02 2.711493295019157586e+02 9.290905919726256679e-01
2.927494949494949310e+02 2.901552083333333485e+02 2.870387096774193765e+02 2.839811111111111472e+02 2.803689655172414064e+02 2.765559523809524194e+02 2.724000000000000341e+02 2.685205128205128631e+02 2.848943602693603339e+02 2.711493295019157586e+02 9.290905919726256679e-01
2.927494949494949310e+02 2.901552083333333485e+02 2.870387096774193765e+02 2.839811111111111472e+02 2.803689655172414064e+02 2.765559523809524194e+02 2.724000000000000341e+02 2.685205128205128631e+02 2.848943602693603339e+02 2.711493295019157586e+02 9.290905919726256679e-01
2.927494949494949310e+02 2.901552083333333485e+02 2.870387096774193765e+02 2.839811111111111472e+02 2.803689655172414064e+02 2.765559523809524194e+02 2.724000000000000341e+02 2.685205128205128631e+02 2.848943602693603339e+02 2.711493295019157586e+02 9.290905919726256679e-01
2.927494949494949310e+02 2.901552083333333485e+02 2.870387096774193765e+02 2.839811111111111472e+02 2.803689655172414064e+02 2.765559523809524194e+02 2.724000000000000341e+02 2.685205128205128631e+02 2.848943602693603339e+02 2.711493295019157586e+02 9.290905919726256679e-01
2.927494949494949310e+02 2.901552083333333485e+02 2.870387096774193765e+02 2.839811111111111472e+02 2.803689655172414064e+02 2.765559523809524194e+02 2.724000000000000341e+02 2.685205128205128631e+02 2.848943602693603339e+02 2.711493295019157586e+02 9.290905919726256679e-01
2.927494949494949310e+02 2.901552083333333485e+02 2.870387096774193765e+02 2.839811111111111472e+02 2.803689655172414064e+02 2.765559523809524194e+02 2.724000000000000341e+02 2.685205128205128631e+02 2.848943602693603339e+02 2.711493295019157586e+02 9.290905919726256679e-01
2.008000000000000398e+02 2.901552083333333485e+02 2.870387096774193765e+02 2.839811111111111472e+02 2.803689655172414064e+02 2.765559523809524194e+02 2.724000000000000341e+02 2.685205128205128631e+02 2.008000000000000398e+02 2.711493295019157586e+02 9.290905919726256679e-01
2.188333333333333428e+02 2.008000000000000398e+02 2.870387096774193765e+02 2.839811111111111472e+02 2.803689655172414064e+02 2.765559523809524194e+02 2.724000000000000341e+02 2.685205128205128631e+02 2.098166666666666913e+02 2.711493295019157586e+02 9.290905919726256679e-01
2.424333333333333087e+02 2.188333333333333428e+02 2.008000000000000398e+02 2.839811111111111472e+02 2.803689655172414064e+02 2.765559523809524194e+02 2.724000000000000341e+02 2.685205128205128631e+02 2.206888888888888971e+02 2.711493295019157586e+02 9.290905919726256679e-01
2.561666666666666856e+02 2.424333333333333087e+02 2.188333333333333428e+02 2.008000000000000398e+02 2.803689655172414064e+02 2.765559523809524194e+02 2.724000000000000341e+02 2.685205128205128631e+02 2.295583333333333655e+02 2.711493295019157586e+02 9.290905919726256679e-01
2.469666666666666686e+02 2.561666666666666856e+02 2.424333333333333087e+02 2.188333333333333428e+02 2.008000000000000398e+02 2.765559523809524194e+02 2.724000000000000341e+02 2.685205128205128631e+02 2.410999999999999943e+02 2.008000000000000398e+02 8.328494400663627450e-01
2.493666666666666742e+02 2.469666666666666686e+02 2.561666666666666856e+02 2.424333333333333087e+02 2.188333333333333428e+02 2.008000000000000398e+02 2.724000000000000341e+02 2.685205128205128631e+02 2.487333333333333201e+02 2.098166666666666913e+02 8.435406057357278664e-01
2.511666666666666572e+02 2.493666666666666742e+02 2.469666666666666686e+02 2.561666666666666856e+02 2.424333333333333087e+02 2.188333333333333428e+02 2.008000000000000398e+02 2.685205128205128631e+02 2.509166666666666856e+02 2.206888888888888971e+02 8.795306099856082804e-01
2.405666666666666913e+02 2.511666666666666572e+02 2.493666666666666742e+02 2.469666666666666686e+02 2.561666666666666856e+02 2.424333333333333087e+02 2.188333333333333428e+02 2.008000000000000398e+02 2.470166666666666799e+02 2.295583333333333655e+02 9.293232575399771322e-01
2.248333333333333428e+02 2.405666666666666913e+02 2.511666666666666572e+02 2.493666666666666742e+02 2.469666666666666686e+02 2.561666666666666856e+02 2.424333333333333087e+02 2.188333333333333428e+02 2.414833333333333485e+02 2.410999999999999943e+02 9.984125888605147603e-01
2.275333333333333030e+02 2.248333333333333428e+02 2.405666666666666913e+02 2.511666666666666572e+02 2.493666666666666742e+02 2.469666666666666686e+02 2.561666666666666856e+02 2.424333333333333087e+02 2.360250000000000057e+02 2.487333333333333201e+02 1.053843166331250192e+00
2.345333333333333314e+02 2.275333333333333030e+02 2.248333333333333428e+02 2.405666666666666913e+02 2.511666666666666572e+02 2.493666666666666742e+02 2.469666666666666686e+02 2.561666666666666856e+02 2.318666666666666742e+02 2.509166666666666856e+02 1.082159286946521082e+00
2.407666666666666515e+02 2.345333333333333314e+02 2.275333333333333030e+02 2.248333333333333428e+02 2.405666666666666913e+02 2.511666666666666572e+02 2.493666666666666742e+02 2.469666666666666686e+02 2.319166666666666572e+02 2.470166666666666799e+02 1.065109593963349033e+00
2.110333333333333030e+02 2.407666666666666515e+02 2.345333333333333314e+02 2.275333333333333030e+02 2.248333333333333428e+02 2.405666666666666913e+02 2.511666666666666572e+02 2.493666666666666742e+02 2.284666666666666401e+02 2.414833333333333485e+02 1.056974029763641854e+00
1.954333333333333087e+02 2.110333333333333030e+02 2.407666666666666515e+02 2.345333333333333314e+02 2.275333333333333030e+02 2.248333333333333428e+02 2.405666666666666913e+02 2.511666666666666572e+02 2.204416666666666345e+02 2.360250000000000057e+02 1.070691414962386290e+00
2.157999999999999829e+02 1.954333333333333087e+02 2.110333333333333030e+02 2.407666666666666515e+02 2.345333333333333314e+02 2.275333333333333030e+02 2.248333333333333428e+02 2.405666666666666913e+02 2.157583333333333258e+02 2.318666666666666742e+02 1.074659147966474881e+00
2.303333333333333428e+02 2.157999999999999829e+02 1.954333333333333087e+02 2.110333333333333030e+02 2.407666666666666515e+02 2.345333333333333314e+02 2.275333333333333030e+02 2.248333333333333428e+02 2.131499999999999773e+02 2.319166666666666572e+02 1.088044413167565949e+00
2.576333333333333826e+02 2.303333333333333428e+02 2.157999999999999829e+02 1.954333333333333087e+02 2.110333333333333030e+02 2.407666666666666515e+02 2.345333333333333314e+02 2.275333333333333030e+02 2.247999999999999829e+02 2.284666666666666401e+02 1.016310794780545645e+00
3.084333333333333371e+02 2.576333333333333826e+02 2.303333333333333428e+02 2.157999999999999829e+02 1.954333333333333087e+02 2.110333333333333030e+02 2.407666666666666515e+02 2.345333333333333314e+02 2.530500000000000114e+02 2.204416666666666345e+02 8.711387736283999761e-01
3.012333333333333485e+02 3.084333333333333371e+02 2.576333333333333826e+02 2.303333333333333428e+02 2.157999999999999829e+02 1.954333333333333087e+02 2.110333333333333030e+02 2.407666666666666515e+02 2.744083333333333599e+02 2.157583333333333258e+02 7.862674238513163161e-01
2.951999999999999886e+02 3.012333333333333485e+02 3.084333333333333371e+02 2.576333333333333826e+02 2.303333333333333428e+02 2.157999999999999829e+02 1.954333333333333087e+02 2.110333333333333030e+02 2.906250000000000568e+02 2.131499999999999773e+02 7.334193548387094586e-01
2.986000000000000227e+02 2.951999999999999886e+02 3.012333333333333485e+02 3.084333333333333371e+02 2.576333333333333826e+02 2.303333333333333428e+02 2.157999999999999829e+02 1.954333333333333087e+02 3.008666666666666742e+02 2.247999999999999829e+02 7.471748282738753799e-01
3.576999999999999886e+02 2.986000000000000227e+02 2.951999999999999886e+02 3.012333333333333485e+02 3.084333333333333371e+02 2.576333333333333826e+02 2.303333333333333428e+02 2.157999999999999829e+02 3.131833333333333371e+02 2.530500000000000114e+02 8.079931882284072664e-01
3.749666666666666970e+02 3.576999999999999886e+02 2.986000000000000227e+02 2.951999999999999886e+02 3.012333333333333485e+02 3.084333333333333371e+02 2.576333333333333826e+02 2.303333333333333428e+02 3.316166666666667311e+02 2.744083333333333599e+02 8.274865557621751133e-01
3.668666666666666174e+02 3.749666666666666970e+02 3.576999999999999886e+02 2.986000000000000227e+02 2.951999999999999886e+02 3.012333333333333485e+02 3.084333333333333371e+02 2.576333333333333826e+02 3.495333333333333030e+02 2.906250000000000568e+02 8.314657638756439706e-01
3.646666666666666856e+02 3.668666666666666174e+02 3.749666666666666970e+02 3.576999999999999886e+02 2.986000000000000227e+02 2.951999999999999886e+02 3.012333333333333485e+02 3.084333333333333371e+02 3.660500000000000114e+02 3.008666666666666742e+02 8.219277876428539020e-01
3.696666666666666856e+02 3.646666666666666856e+02 3.668666666666666174e+02 3.749666666666666970e+02 3.576999999999999886e+02 2.986000000000000227e+02 2.951999999999999886e+02 3.012333333333333485e+02 3.690416666666666856e+02 3.131833333333333371e+02 8.486394941853900864e-01
3.732666666666666515e+02 3.696666666666666856e+02 3.646666666666666856e+02 3.668666666666666174e+02 3.749666666666666970e+02 3.576999999999999886e+02 2.986000000000000227e+02 2.951999999999999886e+02 3.686166666666666742e+02 3.316166666666667311e+02 8.996247230637067771e-01
3.887666666666666515e+02 3.732666666666666515e+02 3.696666666666666856e+02 3.646666666666666856e+02 3.668666666666666174e+02 3.749666666666666970e+02 3.576999999999999886e+02 2.986000000000000227e+02 3.740916666666666970e+02 3.495333333333333030e+02 9.343520973023544673e-01
3.871333333333332689e+02 3.887666666666666515e+02 3.732666666666666515e+02 3.696666666666666856e+02 3.646666666666666856e+02 3.668666666666666174e+02 3.749666666666666970e+02 3.576999999999999886e+02 3.797083333333333144e+02 3.660500000000000114e+02 9.640294085372544952e-01
3.887333333333333485e+02 3.871333333333332689e+02 3.887666666666666515e+02 3.732666666666666515e+02 3.696666666666666856e+02 3.646666666666666856e+02 3.668666666666666174e+02 3.749666666666666970e+02 3.844749999999999659e+02 3.690416666666666856e+02 9.598586817521730374e-01
3.787666666666666515e+02 3.887333333333333485e+02 3.871333333333332689e+02 3.887666666666666515e+02 3.732666666666666515e+02 3.696666666666666856e+02 3.646666666666666856e+02 3.668666666666666174e+02 3.858499999999999659e+02 3.686166666666666742e+02 9.553367025182498695e-01
3.867666666666666515e+02 3.787666666666666515e+02 3.887333333333333485e+02 3.871333333333332689e+02 3.887666666666666515e+02 3.732666666666666515e+02 3.696666666666666856e+02 3.646666666666666856e+02 3.853499999999999659e+02 3.740916666666666970e+02 9.707841356342720163e-01
3.757666666666666515e+02 3.867666666666666515e+02 3.787666666666666515e+02 3.887333333333333485e+02 3.871333333333332689e+02 3.887666666666666515e+02 3.732666666666666515e+02 3.696666666666666856e+02 3.825083333333333258e+02 3.797083333333333144e+02 9.926798980414369700e-01
