5.462100000000000000e+04 4.355800000000000000e+04 5.177300000000000000e+04 5.862400000000000000e+04 6.482100000000000000e+04 4.414400000000000000e+04 4.641900000000000000e+04 4.906800000000000000e+04 5.214400000000000000e+04 5.111300000000000000e+04 9.802278306228904281e-01
4.701700000000000000e+04 5.462100000000000000e+04 4.355800000000000000e+04 5.177300000000000000e+04 5.862400000000000000e+04 6.482100000000000000e+04 4.414400000000000000e+04 4.641900000000000000e+04 4.924225000000000000e+04 5.350200000000000000e+04 1.086505998405840501e+00
4.632700000000000000e+04 4.701700000000000000e+04 5.462100000000000000e+04 4.355800000000000000e+04 5.177300000000000000e+04 5.862400000000000000e+04 6.482100000000000000e+04 4.414400000000000000e+04 4.788075000000000000e+04 5.484050000000000000e+04 1.145355910256209420e+00
4.113300000000000000e+04 4.632700000000000000e+04 4.701700000000000000e+04 5.462100000000000000e+04 4.355800000000000000e+04 5.177300000000000000e+04 5.862400000000000000e+04 6.482100000000000000e+04 4.727450000000000000e+04 5.469400000000000000e+04 1.156945076098107927e+00
4.574800000000000000e+04 4.113300000000000000e+04 4.632700000000000000e+04 4.701700000000000000e+04 5.462100000000000000e+04 4.355800000000000000e+04 5.177300000000000000e+04 5.862400000000000000e+04 4.505625000000000000e+04 5.214400000000000000e+04 1.157308919406297765e+00
6.571300000000000000e+04 4.574800000000000000e+04 4.113300000000000000e+04 4.632700000000000000e+04 4.701700000000000000e+04 5.462100000000000000e+04 4.355800000000000000e+04 5.177300000000000000e+04 4.973025000000000000e+04 4.924225000000000000e+04 9.901870591842992786e-01
5.215900000000000000e+04 6.571300000000000000e+04 4.574800000000000000e+04 4.113300000000000000e+04 4.632700000000000000e+04 4.701700000000000000e+04 5.462100000000000000e+04 4.355800000000000000e+04 5.118825000000000000e+04 4.788075000000000000e+04 9.353855621163059686e-01
5.667700000000000000e+04 5.215900000000000000e+04 6.571300000000000000e+04 4.574800000000000000e+04 4.113300000000000000e+04 4.632700000000000000e+04 4.701700000000000000e+04 5.462100000000000000e+04 5.507425000000000000e+04 4.727450000000000000e+04 8.583775539385466447e-01
5.084700000000000000e+04 5.667700000000000000e+04 5.215900000000000000e+04 6.571300000000000000e+04 4.574800000000000000e+04 4.113300000000000000e+04 4.632700000000000000e+04 4.701700000000000000e+04 5.634900000000000000e+04 4.505625000000000000e+04 7.995927168183996070e-01
3.963300000000000000e+04 5.084700000000000000e+04 5.667700000000000000e+04 5.215900000000000000e+04 6.571300000000000000e+04 4.574800000000000000e+04 4.113300000000000000e+04 4.632700000000000000e+04 4.982900000000000000e+04 4.973025000000000000e+04 9.980182223203355463e-01
4.351900000000000000e+04 3.963300000000000000e+04 5.084700000000000000e+04 5.667700000000000000e+04 5.215900000000000000e+04 6.571300000000000000e+04 4.574800000000000000e+04 4.113300000000000000e+04 4.766900000000000000e+04 5.118825000000000000e+04 1.073826805680840879e+00
3.494400000000000000e+04 4.351900000000000000e+04 3.963300000000000000e+04 5.084700000000000000e+04 5.667700000000000000e+04 5.215900000000000000e+04 6.571300000000000000e+04 4.574800000000000000e+04 4.223575000000000000e+04 5.507425000000000000e+04 1.303972345702396618e+00
4.110600000000000000e+04 3.494400000000000000e+04 4.351900000000000000e+04 3.963300000000000000e+04 5.084700000000000000e+04 5.667700000000000000e+04 5.215900000000000000e+04 6.571300000000000000e+04 3.980050000000000000e+04 5.634900000000000000e+04 1.415786233841283437e+00
5.346300000000000000e+04 4.110600000000000000e+04 3.494400000000000000e+04 4.351900000000000000e+04 3.963300000000000000e+04 5.084700000000000000e+04 5.667700000000000000e+04 5.215900000000000000e+04 4.325800000000000000e+04 4.982900000000000000e+04 1.151902538258819275e+00
5.910100000000000000e+04 5.346300000000000000e+04 4.110600000000000000e+04 3.494400000000000000e+04 4.351900000000000000e+04 3.963300000000000000e+04 5.084700000000000000e+04 5.667700000000000000e+04 4.715350000000000000e+04 4.766900000000000000e+04 1.010932380417148169e+00
6.042100000000000000e+04 5.910100000000000000e+04 5.346300000000000000e+04 4.110600000000000000e+04 3.494400000000000000e+04 4.351900000000000000e+04 3.963300000000000000e+04 5.084700000000000000e+04 5.352275000000000000e+04 4.223575000000000000e+04 7.891177116272987124e-01
6.771400000000000000e+04 6.042100000000000000e+04 5.910100000000000000e+04 5.346300000000000000e+04 4.110600000000000000e+04 3.494400000000000000e+04 4.351900000000000000e+04 3.963300000000000000e+04 6.017475000000000000e+04 3.980050000000000000e+04 6.614152946210827277e-01
6.341600000000000000e+04 6.771400000000000000e+04 6.042100000000000000e+04 5.910100000000000000e+04 5.346300000000000000e+04 4.110600000000000000e+04 3.494400000000000000e+04 4.351900000000000000e+04 6.266300000000000000e+04 4.325800000000000000e+04 6.903276255525588878e-01
5.406100000000000000e+04 6.341600000000000000e+04 6.771400000000000000e+04 6.042100000000000000e+04 5.910100000000000000e+04 5.346300000000000000e+04 4.110600000000000000e+04 3.494400000000000000e+04 6.140300000000000000e+04 4.715350000000000000e+04 7.679347914597006719e-01
5.797500000000000000e+04 5.406100000000000000e+04 6.341600000000000000e+04 6.771400000000000000e+04 6.042100000000000000e+04 5.910100000000000000e+04 5.346300000000000000e+04 4.110600000000000000e+04 6.079150000000000000e+04 5.352275000000000000e+04 8.804314747949960607e-01
7.086200000000000000e+04 5.797500000000000000e+04 5.406100000000000000e+04 6.341600000000000000e+04 6.771400000000000000e+04 6.042100000000000000e+04 5.910100000000000000e+04 5.346300000000000000e+04 6.157850000000000000e+04 6.017475000000000000e+04 9.772038942163254749e-01
5.710800000000000000e+04 7.086200000000000000e+04 5.797500000000000000e+04 5.406100000000000000e+04 6.341600000000000000e+04 6.771400000000000000e+04 6.042100000000000000e+04 5.910100000000000000e+04 6.000150000000000000e+04 6.266300000000000000e+04 1.044357224402723272e+00
6.168800000000000000e+04 5.710800000000000000e+04 7.086200000000000000e+04 5.797500000000000000e+04 5.406100000000000000e+04 6.341600000000000000e+04 6.771400000000000000e+04 6.042100000000000000e+04 6.190825000000000000e+04 6.140300000000000000e+04 9.918387290869956630e-01
5.962100000000000000e+04 6.168800000000000000e+04 5.710800000000000000e+04 7.086200000000000000e+04 5.797500000000000000e+04 5.406100000000000000e+04 6.341600000000000000e+04 6.771400000000000000e+04 6.231975000000000000e+04 6.079150000000000000e+04 9.754772764653260042e-01
6.296100000000000000e+04 5.962100000000000000e+04 6.168800000000000000e+04 5.710800000000000000e+04 7.086200000000000000e+04 5.797500000000000000e+04 5.406100000000000000e+04 6.341600000000000000e+04 6.034450000000000000e+04 6.157850000000000000e+04 1.020449253867378170e+00
6.197100000000000000e+04 6.296100000000000000e+04 5.962100000000000000e+04 6.168800000000000000e+04 5.710800000000000000e+04 7.086200000000000000e+04 5.797500000000000000e+04 5.406100000000000000e+04 6.156025000000000000e+04 6.000150000000000000e+04 9.746792776182683360e-01
6.407800000000000000e+04 6.197100000000000000e+04 6.296100000000000000e+04 5.962100000000000000e+04 6.168800000000000000e+04 5.710800000000000000e+04 7.086200000000000000e+04 5.797500000000000000e+04 6.215775000000000000e+04 6.190825000000000000e+04 9.959860194424668967e-01
5.011900000000000000e+04 6.407800000000000000e+04 6.197100000000000000e+04 6.296100000000000000e+04 5.962100000000000000e+04 6.168800000000000000e+04 5.710800000000000000e+04 7.086200000000000000e+04 5.978225000000000000e+04 6.231975000000000000e+04 1.042445709219709915e+00
6.579700000000000000e+04 5.011900000000000000e+04 6.407800000000000000e+04 6.197100000000000000e+04 6.296100000000000000e+04 5.962100000000000000e+04 6.168800000000000000e+04 5.710800000000000000e+04 6.049125000000000000e+04 6.034450000000000000e+04 9.975740293017585358e-01
7.659600000000000000e+04 6.579700000000000000e+04 5.011900000000000000e+04 6.407800000000000000e+04 6.197100000000000000e+04 6.296100000000000000e+04 5.962100000000000000e+04 6.168800000000000000e+04 6.414750000000000000e+04 6.156025000000000000e+04 9.596671733115086367e-01
8.416000000000000000e+04 7.659600000000000000e+04 6.579700000000000000e+04 5.011900000000000000e+04 6.407800000000000000e+04 6.197100000000000000e+04 6.296100000000000000e+04 5.962100000000000000e+04 6.916800000000000000e+04 6.215775000000000000e+04 8.986489417071478192e-01
6.302000000000000000e+04 8.416000000000000000e+04 7.659600000000000000e+04 6.579700000000000000e+04 5.011900000000000000e+04 6.407800000000000000e+04 6.197100000000000000e+04 6.296100000000000000e+04 7.239325000000000000e+04 5.978225000000000000e+04 8.257986759815314493e-01
9.813200000000000000e+04 6.302000000000000000e+04 8.416000000000000000e+04 7.659600000000000000e+04 6.579700000000000000e+04 5.011900000000000000e+04 6.407800000000000000e+04 6.197100000000000000e+04 8.047700000000000000e+04 6.049125000000000000e+04 7.516588590528970881e-01
9.992100000000000000e+04 9.813200000000000000e+04 6.302000000000000000e+04 8.416000000000000000e+04 7.659600000000000000e+04 6.579700000000000000e+04 5.011900000000000000e+04 6.407800000000000000e+04 8.630825000000000000e+04 6.414750000000000000e+04 7.432371760521154780e-01
1.150280000000000000e+05 9.992100000000000000e+04 9.813200000000000000e+04 6.302000000000000000e+04 8.416000000000000000e+04 7.659600000000000000e+04 6.579700000000000000e+04 5.011900000000000000e+04 9.402525000000000000e+04 6.916800000000000000e+04 7.356321839080459668e-01
1.276210000000000000e+05 1.150280000000000000e+05 9.992100000000000000e+04 9.813200000000000000e+04 6.302000000000000000e+04 8.416000000000000000e+04 7.659600000000000000e+04 6.579700000000000000e+04 1.101755000000000000e+05 7.239325000000000000e+04 6.570721258355987082e-01
1.251850000000000000e+05 1.276210000000000000e+05 1.150280000000000000e+05 9.992100000000000000e+04 9.813200000000000000e+04 6.302000000000000000e+04 8.416000000000000000e+04 7.659600000000000000e+04 1.169387500000000000e+05 8.047700000000000000e+04 6.881978813695203145e-01
1.153960000000000000e+05 1.251850000000000000e+05 1.276210000000000000e+05 1.150280000000000000e+05 9.992100000000000000e+04 9.813200000000000000e+04 6.302000000000000000e+04 8.416000000000000000e+04 1.208075000000000000e+05 8.630825000000000000e+04 7.144279121743268846e-01
1.149230000000000000e+05 1.153960000000000000e+05 1.251850000000000000e+05 1.276210000000000000e+05 1.150280000000000000e+05 9.992100000000000000e+04 9.813200000000000000e+04 6.302000000000000000e+04 1.207812500000000000e+05 9.402525000000000000e+04 7.784755498059507950e-01
1.205530000000000000e+05 1.149230000000000000e+05 1.153960000000000000e+05 1.251850000000000000e+05 1.276210000000000000e+05 1.150280000000000000e+05 9.992100000000000000e+04 9.813200000000000000e+04 1.190142500000000000e+05 1.101755000000000000e+05 9.257336831513873765e-01
1.680580000000000000e+05 1.205530000000000000e+05 1.149230000000000000e+05 1.153960000000000000e+05 1.251850000000000000e+05 1.276210000000000000e+05 1.150280000000000000e+05 9.992100000000000000e+04 1.297325000000000000e+05 1.169387500000000000e+05 9.013836162873605229e-01
1.164810000000000000e+05 1.680580000000000000e+05 1.205530000000000000e+05 1.149230000000000000e+05 1.153960000000000000e+05 1.251850000000000000e+05 1.276210000000000000e+05 1.150280000000000000e+05 1.300037500000000000e+05 1.208075000000000000e+05 9.292616559137717447e-01
1.045070000000000000e+05 1.164810000000000000e+05 1.680580000000000000e+05 1.205530000000000000e+05 1.149230000000000000e+05 1.153960000000000000e+05 1.251850000000000000e+05 1.276210000000000000e+05 1.273997500000000000e+05 1.207812500000000000e+05 9.480493486054721863e-01
9.176500000000000000e+04 1.045070000000000000e+05 1.164810000000000000e+05 1.680580000000000000e+05 1.205530000000000000e+05 1.149230000000000000e+05 1.153960000000000000e+05 1.251850000000000000e+05 1.202027500000000000e+05 1.190142500000000000e+05 9.901125390226097611e-01
1.306720000000000000e+05 9.176500000000000000e+04 1.045070000000000000e+05 1.164810000000000000e+05 1.680580000000000000e+05 1.205530000000000000e+05 1.149230000000000000e+05 1.153960000000000000e+05 1.108562500000000000e+05 1.297325000000000000e+05 1.170276822461521204e+00
8.093800000000000000e+04 1.306720000000000000e+05 9.176500000000000000e+04 1.045070000000000000e+05 1.164810000000000000e+05 1.680580000000000000e+05 1.205530000000000000e+05 1.149230000000000000e+05 1.019705000000000000e+05 1.300037500000000000e+05 1.274915294129184362e+00
1.738450000000000000e+05 8.093800000000000000e+04 1.306720000000000000e+05 9.176500000000000000e+04 1.045070000000000000e+05 1.164810000000000000e+05 1.680580000000000000e+05 1.205530000000000000e+05 1.193050000000000000e+05 1.273997500000000000e+05 1.067849210007962846e+00
1.304020000000000000e+05 1.738450000000000000e+05 8.093800000000000000e+04 1.306720000000000000e+05 9.176500000000000000e+04 1.045070000000000000e+05 1.164810000000000000e+05 1.680580000000000000e+05 1.289642500000000000e+05 1.202027500000000000e+05 9.320625677271027199e-01
1.529480000000000000e+05 1.304020000000000000e+05 1.738450000000000000e+05 8.093800000000000000e+04 1.306720000000000000e+05 9.176500000000000000e+04 1.045070000000000000e+05 1.164810000000000000e+05 1.345332500000000000e+05 1.108562500000000000e+05 8.240063330068960745e-01
1.683290000000000000e+05 1.529480000000000000e+05 1.304020000000000000e+05 1.738450000000000000e+05 8.093800000000000000e+04 1.306720000000000000e+05 9.176500000000000000e+04 1.045070000000000000e+05 1.563810000000000000e+05 1.019705000000000000e+05 6.520645091155574669e-01
1.202570000000000000e+05 1.683290000000000000e+05 1.529480000000000000e+05 1.304020000000000000e+05 1.738450000000000000e+05 8.093800000000000000e+04 1.306720000000000000e+05 9.176500000000000000e+04 1.429840000000000000e+05 1.193050000000000000e+05 8.343940580764280801e-01
1.318850000000000000e+05 1.202570000000000000e+05 1.683290000000000000e+05 1.529480000000000000e+05 1.304020000000000000e+05 1.738450000000000000e+05 8.093800000000000000e+04 1.306720000000000000e+05 1.433547500000000000e+05 1.289642500000000000e+05 8.996161620037006479e-01
1.503870000000000000e+05 1.318850000000000000e+05 1.202570000000000000e+05 1.683290000000000000e+05 1.529480000000000000e+05 1.304020000000000000e+05 1.738450000000000000e+05 8.093800000000000000e+04 1.427145000000000000e+05 1.345332500000000000e+05 9.426740099989839861e-01
1.345490000000000000e+05 1.503870000000000000e+05 1.318850000000000000e+05 1.202570000000000000e+05 1.683290000000000000e+05 1.529480000000000000e+05 1.304020000000000000e+05 1.738450000000000000e+05 1.342695000000000000e+05 1.563810000000000000e+05 1.164679990615888228e+00
6.788000000000000000e+04 1.345490000000000000e+05 1.503870000000000000e+05 1.318850000000000000e+05 1.202570000000000000e+05 1.683290000000000000e+05 1.529480000000000000e+05 1.304020000000000000e+05 1.211752500000000000e+05 1.429840000000000000e+05 1.179976934233682107e+00
-7.442000000000000000e+04 6.788000000000000000e+04 1.345490000000000000e+05 1.503870000000000000e+05 1.318850000000000000e+05 1.202570000000000000e+05 1.683290000000000000e+05 1.529480000000000000e+05 6.959900000000000000e+04 1.433547500000000000e+05 2.059724277647667190e+00
-2.151440000000000000e+05 -7.442000000000000000e+04 6.788000000000000000e+04 1.345490000000000000e+05 1.503870000000000000e+05 1.318850000000000000e+05 1.202570000000000000e+05 1.683290000000000000e+05 -2.178375000000000000e+04 1.427145000000000000e+05 -6.551420210018935819e+00
1.422500000000000000e+05 -2.151440000000000000e+05 -7.442000000000000000e+04 6.788000000000000000e+04 1.345490000000000000e+05 1.503870000000000000e+05 1.318850000000000000e+05 1.202570000000000000e+05 -1.985850000000000000e+04 1.342695000000000000e+05 -6.761311277286804255e+00
1.293240000000000000e+05 1.422500000000000000e+05 -2.151440000000000000e+05 -7.442000000000000000e+04 6.788000000000000000e+04 1.345490000000000000e+05 1.503870000000000000e+05 1.318850000000000000e+05 -4.497500000000000000e+03 1.211752500000000000e+05 -2.694280155642023189e+01
1.718560000000000000e+05 1.293240000000000000e+05 1.422500000000000000e+05 -2.151440000000000000e+05 -7.442000000000000000e+04 6.788000000000000000e+04 1.345490000000000000e+05 1.503870000000000000e+05 5.707150000000000000e+04 6.959900000000000000e+04 1.219505357314947025e+00
2.696170000000000000e+05 1.718560000000000000e+05 1.293240000000000000e+05 1.422500000000000000e+05 -2.151440000000000000e+05 -7.442000000000000000e+04 6.788000000000000000e+04 1.345490000000000000e+05 1.782617500000000000e+05 -2.178375000000000000e+04 -1.222009208369153749e-01
1.670790000000000000e+05 2.696170000000000000e+05 1.718560000000000000e+05 1.293240000000000000e+05 1.422500000000000000e+05 -2.151440000000000000e+05 -7.442000000000000000e+04 6.788000000000000000e+04 1.844690000000000000e+05 -1.985850000000000000e+04 -1.076522342507413160e-01
1.669100000000000000e+05 1.670790000000000000e+05 2.696170000000000000e+05 1.718560000000000000e+05 1.293240000000000000e+05 1.422500000000000000e+05 -2.151440000000000000e+05 -7.442000000000000000e+04 1.938655000000000000e+05 -4.497500000000000000e+03 -2.319907358452122717e-02
2.381900000000000000e+05 1.669100000000000000e+05 1.670790000000000000e+05 2.696170000000000000e+05 1.718560000000000000e+05 1.293240000000000000e+05 1.422500000000000000e+05 -2.151440000000000000e+05 2.104490000000000000e+05 5.707150000000000000e+04 2.711892192407661661e-01
2.796350000000000000e+05 2.381900000000000000e+05 1.669100000000000000e+05 1.670790000000000000e+05 2.696170000000000000e+05 1.718560000000000000e+05 1.293240000000000000e+05 1.422500000000000000e+05 2.129535000000000000e+05 1.782617500000000000e+05 8.370923699305247156e-01
1.914920000000000000e+05 2.796350000000000000e+05 2.381900000000000000e+05 1.669100000000000000e+05 1.670790000000000000e+05 2.696170000000000000e+05 1.718560000000000000e+05 1.293240000000000000e+05 2.190567500000000000e+05 1.844690000000000000e+05 8.421059839516472634e-01
2.348440000000000000e+05 1.914920000000000000e+05 2.796350000000000000e+05 2.381900000000000000e+05 1.669100000000000000e+05 1.670790000000000000e+05 2.696170000000000000e+05 1.718560000000000000e+05 2.360402500000000000e+05 1.938655000000000000e+05 8.213239055627165053e-01
2.682000000000000000e+05 2.348440000000000000e+05 1.914920000000000000e+05 2.796350000000000000e+05 2.381900000000000000e+05 1.669100000000000000e+05 1.670790000000000000e+05 2.696170000000000000e+05 2.435427500000000000e+05 2.104490000000000000e+05 8.641152323360067333e-01
2.102010000000000000e+05 2.682000000000000000e+05 2.348440000000000000e+05 1.914920000000000000e+05 2.796350000000000000e+05 2.381900000000000000e+05 1.669100000000000000e+05 1.670790000000000000e+05 2.261842500000000000e+05 2.129535000000000000e+05 9.415045477304454513e-01
2.442450000000000000e+05 2.102010000000000000e+05 2.682000000000000000e+05 2.348440000000000000e+05 1.914920000000000000e+05 2.796350000000000000e+05 2.381900000000000000e+05 1.669100000000000000e+05 2.393725000000000000e+05 2.190567500000000000e+05 9.151291397299188279e-01
2.318920000000000000e+05 2.442450000000000000e+05 2.102010000000000000e+05 2.682000000000000000e+05 2.348440000000000000e+05 1.914920000000000000e+05 2.796350000000000000e+05 2.381900000000000000e+05 2.386345000000000000e+05 2.360402500000000000e+05 9.891287722437451801e-01
2.283540000000000000e+05 2.318920000000000000e+05 2.442450000000000000e+05 2.102010000000000000e+05 2.682000000000000000e+05 2.348440000000000000e+05 1.914920000000000000e+05 2.796350000000000000e+05 2.286730000000000000e+05 2.435427500000000000e+05 1.065026260205621078e+00
2.517200000000000000e+05 2.283540000000000000e+05 2.318920000000000000e+05 2.442450000000000000e+05 2.102010000000000000e+05 2.682000000000000000e+05 2.348440000000000000e+05 1.914920000000000000e+05 2.390527500000000000e+05 2.261842500000000000e+05 9.461687849229929448e-01
2.947500000000000000e+05 2.517200000000000000e+05 2.283540000000000000e+05 2.318920000000000000e+05 2.442450000000000000e+05 2.102010000000000000e+05 2.682000000000000000e+05 2.348440000000000000e+05 2.516790000000000000e+05 2.393725000000000000e+05 9.511023963064061393e-01
2.626950000000000000e+05 2.947500000000000000e+05 2.517200000000000000e+05 2.283540000000000000e+05 2.318920000000000000e+05 2.442450000000000000e+05 2.102010000000000000e+05 2.682000000000000000e+05 2.593797500000000000e+05 2.386345000000000000e+05 9.200197779510543850e-01
2.713640000000000000e+05 2.626950000000000000e+05 2.947500000000000000e+05 2.517200000000000000e+05 2.283540000000000000e+05 2.318920000000000000e+05 2.442450000000000000e+05 2.102010000000000000e+05 2.701322500000000000e+05 2.286730000000000000e+05 8.465223978255095316e-01
2.662470000000000000e+05 2.713640000000000000e+05 2.626950000000000000e+05 2.947500000000000000e+05 2.517200000000000000e+05 2.283540000000000000e+05 2.318920000000000000e+05 2.442450000000000000e+05 2.737640000000000000e+05 2.390527500000000000e+05 8.732073976125421799e-01
2.640040000000000000e+05 2.662470000000000000e+05 2.713640000000000000e+05 2.626950000000000000e+05 2.947500000000000000e+05 2.517200000000000000e+05 2.283540000000000000e+05 2.318920000000000000e+05 2.660775000000000000e+05 2.516790000000000000e+05 9.458860670293429695e-01
2.634870000000000000e+05 2.640040000000000000e+05 2.662470000000000000e+05 2.713640000000000000e+05 2.626950000000000000e+05 2.947500000000000000e+05 2.517200000000000000e+05 2.283540000000000000e+05 2.662755000000000000e+05 2.593797500000000000e+05 9.741029497644356772e-01
2.731790000000000000e+05 2.634870000000000000e+05 2.640040000000000000e+05 2.662470000000000000e+05 2.713640000000000000e+05 2.626950000000000000e+05 2.947500000000000000e+05 2.517200000000000000e+05 2.667292500000000000e+05 2.701322500000000000e+05 1.012758255796842644e+00
2.673110000000000000e+05 2.731790000000000000e+05 2.634870000000000000e+05 2.640040000000000000e+05 2.662470000000000000e+05 2.713640000000000000e+05 2.626950000000000000e+05 2.947500000000000000e+05 2.669952500000000000e+05 2.737640000000000000e+05 1.025351574606664373e+00
2.502730000000000000e+05 2.673110000000000000e+05 2.731790000000000000e+05 2.634870000000000000e+05 2.640040000000000000e+05 2.662470000000000000e+05 2.713640000000000000e+05 2.626950000000000000e+05 2.635625000000000000e+05 2.660775000000000000e+05 1.009542328669670308e+00
2.084310000000000000e+05 2.502730000000000000e+05 2.673110000000000000e+05 2.731790000000000000e+05 2.634870000000000000e+05 2.640040000000000000e+05 2.662470000000000000e+05 2.713640000000000000e+05 2.497985000000000000e+05 2.662755000000000000e+05 1.065961164698747243e+00
2.283760000000000000e+05 2.084310000000000000e+05 2.502730000000000000e+05 2.673110000000000000e+05 2.731790000000000000e+05 2.634870000000000000e+05 2.640040000000000000e+05 2.662470000000000000e+05 2.385977500000000000e+05 2.667292500000000000e+05 1.117903458854913712e+00
2.370710000000000000e+05 2.283760000000000000e+05 2.084310000000000000e+05 2.502730000000000000e+05 2.673110000000000000e+05 2.731790000000000000e+05 2.634870000000000000e+05 2.640040000000000000e+05 2.310377500000000000e+05 2.669952500000000000e+05 1.155634739344544304e+00
2.566960000000000000e+05 2.370710000000000000e+05 2.283760000000000000e+05 2.084310000000000000e+05 2.502730000000000000e+05 2.673110000000000000e+05 2.731790000000000000e+05 2.634870000000000000e+05 2.326435000000000000e+05 2.635625000000000000e+05 1.132902917983954039e+00
2.380670000000000000e+05 2.566960000000000000e+05 2.370710000000000000e+05 2.283760000000000000e+05 2.084310000000000000e+05 2.502730000000000000e+05 2.673110000000000000e+05 2.731790000000000000e+05 2.400525000000000000e+05 2.497985000000000000e+05 1.040599452203163855e+00
3.372540000000000000e+05 2.380670000000000000e+05 2.566960000000000000e+05 2.370710000000000000e+05 2.283760000000000000e+05 2.084310000000000000e+05 2.502730000000000000e+05 2.673110000000000000e+05 2.672720000000000000e+05 2.385977500000000000e+05 8.927150992247597783e-01
2.616130000000000000e+05 3.372540000000000000e+05 2.380670000000000000e+05 2.566960000000000000e+05 2.370710000000000000e+05 2.283760000000000000e+05 2.084310000000000000e+05 2.502730000000000000e+05 2.734075000000000000e+05 2.310377500000000000e+05 8.450307690900944468e-01
2.707120000000000000e+05 2.616130000000000000e+05 3.372540000000000000e+05 2.380670000000000000e+05 2.566960000000000000e+05 2.370710000000000000e+05 2.283760000000000000e+05 2.084310000000000000e+05 2.769115000000000000e+05 2.326435000000000000e+05 8.401366501571801981e-01
2.732910000000000000e+05 2.707120000000000000e+05 2.616130000000000000e+05 3.372540000000000000e+05 2.380670000000000000e+05 2.566960000000000000e+05 2.370710000000000000e+05 2.283760000000000000e+05 2.857175000000000000e+05 2.400525000000000000e+05 8.401742980391470050e-01
2.724020000000000000e+05 2.732910000000000000e+05 2.707120000000000000e+05 2.616130000000000000e+05 3.372540000000000000e+05 2.380670000000000000e+05 2.566960000000000000e+05 2.370710000000000000e+05 2.695045000000000000e+05 2.672720000000000000e+05 9.917162793200113846e-01
2.652720000000000000e+05 2.724020000000000000e+05 2.732910000000000000e+05 2.707120000000000000e+05 2.616130000000000000e+05 3.372540000000000000e+05 2.380670000000000000e+05 2.566960000000000000e+05 2.704192500000000000e+05 2.734075000000000000e+05 1.011050433724670183e+00
2.579280000000000000e+05 2.652720000000000000e+05 2.724020000000000000e+05 2.732910000000000000e+05 2.707120000000000000e+05 2.616130000000000000e+05 3.372540000000000000e+05 2.380670000000000000e+05 2.672232500000000000e+05 2.769115000000000000e+05 1.036255265962074734e+00
2.280230000000000000e+05 2.579280000000000000e+05 2.652720000000000000e+05 2.724020000000000000e+05 2.732910000000000000e+05 2.707120000000000000e+05 2.616130000000000000e+05 3.372540000000000000e+05 2.559062500000000000e+05 2.857175000000000000e+05 1.116492856270606904e+00
2.258160000000000000e+05 2.280230000000000000e+05 2.579280000000000000e+05 2.652720000000000000e+05 2.724020000000000000e+05 2.732910000000000000e+05 2.707120000000000000e+05 2.616130000000000000e+05 2.442597500000000000e+05 2.695045000000000000e+05 1.103352066805930898e+00
2.629110000000000000e+05 2.258160000000000000e+05 2.280230000000000000e+05 2.579280000000000000e+05 2.652720000000000000e+05 2.724020000000000000e+05 2.732910000000000000e+05 2.707120000000000000e+05 2.436695000000000000e+05 2.704192500000000000e+05 1.109778819261335592e+00
2.181310000000000000e+05 2.629110000000000000e+05 2.258160000000000000e+05 2.280230000000000000e+05 2.579280000000000000e+05 2.652720000000000000e+05 2.724020000000000000e+05 2.732910000000000000e+05 2.337202500000000000e+05 2.672232500000000000e+05 1.143346586356980277e+00
2.261620000000000000e+05 2.181310000000000000e+05 2.629110000000000000e+05 2.258160000000000000e+05 2.280230000000000000e+05 2.579280000000000000e+05 2.652720000000000000e+05 2.724020000000000000e+05 2.332550000000000000e+05 2.559062500000000000e+05 1.097109386722685542e+00
2.154110000000000000e+05 2.261620000000000000e+05 2.181310000000000000e+05 2.629110000000000000e+05 2.258160000000000000e+05 2.280230000000000000e+05 2.579280000000000000e+05 2.652720000000000000e+05 2.306537500000000000e+05 2.442597500000000000e+05 1.058988852338190956e+00
2.807850000000000000e+05 2.154110000000000000e+05 2.261620000000000000e+05 2.181310000000000000e+05 2.629110000000000000e+05 2.258160000000000000e+05 2.280230000000000000e+05 2.579280000000000000e+05 2.351222500000000000e+05 2.436695000000000000e+05 1.036352365631070693e+00
2.566960000000000000e+05 2.807850000000000000e+05 2.154110000000000000e+05 2.261620000000000000e+05 2.181310000000000000e+05 2.629110000000000000e+05 2.258160000000000000e+05 2.280230000000000000e+05 2.447635000000000000e+05 2.337202500000000000e+05 9.548819574814054745e-01
2.707380000000000000e+05 2.566960000000000000e+05 2.807850000000000000e+05 2.154110000000000000e+05 2.261620000000000000e+05 2.181310000000000000e+05 2.629110000000000000e+05 2.258160000000000000e+05 2.559075000000000000e+05 2.332550000000000000e+05 9.114816877191954658e-01
1.504328058252427145e+05 2.707380000000000000e+05 2.566960000000000000e+05 2.807850000000000000e+05 2.154110000000000000e+05 2.261620000000000000e+05 2.181310000000000000e+05 2.629110000000000000e+05 2.694063333333333139e+05 2.306537500000000000e+05 8.561556335597159118e-01
