5.690000000000000000e+02 4.530000000000000000e+02 5.560000000000000000e+02 6.320000000000000000e+02 7.090000000000000000e+02 4.770000000000000000e+02 5.000000000000000000e+02 5.380000000000000000e+02 5.525000000000000000e+02 5.560000000000000000e+02 1.006334841628959254e+00
4.870000000000000000e+02 5.690000000000000000e+02 4.530000000000000000e+02 5.560000000000000000e+02 6.320000000000000000e+02 7.090000000000000000e+02 4.770000000000000000e+02 5.000000000000000000e+02 5.162500000000000000e+02 5.795000000000000000e+02 1.122518159806295435e+00
4.800000000000000000e+02 4.870000000000000000e+02 5.690000000000000000e+02 4.530000000000000000e+02 5.560000000000000000e+02 6.320000000000000000e+02 7.090000000000000000e+02 4.770000000000000000e+02 4.972500000000000000e+02 5.935000000000000000e+02 1.193564605329311190e+00
3.660000000000000000e+02 4.800000000000000000e+02 4.870000000000000000e+02 5.690000000000000000e+02 4.530000000000000000e+02 5.560000000000000000e+02 6.320000000000000000e+02 7.090000000000000000e+02 4.755000000000000000e+02 5.875000000000000000e+02 1.235541535226077903e+00
4.750000000000000000e+02 3.660000000000000000e+02 4.800000000000000000e+02 4.870000000000000000e+02 5.690000000000000000e+02 4.530000000000000000e+02 5.560000000000000000e+02 6.320000000000000000e+02 4.520000000000000000e+02 5.525000000000000000e+02 1.222345132743362761e+00
6.980000000000000000e+02 4.750000000000000000e+02 3.660000000000000000e+02 4.800000000000000000e+02 4.870000000000000000e+02 5.690000000000000000e+02 4.530000000000000000e+02 5.560000000000000000e+02 5.047500000000000000e+02 5.162500000000000000e+02 1.022783556215948408e+00
5.400000000000000000e+02 6.980000000000000000e+02 4.750000000000000000e+02 3.660000000000000000e+02 4.800000000000000000e+02 4.870000000000000000e+02 5.690000000000000000e+02 4.530000000000000000e+02 5.197500000000000000e+02 4.972500000000000000e+02 9.567099567099567325e-01
5.870000000000000000e+02 5.400000000000000000e+02 6.980000000000000000e+02 4.750000000000000000e+02 3.660000000000000000e+02 4.800000000000000000e+02 4.870000000000000000e+02 5.690000000000000000e+02 5.750000000000000000e+02 4.755000000000000000e+02 8.269565217391304790e-01
5.920000000000000000e+02 5.870000000000000000e+02 5.400000000000000000e+02 6.980000000000000000e+02 4.750000000000000000e+02 3.660000000000000000e+02 4.800000000000000000e+02 4.870000000000000000e+02 6.042500000000000000e+02 4.520000000000000000e+02 7.480347538270583074e-01
4.350000000000000000e+02 5.920000000000000000e+02 5.870000000000000000e+02 5.400000000000000000e+02 6.980000000000000000e+02 4.750000000000000000e+02 3.660000000000000000e+02 4.800000000000000000e+02 5.385000000000000000e+02 5.047500000000000000e+02 9.373259052924790558e-01
4.720000000000000000e+02 4.350000000000000000e+02 5.920000000000000000e+02 5.870000000000000000e+02 5.400000000000000000e+02 6.980000000000000000e+02 4.750000000000000000e+02 3.660000000000000000e+02 5.215000000000000000e+02 5.197500000000000000e+02 9.966442953020133722e-01
3.720000000000000000e+02 4.720000000000000000e+02 4.350000000000000000e+02 5.920000000000000000e+02 5.870000000000000000e+02 5.400000000000000000e+02 6.980000000000000000e+02 4.750000000000000000e+02 4.677500000000000000e+02 5.750000000000000000e+02 1.229289150187065749e+00
4.830000000000000000e+02 3.720000000000000000e+02 4.720000000000000000e+02 4.350000000000000000e+02 5.920000000000000000e+02 5.870000000000000000e+02 5.400000000000000000e+02 6.980000000000000000e+02 4.405000000000000000e+02 6.042500000000000000e+02 1.371736662883087376e+00
6.210000000000000000e+02 4.830000000000000000e+02 3.720000000000000000e+02 4.720000000000000000e+02 4.350000000000000000e+02 5.920000000000000000e+02 5.870000000000000000e+02 5.400000000000000000e+02 4.870000000000000000e+02 5.385000000000000000e+02 1.105749486652977343e+00
6.770000000000000000e+02 6.210000000000000000e+02 4.830000000000000000e+02 3.720000000000000000e+02 4.720000000000000000e+02 4.350000000000000000e+02 5.920000000000000000e+02 5.870000000000000000e+02 5.382500000000000000e+02 5.215000000000000000e+02 9.688806316767301086e-01
6.890000000000000000e+02 6.770000000000000000e+02 6.210000000000000000e+02 4.830000000000000000e+02 3.720000000000000000e+02 4.720000000000000000e+02 4.350000000000000000e+02 5.920000000000000000e+02 6.175000000000000000e+02 4.677500000000000000e+02 7.574898785425101533e-01
8.290000000000000000e+02 6.890000000000000000e+02 6.770000000000000000e+02 6.210000000000000000e+02 4.830000000000000000e+02 3.720000000000000000e+02 4.720000000000000000e+02 4.350000000000000000e+02 7.040000000000000000e+02 4.405000000000000000e+02 6.257102272727272929e-01
7.670000000000000000e+02 8.290000000000000000e+02 6.890000000000000000e+02 6.770000000000000000e+02 6.210000000000000000e+02 4.830000000000000000e+02 3.720000000000000000e+02 4.720000000000000000e+02 7.405000000000000000e+02 4.870000000000000000e+02 6.576637407157326365e-01
6.540000000000000000e+02 7.670000000000000000e+02 8.290000000000000000e+02 6.890000000000000000e+02 6.770000000000000000e+02 6.210000000000000000e+02 4.830000000000000000e+02 3.720000000000000000e+02 7.347500000000000000e+02 5.382500000000000000e+02 7.325620959510037444e-01
7.000000000000000000e+02 6.540000000000000000e+02 7.670000000000000000e+02 8.290000000000000000e+02 6.890000000000000000e+02 6.770000000000000000e+02 6.210000000000000000e+02 4.830000000000000000e+02 7.375000000000000000e+02 6.175000000000000000e+02 8.372881355932203506e-01
7.200000000000000000e+02 7.000000000000000000e+02 6.540000000000000000e+02 7.670000000000000000e+02 8.290000000000000000e+02 6.890000000000000000e+02 6.770000000000000000e+02 6.210000000000000000e+02 7.102500000000000000e+02 7.040000000000000000e+02 9.912002815909890518e-01
5.960000000000000000e+02 7.200000000000000000e+02 7.000000000000000000e+02 6.540000000000000000e+02 7.670000000000000000e+02 8.290000000000000000e+02 6.890000000000000000e+02 6.770000000000000000e+02 6.675000000000000000e+02 7.405000000000000000e+02 1.109363295880149813e+00
6.530000000000000000e+02 5.960000000000000000e+02 7.200000000000000000e+02 7.000000000000000000e+02 6.540000000000000000e+02 7.670000000000000000e+02 8.290000000000000000e+02 6.890000000000000000e+02 6.672500000000000000e+02 7.347500000000000000e+02 1.101161483701760924e+00
6.390000000000000000e+02 6.530000000000000000e+02 5.960000000000000000e+02 7.200000000000000000e+02 7.000000000000000000e+02 6.540000000000000000e+02 7.670000000000000000e+02 8.290000000000000000e+02 6.520000000000000000e+02 7.375000000000000000e+02 1.131134969325153339e+00
7.580000000000000000e+02 6.390000000000000000e+02 6.530000000000000000e+02 5.960000000000000000e+02 7.200000000000000000e+02 7.000000000000000000e+02 6.540000000000000000e+02 7.670000000000000000e+02 6.615000000000000000e+02 7.102500000000000000e+02 1.073696145124716450e+00
7.190000000000000000e+02 7.580000000000000000e+02 6.390000000000000000e+02 6.530000000000000000e+02 5.960000000000000000e+02 7.200000000000000000e+02 7.000000000000000000e+02 6.540000000000000000e+02 6.922500000000000000e+02 6.675000000000000000e+02 9.642470205850487419e-01
7.550000000000000000e+02 7.190000000000000000e+02 7.580000000000000000e+02 6.390000000000000000e+02 6.530000000000000000e+02 5.960000000000000000e+02 7.200000000000000000e+02 7.000000000000000000e+02 7.177500000000000000e+02 6.672500000000000000e+02 9.296412399860676246e-01
5.850000000000000000e+02 7.550000000000000000e+02 7.190000000000000000e+02 7.580000000000000000e+02 6.390000000000000000e+02 6.530000000000000000e+02 5.960000000000000000e+02 7.200000000000000000e+02 7.042500000000000000e+02 6.520000000000000000e+02 9.258075967341142798e-01
7.990000000000000000e+02 5.850000000000000000e+02 7.550000000000000000e+02 7.190000000000000000e+02 7.580000000000000000e+02 6.390000000000000000e+02 6.530000000000000000e+02 5.960000000000000000e+02 7.145000000000000000e+02 6.615000000000000000e+02 9.258222533240028085e-01
9.220000000000000000e+02 7.990000000000000000e+02 5.850000000000000000e+02 7.550000000000000000e+02 7.190000000000000000e+02 7.580000000000000000e+02 6.390000000000000000e+02 6.530000000000000000e+02 7.652500000000000000e+02 6.922500000000000000e+02 9.046063377981051756e-01
9.970000000000000000e+02 9.220000000000000000e+02 7.990000000000000000e+02 5.850000000000000000e+02 7.550000000000000000e+02 7.190000000000000000e+02 7.580000000000000000e+02 6.390000000000000000e+02 8.257500000000000000e+02 7.177500000000000000e+02 8.692098092643051332e-01
7.490000000000000000e+02 9.970000000000000000e+02 9.220000000000000000e+02 7.990000000000000000e+02 5.850000000000000000e+02 7.550000000000000000e+02 7.190000000000000000e+02 7.580000000000000000e+02 8.667500000000000000e+02 7.042500000000000000e+02 8.125180271127776521e-01
9.910000000000000000e+02 7.490000000000000000e+02 9.970000000000000000e+02 9.220000000000000000e+02 7.990000000000000000e+02 5.850000000000000000e+02 7.550000000000000000e+02 7.190000000000000000e+02 9.147500000000000000e+02 7.145000000000000000e+02 7.810877288876741931e-01
1.009000000000000000e+03 9.910000000000000000e+02 7.490000000000000000e+02 9.970000000000000000e+02 9.220000000000000000e+02 7.990000000000000000e+02 5.850000000000000000e+02 7.550000000000000000e+02 9.365000000000000000e+02 7.652500000000000000e+02 8.171382808328884195e-01
1.174000000000000000e+03 1.009000000000000000e+03 9.910000000000000000e+02 7.490000000000000000e+02 9.970000000000000000e+02 9.220000000000000000e+02 7.990000000000000000e+02 5.850000000000000000e+02 9.807500000000000000e+02 8.257500000000000000e+02 8.419576854448126424e-01
1.300000000000000000e+03 1.174000000000000000e+03 1.009000000000000000e+03 9.910000000000000000e+02 7.490000000000000000e+02 9.970000000000000000e+02 9.220000000000000000e+02 7.990000000000000000e+02 1.118500000000000000e+03 8.667500000000000000e+02 7.749217702279839193e-01
1.192000000000000000e+03 1.300000000000000000e+03 1.174000000000000000e+03 1.009000000000000000e+03 9.910000000000000000e+02 7.490000000000000000e+02 9.970000000000000000e+02 9.220000000000000000e+02 1.168750000000000000e+03 9.147500000000000000e+02 7.826737967914438876e-01
1.096000000000000000e+03 1.192000000000000000e+03 1.300000000000000000e+03 1.174000000000000000e+03 1.009000000000000000e+03 9.910000000000000000e+02 7.490000000000000000e+02 9.970000000000000000e+02 1.190500000000000000e+03 9.365000000000000000e+02 7.866442671146577359e-01
1.065000000000000000e+03 1.096000000000000000e+03 1.192000000000000000e+03 1.300000000000000000e+03 1.174000000000000000e+03 1.009000000000000000e+03 9.910000000000000000e+02 7.490000000000000000e+02 1.163250000000000000e+03 9.807500000000000000e+02 8.431119707715452050e-01
1.089000000000000000e+03 1.065000000000000000e+03 1.096000000000000000e+03 1.192000000000000000e+03 1.300000000000000000e+03 1.174000000000000000e+03 1.009000000000000000e+03 9.910000000000000000e+02 1.110500000000000000e+03 1.118500000000000000e+03 1.007203962179198609e+00
1.435000000000000000e+03 1.089000000000000000e+03 1.065000000000000000e+03 1.096000000000000000e+03 1.192000000000000000e+03 1.300000000000000000e+03 1.174000000000000000e+03 1.009000000000000000e+03 1.171250000000000000e+03 1.168750000000000000e+03 9.978655282817502359e-01
1.050000000000000000e+03 1.435000000000000000e+03 1.089000000000000000e+03 1.065000000000000000e+03 1.096000000000000000e+03 1.192000000000000000e+03 1.300000000000000000e+03 1.174000000000000000e+03 1.159750000000000000e+03 1.190500000000000000e+03 1.026514334985988430e+00
9.730000000000000000e+02 1.050000000000000000e+03 1.435000000000000000e+03 1.089000000000000000e+03 1.065000000000000000e+03 1.096000000000000000e+03 1.192000000000000000e+03 1.300000000000000000e+03 1.136750000000000000e+03 1.163250000000000000e+03 1.023312073894875773e+00
8.400000000000000000e+02 9.730000000000000000e+02 1.050000000000000000e+03 1.435000000000000000e+03 1.089000000000000000e+03 1.065000000000000000e+03 1.096000000000000000e+03 1.192000000000000000e+03 1.074500000000000000e+03 1.110500000000000000e+03 1.033503955328059609e+00
1.596000000000000000e+03 8.400000000000000000e+02 9.730000000000000000e+02 1.050000000000000000e+03 1.435000000000000000e+03 1.089000000000000000e+03 1.065000000000000000e+03 1.096000000000000000e+03 1.114750000000000000e+03 1.171250000000000000e+03 1.050684009867683288e+00
9.840000000000000000e+02 1.596000000000000000e+03 8.400000000000000000e+02 9.730000000000000000e+02 1.050000000000000000e+03 1.435000000000000000e+03 1.089000000000000000e+03 1.065000000000000000e+03 1.098250000000000000e+03 1.159750000000000000e+03 1.055998178921010666e+00
2.124000000000000000e+03 9.840000000000000000e+02 1.596000000000000000e+03 8.400000000000000000e+02 9.730000000000000000e+02 1.050000000000000000e+03 1.435000000000000000e+03 1.089000000000000000e+03 1.386000000000000000e+03 1.136750000000000000e+03 8.201659451659452094e-01
1.595000000000000000e+03 2.124000000000000000e+03 9.840000000000000000e+02 1.596000000000000000e+03 8.400000000000000000e+02 9.730000000000000000e+02 1.050000000000000000e+03 1.435000000000000000e+03 1.574750000000000000e+03 1.074500000000000000e+03 6.823305286553421611e-01
1.843000000000000000e+03 1.595000000000000000e+03 2.124000000000000000e+03 9.840000000000000000e+02 1.596000000000000000e+03 8.400000000000000000e+02 9.730000000000000000e+02 1.050000000000000000e+03 1.636500000000000000e+03 1.114750000000000000e+03 6.811793461655972770e-01
2.065000000000000000e+03 1.843000000000000000e+03 1.595000000000000000e+03 2.124000000000000000e+03 9.840000000000000000e+02 1.596000000000000000e+03 8.400000000000000000e+02 9.730000000000000000e+02 1.906750000000000000e+03 1.098250000000000000e+03 5.759800708011013626e-01
1.479000000000000000e+03 2.065000000000000000e+03 1.843000000000000000e+03 1.595000000000000000e+03 2.124000000000000000e+03 9.840000000000000000e+02 1.596000000000000000e+03 8.400000000000000000e+02 1.745500000000000000e+03 1.386000000000000000e+03 7.940418218275565598e-01
1.639000000000000000e+03 1.479000000000000000e+03 2.065000000000000000e+03 1.843000000000000000e+03 1.595000000000000000e+03 2.124000000000000000e+03 9.840000000000000000e+02 1.596000000000000000e+03 1.756500000000000000e+03 1.574750000000000000e+03 8.965271847423854634e-01
1.602000000000000000e+03 1.639000000000000000e+03 1.479000000000000000e+03 2.065000000000000000e+03 1.843000000000000000e+03 1.595000000000000000e+03 2.124000000000000000e+03 9.840000000000000000e+02 1.696250000000000000e+03 1.636500000000000000e+03 9.647752394988946545e-01
1.416000000000000000e+03 1.602000000000000000e+03 1.639000000000000000e+03 1.479000000000000000e+03 2.065000000000000000e+03 1.843000000000000000e+03 1.595000000000000000e+03 2.124000000000000000e+03 1.534000000000000000e+03 1.906750000000000000e+03 1.242992177314211188e+00
7.550000000000000000e+02 1.416000000000000000e+03 1.602000000000000000e+03 1.639000000000000000e+03 1.479000000000000000e+03 2.065000000000000000e+03 1.843000000000000000e+03 1.595000000000000000e+03 1.353000000000000000e+03 1.745500000000000000e+03 1.290096082779009556e+00
-8.570000000000000000e+02 7.550000000000000000e+02 1.416000000000000000e+03 1.602000000000000000e+03 1.639000000000000000e+03 1.479000000000000000e+03 2.065000000000000000e+03 1.843000000000000000e+03 7.290000000000000000e+02 1.756500000000000000e+03 2.409465020576131877e+00
-2.481000000000000000e+03 -8.570000000000000000e+02 7.550000000000000000e+02 1.416000000000000000e+03 1.602000000000000000e+03 1.639000000000000000e+03 1.479000000000000000e+03 2.065000000000000000e+03 -2.917500000000000000e+02 1.696250000000000000e+03 -5.814053127677806465e+00
1.592000000000000000e+03 -2.481000000000000000e+03 -8.570000000000000000e+02 7.550000000000000000e+02 1.416000000000000000e+03 1.602000000000000000e+03 1.639000000000000000e+03 1.479000000000000000e+03 -2.477500000000000000e+02 1.534000000000000000e+03 -6.191725529767911240e+00
1.414000000000000000e+03 1.592000000000000000e+03 -2.481000000000000000e+03 -8.570000000000000000e+02 7.550000000000000000e+02 1.416000000000000000e+03 1.602000000000000000e+03 1.639000000000000000e+03 -8.300000000000000000e+01 1.353000000000000000e+03 -1.630120481927710685e+01
1.871000000000000000e+03 1.414000000000000000e+03 1.592000000000000000e+03 -2.481000000000000000e+03 -8.570000000000000000e+02 7.550000000000000000e+02 1.416000000000000000e+03 1.602000000000000000e+03 5.990000000000000000e+02 7.290000000000000000e+02 1.217028380634390672e+00
2.868000000000000000e+03 1.871000000000000000e+03 1.414000000000000000e+03 1.592000000000000000e+03 -2.481000000000000000e+03 -8.570000000000000000e+02 7.550000000000000000e+02 1.416000000000000000e+03 1.936250000000000000e+03 -2.917500000000000000e+02 -1.506778566817301435e-01
1.710000000000000000e+03 2.868000000000000000e+03 1.871000000000000000e+03 1.414000000000000000e+03 1.592000000000000000e+03 -2.481000000000000000e+03 -8.570000000000000000e+02 7.550000000000000000e+02 1.965750000000000000e+03 -2.477500000000000000e+02 -1.260333206155411501e-01
1.726000000000000000e+03 1.710000000000000000e+03 2.868000000000000000e+03 1.871000000000000000e+03 1.414000000000000000e+03 1.592000000000000000e+03 -2.481000000000000000e+03 -8.570000000000000000e+02 2.043750000000000000e+03 -8.300000000000000000e+01 -4.061162079510703682e-02
2.441000000000000000e+03 1.726000000000000000e+03 1.710000000000000000e+03 2.868000000000000000e+03 1.871000000000000000e+03 1.414000000000000000e+03 1.592000000000000000e+03 -2.481000000000000000e+03 2.186250000000000000e+03 5.990000000000000000e+02 2.739851343624928326e-01
2.886000000000000000e+03 2.441000000000000000e+03 1.726000000000000000e+03 1.710000000000000000e+03 2.868000000000000000e+03 1.871000000000000000e+03 1.414000000000000000e+03 1.592000000000000000e+03 2.190750000000000000e+03 1.936250000000000000e+03 8.838297386739700778e-01
1.975000000000000000e+03 2.886000000000000000e+03 2.441000000000000000e+03 1.726000000000000000e+03 1.710000000000000000e+03 2.868000000000000000e+03 1.871000000000000000e+03 1.414000000000000000e+03 2.257000000000000000e+03 1.965750000000000000e+03 8.709570225963668699e-01
2.393000000000000000e+03 1.975000000000000000e+03 2.886000000000000000e+03 2.441000000000000000e+03 1.726000000000000000e+03 1.710000000000000000e+03 2.868000000000000000e+03 1.871000000000000000e+03 2.423750000000000000e+03 2.043750000000000000e+03 8.432181536874677752e-01
2.792000000000000000e+03 2.393000000000000000e+03 1.975000000000000000e+03 2.886000000000000000e+03 2.441000000000000000e+03 1.726000000000000000e+03 1.710000000000000000e+03 2.868000000000000000e+03 2.511500000000000000e+03 2.186250000000000000e+03 8.704957196894286264e-01
1.788000000000000000e+03 2.792000000000000000e+03 2.393000000000000000e+03 1.975000000000000000e+03 2.886000000000000000e+03 2.441000000000000000e+03 1.726000000000000000e+03 1.710000000000000000e+03 2.237000000000000000e+03 2.190750000000000000e+03 9.793249888243182877e-01
2.020000000000000000e+03 1.788000000000000000e+03 2.792000000000000000e+03 2.393000000000000000e+03 1.975000000000000000e+03 2.886000000000000000e+03 2.441000000000000000e+03 1.726000000000000000e+03 2.248250000000000000e+03 2.257000000000000000e+03 1.003891915934615797e+00
1.927000000000000000e+03 2.020000000000000000e+03 1.788000000000000000e+03 2.792000000000000000e+03 2.393000000000000000e+03 1.975000000000000000e+03 2.886000000000000000e+03 2.441000000000000000e+03 2.131750000000000000e+03 2.423750000000000000e+03 1.136976662366600221e+00
1.938000000000000000e+03 1.927000000000000000e+03 2.020000000000000000e+03 1.788000000000000000e+03 2.792000000000000000e+03 2.393000000000000000e+03 1.975000000000000000e+03 2.886000000000000000e+03 1.918250000000000000e+03 2.511500000000000000e+03 1.309266258308353859e+00
2.356000000000000000e+03 1.938000000000000000e+03 1.927000000000000000e+03 2.020000000000000000e+03 1.788000000000000000e+03 2.792000000000000000e+03 2.393000000000000000e+03 1.975000000000000000e+03 2.060250000000000000e+03 2.237000000000000000e+03 1.085790559398131405e+00
2.818000000000000000e+03 2.356000000000000000e+03 1.938000000000000000e+03 1.927000000000000000e+03 2.020000000000000000e+03 1.788000000000000000e+03 2.792000000000000000e+03 2.393000000000000000e+03 2.259750000000000000e+03 2.248250000000000000e+03 9.949109414758269265e-01
2.464000000000000000e+03 2.818000000000000000e+03 2.356000000000000000e+03 1.938000000000000000e+03 1.927000000000000000e+03 2.020000000000000000e+03 1.788000000000000000e+03 2.792000000000000000e+03 2.394000000000000000e+03 2.131750000000000000e+03 8.904553049289891664e-01
2.508000000000000000e+03 2.464000000000000000e+03 2.818000000000000000e+03 2.356000000000000000e+03 1.938000000000000000e+03 1.927000000000000000e+03 2.020000000000000000e+03 1.788000000000000000e+03 2.536500000000000000e+03 1.918250000000000000e+03 7.562586240883106825e-01
2.264000000000000000e+03 2.508000000000000000e+03 2.464000000000000000e+03 2.818000000000000000e+03 2.356000000000000000e+03 1.938000000000000000e+03 1.927000000000000000e+03 2.020000000000000000e+03 2.513500000000000000e+03 2.060250000000000000e+03 8.196737616868907672e-01
2.193000000000000000e+03 2.264000000000000000e+03 2.508000000000000000e+03 2.464000000000000000e+03 2.818000000000000000e+03 2.356000000000000000e+03 1.938000000000000000e+03 1.927000000000000000e+03 2.357250000000000000e+03 2.259750000000000000e+03 9.586382437161947712e-01
2.118000000000000000e+03 2.193000000000000000e+03 2.264000000000000000e+03 2.508000000000000000e+03 2.464000000000000000e+03 2.818000000000000000e+03 2.356000000000000000e+03 1.938000000000000000e+03 2.270750000000000000e+03 2.394000000000000000e+03 1.054277221182428725e+00
2.244000000000000000e+03 2.118000000000000000e+03 2.193000000000000000e+03 2.264000000000000000e+03 2.508000000000000000e+03 2.464000000000000000e+03 2.818000000000000000e+03 2.356000000000000000e+03 2.204750000000000000e+03 2.536500000000000000e+03 1.150470574895112730e+00
2.098000000000000000e+03 2.244000000000000000e+03 2.118000000000000000e+03 2.193000000000000000e+03 2.264000000000000000e+03 2.508000000000000000e+03 2.464000000000000000e+03 2.818000000000000000e+03 2.163250000000000000e+03 2.513500000000000000e+03 1.161909164451635279e+00
1.901000000000000000e+03 2.098000000000000000e+03 2.244000000000000000e+03 2.118000000000000000e+03 2.193000000000000000e+03 2.264000000000000000e+03 2.508000000000000000e+03 2.464000000000000000e+03 2.090250000000000000e+03 2.357250000000000000e+03 1.127735916756368750e+00
1.578000000000000000e+03 1.901000000000000000e+03 2.098000000000000000e+03 2.244000000000000000e+03 2.118000000000000000e+03 2.193000000000000000e+03 2.264000000000000000e+03 2.508000000000000000e+03 1.955250000000000000e+03 2.270750000000000000e+03 1.161360439841452541e+00
1.675000000000000000e+03 1.578000000000000000e+03 1.901000000000000000e+03 2.098000000000000000e+03 2.244000000000000000e+03 2.118000000000000000e+03 2.193000000000000000e+03 2.264000000000000000e+03 1.813000000000000000e+03 2.204750000000000000e+03 1.216078323221180257e+00
1.979000000000000000e+03 1.675000000000000000e+03 1.578000000000000000e+03 1.901000000000000000e+03 2.098000000000000000e+03 2.244000000000000000e+03 2.118000000000000000e+03 2.193000000000000000e+03 1.783250000000000000e+03 2.163250000000000000e+03 1.213094069816346599e+00
2.206000000000000000e+03 1.979000000000000000e+03 1.675000000000000000e+03 1.578000000000000000e+03 1.901000000000000000e+03 2.098000000000000000e+03 2.244000000000000000e+03 2.118000000000000000e+03 1.859500000000000000e+03 2.090250000000000000e+03 1.124092497983328887e+00
2.079000000000000000e+03 2.206000000000000000e+03 1.979000000000000000e+03 1.675000000000000000e+03 1.578000000000000000e+03 1.901000000000000000e+03 2.098000000000000000e+03 2.244000000000000000e+03 1.984750000000000000e+03 1.955250000000000000e+03 9.851366670865348008e-01
2.962000000000000000e+03 2.079000000000000000e+03 2.206000000000000000e+03 1.979000000000000000e+03 1.675000000000000000e+03 1.578000000000000000e+03 1.901000000000000000e+03 2.098000000000000000e+03 2.306500000000000000e+03 1.813000000000000000e+03 7.860394537177541885e-01
2.200000000000000000e+03 2.962000000000000000e+03 2.079000000000000000e+03 2.206000000000000000e+03 1.979000000000000000e+03 1.675000000000000000e+03 1.578000000000000000e+03 1.901000000000000000e+03 2.361750000000000000e+03 1.783250000000000000e+03 7.550545146607388070e-01
2.280000000000000000e+03 2.200000000000000000e+03 2.962000000000000000e+03 2.079000000000000000e+03 2.206000000000000000e+03 1.979000000000000000e+03 1.675000000000000000e+03 1.578000000000000000e+03 2.380250000000000000e+03 1.859500000000000000e+03 7.812204600357105511e-01
2.251000000000000000e+03 2.280000000000000000e+03 2.200000000000000000e+03 2.962000000000000000e+03 2.079000000000000000e+03 2.206000000000000000e+03 1.979000000000000000e+03 1.675000000000000000e+03 2.423250000000000000e+03 1.984750000000000000e+03 8.190446714123594818e-01
2.254000000000000000e+03 2.251000000000000000e+03 2.280000000000000000e+03 2.200000000000000000e+03 2.962000000000000000e+03 2.079000000000000000e+03 2.206000000000000000e+03 1.979000000000000000e+03 2.246250000000000000e+03 2.306500000000000000e+03 1.026822481914301699e+00
2.214000000000000000e+03 2.254000000000000000e+03 2.251000000000000000e+03 2.280000000000000000e+03 2.200000000000000000e+03 2.962000000000000000e+03 2.079000000000000000e+03 2.206000000000000000e+03 2.249750000000000000e+03 2.361750000000000000e+03 1.049783309256584030e+00
2.252000000000000000e+03 2.214000000000000000e+03 2.254000000000000000e+03 2.251000000000000000e+03 2.280000000000000000e+03 2.200000000000000000e+03 2.962000000000000000e+03 2.079000000000000000e+03 2.242750000000000000e+03 2.380250000000000000e+03 1.061308661241779028e+00
1.995000000000000000e+03 2.252000000000000000e+03 2.214000000000000000e+03 2.254000000000000000e+03 2.251000000000000000e+03 2.280000000000000000e+03 2.200000000000000000e+03 2.962000000000000000e+03 2.178750000000000000e+03 2.423250000000000000e+03 1.112220309810671326e+00
1.957000000000000000e+03 1.995000000000000000e+03 2.252000000000000000e+03 2.214000000000000000e+03 2.254000000000000000e+03 2.251000000000000000e+03 2.280000000000000000e+03 2.200000000000000000e+03 2.104500000000000000e+03 2.246250000000000000e+03 1.067355666429080641e+00
1.955000000000000000e+03 1.957000000000000000e+03 1.995000000000000000e+03 2.252000000000000000e+03 2.214000000000000000e+03 2.254000000000000000e+03 2.251000000000000000e+03 2.280000000000000000e+03 2.039750000000000000e+03 2.249750000000000000e+03 1.102953793357029033e+00
1.601000000000000000e+03 1.955000000000000000e+03 1.957000000000000000e+03 1.995000000000000000e+03 2.252000000000000000e+03 2.214000000000000000e+03 2.254000000000000000e+03 2.251000000000000000e+03 1.877000000000000000e+03 2.242750000000000000e+03 1.194858817261587713e+00
1.650000000000000000e+03 1.601000000000000000e+03 1.955000000000000000e+03 1.957000000000000000e+03 1.995000000000000000e+03 2.252000000000000000e+03 2.214000000000000000e+03 2.254000000000000000e+03 1.790750000000000000e+03 2.178750000000000000e+03 1.216668993438503321e+00
1.549000000000000000e+03 1.650000000000000000e+03 1.601000000000000000e+03 1.955000000000000000e+03 1.957000000000000000e+03 1.995000000000000000e+03 2.252000000000000000e+03 2.214000000000000000e+03 1.688750000000000000e+03 2.104500000000000000e+03 1.246188008882309406e+00
2.033000000000000000e+03 1.549000000000000000e+03 1.650000000000000000e+03 1.601000000000000000e+03 1.955000000000000000e+03 1.957000000000000000e+03 1.995000000000000000e+03 2.252000000000000000e+03 1.708250000000000000e+03 2.039750000000000000e+03 1.194058246743743501e+00
1.845000000000000000e+03 2.033000000000000000e+03 1.549000000000000000e+03 1.650000000000000000e+03 1.601000000000000000e+03 1.955000000000000000e+03 1.957000000000000000e+03 1.995000000000000000e+03 1.769250000000000000e+03 1.877000000000000000e+03 1.060901511940087527e+00
1.950000000000000000e+03 1.845000000000000000e+03 2.033000000000000000e+03 1.549000000000000000e+03 1.650000000000000000e+03 1.601000000000000000e+03 1.955000000000000000e+03 1.957000000000000000e+03 1.844250000000000000e+03 1.790750000000000000e+03 9.709909177172292294e-01
1.399310679611650585e+03 1.950000000000000000e+03 1.845000000000000000e+03 2.033000000000000000e+03 1.549000000000000000e+03 1.650000000000000000e+03 1.601000000000000000e+03 1.955000000000000000e+03 1.942666666666666742e+03 1.688750000000000000e+03 8.692947838023334928e-01
