-1.861000000000000000e+03 -5.939000000000000000e+03 -3.595000000000000000e+03 -2.943000000000000000e+03 -1.517000000000000000e+03 -4.160000000000000000e+02 -9.010000000000000000e+02 -7.580000000000000000e+02 -3.584500000000000000e+03 -1.435299999999999955e+03 4.004184684056353860e-01
-1.727000000000000000e+03 -1.861000000000000000e+03 -5.939000000000000000e+03 -3.595000000000000000e+03 -2.943000000000000000e+03 -1.517000000000000000e+03 -4.160000000000000000e+02 -9.010000000000000000e+02 -3.280500000000000000e+03 -1.811500000000000000e+03 5.522024081694864028e-01
-9.410000000000000000e+02 -1.727000000000000000e+03 -1.861000000000000000e+03 -5.939000000000000000e+03 -3.595000000000000000e+03 -2.943000000000000000e+03 -1.517000000000000000e+03 -4.160000000000000000e+02 -2.617000000000000000e+03 -2.217599999999999909e+03 8.473824990447076377e-01
-7.330000000000000000e+02 -9.410000000000000000e+02 -1.727000000000000000e+03 -1.861000000000000000e+03 -5.939000000000000000e+03 -3.595000000000000000e+03 -2.943000000000000000e+03 -1.517000000000000000e+03 -1.315500000000000000e+03 -3.061900000000000091e+03 2.327556062333713705e+00
-1.736000000000000000e+03 -7.330000000000000000e+02 -9.410000000000000000e+02 -1.727000000000000000e+03 -1.861000000000000000e+03 -5.939000000000000000e+03 -3.595000000000000000e+03 -2.943000000000000000e+03 -1.284250000000000000e+03 -3.124449999999999818e+03 2.432898578937122913e+00
-1.890000000000000000e+03 -1.736000000000000000e+03 -7.330000000000000000e+02 -9.410000000000000000e+02 -1.727000000000000000e+03 -1.861000000000000000e+03 -5.939000000000000000e+03 -3.595000000000000000e+03 -1.325000000000000000e+03 -2.889400000000000091e+03 2.180679245283018819e+00
-1.446000000000000000e+03 -1.890000000000000000e+03 -1.736000000000000000e+03 -7.330000000000000000e+02 -9.410000000000000000e+02 -1.727000000000000000e+03 -1.861000000000000000e+03 -5.939000000000000000e+03 -1.451250000000000000e+03 -2.383849999999999909e+03 1.642618432385874128e+00
1.449000000000000000e+03 -1.446000000000000000e+03 -1.890000000000000000e+03 -1.736000000000000000e+03 -7.330000000000000000e+02 -9.410000000000000000e+02 -1.727000000000000000e+03 -1.861000000000000000e+03 -9.057500000000000000e+02 -1.233549999999999955e+03 1.361910019321004750e+00
3.726000000000000000e+03 1.449000000000000000e+03 -1.446000000000000000e+03 -1.890000000000000000e+03 -1.736000000000000000e+03 -7.330000000000000000e+02 -9.410000000000000000e+02 -1.727000000000000000e+03 4.597500000000000000e+02 -9.354500000000000455e+02 -2.034692767808591540e+00
2.096000000000000000e+03 3.726000000000000000e+03 1.449000000000000000e+03 -1.446000000000000000e+03 -1.890000000000000000e+03 -1.736000000000000000e+03 -7.330000000000000000e+02 -9.410000000000000000e+02 1.456250000000000000e+03 -7.687500000000000000e+02 -5.278969957081545150e-01
-3.384000000000000000e+03 2.096000000000000000e+03 3.726000000000000000e+03 1.449000000000000000e+03 -1.446000000000000000e+03 -1.890000000000000000e+03 -1.736000000000000000e+03 -7.330000000000000000e+02 9.717500000000000000e+02 -9.666499999999999773e+02 -9.947517365577566162e-01
1.384000000000000000e+03 -3.384000000000000000e+03 2.096000000000000000e+03 3.726000000000000000e+03 1.449000000000000000e+03 -1.446000000000000000e+03 -1.890000000000000000e+03 -1.736000000000000000e+03 9.555000000000000000e+02 -5.335000000000000000e+02 -5.583464154892726627e-01
-1.150000000000000000e+03 1.384000000000000000e+03 -3.384000000000000000e+03 2.096000000000000000e+03 3.726000000000000000e+03 1.449000000000000000e+03 -1.446000000000000000e+03 -1.890000000000000000e+03 -2.635000000000000000e+02 3.151000000000000227e+02 -1.195825426944971515e+00
-6.041000000000000000e+03 -1.150000000000000000e+03 1.384000000000000000e+03 -3.384000000000000000e+03 2.096000000000000000e+03 3.726000000000000000e+03 1.449000000000000000e+03 -1.446000000000000000e+03 -2.297750000000000000e+03 7.054500000000000455e+02 -3.070177347405070312e-01
-4.095000000000000000e+03 -6.041000000000000000e+03 -1.150000000000000000e+03 1.384000000000000000e+03 -3.384000000000000000e+03 2.096000000000000000e+03 3.726000000000000000e+03 1.449000000000000000e+03 -2.475500000000000000e+03 2.823000000000000114e+02 -1.140375681680468600e-01
-2.378000000000000000e+03 -4.095000000000000000e+03 -6.041000000000000000e+03 -1.150000000000000000e+03 1.384000000000000000e+03 -3.384000000000000000e+03 2.096000000000000000e+03 3.726000000000000000e+03 -3.416000000000000000e+03 8.120000000000000284e+01 -2.377049180327868785e-02
-6.880000000000000000e+02 -2.378000000000000000e+03 -4.095000000000000000e+03 -6.041000000000000000e+03 -1.150000000000000000e+03 1.384000000000000000e+03 -3.384000000000000000e+03 2.096000000000000000e+03 -3.300500000000000000e+03 -8.708999999999999773e+02 2.638691107407968306e-01
-1.499000000000000000e+03 -6.880000000000000000e+02 -2.378000000000000000e+03 -4.095000000000000000e+03 -6.041000000000000000e+03 -1.150000000000000000e+03 1.384000000000000000e+03 -3.384000000000000000e+03 -2.165000000000000000e+03 -2.271199999999999818e+03 1.049053117782909883e+00
6.500000000000000000e+01 -1.499000000000000000e+03 -6.880000000000000000e+02 -2.378000000000000000e+03 -4.095000000000000000e+03 -6.041000000000000000e+03 -1.150000000000000000e+03 1.384000000000000000e+03 -1.125000000000000000e+03 -2.205400000000000091e+03 1.960355555555555629e+00
1.700000000000000000e+02 6.500000000000000000e+01 -1.499000000000000000e+03 -6.880000000000000000e+02 -2.378000000000000000e+03 -4.095000000000000000e+03 -6.041000000000000000e+03 -1.150000000000000000e+03 -4.880000000000000000e+02 -2.830400000000000091e+03 5.799999999999999822e+00
1.302000000000000000e+03 1.700000000000000000e+02 6.500000000000000000e+01 -1.499000000000000000e+03 -6.880000000000000000e+02 -2.378000000000000000e+03 -4.095000000000000000e+03 -6.041000000000000000e+03 9.500000000000000000e+00 -2.638500000000000000e+03 -2.777368421052631788e+02
3.076000000000000000e+03 1.302000000000000000e+03 1.700000000000000000e+02 6.500000000000000000e+01 -1.499000000000000000e+03 -6.880000000000000000e+02 -2.378000000000000000e+03 -4.095000000000000000e+03 1.153250000000000000e+03 -1.501349999999999909e+03 -1.301842618686321229e+00
4.589000000000000000e+03 3.076000000000000000e+03 1.302000000000000000e+03 1.700000000000000000e+02 6.500000000000000000e+01 -1.499000000000000000e+03 -6.880000000000000000e+02 -2.378000000000000000e+03 2.284250000000000000e+03 -4.431499999999999773e+02 -1.940024077924920598e-01
5.842000000000000000e+03 4.589000000000000000e+03 3.076000000000000000e+03 1.302000000000000000e+03 1.700000000000000000e+02 6.500000000000000000e+01 -1.499000000000000000e+03 -6.880000000000000000e+02 3.702250000000000000e+03 3.500500000000000114e+02 9.455061111486258441e-02
5.090000000000000000e+02 5.842000000000000000e+03 4.589000000000000000e+03 3.076000000000000000e+03 1.302000000000000000e+03 1.700000000000000000e+02 6.500000000000000000e+01 -1.499000000000000000e+03 3.504000000000000000e+03 7.083999999999999773e+02 2.021689497716895045e-01
-1.628600000000000000e+04 5.090000000000000000e+02 5.842000000000000000e+03 4.589000000000000000e+03 3.076000000000000000e+03 1.302000000000000000e+03 1.700000000000000000e+02 6.500000000000000000e+01 -1.336500000000000000e+03 6.552999999999999545e+02 -4.903105125327347213e-01
-1.657600000000000000e+04 -1.628600000000000000e+04 5.090000000000000000e+02 5.842000000000000000e+03 4.589000000000000000e+03 3.076000000000000000e+03 1.302000000000000000e+03 1.700000000000000000e+02 -6.627750000000000000e+03 5.018500000000000227e+02 -7.571951265512429086e-02
-2.185600000000000000e+04 -1.657600000000000000e+04 -1.628600000000000000e+04 5.090000000000000000e+02 5.842000000000000000e+03 4.589000000000000000e+03 3.076000000000000000e+03 1.302000000000000000e+03 -1.355225000000000000e+04 2.513499999999999943e+02 -1.854673578188123853e-02
-2.111900000000000000e+04 -2.185600000000000000e+04 -1.657600000000000000e+04 -1.628600000000000000e+04 5.090000000000000000e+02 5.842000000000000000e+03 4.589000000000000000e+03 3.076000000000000000e+03 -1.895925000000000000e+04 -9.886499999999999773e+02 5.214605008109497730e-02
-1.347700000000000000e+04 -2.111900000000000000e+04 -2.185600000000000000e+04 -1.657600000000000000e+04 -1.628600000000000000e+04 5.090000000000000000e+02 5.842000000000000000e+03 4.589000000000000000e+03 -1.825700000000000000e+04 -4.720600000000000364e+03 2.585638385276880502e-01
-2.165700000000000000e+04 -1.347700000000000000e+04 -2.111900000000000000e+04 -2.185600000000000000e+04 -1.657600000000000000e+04 -1.628600000000000000e+04 5.090000000000000000e+02 5.842000000000000000e+03 -1.952725000000000000e+04 -9.207649999999999636e+03 4.715282489853921954e-01
-1.883200000000000000e+04 -2.165700000000000000e+04 -1.347700000000000000e+04 -2.111900000000000000e+04 -2.185600000000000000e+04 -1.657600000000000000e+04 -1.628600000000000000e+04 5.090000000000000000e+02 -1.877125000000000000e+04 -1.459604999999999927e+04 7.775747486182326140e-01
-1.784300000000000000e+04 -1.883200000000000000e+04 -2.165700000000000000e+04 -1.347700000000000000e+04 -2.111900000000000000e+04 -2.185600000000000000e+04 -1.657600000000000000e+04 -1.628600000000000000e+04 -1.795225000000000000e+04 -1.875784999999999854e+04 1.044874597891629175e+00
-3.529000000000000000e+04 -1.784300000000000000e+04 -1.883200000000000000e+04 -2.165700000000000000e+04 -1.347700000000000000e+04 -2.111900000000000000e+04 -2.185600000000000000e+04 -1.657600000000000000e+04 -2.340550000000000000e+04 -1.928670000000000073e+04 8.240242678003033561e-01
-3.921900000000000000e+04 -3.529000000000000000e+04 -1.784300000000000000e+04 -1.883200000000000000e+04 -2.165700000000000000e+04 -1.347700000000000000e+04 -2.111900000000000000e+04 -2.185600000000000000e+04 -2.779600000000000000e+04 -2.118100000000000000e+04 7.620161174269679538e-01
-4.075800000000000000e+04 -3.921900000000000000e+04 -3.529000000000000000e+04 -1.784300000000000000e+04 -1.883200000000000000e+04 -2.165700000000000000e+04 -1.347700000000000000e+04 -2.111900000000000000e+04 -3.327750000000000000e+04 -2.167250000000000000e+04 6.512658703328074727e-01
-4.264200000000000000e+04 -4.075800000000000000e+04 -3.921900000000000000e+04 -3.529000000000000000e+04 -1.784300000000000000e+04 -1.883200000000000000e+04 -2.165700000000000000e+04 -1.347700000000000000e+04 -3.947725000000000000e+04 -2.225725000000000000e+04 5.637994034538880150e-01
-3.141000000000000000e+04 -4.264200000000000000e+04 -4.075800000000000000e+04 -3.921900000000000000e+04 -3.529000000000000000e+04 -1.784300000000000000e+04 -1.883200000000000000e+04 -2.165700000000000000e+04 -3.850725000000000000e+04 -2.642584999999999854e+04 6.862564841685656614e-01
-2.281400000000000000e+04 -3.141000000000000000e+04 -4.264200000000000000e+04 -4.075800000000000000e+04 -3.921900000000000000e+04 -3.529000000000000000e+04 -1.784300000000000000e+04 -1.883200000000000000e+04 -3.440600000000000000e+04 -2.911800000000000000e+04 8.463058768819391453e-01
-1.462900000000000000e+04 -2.281400000000000000e+04 -3.141000000000000000e+04 -4.264200000000000000e+04 -4.075800000000000000e+04 -3.921900000000000000e+04 -3.529000000000000000e+04 -1.784300000000000000e+04 -2.787375000000000000e+04 -3.219675000000000000e+04 1.155092156598950703e+00
-5.434000000000000000e+03 -1.462900000000000000e+04 -2.281400000000000000e+04 -3.141000000000000000e+04 -4.264200000000000000e+04 -4.075800000000000000e+04 -3.921900000000000000e+04 -3.529000000000000000e+04 -1.857175000000000000e+04 -3.529615000000000146e+04 1.900529029305262130e+00
-5.000000000000000000e+01 -5.434000000000000000e+03 -1.462900000000000000e+04 -2.281400000000000000e+04 -3.141000000000000000e+04 -4.264200000000000000e+04 -4.075800000000000000e+04 -3.921900000000000000e+04 -1.073175000000000000e+04 -3.295215000000000146e+04 3.070529037668600303e+00
2.730000000000000000e+02 -5.000000000000000000e+01 -5.434000000000000000e+03 -1.462900000000000000e+04 -2.281400000000000000e+04 -3.141000000000000000e+04 -4.264200000000000000e+04 -4.075800000000000000e+04 -4.960000000000000000e+03 -2.851679999999999927e+04 5.749354838709677118e+00
-3.790000000000000000e+02 2.730000000000000000e+02 -5.000000000000000000e+01 -5.434000000000000000e+03 -1.462900000000000000e+04 -2.281400000000000000e+04 -3.141000000000000000e+04 -4.264200000000000000e+04 -1.397500000000000000e+03 -2.257850000000000000e+04 1.615635062611806916e+01
6.750000000000000000e+02 -3.790000000000000000e+02 2.730000000000000000e+02 -5.000000000000000000e+01 -5.434000000000000000e+03 -1.462900000000000000e+04 -2.281400000000000000e+04 -3.141000000000000000e+04 1.297500000000000000e+02 -1.483145000000000073e+04 -1.143078998073217747e+02
-1.386000000000000000e+03 6.750000000000000000e+02 -3.790000000000000000e+02 2.730000000000000000e+02 -5.000000000000000000e+01 -5.434000000000000000e+03 -1.462900000000000000e+04 -2.281400000000000000e+04 -2.042500000000000000e+02 -8.626250000000000000e+03 4.223378212974296275e+01
4.620000000000000000e+03 -1.386000000000000000e+03 6.750000000000000000e+02 -3.790000000000000000e+02 2.730000000000000000e+02 -5.000000000000000000e+01 -5.434000000000000000e+03 -1.462900000000000000e+04 8.825000000000000000e+02 -3.791500000000000000e+03 -4.296317280453258114e+00
3.886000000000000000e+03 4.620000000000000000e+03 -1.386000000000000000e+03 6.750000000000000000e+02 -3.790000000000000000e+02 2.730000000000000000e+02 -5.000000000000000000e+01 -5.434000000000000000e+03 1.948750000000000000e+03 -7.282500000000000000e+02 -3.737010904425914215e-01
6.070000000000000000e+03 3.886000000000000000e+03 4.620000000000000000e+03 -1.386000000000000000e+03 6.750000000000000000e+02 -3.790000000000000000e+02 2.730000000000000000e+02 -5.000000000000000000e+01 3.297500000000000000e+03 7.632999999999999545e+02 2.314783927217589077e-01
1.513500000000000000e+04 6.070000000000000000e+03 3.886000000000000000e+03 4.620000000000000000e+03 -1.386000000000000000e+03 6.750000000000000000e+02 -3.790000000000000000e+02 2.730000000000000000e+02 7.427750000000000000e+03 1.322150000000000091e+03 1.780014136178519890e-01
2.589000000000000000e+03 1.513500000000000000e+04 6.070000000000000000e+03 3.886000000000000000e+03 4.620000000000000000e+03 -1.386000000000000000e+03 6.750000000000000000e+02 -3.790000000000000000e+02 6.920000000000000000e+03 2.090000000000000000e+03 3.020231213872832110e-01
9.644000000000000000e+03 2.589000000000000000e+03 1.513500000000000000e+04 6.070000000000000000e+03 3.886000000000000000e+03 4.620000000000000000e+03 -1.386000000000000000e+03 6.750000000000000000e+02 8.359500000000000000e+03 3.230900000000000091e+03 3.864944075602607665e-01
1.500700000000000000e+04 9.644000000000000000e+03 2.589000000000000000e+03 1.513500000000000000e+04 6.070000000000000000e+03 3.886000000000000000e+03 4.620000000000000000e+03 -1.386000000000000000e+03 1.059375000000000000e+04 4.756750000000000000e+03 4.490147492625368719e-01
1.487700000000000000e+04 1.500700000000000000e+04 9.644000000000000000e+03 2.589000000000000000e+03 1.513500000000000000e+04 6.070000000000000000e+03 3.886000000000000000e+03 4.620000000000000000e+03 1.052925000000000000e+04 8.048050000000000182e+03 7.643516869672578595e-01
-4.164000000000000000e+03 1.487700000000000000e+04 1.500700000000000000e+04 9.644000000000000000e+03 2.589000000000000000e+03 1.513500000000000000e+04 6.070000000000000000e+03 3.886000000000000000e+03 8.841000000000000000e+03 7.304199999999999818e+03 8.261735097839610908e-01
3.940000000000000000e+02 -4.164000000000000000e+03 1.487700000000000000e+04 1.500700000000000000e+04 9.644000000000000000e+03 2.589000000000000000e+03 1.513500000000000000e+04 6.070000000000000000e+03 6.528500000000000000e+03 7.993300000000000182e+03 1.224370069694416863e+00
-1.017300000000000000e+04 3.940000000000000000e+02 -4.164000000000000000e+03 1.487700000000000000e+04 1.500700000000000000e+04 9.644000000000000000e+03 2.589000000000000000e+03 1.513500000000000000e+04 2.335000000000000000e+02 8.521700000000000728e+03 3.649550321199144065e+01
9.409000000000000000e+03 -1.017300000000000000e+04 3.940000000000000000e+02 -4.164000000000000000e+03 1.487700000000000000e+04 1.500700000000000000e+04 9.644000000000000000e+03 2.589000000000000000e+03 -1.133500000000000000e+03 8.196700000000000728e+03 -7.231318923687693356e+00
8.534000000000000000e+03 9.409000000000000000e+03 -1.017300000000000000e+04 3.940000000000000000e+02 -4.164000000000000000e+03 1.487700000000000000e+04 1.500700000000000000e+04 9.644000000000000000e+03 2.041000000000000000e+03 7.481000000000000000e+03 3.665360117589417044e+00
6.760000000000000000e+03 8.534000000000000000e+03 9.409000000000000000e+03 -1.017300000000000000e+04 3.940000000000000000e+02 -4.164000000000000000e+03 1.487700000000000000e+04 1.500700000000000000e+04 3.632500000000000000e+03 5.949300000000000182e+03 1.637797660013764700e+00
1.079300000000000000e+04 6.760000000000000000e+03 8.534000000000000000e+03 9.409000000000000000e+03 -1.017300000000000000e+04 3.940000000000000000e+02 -4.164000000000000000e+03 1.487700000000000000e+04 8.874000000000000000e+03 1.961599999999999909e+03 2.210502591841334019e-01
-5.189100000000000000e+04 1.079300000000000000e+04 6.760000000000000000e+03 8.534000000000000000e+03 9.409000000000000000e+03 -1.017300000000000000e+04 3.940000000000000000e+02 -4.164000000000000000e+03 -6.451000000000000000e+03 -2.197000000000000000e+03 3.405673538986203619e-01
-4.486300000000000000e+04 -5.189100000000000000e+04 1.079300000000000000e+04 6.760000000000000000e+03 8.534000000000000000e+03 9.409000000000000000e+03 -1.017300000000000000e+04 3.940000000000000000e+02 -1.980025000000000000e+04 -2.327250000000000000e+03 1.175363947424906269e-01
-1.187400000000000000e+04 -4.486300000000000000e+04 -5.189100000000000000e+04 1.079300000000000000e+04 6.760000000000000000e+03 8.534000000000000000e+03 9.409000000000000000e+03 -1.017300000000000000e+04 -2.445875000000000000e+04 -1.985750000000000000e+03 8.118771400827924645e-02
-4.025900000000000000e+04 -1.187400000000000000e+04 -4.486300000000000000e+04 -5.189100000000000000e+04 1.079300000000000000e+04 6.760000000000000000e+03 8.534000000000000000e+03 9.409000000000000000e+03 -3.722175000000000000e+04 -3.451499999999999773e+02 9.272804207217552955e-03
-7.983300000000000000e+04 -4.025900000000000000e+04 -1.187400000000000000e+04 -4.486300000000000000e+04 -5.189100000000000000e+04 1.079300000000000000e+04 6.760000000000000000e+03 8.534000000000000000e+03 -4.420725000000000000e+04 -1.400225000000000000e+04 3.167410322967386671e-01
-9.268300000000000000e+04 -7.983300000000000000e+04 -4.025900000000000000e+04 -1.187400000000000000e+04 -4.486300000000000000e+04 -5.189100000000000000e+04 1.079300000000000000e+04 6.760000000000000000e+03 -5.616225000000000000e+04 -2.707265000000000146e+04 4.820435434833896804e-01
-1.135300000000000000e+05 -9.268300000000000000e+04 -7.983300000000000000e+04 -4.025900000000000000e+04 -1.187400000000000000e+04 -4.486300000000000000e+04 -5.189100000000000000e+04 1.079300000000000000e+04 -8.157625000000000000e+04 -3.588225000000000000e+04 4.398614792908475124e-01
-1.736510000000000000e+05 -1.135300000000000000e+05 -9.268300000000000000e+04 -7.983300000000000000e+04 -4.025900000000000000e+04 -1.187400000000000000e+04 -4.486300000000000000e+04 -5.189100000000000000e+04 -1.149242500000000000e+05 -5.276225000000000000e+04 4.591045841064875233e-01
-3.956300000000000000e+04 -1.736510000000000000e+05 -1.135300000000000000e+05 -9.268300000000000000e+04 -7.983300000000000000e+04 -4.025900000000000000e+04 -1.187400000000000000e+04 -4.486300000000000000e+04 -1.048567500000000000e+05 -5.633715000000000146e+04 5.372772854394209929e-01
2.293700000000000000e+04 -3.956300000000000000e+04 -1.736510000000000000e+05 -1.135300000000000000e+05 -9.268300000000000000e+04 -7.983300000000000000e+04 -4.025900000000000000e+04 -1.187400000000000000e+04 -7.595175000000000000e+04 -6.012015000000000146e+04 7.915571398947358617e-01
5.193300000000000000e+04 2.293700000000000000e+04 -3.956300000000000000e+04 -1.736510000000000000e+05 -1.135300000000000000e+05 -9.268300000000000000e+04 -7.983300000000000000e+04 -4.025900000000000000e+04 -3.458600000000000000e+04 -7.217819999999999709e+04 2.086919562828890129e+00
4.430600000000000000e+04 5.193300000000000000e+04 2.293700000000000000e+04 -3.956300000000000000e+04 -1.736510000000000000e+05 -1.135300000000000000e+05 -9.268300000000000000e+04 -7.983300000000000000e+04 1.990325000000000000e+04 -8.795875000000000000e+04 -4.419315940863929093e+00
1.151600000000000000e+04 4.430600000000000000e+04 5.193300000000000000e+04 2.293700000000000000e+04 -3.956300000000000000e+04 -1.736510000000000000e+05 -1.135300000000000000e+05 -9.268300000000000000e+04 3.267300000000000000e+04 -7.735080000000000291e+04 -2.367422642548893563e+00
-1.814000000000000000e+03 1.151600000000000000e+04 4.430600000000000000e+04 5.193300000000000000e+04 2.293700000000000000e+04 -3.956300000000000000e+04 -1.736510000000000000e+05 -1.135300000000000000e+05 2.648525000000000000e+04 -5.546434999999999854e+04 -2.094159956957174273e+00
4.456000000000000000e+03 -1.814000000000000000e+03 1.151600000000000000e+04 4.430600000000000000e+04 5.193300000000000000e+04 2.293700000000000000e+04 -3.956300000000000000e+04 -1.736510000000000000e+05 1.461600000000000000e+04 -2.474559999999999854e+04 -1.693048713738368738e+00
1.907400000000000000e+04 4.456000000000000000e+03 -1.814000000000000000e+03 1.151600000000000000e+04 4.430600000000000000e+04 5.193300000000000000e+04 2.293700000000000000e+04 -3.956300000000000000e+04 8.308000000000000000e+03 1.758420000000000073e+04 2.116538276360135029e+00
-8.711000000000000000e+03 1.907400000000000000e+04 4.456000000000000000e+03 -1.814000000000000000e+03 1.151600000000000000e+04 4.430600000000000000e+04 5.193300000000000000e+04 2.293700000000000000e+04 3.251250000000000000e+03 2.678865000000000146e+04 8.239492502883507541e+00
-1.018900000000000000e+04 -8.711000000000000000e+03 1.907400000000000000e+04 4.456000000000000000e+03 -1.814000000000000000e+03 1.151600000000000000e+04 4.430600000000000000e+04 5.193300000000000000e+04 1.157500000000000000e+03 2.141970000000000073e+04 1.850514038876890055e+01
-2.121700000000000000e+04 -1.018900000000000000e+04 -8.711000000000000000e+03 1.907400000000000000e+04 4.456000000000000000e+03 -1.814000000000000000e+03 1.151600000000000000e+04 4.430600000000000000e+04 -5.260750000000000000e+03 1.064064999999999964e+04 -2.022648861854298374e+00
-4.034000000000000000e+03 -2.121700000000000000e+04 -1.018900000000000000e+04 -8.711000000000000000e+03 1.907400000000000000e+04 4.456000000000000000e+03 -1.814000000000000000e+03 1.151600000000000000e+04 -1.103775000000000000e+04 4.438850000000000364e+03 -4.021517066431111731e-01
2.432600000000000000e+04 -4.034000000000000000e+03 -2.121700000000000000e+04 -1.018900000000000000e+04 -8.711000000000000000e+03 1.907400000000000000e+04 4.456000000000000000e+03 -1.814000000000000000e+03 -2.778500000000000000e+03 2.045299999999999955e+03 -7.361166096814828474e-01
2.654000000000000000e+03 2.432600000000000000e+04 -4.034000000000000000e+03 -2.121700000000000000e+04 -1.018900000000000000e+04 -8.711000000000000000e+03 1.907400000000000000e+04 4.456000000000000000e+03 4.322500000000000000e+02 1.012450000000000045e+03 2.342278773857721319e+00
4.655000000000000000e+03 2.654000000000000000e+03 2.432600000000000000e+04 -4.034000000000000000e+03 -2.121700000000000000e+04 -1.018900000000000000e+04 -8.711000000000000000e+03 1.907400000000000000e+04 6.900250000000000000e+03 -2.828550000000000182e+03 -4.099199304373030150e-01
-4.655000000000000000e+03 4.655000000000000000e+03 2.654000000000000000e+03 2.432600000000000000e+04 -4.034000000000000000e+03 -2.121700000000000000e+04 -1.018900000000000000e+04 -8.711000000000000000e+03 6.745000000000000000e+03 -7.481199999999999818e+03 -1.109147516679021450e+00
1.288100000000000000e+04 -4.655000000000000000e+03 4.655000000000000000e+03 2.654000000000000000e+03 2.432600000000000000e+04 -4.034000000000000000e+03 -2.121700000000000000e+04 -1.018900000000000000e+04 3.883750000000000000e+03 -1.446049999999999955e+03 -3.723334406179594214e-01
-7.948000000000000000e+03 1.288100000000000000e+04 -4.655000000000000000e+03 4.655000000000000000e+03 2.654000000000000000e+03 2.432600000000000000e+04 -4.034000000000000000e+03 -2.121700000000000000e+04 1.233250000000000000e+03 5.924500000000000455e+02 4.803973241435232633e-01
1.446700000000000000e+04 -7.948000000000000000e+03 1.288100000000000000e+04 -4.655000000000000000e+03 4.655000000000000000e+03 2.654000000000000000e+03 2.432600000000000000e+04 -4.034000000000000000e+03 3.686250000000000000e+03 6.257449999999999818e+03 1.697511020684977945e+00
-3.304000000000000000e+03 1.446700000000000000e+04 -7.948000000000000000e+03 1.288100000000000000e+04 -4.655000000000000000e+03 4.655000000000000000e+03 2.654000000000000000e+03 2.432600000000000000e+04 4.024000000000000000e+03 6.200800000000000182e+03 1.540954274353876885e+00
-5.802000000000000000e+03 -3.304000000000000000e+03 1.446700000000000000e+04 -7.948000000000000000e+03 1.288100000000000000e+04 -4.655000000000000000e+03 4.655000000000000000e+03 2.654000000000000000e+03 -6.467500000000000000e+02 2.977650000000000091e+03 -4.604020100502512314e+00
-5.438000000000000000e+03 -5.802000000000000000e+03 -3.304000000000000000e+03 1.446700000000000000e+04 -7.948000000000000000e+03 1.288100000000000000e+04 -4.655000000000000000e+03 4.655000000000000000e+03 -1.925000000000000000e+01 9.827500000000000000e+02 -5.105194805194805241e+01
-1.169900000000000000e+04 -5.438000000000000000e+03 -5.802000000000000000e+03 -3.304000000000000000e+03 1.446700000000000000e+04 -7.948000000000000000e+03 1.288100000000000000e+04 -4.655000000000000000e+03 -6.560750000000000000e+03 1.636849999999999909e+03 -2.494912929162062254e-01
-1.581400000000000000e+04 -1.169900000000000000e+04 -5.438000000000000000e+03 -5.802000000000000000e+03 -3.304000000000000000e+03 1.446700000000000000e+04 -7.948000000000000000e+03 1.288100000000000000e+04 -9.688250000000000000e+03 1.281549999999999955e+03 -1.322787913193817222e-01
8.422000000000000000e+03 -1.581400000000000000e+04 -1.169900000000000000e+04 -5.438000000000000000e+03 -5.802000000000000000e+03 -3.304000000000000000e+03 1.446700000000000000e+04 -7.948000000000000000e+03 -6.132250000000000000e+03 -1.743849999999999909e+03 2.843735985975783809e-01
1.420500000000000000e+04 8.422000000000000000e+03 -1.581400000000000000e+04 -1.169900000000000000e+04 -5.438000000000000000e+03 -5.802000000000000000e+03 -3.304000000000000000e+03 1.446700000000000000e+04 -1.221500000000000000e+03 -2.596999999999999886e+02 2.126074498567335214e-01
2.226000000000000000e+03 1.420500000000000000e+04 8.422000000000000000e+03 -1.581400000000000000e+04 -1.169900000000000000e+04 -5.438000000000000000e+03 -5.802000000000000000e+03 -3.304000000000000000e+03 2.259750000000000000e+03 -4.796649999999999636e+03 -2.122646310432569905e+00
7.732000000000000000e+03 2.226000000000000000e+03 1.420500000000000000e+04 8.422000000000000000e+03 -1.581400000000000000e+04 -1.169900000000000000e+04 -5.438000000000000000e+03 -5.802000000000000000e+03 8.146250000000000000e+03 -6.121350000000000364e+03 -7.514316403253030741e-01
-5.454100000000000000e+04 7.732000000000000000e+03 2.226000000000000000e+03 1.420500000000000000e+04 8.422000000000000000e+03 -1.581400000000000000e+04 -1.169900000000000000e+04 -5.438000000000000000e+03 -7.594500000000000000e+03 -6.424699999999999818e+03 8.459674764632298949e-01
-3.829000000000000000e+03 -5.454100000000000000e+04 7.732000000000000000e+03 2.226000000000000000e+03 1.420500000000000000e+04 8.422000000000000000e+03 -1.581400000000000000e+04 -1.169900000000000000e+04 -1.210300000000000000e+04 -3.397800000000000182e+03 2.807403123192597216e-01
3.355100000000000000e+04 -3.829000000000000000e+03 -5.454100000000000000e+04 7.732000000000000000e+03 2.226000000000000000e+03 1.420500000000000000e+04 8.422000000000000000e+03 -1.581400000000000000e+04 -4.271750000000000000e+03 9.534500000000000455e+02 -2.231989231579563637e-01
3.088700000000000000e+04 3.355100000000000000e+04 -3.829000000000000000e+03 -5.454100000000000000e+04 7.732000000000000000e+03 2.226000000000000000e+03 1.420500000000000000e+04 8.422000000000000000e+03 1.517000000000000000e+03 6.820399999999999636e+03 4.495978905735003472e+00
2.490200000000000000e+04 3.088700000000000000e+04 3.355100000000000000e+04 -3.829000000000000000e+03 -5.454100000000000000e+04 7.732000000000000000e+03 2.226000000000000000e+03 1.420500000000000000e+04 2.137775000000000000e+04 -1.800049999999999955e+03 -8.420203248704845322e-02
2.213800000000000000e+04 2.490200000000000000e+04 3.088700000000000000e+04 3.355100000000000000e+04 -3.829000000000000000e+03 -5.454100000000000000e+04 7.732000000000000000e+03 2.226000000000000000e+03 2.786950000000000000e+04 -4.108500000000000000e+03 -1.474192217298480323e-01
-7.209349514563106823e+03 2.213800000000000000e+04 2.490200000000000000e+04 3.088700000000000000e+04 3.355100000000000000e+04 -3.829000000000000000e+03 -5.454100000000000000e+04 7.732000000000000000e+03 2.597566666666666788e+04 1.777733333333333576e+03 6.843841030708228135e-02
