1.204800000000000000e+04 9.628000000000000000e+03 1.143800000000000000e+04 1.284100000000000000e+04 1.431100000000000000e+04 9.698000000000000000e+03 1.021900000000000000e+04 1.077100000000000000e+04 1.148875000000000000e+04 1.124975000000000000e+04 9.791970405831792457e-01
1.030100000000000000e+04 1.204800000000000000e+04 9.628000000000000000e+03 1.143800000000000000e+04 1.284100000000000000e+04 1.431100000000000000e+04 9.698000000000000000e+03 1.021900000000000000e+04 1.085375000000000000e+04 1.176725000000000000e+04 1.084164459288264437e+00
1.017800000000000000e+04 1.030100000000000000e+04 1.204800000000000000e+04 9.628000000000000000e+03 1.143800000000000000e+04 1.284100000000000000e+04 1.431100000000000000e+04 9.698000000000000000e+03 1.053875000000000000e+04 1.207200000000000000e+04 1.145486893606926904e+00
9.098000000000000000e+03 1.017800000000000000e+04 1.030100000000000000e+04 1.204800000000000000e+04 9.628000000000000000e+03 1.143800000000000000e+04 1.284100000000000000e+04 1.431100000000000000e+04 1.040625000000000000e+04 1.205450000000000000e+04 1.158390390390390490e+00
9.945000000000000000e+03 9.098000000000000000e+03 1.017800000000000000e+04 1.030100000000000000e+04 1.204800000000000000e+04 9.628000000000000000e+03 1.143800000000000000e+04 1.284100000000000000e+04 9.880500000000000000e+03 1.148875000000000000e+04 1.162770102727594734e+00
1.432700000000000000e+04 9.945000000000000000e+03 9.098000000000000000e+03 1.017800000000000000e+04 1.030100000000000000e+04 1.204800000000000000e+04 9.628000000000000000e+03 1.143800000000000000e+04 1.088700000000000000e+04 1.085375000000000000e+04 9.969458987783594850e-01
1.124900000000000000e+04 1.432700000000000000e+04 9.945000000000000000e+03 9.098000000000000000e+03 1.017800000000000000e+04 1.030100000000000000e+04 1.204800000000000000e+04 9.628000000000000000e+03 1.115475000000000000e+04 1.053875000000000000e+04 9.447768887693583917e-01
1.227600000000000000e+04 1.124900000000000000e+04 1.432700000000000000e+04 9.945000000000000000e+03 9.098000000000000000e+03 1.017800000000000000e+04 1.030100000000000000e+04 1.204800000000000000e+04 1.194925000000000000e+04 1.040625000000000000e+04 8.708705567295018657e-01
1.066600000000000000e+04 1.227600000000000000e+04 1.124900000000000000e+04 1.432700000000000000e+04 9.945000000000000000e+03 9.098000000000000000e+03 1.017800000000000000e+04 1.030100000000000000e+04 1.212950000000000000e+04 9.880500000000000000e+03 8.145842779999175054e-01
8.344000000000000000e+03 1.066600000000000000e+04 1.227600000000000000e+04 1.124900000000000000e+04 1.432700000000000000e+04 9.945000000000000000e+03 9.098000000000000000e+03 1.017800000000000000e+04 1.063375000000000000e+04 1.088700000000000000e+04 1.023815681203714689e+00
9.190000000000000000e+03 8.344000000000000000e+03 1.066600000000000000e+04 1.227600000000000000e+04 1.124900000000000000e+04 1.432700000000000000e+04 9.945000000000000000e+03 9.098000000000000000e+03 1.011900000000000000e+04 1.115475000000000000e+04 1.102356952268010781e+00
7.401000000000000000e+03 9.190000000000000000e+03 8.344000000000000000e+03 1.066600000000000000e+04 1.227600000000000000e+04 1.124900000000000000e+04 1.432700000000000000e+04 9.945000000000000000e+03 8.900250000000000000e+03 1.194925000000000000e+04 1.342574646779584935e+00
8.957000000000000000e+03 7.401000000000000000e+03 9.190000000000000000e+03 8.344000000000000000e+03 1.066600000000000000e+04 1.227600000000000000e+04 1.124900000000000000e+04 1.432700000000000000e+04 8.473000000000000000e+03 1.212950000000000000e+04 1.431547267791809297e+00
1.166400000000000000e+04 8.957000000000000000e+03 7.401000000000000000e+03 9.190000000000000000e+03 8.344000000000000000e+03 1.066600000000000000e+04 1.227600000000000000e+04 1.124900000000000000e+04 9.303000000000000000e+03 1.063375000000000000e+04 1.143045254219069218e+00
1.290800000000000000e+04 1.166400000000000000e+04 8.957000000000000000e+03 7.401000000000000000e+03 9.190000000000000000e+03 8.344000000000000000e+03 1.066600000000000000e+04 1.227600000000000000e+04 1.023250000000000000e+04 1.011900000000000000e+04 9.889078915221108934e-01
1.321600000000000000e+04 1.290800000000000000e+04 1.166400000000000000e+04 8.957000000000000000e+03 7.401000000000000000e+03 9.190000000000000000e+03 8.344000000000000000e+03 1.066600000000000000e+04 1.168625000000000000e+04 8.900250000000000000e+03 7.616001711412985209e-01
1.488600000000000000e+04 1.321600000000000000e+04 1.290800000000000000e+04 1.166400000000000000e+04 8.957000000000000000e+03 7.401000000000000000e+03 9.190000000000000000e+03 8.344000000000000000e+03 1.316850000000000000e+04 8.473000000000000000e+03 6.434293959068990709e-01
1.396100000000000000e+04 1.488600000000000000e+04 1.321600000000000000e+04 1.290800000000000000e+04 1.166400000000000000e+04 8.957000000000000000e+03 7.401000000000000000e+03 9.190000000000000000e+03 1.374275000000000000e+04 9.303000000000000000e+03 6.769387495224754581e-01
1.189300000000000000e+04 1.396100000000000000e+04 1.488600000000000000e+04 1.321600000000000000e+04 1.290800000000000000e+04 1.166400000000000000e+04 8.957000000000000000e+03 7.401000000000000000e+03 1.348900000000000000e+04 1.023250000000000000e+04 7.585810660538215844e-01
1.274300000000000000e+04 1.189300000000000000e+04 1.396100000000000000e+04 1.488600000000000000e+04 1.321600000000000000e+04 1.290800000000000000e+04 1.166400000000000000e+04 8.957000000000000000e+03 1.337075000000000000e+04 1.168625000000000000e+04 8.740160424807882356e-01
1.550800000000000000e+04 1.274300000000000000e+04 1.189300000000000000e+04 1.396100000000000000e+04 1.488600000000000000e+04 1.321600000000000000e+04 1.290800000000000000e+04 1.166400000000000000e+04 1.352625000000000000e+04 1.316850000000000000e+04 9.735514277793180238e-01
1.249400000000000000e+04 1.550800000000000000e+04 1.274300000000000000e+04 1.189300000000000000e+04 1.396100000000000000e+04 1.488600000000000000e+04 1.321600000000000000e+04 1.290800000000000000e+04 1.315950000000000000e+04 1.374275000000000000e+04 1.044321592765682594e+00
1.347300000000000000e+04 1.249400000000000000e+04 1.550800000000000000e+04 1.274300000000000000e+04 1.189300000000000000e+04 1.396100000000000000e+04 1.488600000000000000e+04 1.321600000000000000e+04 1.355450000000000000e+04 1.348900000000000000e+04 9.951676564978420014e-01
1.303200000000000000e+04 1.347300000000000000e+04 1.249400000000000000e+04 1.550800000000000000e+04 1.274300000000000000e+04 1.189300000000000000e+04 1.396100000000000000e+04 1.488600000000000000e+04 1.362675000000000000e+04 1.337075000000000000e+04 9.812134221292677649e-01
1.375200000000000000e+04 1.303200000000000000e+04 1.347300000000000000e+04 1.249400000000000000e+04 1.550800000000000000e+04 1.274300000000000000e+04 1.189300000000000000e+04 1.396100000000000000e+04 1.318775000000000000e+04 1.352625000000000000e+04 1.025667759852893823e+00
1.364200000000000000e+04 1.375200000000000000e+04 1.303200000000000000e+04 1.347300000000000000e+04 1.249400000000000000e+04 1.550800000000000000e+04 1.274300000000000000e+04 1.189300000000000000e+04 1.347475000000000000e+04 1.315950000000000000e+04 9.766043896918310541e-01
1.407200000000000000e+04 1.364200000000000000e+04 1.375200000000000000e+04 1.303200000000000000e+04 1.347300000000000000e+04 1.249400000000000000e+04 1.550800000000000000e+04 1.274300000000000000e+04 1.362450000000000000e+04 1.355450000000000000e+04 9.948621967778633612e-01
1.101600000000000000e+04 1.407200000000000000e+04 1.364200000000000000e+04 1.375200000000000000e+04 1.303200000000000000e+04 1.347300000000000000e+04 1.249400000000000000e+04 1.550800000000000000e+04 1.312050000000000000e+04 1.362675000000000000e+04 1.038584657596890448e+00
1.431800000000000000e+04 1.101600000000000000e+04 1.407200000000000000e+04 1.364200000000000000e+04 1.375200000000000000e+04 1.303200000000000000e+04 1.347300000000000000e+04 1.249400000000000000e+04 1.326200000000000000e+04 1.318775000000000000e+04 9.944012969386216705e-01
1.667100000000000000e+04 1.431800000000000000e+04 1.101600000000000000e+04 1.407200000000000000e+04 1.364200000000000000e+04 1.375200000000000000e+04 1.303200000000000000e+04 1.347300000000000000e+04 1.401925000000000000e+04 1.347475000000000000e+04 9.611605471048736415e-01
1.831500000000000000e+04 1.667100000000000000e+04 1.431800000000000000e+04 1.101600000000000000e+04 1.407200000000000000e+04 1.364200000000000000e+04 1.375200000000000000e+04 1.303200000000000000e+04 1.508000000000000000e+04 1.362450000000000000e+04 9.034814323607427422e-01
1.373000000000000000e+04 1.831500000000000000e+04 1.667100000000000000e+04 1.431800000000000000e+04 1.101600000000000000e+04 1.407200000000000000e+04 1.364200000000000000e+04 1.375200000000000000e+04 1.575850000000000000e+04 1.312050000000000000e+04 8.325982802931750637e-01
2.169500000000000000e+04 1.373000000000000000e+04 1.831500000000000000e+04 1.667100000000000000e+04 1.431800000000000000e+04 1.101600000000000000e+04 1.407200000000000000e+04 1.364200000000000000e+04 1.760275000000000000e+04 1.326200000000000000e+04 7.534050077402678625e-01
2.205700000000000000e+04 2.169500000000000000e+04 1.373000000000000000e+04 1.831500000000000000e+04 1.667100000000000000e+04 1.431800000000000000e+04 1.101600000000000000e+04 1.407200000000000000e+04 1.894925000000000000e+04 1.401925000000000000e+04 7.398313917437365772e-01
2.539300000000000000e+04 2.205700000000000000e+04 2.169500000000000000e+04 1.373000000000000000e+04 1.831500000000000000e+04 1.667100000000000000e+04 1.431800000000000000e+04 1.101600000000000000e+04 2.071875000000000000e+04 1.508000000000000000e+04 7.278431372549019063e-01
2.808900000000000000e+04 2.539300000000000000e+04 2.205700000000000000e+04 2.169500000000000000e+04 1.373000000000000000e+04 1.831500000000000000e+04 1.667100000000000000e+04 1.431800000000000000e+04 2.430850000000000000e+04 1.575850000000000000e+04 6.482711808626612227e-01
2.761900000000000000e+04 2.808900000000000000e+04 2.539300000000000000e+04 2.205700000000000000e+04 2.169500000000000000e+04 1.373000000000000000e+04 1.831500000000000000e+04 1.667100000000000000e+04 2.578950000000000000e+04 1.760275000000000000e+04 6.825549157602900374e-01
2.549700000000000000e+04 2.761900000000000000e+04 2.808900000000000000e+04 2.539300000000000000e+04 2.205700000000000000e+04 2.169500000000000000e+04 1.373000000000000000e+04 1.831500000000000000e+04 2.664950000000000000e+04 1.894925000000000000e+04 7.110546164093134447e-01
2.544800000000000000e+04 2.549700000000000000e+04 2.761900000000000000e+04 2.808900000000000000e+04 2.539300000000000000e+04 2.205700000000000000e+04 2.169500000000000000e+04 1.373000000000000000e+04 2.666325000000000000e+04 2.071875000000000000e+04 7.770526848752495885e-01
2.654100000000000000e+04 2.544800000000000000e+04 2.549700000000000000e+04 2.761900000000000000e+04 2.808900000000000000e+04 2.539300000000000000e+04 2.205700000000000000e+04 2.169500000000000000e+04 2.627625000000000000e+04 2.430850000000000000e+04 9.251129822558393778e-01
3.696800000000000000e+04 2.654100000000000000e+04 2.544800000000000000e+04 2.549700000000000000e+04 2.761900000000000000e+04 2.808900000000000000e+04 2.539300000000000000e+04 2.205700000000000000e+04 2.861350000000000000e+04 2.578950000000000000e+04 9.013053279046603361e-01
2.554500000000000000e+04 3.696800000000000000e+04 2.654100000000000000e+04 2.544800000000000000e+04 2.549700000000000000e+04 2.761900000000000000e+04 2.808900000000000000e+04 2.539300000000000000e+04 2.862550000000000000e+04 2.664950000000000000e+04 9.309706380674573900e-01
2.289600000000000000e+04 2.554500000000000000e+04 3.696800000000000000e+04 2.654100000000000000e+04 2.544800000000000000e+04 2.549700000000000000e+04 2.761900000000000000e+04 2.808900000000000000e+04 2.798750000000000000e+04 2.666325000000000000e+04 9.526842340330504699e-01
2.011500000000000000e+04 2.289600000000000000e+04 2.554500000000000000e+04 3.696800000000000000e+04 2.654100000000000000e+04 2.544800000000000000e+04 2.549700000000000000e+04 2.761900000000000000e+04 2.638100000000000000e+04 2.627625000000000000e+04 9.960293392972214832e-01
2.820300000000000000e+04 2.011500000000000000e+04 2.289600000000000000e+04 2.554500000000000000e+04 3.696800000000000000e+04 2.654100000000000000e+04 2.544800000000000000e+04 2.549700000000000000e+04 2.418975000000000000e+04 2.861350000000000000e+04 1.182877045029403051e+00
1.745100000000000000e+04 2.820300000000000000e+04 2.011500000000000000e+04 2.289600000000000000e+04 2.554500000000000000e+04 3.696800000000000000e+04 2.654100000000000000e+04 2.544800000000000000e+04 2.216625000000000000e+04 2.862550000000000000e+04 1.291400214289742276e+00
3.748700000000000000e+04 1.745100000000000000e+04 2.820300000000000000e+04 2.011500000000000000e+04 2.289600000000000000e+04 2.554500000000000000e+04 3.696800000000000000e+04 2.654100000000000000e+04 2.581400000000000000e+04 2.798750000000000000e+04 1.084198496939645207e+00
2.812400000000000000e+04 3.748700000000000000e+04 1.745100000000000000e+04 2.820300000000000000e+04 2.011500000000000000e+04 2.289600000000000000e+04 2.554500000000000000e+04 3.696800000000000000e+04 2.781625000000000000e+04 2.638100000000000000e+04 9.484024625893138216e-01
3.247900000000000000e+04 2.812400000000000000e+04 3.748700000000000000e+04 1.745100000000000000e+04 2.820300000000000000e+04 2.011500000000000000e+04 2.289600000000000000e+04 2.554500000000000000e+04 2.888525000000000000e+04 2.418975000000000000e+04 8.374429856068408284e-01
3.557800000000000000e+04 3.247900000000000000e+04 2.812400000000000000e+04 3.748700000000000000e+04 1.745100000000000000e+04 2.820300000000000000e+04 2.011500000000000000e+04 2.289600000000000000e+04 3.341700000000000000e+04 2.216625000000000000e+04 6.633225603734625997e-01
2.540600000000000000e+04 3.557800000000000000e+04 3.247900000000000000e+04 2.812400000000000000e+04 3.748700000000000000e+04 1.745100000000000000e+04 2.820300000000000000e+04 2.011500000000000000e+04 3.039675000000000000e+04 2.581400000000000000e+04 8.492355268244138333e-01
2.790000000000000000e+04 2.540600000000000000e+04 3.557800000000000000e+04 3.247900000000000000e+04 2.812400000000000000e+04 3.748700000000000000e+04 1.745100000000000000e+04 2.820300000000000000e+04 3.034075000000000000e+04 2.781625000000000000e+04 9.167950693374422588e-01
3.152100000000000000e+04 2.790000000000000000e+04 2.540600000000000000e+04 3.557800000000000000e+04 3.247900000000000000e+04 2.812400000000000000e+04 3.748700000000000000e+04 1.745100000000000000e+04 3.010125000000000000e+04 2.888525000000000000e+04 9.596030065196627934e-01
2.824600000000000000e+04 3.152100000000000000e+04 2.790000000000000000e+04 2.540600000000000000e+04 3.557800000000000000e+04 3.247900000000000000e+04 2.812400000000000000e+04 3.748700000000000000e+04 2.826825000000000000e+04 3.341700000000000000e+04 1.182138972168422120e+00
1.422800000000000000e+04 2.824600000000000000e+04 3.152100000000000000e+04 2.790000000000000000e+04 2.540600000000000000e+04 3.557800000000000000e+04 3.247900000000000000e+04 2.812400000000000000e+04 2.547375000000000000e+04 3.039675000000000000e+04 1.193257765346680488e+00
-1.554800000000000000e+04 1.422800000000000000e+04 2.824600000000000000e+04 3.152100000000000000e+04 2.790000000000000000e+04 2.540600000000000000e+04 3.557800000000000000e+04 3.247900000000000000e+04 1.461175000000000000e+04 3.034075000000000000e+04 2.076462436053176486e+00
-4.473900000000000000e+04 -1.554800000000000000e+04 1.422800000000000000e+04 2.824600000000000000e+04 3.152100000000000000e+04 2.790000000000000000e+04 2.540600000000000000e+04 3.557800000000000000e+04 -4.453250000000000000e+03 3.010125000000000000e+04 -6.759389210127435099e+00
2.966300000000000000e+04 -4.473900000000000000e+04 -1.554800000000000000e+04 1.422800000000000000e+04 2.824600000000000000e+04 3.152100000000000000e+04 2.790000000000000000e+04 2.540600000000000000e+04 -4.099000000000000000e+03 2.826825000000000000e+04 -6.896377165162234313e+00
2.706400000000000000e+04 2.966300000000000000e+04 -4.473900000000000000e+04 -1.554800000000000000e+04 1.422800000000000000e+04 2.824600000000000000e+04 3.152100000000000000e+04 2.790000000000000000e+04 -8.900000000000000000e+02 2.547375000000000000e+04 -2.862219101123595522e+01
3.612500000000000000e+04 2.706400000000000000e+04 2.966300000000000000e+04 -4.473900000000000000e+04 -1.554800000000000000e+04 1.422800000000000000e+04 2.824600000000000000e+04 3.152100000000000000e+04 1.202825000000000000e+04 1.461175000000000000e+04 1.214786024567164890e+00
5.580300000000000000e+04 3.612500000000000000e+04 2.706400000000000000e+04 2.966300000000000000e+04 -4.473900000000000000e+04 -1.554800000000000000e+04 1.422800000000000000e+04 2.824600000000000000e+04 3.716375000000000000e+04 -4.453250000000000000e+03 -1.198277891762806469e-01
3.479500000000000000e+04 5.580300000000000000e+04 3.612500000000000000e+04 2.706400000000000000e+04 2.966300000000000000e+04 -4.473900000000000000e+04 -1.554800000000000000e+04 1.422800000000000000e+04 3.844675000000000000e+04 -4.099000000000000000e+03 -1.066149934649872899e-01
3.446100000000000000e+04 3.479500000000000000e+04 5.580300000000000000e+04 3.612500000000000000e+04 2.706400000000000000e+04 2.966300000000000000e+04 -4.473900000000000000e+04 -1.554800000000000000e+04 4.029600000000000000e+04 -8.900000000000000000e+02 -2.208655945999602951e-02
4.928400000000000000e+04 3.446100000000000000e+04 3.479500000000000000e+04 5.580300000000000000e+04 3.612500000000000000e+04 2.706400000000000000e+04 2.966300000000000000e+04 -4.473900000000000000e+04 4.358575000000000000e+04 1.202825000000000000e+04 2.759674893743941371e-01
5.691900000000000000e+04 4.928400000000000000e+04 3.446100000000000000e+04 3.479500000000000000e+04 5.580300000000000000e+04 3.612500000000000000e+04 2.706400000000000000e+04 2.966300000000000000e+04 4.386475000000000000e+04 3.716375000000000000e+04 8.472349665733874824e-01
3.897800000000000000e+04 5.691900000000000000e+04 4.928400000000000000e+04 3.446100000000000000e+04 3.479500000000000000e+04 5.580300000000000000e+04 3.612500000000000000e+04 2.706400000000000000e+04 4.491050000000000000e+04 3.844675000000000000e+04 8.560748599993319718e-01
4.800700000000000000e+04 3.897800000000000000e+04 5.691900000000000000e+04 4.928400000000000000e+04 3.446100000000000000e+04 3.479500000000000000e+04 5.580300000000000000e+04 3.612500000000000000e+04 4.829700000000000000e+04 4.029600000000000000e+04 8.343375364929498383e-01
5.464300000000000000e+04 4.800700000000000000e+04 3.897800000000000000e+04 5.691900000000000000e+04 4.928400000000000000e+04 3.446100000000000000e+04 3.479500000000000000e+04 5.580300000000000000e+04 4.963675000000000000e+04 4.358575000000000000e+04 8.780943554926541328e-01
4.221200000000000000e+04 5.464300000000000000e+04 4.800700000000000000e+04 3.897800000000000000e+04 5.691900000000000000e+04 4.928400000000000000e+04 3.446100000000000000e+04 3.479500000000000000e+04 4.596000000000000000e+04 4.386475000000000000e+04 9.544114447345517505e-01
4.928200000000000000e+04 4.221200000000000000e+04 5.464300000000000000e+04 4.800700000000000000e+04 3.897800000000000000e+04 5.691900000000000000e+04 4.928400000000000000e+04 3.446100000000000000e+04 4.853600000000000000e+04 4.491050000000000000e+04 9.253028679742871798e-01
4.701600000000000000e+04 4.928200000000000000e+04 4.221200000000000000e+04 5.464300000000000000e+04 4.800700000000000000e+04 3.897800000000000000e+04 5.691900000000000000e+04 4.928400000000000000e+04 4.828825000000000000e+04 4.829700000000000000e+04 1.000181203501887106e+00
4.632700000000000000e+04 4.701600000000000000e+04 4.928200000000000000e+04 4.221200000000000000e+04 5.464300000000000000e+04 4.800700000000000000e+04 3.897800000000000000e+04 5.691900000000000000e+04 4.620925000000000000e+04 4.963675000000000000e+04 1.074173460941261871e+00
5.008500000000000000e+04 4.632700000000000000e+04 4.701600000000000000e+04 4.928200000000000000e+04 4.221200000000000000e+04 5.464300000000000000e+04 4.800700000000000000e+04 3.897800000000000000e+04 4.817750000000000000e+04 4.596000000000000000e+04 9.539722899693841018e-01
5.858500000000000000e+04 5.008500000000000000e+04 4.632700000000000000e+04 4.701600000000000000e+04 4.928200000000000000e+04 4.221200000000000000e+04 5.464300000000000000e+04 4.800700000000000000e+04 5.050325000000000000e+04 4.853600000000000000e+04 9.610470613277363183e-01
5.229400000000000000e+04 5.858500000000000000e+04 5.008500000000000000e+04 4.632700000000000000e+04 4.701600000000000000e+04 4.928200000000000000e+04 4.221200000000000000e+04 5.464300000000000000e+04 5.182275000000000000e+04 4.828825000000000000e+04 9.317963635661943300e-01
5.432300000000000000e+04 5.229400000000000000e+04 5.858500000000000000e+04 5.008500000000000000e+04 4.632700000000000000e+04 4.701600000000000000e+04 4.928200000000000000e+04 4.221200000000000000e+04 5.382175000000000000e+04 4.620925000000000000e+04 8.585608977783145690e-01
5.300100000000000000e+04 5.432300000000000000e+04 5.229400000000000000e+04 5.858500000000000000e+04 5.008500000000000000e+04 4.632700000000000000e+04 4.701600000000000000e+04 4.928200000000000000e+04 5.455075000000000000e+04 4.817750000000000000e+04 8.831684257320018272e-01
5.260900000000000000e+04 5.300100000000000000e+04 5.432300000000000000e+04 5.229400000000000000e+04 5.858500000000000000e+04 5.008500000000000000e+04 4.632700000000000000e+04 4.701600000000000000e+04 5.305675000000000000e+04 5.050325000000000000e+04 9.518722876919525344e-01
5.290100000000000000e+04 5.260900000000000000e+04 5.300100000000000000e+04 5.432300000000000000e+04 5.229400000000000000e+04 5.858500000000000000e+04 5.008500000000000000e+04 4.632700000000000000e+04 5.320850000000000000e+04 5.182275000000000000e+04 9.739562287980303434e-01
5.501700000000000000e+04 5.290100000000000000e+04 5.260900000000000000e+04 5.300100000000000000e+04 5.432300000000000000e+04 5.229400000000000000e+04 5.858500000000000000e+04 5.008500000000000000e+04 5.338200000000000000e+04 5.382175000000000000e+04 1.008237795511595758e+00
5.461900000000000000e+04 5.501700000000000000e+04 5.290100000000000000e+04 5.260900000000000000e+04 5.300100000000000000e+04 5.432300000000000000e+04 5.229400000000000000e+04 5.858500000000000000e+04 5.378650000000000000e+04 5.455075000000000000e+04 1.014208955778866494e+00
5.114900000000000000e+04 5.461900000000000000e+04 5.501700000000000000e+04 5.290100000000000000e+04 5.260900000000000000e+04 5.300100000000000000e+04 5.432300000000000000e+04 5.229400000000000000e+04 5.342150000000000000e+04 5.305675000000000000e+04 9.931722246660988906e-01
4.272900000000000000e+04 5.114900000000000000e+04 5.461900000000000000e+04 5.501700000000000000e+04 5.290100000000000000e+04 5.260900000000000000e+04 5.300100000000000000e+04 5.432300000000000000e+04 5.087850000000000000e+04 5.320850000000000000e+04 1.045795375256739046e+00
4.711100000000000000e+04 4.272900000000000000e+04 5.114900000000000000e+04 5.461900000000000000e+04 5.501700000000000000e+04 5.290100000000000000e+04 5.260900000000000000e+04 5.300100000000000000e+04 4.890200000000000000e+04 5.338200000000000000e+04 1.091611795018608611e+00
4.883600000000000000e+04 4.711100000000000000e+04 4.272900000000000000e+04 5.114900000000000000e+04 5.461900000000000000e+04 5.501700000000000000e+04 5.290100000000000000e+04 5.260900000000000000e+04 4.745625000000000000e+04 5.378650000000000000e+04 1.133391281443434817e+00
5.263300000000000000e+04 4.883600000000000000e+04 4.711100000000000000e+04 4.272900000000000000e+04 5.114900000000000000e+04 5.461900000000000000e+04 5.501700000000000000e+04 5.290100000000000000e+04 4.782725000000000000e+04 5.342150000000000000e+04 1.116967837373045613e+00
4.897500000000000000e+04 5.263300000000000000e+04 4.883600000000000000e+04 4.711100000000000000e+04 4.272900000000000000e+04 5.114900000000000000e+04 5.461900000000000000e+04 5.501700000000000000e+04 4.938875000000000000e+04 5.087850000000000000e+04 1.030163751866568722e+00
6.949600000000000000e+04 4.897500000000000000e+04 5.263300000000000000e+04 4.883600000000000000e+04 4.711100000000000000e+04 4.272900000000000000e+04 5.114900000000000000e+04 5.461900000000000000e+04 5.498500000000000000e+04 4.890200000000000000e+04 8.893698281349459167e-01
5.505500000000000000e+04 6.949600000000000000e+04 4.897500000000000000e+04 5.263300000000000000e+04 4.883600000000000000e+04 4.711100000000000000e+04 4.272900000000000000e+04 5.114900000000000000e+04 5.653975000000000000e+04 4.745625000000000000e+04 8.393431170105987160e-01
5.690300000000000000e+04 5.505500000000000000e+04 6.949600000000000000e+04 4.897500000000000000e+04 5.263300000000000000e+04 4.883600000000000000e+04 4.711100000000000000e+04 4.272900000000000000e+04 5.760725000000000000e+04 4.782725000000000000e+04 8.302297019906348385e-01
5.766100000000000000e+04 5.690300000000000000e+04 5.505500000000000000e+04 6.949600000000000000e+04 4.897500000000000000e+04 5.263300000000000000e+04 4.883600000000000000e+04 4.711100000000000000e+04 5.977875000000000000e+04 4.938875000000000000e+04 8.261924178742445779e-01
5.747000000000000000e+04 5.766100000000000000e+04 5.690300000000000000e+04 5.505500000000000000e+04 6.949600000000000000e+04 4.897500000000000000e+04 5.263300000000000000e+04 4.883600000000000000e+04 5.677225000000000000e+04 5.498500000000000000e+04 9.685189507197619063e-01
5.608300000000000000e+04 5.747000000000000000e+04 5.766100000000000000e+04 5.690300000000000000e+04 5.505500000000000000e+04 6.949600000000000000e+04 4.897500000000000000e+04 5.263300000000000000e+04 5.702925000000000000e+04 5.653975000000000000e+04 9.914166852974569677e-01
5.394400000000000000e+04 5.608300000000000000e+04 5.747000000000000000e+04 5.766100000000000000e+04 5.690300000000000000e+04 5.505500000000000000e+04 6.949600000000000000e+04 4.897500000000000000e+04 5.628950000000000000e+04 5.760725000000000000e+04 1.023410227484699675e+00
4.767600000000000000e+04 5.394400000000000000e+04 5.608300000000000000e+04 5.747000000000000000e+04 5.766100000000000000e+04 5.690300000000000000e+04 5.505500000000000000e+04 6.949600000000000000e+04 5.379325000000000000e+04 5.977875000000000000e+04 1.111268607120781793e+00
4.725300000000000000e+04 4.767600000000000000e+04 5.394400000000000000e+04 5.608300000000000000e+04 5.747000000000000000e+04 5.766100000000000000e+04 5.690300000000000000e+04 5.505500000000000000e+04 5.123900000000000000e+04 5.677225000000000000e+04 1.107989031792189438e+00
5.603400000000000000e+04 4.725300000000000000e+04 4.767600000000000000e+04 5.394400000000000000e+04 5.608300000000000000e+04 5.747000000000000000e+04 5.766100000000000000e+04 5.690300000000000000e+04 5.122675000000000000e+04 5.702925000000000000e+04 1.113270898505175577e+00
4.654100000000000000e+04 5.603400000000000000e+04 4.725300000000000000e+04 4.767600000000000000e+04 5.394400000000000000e+04 5.608300000000000000e+04 5.747000000000000000e+04 5.766100000000000000e+04 4.937600000000000000e+04 5.628950000000000000e+04 1.140017417368762054e+00
4.824200000000000000e+04 4.654100000000000000e+04 5.603400000000000000e+04 4.725300000000000000e+04 4.767600000000000000e+04 5.394400000000000000e+04 5.608300000000000000e+04 5.747000000000000000e+04 4.951750000000000000e+04 5.379325000000000000e+04 1.086348260715908509e+00
4.596200000000000000e+04 4.824200000000000000e+04 4.654100000000000000e+04 5.603400000000000000e+04 4.725300000000000000e+04 4.767600000000000000e+04 5.394400000000000000e+04 5.608300000000000000e+04 4.919475000000000000e+04 5.123900000000000000e+04 1.041554230888458665e+00
6.004800000000000000e+04 4.596200000000000000e+04 4.824200000000000000e+04 4.654100000000000000e+04 5.603400000000000000e+04 4.725300000000000000e+04 4.767600000000000000e+04 5.394400000000000000e+04 5.019825000000000000e+04 5.122675000000000000e+04 1.020488762058438192e+00
5.495400000000000000e+04 6.004800000000000000e+04 4.596200000000000000e+04 4.824200000000000000e+04 4.654100000000000000e+04 5.603400000000000000e+04 4.725300000000000000e+04 4.767600000000000000e+04 5.230150000000000000e+04 4.937600000000000000e+04 9.440647017771957028e-01
5.794500000000000000e+04 5.495400000000000000e+04 6.004800000000000000e+04 4.596200000000000000e+04 4.824200000000000000e+04 4.654100000000000000e+04 5.603400000000000000e+04 4.725300000000000000e+04 5.472725000000000000e+04 4.951750000000000000e+04 9.048051930254124020e-01
3.151636893203883665e+04 5.794500000000000000e+04 5.495400000000000000e+04 6.004800000000000000e+04 4.596200000000000000e+04 4.824200000000000000e+04 4.654100000000000000e+04 5.603400000000000000e+04 5.764900000000000000e+04 4.919475000000000000e+04 8.533495810855348251e-01
