8.250000000000000389e-02 8.839999999999999247e-02 8.909999999999999865e-02 8.239999999999998714e-02 8.959999999999999909e-02 9.479999999999999538e-02 9.286666666666666681e-02 9.200000000000001232e-02 8.559999999999999554e-02 9.097333333333333660e-02 1.062772585669782055e+00
8.836666666666666281e-02 8.250000000000000389e-02 8.839999999999999247e-02 8.909999999999999865e-02 8.239999999999998714e-02 8.959999999999999909e-02 9.479999999999999538e-02 9.286666666666666681e-02 8.709166666666666445e-02 8.935166666666666258e-02 1.025949669888049032e+00
9.023333333333333206e-02 8.836666666666666281e-02 8.250000000000000389e-02 8.839999999999999247e-02 8.909999999999999865e-02 8.239999999999998714e-02 8.959999999999999909e-02 9.479999999999999538e-02 8.737499999999999434e-02 8.865499999999999770e-02 1.014649499284692391e+00
9.843333333333333102e-02 9.023333333333333206e-02 8.836666666666666281e-02 8.250000000000000389e-02 8.839999999999999247e-02 8.909999999999999865e-02 8.239999999999998714e-02 8.959999999999999909e-02 8.988333333333332897e-02 8.787666666666665849e-02 9.776747635824216687e-01
1.086333333333333179e-01 9.843333333333333102e-02 9.023333333333333206e-02 8.836666666666666281e-02 8.250000000000000389e-02 8.839999999999999247e-02 8.909999999999999865e-02 8.239999999999998714e-02 9.641666666666666441e-02 8.776333333333333209e-02 9.102506482281763622e-01
1.121666666666666506e-01 1.086333333333333179e-01 9.843333333333333102e-02 9.023333333333333206e-02 8.836666666666666281e-02 8.250000000000000389e-02 8.839999999999999247e-02 8.909999999999999865e-02 1.023666666666666614e-01 9.014666666666666661e-02 8.806252035167698722e-01
1.118000000000000105e-01 1.121666666666666506e-01 1.086333333333333179e-01 9.843333333333333102e-02 9.023333333333333206e-02 8.836666666666666281e-02 8.250000000000000389e-02 8.839999999999999247e-02 1.077583333333333171e-01 9.145166666666666722e-02 8.486737297966129301e-01
1.191666666666666569e-01 1.118000000000000105e-01 1.121666666666666506e-01 1.086333333333333179e-01 9.843333333333333102e-02 9.023333333333333206e-02 8.836666666666666281e-02 8.250000000000000389e-02 1.129416666666666486e-01 9.449499999999999567e-02 8.366708477827787815e-01
1.243333333333333374e-01 1.191666666666666569e-01 1.118000000000000105e-01 1.121666666666666506e-01 1.086333333333333179e-01 9.843333333333333102e-02 9.023333333333333206e-02 8.836666666666666281e-02 1.168666666666666604e-01 1.005066666666666608e-01 8.600114090131203426e-01
1.306000000000000216e-01 1.243333333333333374e-01 1.191666666666666569e-01 1.118000000000000105e-01 1.121666666666666506e-01 1.086333333333333179e-01 9.843333333333333102e-02 9.023333333333333206e-02 1.214749999999999996e-01 1.061883333333333290e-01 8.741579200109761416e-01
1.275666666666666615e-01 1.306000000000000216e-01 1.243333333333333374e-01 1.191666666666666569e-01 1.118000000000000105e-01 1.121666666666666506e-01 1.086333333333333179e-01 9.843333333333333102e-02 1.254166666666666763e-01 1.112899999999999723e-01 8.873621262458468717e-01
1.285000000000000031e-01 1.275666666666666615e-01 1.306000000000000216e-01 1.243333333333333374e-01 1.191666666666666569e-01 1.118000000000000105e-01 1.121666666666666506e-01 1.086333333333333179e-01 1.277500000000000024e-01 1.159033333333333166e-01 9.072667971298107314e-01
1.371666666666666867e-01 1.285000000000000031e-01 1.275666666666666615e-01 1.306000000000000216e-01 1.243333333333333374e-01 1.191666666666666569e-01 1.118000000000000105e-01 1.121666666666666506e-01 1.309583333333333433e-01 1.196849999999999997e-01 9.139166401527202277e-01
1.438666666666666705e-01 1.371666666666666867e-01 1.285000000000000031e-01 1.275666666666666615e-01 1.306000000000000216e-01 1.243333333333333374e-01 1.191666666666666569e-01 1.118000000000000105e-01 1.342750000000000055e-01 1.240350000000000064e-01 9.237385961645876442e-01
1.453333333333333144e-01 1.438666666666666705e-01 1.371666666666666867e-01 1.285000000000000031e-01 1.275666666666666615e-01 1.306000000000000216e-01 1.243333333333333374e-01 1.191666666666666569e-01 1.387166666666666548e-01 1.280766666666666720e-01 9.232968881412952911e-01
1.528333333333333488e-01 1.453333333333333144e-01 1.438666666666666705e-01 1.371666666666666867e-01 1.285000000000000031e-01 1.275666666666666615e-01 1.306000000000000216e-01 1.243333333333333374e-01 1.448000000000000120e-01 1.311599999999999988e-01 9.058011049723756480e-01
1.616999999999999826e-01 1.528333333333333488e-01 1.453333333333333144e-01 1.438666666666666705e-01 1.371666666666666867e-01 1.285000000000000031e-01 1.275666666666666615e-01 1.306000000000000216e-01 1.509333333333333360e-01 1.349533333333333418e-01 8.941254416961130769e-01
1.620333333333333348e-01 1.616999999999999826e-01 1.528333333333333488e-01 1.453333333333333144e-01 1.438666666666666705e-01 1.371666666666666867e-01 1.285000000000000031e-01 1.275666666666666615e-01 1.554750000000000021e-01 1.385149999999999992e-01 8.909149380929409778e-01
1.683666666666666645e-01 1.620333333333333348e-01 1.616999999999999826e-01 1.528333333333333488e-01 1.453333333333333144e-01 1.438666666666666705e-01 1.371666666666666867e-01 1.285000000000000031e-01 1.612333333333333396e-01 1.432199999999999862e-01 8.882778581765555792e-01
1.712000000000000188e-01 1.683666666666666645e-01 1.620333333333333348e-01 1.616999999999999826e-01 1.528333333333333488e-01 1.453333333333333144e-01 1.438666666666666705e-01 1.371666666666666867e-01 1.658250000000000002e-01 1.490049999999999986e-01 8.985677672244836156e-01
1.693999999999999950e-01 1.712000000000000188e-01 1.683666666666666645e-01 1.620333333333333348e-01 1.616999999999999826e-01 1.528333333333333488e-01 1.453333333333333144e-01 1.438666666666666705e-01 1.677500000000000102e-01 1.542966666666666653e-01 9.198012916045702481e-01
1.725000000000000144e-01 1.693999999999999950e-01 1.712000000000000188e-01 1.683666666666666645e-01 1.620333333333333348e-01 1.616999999999999826e-01 1.528333333333333488e-01 1.453333333333333144e-01 1.703666666666666663e-01 1.584533333333333349e-01 9.300723928781060579e-01
1.785666666666666791e-01 1.725000000000000144e-01 1.693999999999999950e-01 1.712000000000000188e-01 1.683666666666666645e-01 1.620333333333333348e-01 1.616999999999999826e-01 1.528333333333333488e-01 1.729166666666666630e-01 1.635699999999999932e-01 9.459469879518072055e-01
1.814999999999999947e-01 1.785666666666666791e-01 1.725000000000000144e-01 1.693999999999999950e-01 1.712000000000000188e-01 1.683666666666666645e-01 1.620333333333333348e-01 1.616999999999999826e-01 1.754916666666666569e-01 1.677583333333333149e-01 9.559333301676242733e-01
1.815999999999999837e-01 1.814999999999999947e-01 1.785666666666666791e-01 1.725000000000000144e-01 1.693999999999999950e-01 1.712000000000000188e-01 1.683666666666666645e-01 1.620333333333333348e-01 1.785416666666666541e-01 1.699083333333333279e-01 9.516452742123687747e-01
1.905666666666666897e-01 1.815999999999999837e-01 1.814999999999999947e-01 1.785666666666666791e-01 1.725000000000000144e-01 1.693999999999999950e-01 1.712000000000000188e-01 1.683666666666666645e-01 1.830583333333333229e-01 1.729050000000000031e-01 9.445349842946237917e-01
1.932000000000000106e-01 1.905666666666666897e-01 1.815999999999999837e-01 1.814999999999999947e-01 1.785666666666666791e-01 1.725000000000000144e-01 1.693999999999999950e-01 1.712000000000000188e-01 1.867166666666666697e-01 1.756766666666666477e-01 9.408729804516645645e-01
1.986999999999999877e-01 1.932000000000000106e-01 1.905666666666666897e-01 1.815999999999999837e-01 1.814999999999999947e-01 1.785666666666666791e-01 1.725000000000000144e-01 1.693999999999999950e-01 1.910166666666666679e-01 1.785966666666666536e-01 9.349794956810050239e-01
2.066666666666666652e-01 1.986999999999999877e-01 1.932000000000000106e-01 1.905666666666666897e-01 1.815999999999999837e-01 1.814999999999999947e-01 1.785666666666666791e-01 1.725000000000000144e-01 1.972833333333333383e-01 1.822900000000000076e-01 9.240010137703810189e-01
2.092333333333332990e-01 2.066666666666666652e-01 1.986999999999999877e-01 1.932000000000000106e-01 1.905666666666666897e-01 1.815999999999999837e-01 1.814999999999999947e-01 1.785666666666666791e-01 2.019499999999999906e-01 1.868366666666666509e-01 9.251629941404637680e-01
1.996666666666666590e-01 2.092333333333332990e-01 2.066666666666666652e-01 1.986999999999999877e-01 1.932000000000000106e-01 1.905666666666666897e-01 1.815999999999999837e-01 1.814999999999999947e-01 2.035666666666666458e-01 1.900866666666666815e-01 9.337809071557231499e-01
1.837666666666666615e-01 1.996666666666666590e-01 2.092333333333332990e-01 2.066666666666666652e-01 1.986999999999999877e-01 1.932000000000000106e-01 1.905666666666666897e-01 1.815999999999999837e-01 1.998333333333333073e-01 1.927800000000000069e-01 9.647039199332778647e-01
1.743666666666666698e-01 1.837666666666666615e-01 1.996666666666666590e-01 2.092333333333332990e-01 2.066666666666666652e-01 1.986999999999999877e-01 1.932000000000000106e-01 1.905666666666666897e-01 1.917583333333333084e-01 1.961783333333333434e-01 1.023049845725957363e+00
1.661999999999999866e-01 1.743666666666666698e-01 1.837666666666666615e-01 1.996666666666666590e-01 2.092333333333332990e-01 2.066666666666666652e-01 1.986999999999999877e-01 1.932000000000000106e-01 1.809999999999999942e-01 1.977599999999999913e-01 1.092596685082872998e+00
1.498000000000000165e-01 1.661999999999999866e-01 1.743666666666666698e-01 1.837666666666666615e-01 1.996666666666666590e-01 2.092333333333332990e-01 2.066666666666666652e-01 1.986999999999999877e-01 1.685333333333333405e-01 1.965599999999999847e-01 1.166297468354430267e+00
1.352333333333333443e-01 1.498000000000000165e-01 1.661999999999999866e-01 1.743666666666666698e-01 1.837666666666666615e-01 1.996666666666666590e-01 2.092333333333332990e-01 2.066666666666666652e-01 1.564000000000000112e-01 1.911466666666666314e-01 1.222165387894287747e+00
1.141333333333333228e-01 1.352333333333333443e-01 1.498000000000000165e-01 1.661999999999999866e-01 1.743666666666666698e-01 1.837666666666666615e-01 1.996666666666666590e-01 2.092333333333332990e-01 1.413416666666666710e-01 1.816749999999999754e-01 1.285360532987441573e+00
1.095000000000000001e-01 1.141333333333333228e-01 1.352333333333333443e-01 1.498000000000000165e-01 1.661999999999999866e-01 1.743666666666666698e-01 1.837666666666666615e-01 1.996666666666666590e-01 1.271666666666666778e-01 1.702333333333333198e-01 1.338663171690694487e+00
1.228333333333333360e-01 1.095000000000000001e-01 1.141333333333333228e-01 1.352333333333333443e-01 1.498000000000000165e-01 1.661999999999999866e-01 1.743666666666666698e-01 1.837666666666666615e-01 1.204250000000000043e-01 1.589116666666666733e-01 1.319590339768874188e+00
1.310666666666666647e-01 1.228333333333333360e-01 1.095000000000000001e-01 1.141333333333333228e-01 1.352333333333333443e-01 1.498000000000000165e-01 1.661999999999999866e-01 1.743666666666666698e-01 1.193833333333333274e-01 1.489966666666666661e-01 1.248052491972637235e+00
1.364333333333333231e-01 1.310666666666666647e-01 1.228333333333333360e-01 1.095000000000000001e-01 1.141333333333333228e-01 1.352333333333333443e-01 1.498000000000000165e-01 1.661999999999999866e-01 1.249583333333333240e-01 1.380649999999999933e-01 1.104888296098699652e+00
1.286333333333333495e-01 1.364333333333333231e-01 1.310666666666666647e-01 1.228333333333333360e-01 1.095000000000000001e-01 1.141333333333333228e-01 1.352333333333333443e-01 1.498000000000000165e-01 1.297416666666666718e-01 1.276816666666666655e-01 9.841222943027810866e-01
1.223666666666666653e-01 1.286333333333333495e-01 1.364333333333333231e-01 1.310666666666666647e-01 1.228333333333333360e-01 1.095000000000000001e-01 1.141333333333333228e-01 1.352333333333333443e-01 1.296249999999999902e-01 1.222649999999999987e-01 9.432208293153327983e-01
1.178333333333333455e-01 1.223666666666666653e-01 1.286333333333333495e-01 1.364333333333333231e-01 1.310666666666666647e-01 1.228333333333333360e-01 1.095000000000000001e-01 1.141333333333333228e-01 1.263166666666666604e-01 1.207700000000000023e-01 9.560891938250429822e-01
1.080333333333333284e-01 1.178333333333333455e-01 1.223666666666666653e-01 1.286333333333333495e-01 1.364333333333333231e-01 1.310666666666666647e-01 1.228333333333333360e-01 1.095000000000000001e-01 1.192166666666666652e-01 1.238100000000000034e-01 1.038529288410457108e+00
1.011666666666666686e-01 1.080333333333333284e-01 1.178333333333333455e-01 1.223666666666666653e-01 1.286333333333333495e-01 1.364333333333333231e-01 1.310666666666666647e-01 1.228333333333333360e-01 1.123500000000000054e-01 1.262633333333333385e-01 1.123839192998071557e+00
1.026666666666666700e-01 1.011666666666666686e-01 1.080333333333333284e-01 1.178333333333333455e-01 1.223666666666666653e-01 1.286333333333333495e-01 1.364333333333333231e-01 1.310666666666666647e-01 1.074250000000000066e-01 1.251849999999999907e-01 1.165324645101233347e+00
1.061666666666666731e-01 1.026666666666666700e-01 1.011666666666666686e-01 1.080333333333333284e-01 1.178333333333333455e-01 1.223666666666666653e-01 1.286333333333333495e-01 1.364333333333333231e-01 1.045083333333333281e-01 1.219549999999999940e-01 1.166940435371979889e+00
9.966666666666668117e-02 1.061666666666666731e-01 1.026666666666666700e-01 1.011666666666666686e-01 1.080333333333333284e-01 1.178333333333333455e-01 1.223666666666666653e-01 1.286333333333333495e-01 1.024166666666666836e-01 1.158566666666666772e-01 1.131228641171684313e+00
1.040999999999999842e-01 9.966666666666668117e-02 1.061666666666666731e-01 1.026666666666666700e-01 1.011666666666666686e-01 1.080333333333333284e-01 1.178333333333333455e-01 1.223666666666666653e-01 1.031500000000000056e-01 1.105099999999999971e-01 1.071352399418322721e+00
1.084666666666666557e-01 1.040999999999999842e-01 9.966666666666668117e-02 1.061666666666666731e-01 1.026666666666666700e-01 1.011666666666666686e-01 1.080333333333333284e-01 1.178333333333333455e-01 1.045999999999999985e-01 1.068599999999999967e-01 1.021606118546845021e+00
1.062666666666666621e-01 1.084666666666666557e-01 1.040999999999999842e-01 9.966666666666668117e-02 1.061666666666666731e-01 1.026666666666666700e-01 1.011666666666666686e-01 1.080333333333333284e-01 1.046249999999999958e-01 1.045316666666666616e-01 9.991079251294304742e-01
1.023666666666666614e-01 1.062666666666666621e-01 1.084666666666666557e-01 1.040999999999999842e-01 9.966666666666668117e-02 1.061666666666666731e-01 1.026666666666666700e-01 1.011666666666666686e-01 1.052999999999999908e-01 1.029933333333333395e-01 9.780943336498894025e-01
1.024999999999999939e-01 1.023666666666666614e-01 1.062666666666666621e-01 1.084666666666666557e-01 1.040999999999999842e-01 9.966666666666668117e-02 1.061666666666666731e-01 1.026666666666666700e-01 1.048999999999999932e-01 1.035000000000000087e-01 9.866539561487132071e-01
9.373333333333333517e-02 1.024999999999999939e-01 1.023666666666666614e-01 1.062666666666666621e-01 1.084666666666666557e-01 1.040999999999999842e-01 9.966666666666668117e-02 1.061666666666666731e-01 1.012166666666666631e-01 1.039233333333333259e-01 1.026741314012843631e+00
9.423333333333333561e-02 9.373333333333333517e-02 1.024999999999999939e-01 1.023666666666666614e-01 1.062666666666666621e-01 1.084666666666666557e-01 1.040999999999999842e-01 9.966666666666668117e-02 9.820833333333332804e-02 1.033416666666666650e-01 1.052269834535426440e+00
1.393666666666666665e-01 9.423333333333333561e-02 9.373333333333333517e-02 1.024999999999999939e-01 1.023666666666666614e-01 1.062666666666666621e-01 1.084666666666666557e-01 1.040999999999999842e-01 1.074583333333333363e-01 1.057316666666666682e-01 9.839317564947653860e-01
1.124999999999999889e-01 1.393666666666666665e-01 9.423333333333333561e-02 9.373333333333333517e-02 1.024999999999999939e-01 1.023666666666666614e-01 1.062666666666666621e-01 1.084666666666666557e-01 1.099583333333333385e-01 1.059116666666666678e-01 9.631981811292156248e-01
9.673333333333333783e-02 1.124999999999999889e-01 1.393666666666666665e-01 9.423333333333333561e-02 9.373333333333333517e-02 1.024999999999999939e-01 1.023666666666666614e-01 1.062666666666666621e-01 1.107083333333333391e-01 1.031149999999999983e-01 9.314113662024839924e-01
8.696666666666667822e-02 9.673333333333333783e-02 1.124999999999999889e-01 1.393666666666666665e-01 9.423333333333333561e-02 9.373333333333333517e-02 1.024999999999999939e-01 1.023666666666666614e-01 1.088916666666666644e-01 1.003449999999999898e-01 9.215122063212672909e-01
8.020000000000000739e-02 8.696666666666667822e-02 9.673333333333333783e-02 1.124999999999999889e-01 1.393666666666666665e-01 9.423333333333333561e-02 9.373333333333333517e-02 1.024999999999999939e-01 9.410000000000000309e-02 1.047866666666666668e-01 1.113567127169677651e+00
8.196666666666667378e-02 8.020000000000000739e-02 8.696666666666667822e-02 9.673333333333333783e-02 1.124999999999999889e-01 1.393666666666666665e-01 9.423333333333333561e-02 9.373333333333333517e-02 8.646666666666667778e-02 1.052599999999999925e-01 1.217347725520431467e+00
8.413333333333333774e-02 8.196666666666667378e-02 8.020000000000000739e-02 8.696666666666667822e-02 9.673333333333333783e-02 1.124999999999999889e-01 1.393666666666666665e-01 9.423333333333333561e-02 8.331666666666667775e-02 1.052300000000000041e-01 1.263012602520503957e+00
7.966666666666666341e-02 8.413333333333333774e-02 8.196666666666667378e-02 8.020000000000000739e-02 8.696666666666667822e-02 9.673333333333333783e-02 1.124999999999999889e-01 1.393666666666666665e-01 8.149166666666667058e-02 1.034116666666666517e-01 1.268984558748337932e+00
7.456666666666666998e-02 7.966666666666666341e-02 8.413333333333333774e-02 8.196666666666667378e-02 8.020000000000000739e-02 8.696666666666667822e-02 9.673333333333333783e-02 1.124999999999999889e-01 8.008333333333333970e-02 9.129666666666666486e-02 1.140020811654526511e+00
7.513333333333334363e-02 7.456666666666666998e-02 7.966666666666666341e-02 8.413333333333333774e-02 8.196666666666667378e-02 8.020000000000000739e-02 8.696666666666667822e-02 9.673333333333333783e-02 7.837500000000000022e-02 8.484833333333334504e-02 1.082594364699628109e+00
6.753333333333333410e-02 7.513333333333334363e-02 7.456666666666666998e-02 7.966666666666666341e-02 8.413333333333333774e-02 8.196666666666667378e-02 8.020000000000000739e-02 8.696666666666667822e-02 7.422499999999999931e-02 8.149833333333333929e-02 1.097990344672729490e+00
6.393333333333332813e-02 6.753333333333333410e-02 7.513333333333334363e-02 7.456666666666666998e-02 7.966666666666666341e-02 8.413333333333333774e-02 8.196666666666667378e-02 8.020000000000000739e-02 7.029166666666666896e-02 7.925166666666667858e-02 1.127468879668049873e+00
5.790000000000000008e-02 6.393333333333332813e-02 6.753333333333333410e-02 7.513333333333334363e-02 7.456666666666666998e-02 7.966666666666666341e-02 8.413333333333333774e-02 8.196666666666667378e-02 6.612500000000000322e-02 7.729166666666667518e-02 1.168872085696282426e+00
5.113333333333333619e-02 5.790000000000000008e-02 6.393333333333332813e-02 6.753333333333333410e-02 7.513333333333334363e-02 7.456666666666666998e-02 7.966666666666666341e-02 8.413333333333333774e-02 6.012499999999999789e-02 7.472499999999999976e-02 1.242827442827442841e+00
4.920000000000000068e-02 5.113333333333333619e-02 5.790000000000000008e-02 6.393333333333332813e-02 6.753333333333333410e-02 7.513333333333334363e-02 7.456666666666666998e-02 7.966666666666666341e-02 5.554166666666666974e-02 7.048833333333333340e-02 1.269107276819204655e+00
5.053333333333333982e-02 4.920000000000000068e-02 5.113333333333333619e-02 5.790000000000000008e-02 6.393333333333332813e-02 6.753333333333333410e-02 7.513333333333334363e-02 7.456666666666666998e-02 5.219166666666667093e-02 6.667166666666667074e-02 1.277438927031773863e+00
4.920000000000000068e-02 5.053333333333333982e-02 4.920000000000000068e-02 5.113333333333333619e-02 5.790000000000000008e-02 6.393333333333332813e-02 6.753333333333333410e-02 7.513333333333334363e-02 5.001666666666666761e-02 6.290333333333333887e-02 1.257647450849716853e+00
4.896666666666666529e-02 4.920000000000000068e-02 5.053333333333333982e-02 4.920000000000000068e-02 5.113333333333333619e-02 5.790000000000000008e-02 6.393333333333332813e-02 6.753333333333333410e-02 4.947499999999999815e-02 5.799499999999999794e-02 1.172208185952501314e+00
4.920000000000000068e-02 4.896666666666666529e-02 4.920000000000000068e-02 5.053333333333333982e-02 4.920000000000000068e-02 5.113333333333333619e-02 5.790000000000000008e-02 6.393333333333332813e-02 4.947500000000000508e-02 5.432833333333333264e-02 1.098096681825837750e+00
4.269999999999999490e-02 4.920000000000000068e-02 4.896666666666666529e-02 4.920000000000000068e-02 5.053333333333333982e-02 4.920000000000000068e-02 5.113333333333333619e-02 5.790000000000000008e-02 4.751666666666666539e-02 5.125666666666667259e-02 1.078709224833392044e+00
3.423333333333333783e-02 4.269999999999999490e-02 4.920000000000000068e-02 4.896666666666666529e-02 4.920000000000000068e-02 5.053333333333333982e-02 4.920000000000000068e-02 5.113333333333333619e-02 4.377499999999999447e-02 4.876833333333333714e-02 1.114068151532457973e+00
3.490000000000000047e-02 3.423333333333333783e-02 4.269999999999999490e-02 4.920000000000000068e-02 4.896666666666666529e-02 4.920000000000000068e-02 5.053333333333333982e-02 4.920000000000000068e-02 4.025833333333333347e-02 4.763166666666666937e-02 1.183150486441730598e+00
3.683333333333333598e-02 3.490000000000000047e-02 3.423333333333333783e-02 4.269999999999999490e-02 4.920000000000000068e-02 4.896666666666666529e-02 4.920000000000000068e-02 5.053333333333333982e-02 3.716666666666666730e-02 4.701333333333333753e-02 1.264932735426009147e+00
3.896666666666667028e-02 3.683333333333333598e-02 3.490000000000000047e-02 3.423333333333333783e-02 4.269999999999999490e-02 4.920000000000000068e-02 4.896666666666666529e-02 4.920000000000000068e-02 3.623333333333333961e-02 4.526000000000000162e-02 1.249126034958601528e+00
4.693333333333333385e-02 3.896666666666667028e-02 3.683333333333333598e-02 3.490000000000000047e-02 3.423333333333333783e-02 4.269999999999999490e-02 4.920000000000000068e-02 4.896666666666666529e-02 3.940833333333333688e-02 4.290166666666665740e-02 1.088644533728060582e+00
4.446666666666667517e-02 4.693333333333333385e-02 3.896666666666667028e-02 3.683333333333333598e-02 3.490000000000000047e-02 3.423333333333333783e-02 4.269999999999999490e-02 4.920000000000000068e-02 4.180000000000000382e-02 4.056666666666666754e-02 9.704944178628388540e-01
4.280000000000000471e-02 4.446666666666667517e-02 4.693333333333333385e-02 3.896666666666667028e-02 3.683333333333333598e-02 3.490000000000000047e-02 3.423333333333333783e-02 4.269999999999999490e-02 4.329166666666667274e-02 3.839166666666667116e-02 8.868142444658324575e-01
4.263333333333333558e-02 4.280000000000000471e-02 4.446666666666667517e-02 4.693333333333333385e-02 3.896666666666667028e-02 3.683333333333333598e-02 3.490000000000000047e-02 3.423333333333333783e-02 4.420833333333333559e-02 3.782833333333333881e-02 8.556833176248822559e-01
4.283333333333333437e-02 4.263333333333333558e-02 4.280000000000000471e-02 4.446666666666667517e-02 4.693333333333333385e-02 3.896666666666667028e-02 3.683333333333333598e-02 3.490000000000000047e-02 4.318333333333333746e-02 4.016333333333334255e-02 9.300656117329217931e-01
4.576666666666665689e-02 4.283333333333333437e-02 4.263333333333333558e-02 4.280000000000000471e-02 4.446666666666667517e-02 4.693333333333333385e-02 3.896666666666667028e-02 3.683333333333333598e-02 4.350833333333332942e-02 4.214166666666666755e-02 9.685883930281555809e-01
4.519999999999999712e-02 4.576666666666665689e-02 4.283333333333333437e-02 4.263333333333333558e-02 4.280000000000000471e-02 4.446666666666667517e-02 4.693333333333333385e-02 3.896666666666667028e-02 4.410833333333332579e-02 4.345500000000000751e-02 9.851879841299833185e-01
4.539999999999999591e-02 4.519999999999999712e-02 4.576666666666665689e-02 4.283333333333333437e-02 4.263333333333333558e-02 4.280000000000000471e-02 4.446666666666667517e-02 4.693333333333333385e-02 4.479999999999999261e-02 4.432666666666666699e-02 9.894345238095240136e-01
4.543333333333333252e-02 4.539999999999999591e-02 4.519999999999999712e-02 4.576666666666665689e-02 4.283333333333333437e-02 4.263333333333333558e-02 4.280000000000000471e-02 4.446666666666667517e-02 4.544999999999999041e-02 4.363666666666667082e-02 9.601026769343603551e-01
4.393333333333333118e-02 4.543333333333333252e-02 4.539999999999999591e-02 4.519999999999999712e-02 4.576666666666665689e-02 4.283333333333333437e-02 4.263333333333333558e-02 4.280000000000000471e-02 4.499166666666665898e-02 4.380499999999999672e-02 9.736247453232080851e-01
4.330000000000000515e-02 4.393333333333333118e-02 4.543333333333333252e-02 4.539999999999999591e-02 4.519999999999999712e-02 4.576666666666665689e-02 4.283333333333333437e-02 4.263333333333333558e-02 4.451666666666666272e-02 4.418999999999999317e-02 9.926619243728940223e-01
4.539999999999999591e-02 4.330000000000000515e-02 4.393333333333333118e-02 4.543333333333333252e-02 4.539999999999999591e-02 4.519999999999999712e-02 4.576666666666665689e-02 4.283333333333333437e-02 4.451666666666666272e-02 4.474333333333332247e-02 1.005091725945338688e+00
4.709999999999999604e-02 4.539999999999999591e-02 4.330000000000000515e-02 4.393333333333333118e-02 4.543333333333333252e-02 4.539999999999999591e-02 4.519999999999999712e-02 4.576666666666665689e-02 4.493333333333333207e-02 4.534666666666666013e-02 1.009198813056379596e+00
5.049999999999999628e-02 4.709999999999999604e-02 4.539999999999999591e-02 4.330000000000000515e-02 4.393333333333333118e-02 4.543333333333333252e-02 4.539999999999999591e-02 4.519999999999999712e-02 4.657499999999999835e-02 4.530833333333332547e-02 9.728037215959920436e-01
5.090000000000000080e-02 5.049999999999999628e-02 4.709999999999999604e-02 4.539999999999999591e-02 4.330000000000000515e-02 4.393333333333333118e-02 4.543333333333333252e-02 4.539999999999999591e-02 4.847499999999999726e-02 4.530833333333332547e-02 9.346742307031115082e-01
5.489999999999999741e-02 5.090000000000000080e-02 5.049999999999999628e-02 4.709999999999999604e-02 4.539999999999999591e-02 4.330000000000000515e-02 4.393333333333333118e-02 4.543333333333333252e-02 5.084999999999999937e-02 4.578333333333332866e-02 9.003605375286790613e-01
6.189999999999998975e-02 5.489999999999999741e-02 5.090000000000000080e-02 5.049999999999999628e-02 4.709999999999999604e-02 4.539999999999999591e-02 4.330000000000000515e-02 4.393333333333333118e-02 5.454999999999999433e-02 4.685666666666666452e-02 8.589673082798656711e-01
6.883333333333332971e-02 6.189999999999998975e-02 5.489999999999999741e-02 5.090000000000000080e-02 5.049999999999999628e-02 4.709999999999999604e-02 4.539999999999999591e-02 4.330000000000000515e-02 5.913333333333332942e-02 4.908666666666666734e-02 8.301014656144307668e-01
6.413333333333333386e-02 6.883333333333332971e-02 6.189999999999998975e-02 5.489999999999999741e-02 5.090000000000000080e-02 5.049999999999999628e-02 4.709999999999999604e-02 4.539999999999999591e-02 6.244166666666666615e-02 5.126833333333332549e-02 8.210596556786332600e-01
6.239999999999999020e-02 6.413333333333333386e-02 6.883333333333332971e-02 6.189999999999998975e-02 5.489999999999999741e-02 5.090000000000000080e-02 5.049999999999999628e-02 4.709999999999999604e-02 6.431666666666666088e-02 5.354333333333333167e-02 8.324954651464110400e-01
7.316666666666665764e-02 6.239999999999999020e-02 6.413333333333333386e-02 6.883333333333332971e-02 6.189999999999998975e-02 5.489999999999999741e-02 5.090000000000000080e-02 5.049999999999999628e-02 6.713333333333332265e-02 5.706666666666666832e-02 8.500496524329693715e-01
7.883333333333332471e-02 7.316666666666665764e-02 6.239999999999999020e-02 6.413333333333333386e-02 6.883333333333332971e-02 6.189999999999998975e-02 5.489999999999999741e-02 5.090000000000000080e-02 6.963333333333332487e-02 6.123333333333332712e-02 8.793681187170895308e-01
6.796666666666666134e-02 7.883333333333332471e-02 7.316666666666665764e-02 6.239999999999999020e-02 6.413333333333333386e-02 6.883333333333332971e-02 6.189999999999998975e-02 5.489999999999999741e-02 7.059166666666666368e-02 6.407166666666666566e-02 9.076378231613740910e-01
6.560000000000000553e-02 6.796666666666666134e-02 7.883333333333332471e-02 7.316666666666665764e-02 6.239999999999999020e-02 6.413333333333333386e-02 6.883333333333332971e-02 6.189999999999998975e-02 7.139166666666665884e-02 6.573166666666666047e-02 9.207190381697210046e-01
