3.060000000000000000e+02 1.770000000000000000e+02 2.270000000000000000e+02 2.590000000000000000e+02 2.790000000000000000e+02 2.080000000000000000e+02 1.950000000000000000e+02 2.090000000000000000e+02 2.422500000000000000e+02 2.266500000000000057e+02 9.356037151702786270e-01
2.670000000000000000e+02 3.060000000000000000e+02 1.770000000000000000e+02 2.270000000000000000e+02 2.590000000000000000e+02 2.790000000000000000e+02 2.080000000000000000e+02 1.950000000000000000e+02 2.442500000000000000e+02 2.370500000000000114e+02 9.705220061412487276e-01
2.720000000000000000e+02 2.670000000000000000e+02 3.060000000000000000e+02 1.770000000000000000e+02 2.270000000000000000e+02 2.590000000000000000e+02 2.790000000000000000e+02 2.080000000000000000e+02 2.555000000000000000e+02 2.456999999999999886e+02 9.616438356164382917e-01
2.370000000000000000e+02 2.720000000000000000e+02 2.670000000000000000e+02 3.060000000000000000e+02 1.770000000000000000e+02 2.270000000000000000e+02 2.590000000000000000e+02 2.790000000000000000e+02 2.705000000000000000e+02 2.425000000000000000e+02 8.964879852125693382e-01
2.730000000000000000e+02 2.370000000000000000e+02 2.720000000000000000e+02 2.670000000000000000e+02 3.060000000000000000e+02 1.770000000000000000e+02 2.270000000000000000e+02 2.590000000000000000e+02 2.622500000000000000e+02 2.462500000000000000e+02 9.389895138226882487e-01
3.970000000000000000e+02 2.730000000000000000e+02 2.370000000000000000e+02 2.720000000000000000e+02 2.670000000000000000e+02 3.060000000000000000e+02 1.770000000000000000e+02 2.270000000000000000e+02 2.947500000000000000e+02 2.543499999999999943e+02 8.629346904156064424e-01
2.860000000000000000e+02 3.970000000000000000e+02 2.730000000000000000e+02 2.370000000000000000e+02 2.720000000000000000e+02 2.670000000000000000e+02 3.060000000000000000e+02 1.770000000000000000e+02 2.982500000000000000e+02 2.640500000000000114e+02 8.853310980720872081e-01
3.010000000000000000e+02 2.860000000000000000e+02 3.970000000000000000e+02 2.730000000000000000e+02 2.370000000000000000e+02 2.720000000000000000e+02 2.670000000000000000e+02 3.060000000000000000e+02 3.142500000000000000e+02 2.792500000000000000e+02 8.886237072394590486e-01
3.420000000000000000e+02 3.010000000000000000e+02 2.860000000000000000e+02 3.970000000000000000e+02 2.730000000000000000e+02 2.370000000000000000e+02 2.720000000000000000e+02 2.670000000000000000e+02 3.315000000000000000e+02 2.761000000000000227e+02 8.328808446455505665e-01
2.610000000000000000e+02 3.420000000000000000e+02 3.010000000000000000e+02 2.860000000000000000e+02 3.970000000000000000e+02 2.730000000000000000e+02 2.370000000000000000e+02 2.720000000000000000e+02 2.975000000000000000e+02 2.953000000000000114e+02 9.926050420168067712e-01
2.950000000000000000e+02 2.610000000000000000e+02 3.420000000000000000e+02 3.010000000000000000e+02 2.860000000000000000e+02 3.970000000000000000e+02 2.730000000000000000e+02 2.370000000000000000e+02 2.997500000000000000e+02 2.985500000000000114e+02 9.959966638865721533e-01
2.260000000000000000e+02 2.950000000000000000e+02 2.610000000000000000e+02 3.420000000000000000e+02 3.010000000000000000e+02 2.860000000000000000e+02 3.970000000000000000e+02 2.730000000000000000e+02 2.810000000000000000e+02 3.076000000000000227e+02 1.094661921708185215e+00
2.480000000000000000e+02 2.260000000000000000e+02 2.950000000000000000e+02 2.610000000000000000e+02 3.420000000000000000e+02 3.010000000000000000e+02 2.860000000000000000e+02 3.970000000000000000e+02 2.575000000000000000e+02 3.166999999999999886e+02 1.229902912621359201e+00
3.160000000000000000e+02 2.480000000000000000e+02 2.260000000000000000e+02 2.950000000000000000e+02 2.610000000000000000e+02 3.420000000000000000e+02 3.010000000000000000e+02 2.860000000000000000e+02 2.712500000000000000e+02 2.922500000000000000e+02 1.077419354838709653e+00
3.610000000000000000e+02 3.160000000000000000e+02 2.480000000000000000e+02 2.260000000000000000e+02 2.950000000000000000e+02 2.610000000000000000e+02 3.420000000000000000e+02 3.010000000000000000e+02 2.877500000000000000e+02 2.973500000000000227e+02 1.033362293657688946e+00
3.510000000000000000e+02 3.610000000000000000e+02 3.160000000000000000e+02 2.480000000000000000e+02 2.260000000000000000e+02 2.950000000000000000e+02 2.610000000000000000e+02 3.420000000000000000e+02 3.190000000000000000e+02 2.886000000000000227e+02 9.047021943573668734e-01
4.290000000000000000e+02 3.510000000000000000e+02 3.610000000000000000e+02 3.160000000000000000e+02 2.480000000000000000e+02 2.260000000000000000e+02 2.950000000000000000e+02 2.610000000000000000e+02 3.642500000000000000e+02 2.788500000000000227e+02 7.655456417295813942e-01
4.050000000000000000e+02 4.290000000000000000e+02 3.510000000000000000e+02 3.610000000000000000e+02 3.160000000000000000e+02 2.480000000000000000e+02 2.260000000000000000e+02 2.950000000000000000e+02 3.865000000000000000e+02 2.943000000000000114e+02 7.614489003880983153e-01
3.500000000000000000e+02 4.050000000000000000e+02 4.290000000000000000e+02 3.510000000000000000e+02 3.610000000000000000e+02 3.160000000000000000e+02 2.480000000000000000e+02 2.260000000000000000e+02 3.837500000000000000e+02 3.069499999999999886e+02 7.998697068403908261e-01
3.810000000000000000e+02 3.500000000000000000e+02 4.050000000000000000e+02 4.290000000000000000e+02 3.510000000000000000e+02 3.610000000000000000e+02 3.160000000000000000e+02 2.480000000000000000e+02 3.912500000000000000e+02 3.334499999999999886e+02 8.522683706070287579e-01
4.690000000000000000e+02 3.810000000000000000e+02 3.500000000000000000e+02 4.050000000000000000e+02 4.290000000000000000e+02 3.510000000000000000e+02 3.610000000000000000e+02 3.160000000000000000e+02 4.012500000000000000e+02 3.716499999999999773e+02 9.262305295950155060e-01
4.070000000000000000e+02 4.690000000000000000e+02 3.810000000000000000e+02 3.500000000000000000e+02 4.050000000000000000e+02 4.290000000000000000e+02 3.510000000000000000e+02 3.610000000000000000e+02 4.017500000000000000e+02 3.895500000000000114e+02 9.696328562538892859e-01
4.360000000000000000e+02 4.070000000000000000e+02 4.690000000000000000e+02 3.810000000000000000e+02 3.500000000000000000e+02 4.050000000000000000e+02 4.290000000000000000e+02 3.510000000000000000e+02 4.232500000000000000e+02 3.916499999999999773e+02 9.253396337861783394e-01
4.040000000000000000e+02 4.360000000000000000e+02 4.070000000000000000e+02 4.690000000000000000e+02 3.810000000000000000e+02 3.500000000000000000e+02 4.050000000000000000e+02 4.290000000000000000e+02 4.290000000000000000e+02 3.988000000000000114e+02 9.296037296037296116e-01
5.090000000000000000e+02 4.040000000000000000e+02 4.360000000000000000e+02 4.070000000000000000e+02 4.690000000000000000e+02 3.810000000000000000e+02 3.500000000000000000e+02 4.050000000000000000e+02 4.390000000000000000e+02 4.088000000000000114e+02 9.312072892938496604e-01
5.170000000000000000e+02 5.090000000000000000e+02 4.040000000000000000e+02 4.360000000000000000e+02 4.070000000000000000e+02 4.690000000000000000e+02 3.810000000000000000e+02 3.500000000000000000e+02 4.665000000000000000e+02 4.146999999999999886e+02 8.889603429796355538e-01
5.620000000000000000e+02 5.170000000000000000e+02 5.090000000000000000e+02 4.040000000000000000e+02 4.360000000000000000e+02 4.070000000000000000e+02 4.690000000000000000e+02 3.810000000000000000e+02 4.980000000000000000e+02 4.381999999999999886e+02 8.799196787148594323e-01
4.010000000000000000e+02 5.620000000000000000e+02 5.170000000000000000e+02 5.090000000000000000e+02 4.040000000000000000e+02 4.360000000000000000e+02 4.070000000000000000e+02 4.690000000000000000e+02 4.972500000000000000e+02 4.426499999999999773e+02 8.901960784313724950e-01
6.130000000000000000e+02 4.010000000000000000e+02 5.620000000000000000e+02 5.170000000000000000e+02 5.090000000000000000e+02 4.040000000000000000e+02 4.360000000000000000e+02 4.070000000000000000e+02 5.232500000000000000e+02 4.558500000000000227e+02 8.711896798853321355e-01
6.960000000000000000e+02 6.130000000000000000e+02 4.010000000000000000e+02 5.620000000000000000e+02 5.170000000000000000e+02 5.090000000000000000e+02 4.040000000000000000e+02 4.360000000000000000e+02 5.680000000000000000e+02 4.868000000000000114e+02 8.570422535211267290e-01
7.650000000000000000e+02 6.960000000000000000e+02 6.130000000000000000e+02 4.010000000000000000e+02 5.620000000000000000e+02 5.170000000000000000e+02 5.090000000000000000e+02 4.040000000000000000e+02 6.187500000000000000e+02 5.221499999999999773e+02 8.438787878787878949e-01
5.750000000000000000e+02 7.650000000000000000e+02 6.960000000000000000e+02 6.130000000000000000e+02 4.010000000000000000e+02 5.620000000000000000e+02 5.170000000000000000e+02 5.090000000000000000e+02 6.622500000000000000e+02 5.302500000000000000e+02 8.006795016987542368e-01
6.500000000000000000e+02 5.750000000000000000e+02 7.650000000000000000e+02 6.960000000000000000e+02 6.130000000000000000e+02 4.010000000000000000e+02 5.620000000000000000e+02 5.170000000000000000e+02 6.715000000000000000e+02 5.528999999999999773e+02 8.233804914370811412e-01
7.010000000000000000e+02 6.500000000000000000e+02 5.750000000000000000e+02 7.650000000000000000e+02 6.960000000000000000e+02 6.130000000000000000e+02 4.010000000000000000e+02 5.620000000000000000e+02 6.727500000000000000e+02 5.889500000000000455e+02 8.754366406540320389e-01
8.100000000000000000e+02 7.010000000000000000e+02 6.500000000000000000e+02 5.750000000000000000e+02 7.650000000000000000e+02 6.960000000000000000e+02 6.130000000000000000e+02 4.010000000000000000e+02 6.840000000000000000e+02 6.317999999999999545e+02 9.236842105263157743e-01
9.090000000000000000e+02 8.100000000000000000e+02 7.010000000000000000e+02 6.500000000000000000e+02 5.750000000000000000e+02 7.650000000000000000e+02 6.960000000000000000e+02 6.130000000000000000e+02 7.675000000000000000e+02 6.832999999999999545e+02 8.902931596091204769e-01
8.520000000000000000e+02 9.090000000000000000e+02 8.100000000000000000e+02 7.010000000000000000e+02 6.500000000000000000e+02 5.750000000000000000e+02 7.650000000000000000e+02 6.960000000000000000e+02 8.180000000000000000e+02 7.007999999999999545e+02 8.567237163814180878e-01
8.110000000000000000e+02 8.520000000000000000e+02 9.090000000000000000e+02 8.100000000000000000e+02 7.010000000000000000e+02 6.500000000000000000e+02 5.750000000000000000e+02 7.650000000000000000e+02 8.455000000000000000e+02 7.072999999999999545e+02 8.365464222353636847e-01
7.910000000000000000e+02 8.110000000000000000e+02 8.520000000000000000e+02 9.090000000000000000e+02 8.100000000000000000e+02 7.010000000000000000e+02 6.500000000000000000e+02 5.750000000000000000e+02 8.407500000000000000e+02 7.153500000000000227e+02 8.508474576271186640e-01
8.210000000000000000e+02 7.910000000000000000e+02 8.110000000000000000e+02 8.520000000000000000e+02 9.090000000000000000e+02 8.100000000000000000e+02 7.010000000000000000e+02 6.500000000000000000e+02 8.187500000000000000e+02 7.777500000000000000e+02 9.499236641221373567e-01
8.490000000000000000e+02 8.210000000000000000e+02 7.910000000000000000e+02 8.110000000000000000e+02 8.520000000000000000e+02 9.090000000000000000e+02 8.100000000000000000e+02 7.010000000000000000e+02 8.180000000000000000e+02 8.180000000000000000e+02 1.000000000000000000e+00
5.800000000000000000e+02 8.490000000000000000e+02 8.210000000000000000e+02 7.910000000000000000e+02 8.110000000000000000e+02 8.520000000000000000e+02 9.090000000000000000e+02 8.100000000000000000e+02 7.602500000000000000e+02 8.284500000000000455e+02 1.089707333114107168e+00
6.240000000000000000e+02 5.800000000000000000e+02 8.490000000000000000e+02 8.210000000000000000e+02 7.910000000000000000e+02 8.110000000000000000e+02 8.520000000000000000e+02 9.090000000000000000e+02 7.185000000000000000e+02 8.162999999999999545e+02 1.136116910229645116e+00
5.570000000000000000e+02 6.240000000000000000e+02 5.800000000000000000e+02 8.490000000000000000e+02 8.210000000000000000e+02 7.910000000000000000e+02 8.110000000000000000e+02 8.520000000000000000e+02 6.525000000000000000e+02 7.855000000000000000e+02 1.203831417624521061e+00
8.540000000000000000e+02 5.570000000000000000e+02 6.240000000000000000e+02 5.800000000000000000e+02 8.490000000000000000e+02 8.210000000000000000e+02 7.910000000000000000e+02 8.110000000000000000e+02 6.537500000000000000e+02 7.851499999999999773e+02 1.200994263862332767e+00
5.200000000000000000e+02 8.540000000000000000e+02 5.570000000000000000e+02 6.240000000000000000e+02 5.800000000000000000e+02 8.490000000000000000e+02 8.210000000000000000e+02 7.910000000000000000e+02 6.387500000000000000e+02 7.359500000000000455e+02 1.152172211350293685e+00
1.122000000000000000e+03 5.200000000000000000e+02 8.540000000000000000e+02 5.570000000000000000e+02 6.240000000000000000e+02 5.800000000000000000e+02 8.490000000000000000e+02 8.210000000000000000e+02 7.632500000000000000e+02 7.274500000000000455e+02 9.530953160825418324e-01
8.360000000000000000e+02 1.122000000000000000e+03 5.200000000000000000e+02 8.540000000000000000e+02 5.570000000000000000e+02 6.240000000000000000e+02 5.800000000000000000e+02 8.490000000000000000e+02 8.330000000000000000e+02 6.886000000000000227e+02 8.266506602641057189e-01
1.072000000000000000e+03 8.360000000000000000e+02 1.122000000000000000e+03 5.200000000000000000e+02 8.540000000000000000e+02 5.570000000000000000e+02 6.240000000000000000e+02 5.800000000000000000e+02 8.875000000000000000e+02 7.005000000000000000e+02 7.892957746478873604e-01
1.119000000000000000e+03 1.072000000000000000e+03 8.360000000000000000e+02 1.122000000000000000e+03 5.200000000000000000e+02 8.540000000000000000e+02 5.570000000000000000e+02 6.240000000000000000e+02 1.037250000000000000e+03 7.184500000000000455e+02 6.926488310436250684e-01
8.230000000000000000e+02 1.119000000000000000e+03 1.072000000000000000e+03 8.360000000000000000e+02 1.122000000000000000e+03 5.200000000000000000e+02 8.540000000000000000e+02 5.570000000000000000e+02 9.625000000000000000e+02 8.031000000000000227e+02 8.343896103896104588e-01
9.310000000000000000e+02 8.230000000000000000e+02 1.119000000000000000e+03 1.072000000000000000e+03 8.360000000000000000e+02 1.122000000000000000e+03 5.200000000000000000e+02 8.540000000000000000e+02 9.862500000000000000e+02 8.636499999999999773e+02 8.756907477820025099e-01
9.970000000000000000e+02 9.310000000000000000e+02 8.230000000000000000e+02 1.119000000000000000e+03 1.072000000000000000e+03 8.360000000000000000e+02 1.122000000000000000e+03 5.200000000000000000e+02 9.675000000000000000e+02 9.035000000000000000e+02 9.338501291989663722e-01
8.890000000000000000e+02 9.970000000000000000e+02 9.310000000000000000e+02 8.230000000000000000e+02 1.119000000000000000e+03 1.072000000000000000e+03 8.360000000000000000e+02 1.122000000000000000e+03 9.100000000000000000e+02 1.011799999999999955e+03 1.111868131868131826e+00
4.570000000000000000e+02 8.890000000000000000e+02 9.970000000000000000e+02 9.310000000000000000e+02 8.230000000000000000e+02 1.119000000000000000e+03 1.072000000000000000e+03 8.360000000000000000e+02 8.185000000000000000e+02 9.337000000000000455e+02 1.140745265729993907e+00
-5.450000000000000000e+02 4.570000000000000000e+02 8.890000000000000000e+02 9.970000000000000000e+02 9.310000000000000000e+02 8.230000000000000000e+02 1.119000000000000000e+03 1.072000000000000000e+03 4.495000000000000000e+02 8.788999999999999773e+02 1.955283648498331361e+00
-1.547000000000000000e+03 -5.450000000000000000e+02 4.570000000000000000e+02 8.890000000000000000e+02 9.970000000000000000e+02 9.310000000000000000e+02 8.230000000000000000e+02 1.119000000000000000e+03 -1.865000000000000000e+02 7.367000000000000455e+02 -3.950134048257373021e+00
9.550000000000000000e+02 -1.547000000000000000e+03 -5.450000000000000000e+02 4.570000000000000000e+02 8.890000000000000000e+02 9.970000000000000000e+02 9.310000000000000000e+02 8.230000000000000000e+02 -1.700000000000000000e+02 6.940000000000000000e+02 -4.082352941176470296e+00
8.450000000000000000e+02 9.550000000000000000e+02 -1.547000000000000000e+03 -5.450000000000000000e+02 4.570000000000000000e+02 8.890000000000000000e+02 9.970000000000000000e+02 9.310000000000000000e+02 -7.300000000000000000e+01 6.402000000000000455e+02 -8.769863013698630638e+00
1.134000000000000000e+03 8.450000000000000000e+02 9.550000000000000000e+02 -1.547000000000000000e+03 -5.450000000000000000e+02 4.570000000000000000e+02 8.890000000000000000e+02 9.970000000000000000e+02 3.467500000000000000e+02 4.289499999999999886e+02 1.237058399423215604e+00
1.827000000000000000e+03 1.134000000000000000e+03 8.450000000000000000e+02 9.550000000000000000e+02 -1.547000000000000000e+03 -5.450000000000000000e+02 4.570000000000000000e+02 8.890000000000000000e+02 1.190250000000000000e+03 8.884999999999999432e+01 7.464818315479940236e-02
1.123000000000000000e+03 1.827000000000000000e+03 1.134000000000000000e+03 8.450000000000000000e+02 9.550000000000000000e+02 -1.547000000000000000e+03 -5.450000000000000000e+02 4.570000000000000000e+02 1.232250000000000000e+03 1.104500000000000028e+02 8.963278555487928789e-02
1.142000000000000000e+03 1.123000000000000000e+03 1.827000000000000000e+03 1.134000000000000000e+03 8.450000000000000000e+02 9.550000000000000000e+02 -1.547000000000000000e+03 -5.450000000000000000e+02 1.306500000000000000e+03 2.029000000000000057e+02 1.553004209720627582e-01
1.675000000000000000e+03 1.142000000000000000e+03 1.123000000000000000e+03 1.827000000000000000e+03 1.134000000000000000e+03 8.450000000000000000e+02 9.550000000000000000e+02 -1.547000000000000000e+03 1.441750000000000000e+03 5.657500000000000000e+02 3.924050632911392222e-01
2.014000000000000000e+03 1.675000000000000000e+03 1.142000000000000000e+03 1.123000000000000000e+03 1.827000000000000000e+03 1.134000000000000000e+03 8.450000000000000000e+02 9.550000000000000000e+02 1.488500000000000000e+03 1.249900000000000091e+03 8.397044004030904674e-01
1.439000000000000000e+03 2.014000000000000000e+03 1.675000000000000000e+03 1.142000000000000000e+03 1.123000000000000000e+03 1.827000000000000000e+03 1.134000000000000000e+03 8.450000000000000000e+02 1.567500000000000000e+03 1.299299999999999955e+03 8.288995215311004694e-01
1.754000000000000000e+03 1.439000000000000000e+03 2.014000000000000000e+03 1.675000000000000000e+03 1.142000000000000000e+03 1.123000000000000000e+03 1.827000000000000000e+03 1.134000000000000000e+03 1.720500000000000000e+03 1.389299999999999955e+03 8.074978204010462290e-01
2.105000000000000000e+03 1.754000000000000000e+03 1.439000000000000000e+03 2.014000000000000000e+03 1.675000000000000000e+03 1.142000000000000000e+03 1.123000000000000000e+03 1.827000000000000000e+03 1.828000000000000000e+03 1.519000000000000000e+03 8.309628008752735218e-01
1.399000000000000000e+03 2.105000000000000000e+03 1.754000000000000000e+03 1.439000000000000000e+03 2.014000000000000000e+03 1.675000000000000000e+03 1.142000000000000000e+03 1.123000000000000000e+03 1.674250000000000000e+03 1.525650000000000091e+03 9.112438405256085838e-01
1.538000000000000000e+03 1.399000000000000000e+03 2.105000000000000000e+03 1.754000000000000000e+03 1.439000000000000000e+03 2.014000000000000000e+03 1.675000000000000000e+03 1.142000000000000000e+03 1.699000000000000000e+03 1.593799999999999955e+03 9.380812242495585318e-01
1.538000000000000000e+03 1.538000000000000000e+03 1.399000000000000000e+03 2.105000000000000000e+03 1.754000000000000000e+03 1.439000000000000000e+03 2.014000000000000000e+03 1.675000000000000000e+03 1.645000000000000000e+03 1.705400000000000091e+03 1.036717325227963560e+00
1.541000000000000000e+03 1.538000000000000000e+03 1.538000000000000000e+03 1.399000000000000000e+03 2.105000000000000000e+03 1.754000000000000000e+03 1.439000000000000000e+03 2.014000000000000000e+03 1.504000000000000000e+03 1.763200000000000045e+03 1.172340425531914976e+00
1.785000000000000000e+03 1.541000000000000000e+03 1.538000000000000000e+03 1.538000000000000000e+03 1.399000000000000000e+03 2.105000000000000000e+03 1.754000000000000000e+03 1.439000000000000000e+03 1.600500000000000000e+03 1.659500000000000000e+03 1.036863480162449225e+00
2.146000000000000000e+03 1.785000000000000000e+03 1.541000000000000000e+03 1.538000000000000000e+03 1.538000000000000000e+03 1.399000000000000000e+03 2.105000000000000000e+03 1.754000000000000000e+03 1.752500000000000000e+03 1.709700000000000045e+03 9.755777460770328480e-01
1.948000000000000000e+03 2.146000000000000000e+03 1.785000000000000000e+03 1.541000000000000000e+03 1.538000000000000000e+03 1.538000000000000000e+03 1.399000000000000000e+03 2.105000000000000000e+03 1.855000000000000000e+03 1.687000000000000000e+03 9.094339622641509635e-01
1.966000000000000000e+03 1.948000000000000000e+03 2.146000000000000000e+03 1.785000000000000000e+03 1.541000000000000000e+03 1.538000000000000000e+03 1.538000000000000000e+03 1.399000000000000000e+03 1.961250000000000000e+03 1.595450000000000045e+03 8.134862970044615116e-01
2.882000000000000000e+03 1.966000000000000000e+03 1.948000000000000000e+03 2.146000000000000000e+03 1.785000000000000000e+03 1.541000000000000000e+03 1.538000000000000000e+03 1.538000000000000000e+03 2.235500000000000000e+03 1.727500000000000000e+03 7.727577723104450680e-01
2.829000000000000000e+03 2.882000000000000000e+03 1.966000000000000000e+03 1.948000000000000000e+03 2.146000000000000000e+03 1.785000000000000000e+03 1.541000000000000000e+03 1.538000000000000000e+03 2.406250000000000000e+03 1.883250000000000000e+03 7.826493506493505947e-01
2.771000000000000000e+03 2.829000000000000000e+03 2.882000000000000000e+03 1.966000000000000000e+03 1.948000000000000000e+03 2.146000000000000000e+03 1.785000000000000000e+03 1.541000000000000000e+03 2.612000000000000000e+03 2.006400000000000091e+03 7.681470137825421318e-01
2.909000000000000000e+03 2.771000000000000000e+03 2.829000000000000000e+03 2.882000000000000000e+03 1.966000000000000000e+03 1.948000000000000000e+03 2.146000000000000000e+03 1.785000000000000000e+03 2.847750000000000000e+03 2.138550000000000182e+03 7.509612852251777992e-01
3.149000000000000000e+03 2.909000000000000000e+03 2.771000000000000000e+03 2.829000000000000000e+03 2.882000000000000000e+03 1.966000000000000000e+03 1.948000000000000000e+03 2.146000000000000000e+03 2.914500000000000000e+03 2.371300000000000182e+03 8.136215474352376242e-01
3.015000000000000000e+03 3.149000000000000000e+03 2.909000000000000000e+03 2.771000000000000000e+03 2.829000000000000000e+03 2.882000000000000000e+03 1.966000000000000000e+03 1.948000000000000000e+03 2.961000000000000000e+03 2.517199999999999818e+03 8.501182033096925661e-01
2.509000000000000000e+03 3.015000000000000000e+03 3.149000000000000000e+03 2.909000000000000000e+03 2.771000000000000000e+03 2.829000000000000000e+03 2.882000000000000000e+03 1.966000000000000000e+03 2.895500000000000000e+03 2.668699999999999818e+03 9.216715593161801667e-01
2.693000000000000000e+03 2.509000000000000000e+03 3.015000000000000000e+03 3.149000000000000000e+03 2.909000000000000000e+03 2.771000000000000000e+03 2.829000000000000000e+03 2.882000000000000000e+03 2.841500000000000000e+03 2.846500000000000000e+03 1.001759633996128773e+00
3.265000000000000000e+03 2.693000000000000000e+03 2.509000000000000000e+03 3.015000000000000000e+03 3.149000000000000000e+03 2.909000000000000000e+03 2.771000000000000000e+03 2.829000000000000000e+03 2.870500000000000000e+03 2.905699999999999818e+03 1.012262672008360953e+00
3.526000000000000000e+03 3.265000000000000000e+03 2.693000000000000000e+03 2.509000000000000000e+03 3.015000000000000000e+03 3.149000000000000000e+03 2.909000000000000000e+03 2.771000000000000000e+03 2.998250000000000000e+03 2.968449999999999818e+03 9.900608688401566493e-01
3.256000000000000000e+03 3.526000000000000000e+03 3.265000000000000000e+03 2.693000000000000000e+03 2.509000000000000000e+03 3.015000000000000000e+03 3.149000000000000000e+03 2.909000000000000000e+03 3.185000000000000000e+03 2.953400000000000091e+03 9.272841444270015776e-01
4.543000000000000000e+03 3.256000000000000000e+03 3.526000000000000000e+03 3.265000000000000000e+03 2.693000000000000000e+03 2.509000000000000000e+03 3.015000000000000000e+03 3.149000000000000000e+03 3.647500000000000000e+03 3.002699999999999818e+03 8.232213845099383143e-01
3.431000000000000000e+03 4.543000000000000000e+03 3.256000000000000000e+03 3.526000000000000000e+03 3.265000000000000000e+03 2.693000000000000000e+03 2.509000000000000000e+03 3.015000000000000000e+03 3.689000000000000000e+03 3.034199999999999818e+03 8.224993223095689032e-01
3.552000000000000000e+03 3.431000000000000000e+03 4.543000000000000000e+03 3.256000000000000000e+03 3.526000000000000000e+03 3.265000000000000000e+03 2.693000000000000000e+03 2.509000000000000000e+03 3.695500000000000000e+03 3.137699999999999818e+03 8.490596671627654857e-01
3.481000000000000000e+03 3.552000000000000000e+03 3.431000000000000000e+03 4.543000000000000000e+03 3.256000000000000000e+03 3.526000000000000000e+03 3.265000000000000000e+03 2.693000000000000000e+03 3.751750000000000000e+03 3.298349999999999909e+03 8.791497301259412200e-01
3.489000000000000000e+03 3.481000000000000000e+03 3.552000000000000000e+03 3.431000000000000000e+03 4.543000000000000000e+03 3.256000000000000000e+03 3.526000000000000000e+03 3.265000000000000000e+03 3.488250000000000000e+03 3.615650000000000091e+03 1.036522611624740131e+00
3.347000000000000000e+03 3.489000000000000000e+03 3.481000000000000000e+03 3.552000000000000000e+03 3.431000000000000000e+03 4.543000000000000000e+03 3.256000000000000000e+03 3.526000000000000000e+03 3.467250000000000000e+03 3.644650000000000091e+03 1.051164467517485157e+00
3.525000000000000000e+03 3.347000000000000000e+03 3.489000000000000000e+03 3.481000000000000000e+03 3.552000000000000000e+03 3.431000000000000000e+03 4.543000000000000000e+03 3.256000000000000000e+03 3.460500000000000000e+03 3.648500000000000000e+03 1.054327409333911225e+00
3.074000000000000000e+03 3.525000000000000000e+03 3.347000000000000000e+03 3.489000000000000000e+03 3.481000000000000000e+03 3.552000000000000000e+03 3.431000000000000000e+03 4.543000000000000000e+03 3.358750000000000000e+03 3.673150000000000091e+03 1.093606252326014161e+00
2.977000000000000000e+03 3.074000000000000000e+03 3.525000000000000000e+03 3.347000000000000000e+03 3.489000000000000000e+03 3.481000000000000000e+03 3.552000000000000000e+03 3.431000000000000000e+03 3.230750000000000000e+03 3.436750000000000000e+03 1.063762284299311300e+00
2.813000000000000000e+03 2.977000000000000000e+03 3.074000000000000000e+03 3.525000000000000000e+03 3.347000000000000000e+03 3.489000000000000000e+03 3.481000000000000000e+03 3.552000000000000000e+03 3.097250000000000000e+03 3.393250000000000000e+03 1.095568649608523737e+00
2.313000000000000000e+03 2.813000000000000000e+03 2.977000000000000000e+03 3.074000000000000000e+03 3.525000000000000000e+03 3.347000000000000000e+03 3.489000000000000000e+03 3.481000000000000000e+03 2.794250000000000000e+03 3.327250000000000000e+03 1.190748859264561199e+00
2.390000000000000000e+03 2.313000000000000000e+03 2.813000000000000000e+03 2.977000000000000000e+03 3.074000000000000000e+03 3.525000000000000000e+03 3.347000000000000000e+03 3.489000000000000000e+03 2.623250000000000000e+03 3.211650000000000091e+03 1.224301915562756138e+00
2.240000000000000000e+03 2.390000000000000000e+03 2.313000000000000000e+03 2.813000000000000000e+03 2.977000000000000000e+03 3.074000000000000000e+03 3.525000000000000000e+03 3.347000000000000000e+03 2.439000000000000000e+03 3.072400000000000091e+03 1.259696596965969695e+00
2.906000000000000000e+03 2.240000000000000000e+03 2.390000000000000000e+03 2.313000000000000000e+03 2.813000000000000000e+03 2.977000000000000000e+03 3.074000000000000000e+03 3.525000000000000000e+03 2.462250000000000000e+03 2.970250000000000000e+03 1.206315361965681898e+00
2.637000000000000000e+03 2.906000000000000000e+03 2.240000000000000000e+03 2.390000000000000000e+03 2.313000000000000000e+03 2.813000000000000000e+03 2.977000000000000000e+03 3.074000000000000000e+03 2.543250000000000000e+03 2.744050000000000182e+03 1.078954094170844424e+00
2.790000000000000000e+03 2.637000000000000000e+03 2.906000000000000000e+03 2.240000000000000000e+03 2.390000000000000000e+03 2.313000000000000000e+03 2.813000000000000000e+03 2.977000000000000000e+03 2.643250000000000000e+03 2.627250000000000000e+03 9.939468457391469336e-01
1.372106796116504938e+03 2.790000000000000000e+03 2.637000000000000000e+03 2.906000000000000000e+03 2.240000000000000000e+03 2.390000000000000000e+03 2.313000000000000000e+03 2.813000000000000000e+03 2.777666666666666515e+03 2.506733333333333121e+03 9.024600984039361506e-01
