7.109348461538461561e+04 6.894082307692307222e+04 6.731239230769230926e+04 6.504160769230769074e+04 6.242377692307691905e+04 5.886762307692308241e+04 5.574208461538461415e+04 5.310383846153845661e+04 6.809707692307692196e+04 5.753433076923076442e+04 8.448869374264341703e-01
7.229461538461539021e+04 7.109348461538461561e+04 6.894082307692307222e+04 6.731239230769230926e+04 6.504160769230769074e+04 6.242377692307691905e+04 5.886762307692308241e+04 5.574208461538461415e+04 6.991032884615384683e+04 6.051877307692307659e+04 8.656628294525974265e-01
7.318426153846153466e+04 7.229461538461539021e+04 7.109348461538461561e+04 6.894082307692307222e+04 6.731239230769230926e+04 6.504160769230769074e+04 6.242377692307691905e+04 5.886762307692308241e+04 7.137829615384615317e+04 6.341134999999999854e+04 8.883841926308454484e-01
7.407988571428571595e+04 7.318426153846153466e+04 7.229461538461539021e+04 7.109348461538461561e+04 6.894082307692307222e+04 6.731239230769230926e+04 6.504160769230769074e+04 6.242377692307691905e+04 7.266306181318681047e+04 6.592964999999999418e+04 9.073337725501012807e-01
7.486482307692308677e+04 7.407988571428571595e+04 7.318426153846153466e+04 7.229461538461539021e+04 7.109348461538461561e+04 6.894082307692307222e+04 6.731239230769230926e+04 6.504160769230769074e+04 7.360589642857143190e+04 6.809707692307692196e+04 9.251579048311656672e-01
7.553942307692309259e+04 7.486482307692308677e+04 7.407988571428571595e+04 7.318426153846153466e+04 7.229461538461539021e+04 7.109348461538461561e+04 6.894082307692307222e+04 6.731239230769230926e+04 7.441709835164835386e+04 6.991032884615384683e+04 9.394390589619827647e-01
7.634504615384615317e+04 7.553942307692309259e+04 7.486482307692308677e+04 7.407988571428571595e+04 7.318426153846153466e+04 7.229461538461539021e+04 7.109348461538461561e+04 6.894082307692307222e+04 7.520729450549451576e+04 7.137829615384615317e+04 9.490874073209930595e-01
7.542359230769230635e+04 7.634504615384615317e+04 7.553942307692309259e+04 7.486482307692308677e+04 7.407988571428571595e+04 7.318426153846153466e+04 7.229461538461539021e+04 7.109348461538461561e+04 7.554322115384615608e+04 7.266306181318681047e+04 9.618740199760106302e-01
7.440752307692308386e+04 7.542359230769230635e+04 7.634504615384615317e+04 7.553942307692309259e+04 7.486482307692308677e+04 7.407988571428571595e+04 7.318426153846153466e+04 7.229461538461539021e+04 7.542889615384614444e+04 7.360589642857143190e+04 9.758315470830105642e-01
7.386960769230769074e+04 7.440752307692308386e+04 7.542359230769230635e+04 7.634504615384615317e+04 7.553942307692309259e+04 7.486482307692308677e+04 7.407988571428571595e+04 7.318426153846153466e+04 7.501144230769231217e+04 7.441709835164835386e+04 9.920766227423545303e-01
7.413716923076924286e+04 7.386960769230769074e+04 7.440752307692308386e+04 7.542359230769230635e+04 7.634504615384615317e+04 7.553942307692309259e+04 7.486482307692308677e+04 7.407988571428571595e+04 7.445947307692308095e+04 7.520729450549451576e+04 1.010043334953483640e+00
7.482423846153845079e+04 7.413716923076924286e+04 7.386960769230769074e+04 7.440752307692308386e+04 7.542359230769230635e+04 7.634504615384615317e+04 7.553942307692309259e+04 7.486482307692308677e+04 7.430963461538462434e+04 7.554322115384615608e+04 1.016600627157519865e+00
7.568518461538461270e+04 7.482423846153845079e+04 7.413716923076924286e+04 7.386960769230769074e+04 7.440752307692308386e+04 7.542359230769230635e+04 7.634504615384615317e+04 7.553942307692309259e+04 7.462905000000000291e+04 7.542889615384614444e+04 1.010717624756661603e+00
7.648084615384615608e+04 7.568518461538461270e+04 7.482423846153845079e+04 7.413716923076924286e+04 7.386960769230769074e+04 7.440752307692308386e+04 7.542359230769230635e+04 7.634504615384615317e+04 7.528185961538461561e+04 7.501144230769231217e+04 9.964079353369608150e-01
7.745202307692306931e+04 7.648084615384615608e+04 7.568518461538461270e+04 7.482423846153845079e+04 7.413716923076924286e+04 7.386960769230769074e+04 7.440752307692308386e+04 7.542359230769230635e+04 7.611057307692307222e+04 7.445947307692308095e+04 9.783065619762018050e-01
7.887776923076923413e+04 7.745202307692306931e+04 7.648084615384615608e+04 7.568518461538461270e+04 7.482423846153845079e+04 7.413716923076924286e+04 7.386960769230769074e+04 7.440752307692308386e+04 7.712395576923075714e+04 7.430963461538462434e+04 9.635091182010022681e-01
7.949989230769230926e+04 7.887776923076923413e+04 7.745202307692306931e+04 7.648084615384615608e+04 7.568518461538461270e+04 7.482423846153845079e+04 7.413716923076924286e+04 7.386960769230769074e+04 7.807763269230769947e+04 7.462905000000000291e+04 9.558313620253057197e-01
8.059319999999999709e+04 7.949989230769230926e+04 7.887776923076923413e+04 7.745202307692306931e+04 7.648084615384615608e+04 7.568518461538461270e+04 7.482423846153845079e+04 7.413716923076924286e+04 7.910572115384615608e+04 7.528185961538461561e+04 9.516613781824347917e-01
8.088125384615386429e+04 8.059319999999999709e+04 7.949989230769230926e+04 7.887776923076923413e+04 7.745202307692306931e+04 7.648084615384615608e+04 7.568518461538461270e+04 7.482423846153845079e+04 7.996302884615385847e+04 7.611057307692307222e+04 9.518220379490278660e-01
8.152102307692308386e+04 8.088125384615386429e+04 8.059319999999999709e+04 7.949989230769230926e+04 7.887776923076923413e+04 7.745202307692306931e+04 7.648084615384615608e+04 7.568518461538461270e+04 8.062384230769232090e+04 7.712395576923075714e+04 9.565899312376527908e-01
8.437201538461538439e+04 8.152102307692308386e+04 8.088125384615386429e+04 8.059319999999999709e+04 7.949989230769230926e+04 7.887776923076923413e+04 7.745202307692306931e+04 7.648084615384615608e+04 8.184187307692308968e+04 7.807763269230769947e+04 9.540059355548059505e-01
8.731100000000000000e+04 8.437201538461538439e+04 8.152102307692308386e+04 8.088125384615386429e+04 8.059319999999999709e+04 7.949989230769230926e+04 7.887776923076923413e+04 7.745202307692306931e+04 8.352132307692308677e+04 7.910572115384615608e+04 9.471320405328090830e-01
9.135540769230767910e+04 8.731100000000000000e+04 8.437201538461538439e+04 8.152102307692308386e+04 8.088125384615386429e+04 8.059319999999999709e+04 7.949989230769230926e+04 7.887776923076923413e+04 8.613986153846154048e+04 7.996302884615385847e+04 9.282929809499436136e-01
9.536594615384616191e+04 9.135540769230767910e+04 8.731100000000000000e+04 8.437201538461538439e+04 8.152102307692308386e+04 8.088125384615386429e+04 8.059319999999999709e+04 7.949989230769230926e+04 8.960109230769230635e+04 8.062384230769232090e+04 8.998086991041147620e-01
9.799222142857142899e+04 9.536594615384616191e+04 9.135540769230767910e+04 8.731100000000000000e+04 8.437201538461538439e+04 8.152102307692308386e+04 8.088125384615386429e+04 8.059319999999999709e+04 9.300614381868131750e+04 8.184187307692308968e+04 8.799620080634311670e-01
9.934525833333331684e+04 9.799222142857142899e+04 9.536594615384616191e+04 9.135540769230767910e+04 8.731100000000000000e+04 8.437201538461538439e+04 8.152102307692308386e+04 8.088125384615386429e+04 9.601470840201464307e+04 8.352132307692308677e+04 8.698805054660831981e-01
9.884695384615383227e+04 9.934525833333331684e+04 9.799222142857142899e+04 9.536594615384616191e+04 9.135540769230767910e+04 8.731100000000000000e+04 8.437201538461538439e+04 8.152102307692308386e+04 9.788759494047619228e+04 8.613986153846154048e+04 8.799875162000021511e-01
9.860464285714285506e+04 9.884695384615383227e+04 9.934525833333331684e+04 9.799222142857142899e+04 9.536594615384616191e+04 9.135540769230767910e+04 8.731100000000000000e+04 8.437201538461538439e+04 9.869726911630036193e+04 8.960109230769230635e+04 9.078376039169884226e-01
9.758166923076922831e+04 9.860464285714285506e+04 9.884695384615383227e+04 9.934525833333331684e+04 9.799222142857142899e+04 9.536594615384616191e+04 9.135540769230767910e+04 8.731100000000000000e+04 9.859463106684980448e+04 9.300614381868131750e+04 9.433185439440475717e-01
9.702701538461539894e+04 9.758166923076922831e+04 9.860464285714285506e+04 9.884695384615383227e+04 9.934525833333331684e+04 9.799222142857142899e+04 9.536594615384616191e+04 9.135540769230767910e+04 9.801507032967032865e+04 9.601470840201464307e+04 9.795912820250239905e-01
9.791528461538463307e+04 9.702701538461539894e+04 9.758166923076922831e+04 9.860464285714285506e+04 9.884695384615383227e+04 9.934525833333331684e+04 9.799222142857142899e+04 9.536594615384616191e+04 9.778215302197802521e+04 9.788759494047619228e+04 1.001078335005309849e+00
9.737901538461538439e+04 9.791528461538463307e+04 9.702701538461539894e+04 9.758166923076922831e+04 9.860464285714285506e+04 9.884695384615383227e+04 9.934525833333331684e+04 9.799222142857142899e+04 9.747574615384616482e+04 9.869726911630036193e+04 1.012531557958286976e+00
9.995320769230768201e+04 9.737901538461538439e+04 9.791528461538463307e+04 9.702701538461539894e+04 9.758166923076922831e+04 9.860464285714285506e+04 9.884695384615383227e+04 9.934525833333331684e+04 9.806863076923077460e+04 9.859463106684980448e+04 1.005363593776044340e+00
1.066424923076923005e+05 9.995320769230768201e+04 9.737901538461538439e+04 9.791528461538463307e+04 9.702701538461539894e+04 9.758166923076922831e+04 9.860464285714285506e+04 9.884695384615383227e+04 1.004725000000000000e+05 9.801507032967032865e+04 9.755412707922100912e-01
1.129988769230769103e+05 1.066424923076923005e+05 9.995320769230768201e+04 9.737901538461538439e+04 9.791528461538463307e+04 9.702701538461539894e+04 9.758166923076922831e+04 9.860464285714285506e+04 1.042433980769230693e+05 9.778215302197802521e+04 9.380177049660528565e-01
1.200258846153846098e+05 1.129988769230769103e+05 1.066424923076923005e+05 9.995320769230768201e+04 9.737901538461538439e+04 9.791528461538463307e+04 9.702701538461539894e+04 9.758166923076922831e+04 1.099051153846153757e+05 9.747574615384616482e+04 8.869081826876541452e-01
1.256809846153846156e+05 1.200258846153846098e+05 1.129988769230769103e+05 1.066424923076923005e+05 9.995320769230768201e+04 9.737901538461538439e+04 9.791528461538463307e+04 9.702701538461539894e+04 1.163370596153846127e+05 9.806863076923077460e+04 8.429698248644923453e-01
1.302517153846153815e+05 1.256809846153846156e+05 1.200258846153846098e+05 1.129988769230769103e+05 1.066424923076923005e+05 9.995320769230768201e+04 9.737901538461538439e+04 9.791528461538463307e+04 1.222393653846153902e+05 1.004725000000000000e+05 8.219324411892366955e-01
1.345987615384615492e+05 1.302517153846153815e+05 1.256809846153846156e+05 1.200258846153846098e+05 1.129988769230769103e+05 1.066424923076923005e+05 9.995320769230768201e+04 9.737901538461538439e+04 1.276393365384615317e+05 1.042433980769230693e+05 8.167027571904640348e-01
1.404133076923076878e+05 1.345987615384615492e+05 1.302517153846153815e+05 1.256809846153846156e+05 1.200258846153846098e+05 1.129988769230769103e+05 1.066424923076923005e+05 9.995320769230768201e+04 1.327361923076923122e+05 1.099051153846153757e+05 8.279965959084255589e-01
1.502348923076922947e+05 1.404133076923076878e+05 1.345987615384615492e+05 1.302517153846153815e+05 1.256809846153846156e+05 1.200258846153846098e+05 1.129988769230769103e+05 1.066424923076923005e+05 1.388746692307692138e+05 1.163370596153846127e+05 8.377125955350888109e-01
1.608481307692307746e+05 1.502348923076922947e+05 1.404133076923076878e+05 1.345987615384615492e+05 1.302517153846153815e+05 1.256809846153846156e+05 1.200258846153846098e+05 1.129988769230769103e+05 1.465237730769230984e+05 1.222393653846153902e+05 8.342630196974336609e-01
1.768479307692307630e+05 1.608481307692307746e+05 1.502348923076922947e+05 1.404133076923076878e+05 1.345987615384615492e+05 1.302517153846153815e+05 1.256809846153846156e+05 1.200258846153846098e+05 1.570860653846153873e+05 1.276393365384615317e+05 8.125439785250500035e-01
1.937422307692307804e+05 1.768479307692307630e+05 1.608481307692307746e+05 1.502348923076922947e+05 1.404133076923076878e+05 1.345987615384615492e+05 1.302517153846153815e+05 1.256809846153846156e+05 1.704182961538461677e+05 1.327361923076923122e+05 7.788846344753024287e-01
2.075865923076922772e+05 1.937422307692307804e+05 1.768479307692307630e+05 1.608481307692307746e+05 1.502348923076922947e+05 1.404133076923076878e+05 1.345987615384615492e+05 1.302517153846153815e+05 1.847562211538461561e+05 1.388746692307692138e+05 7.516643735375413415e-01
2.221374153846153349e+05 2.075865923076922772e+05 1.937422307692307804e+05 1.768479307692307630e+05 1.608481307692307746e+05 1.502348923076922947e+05 1.404133076923076878e+05 1.345987615384615492e+05 2.000785423076922889e+05 1.465237730769230984e+05 7.323312704447356714e-01
2.371484000000000233e+05 2.221374153846153349e+05 2.075865923076922772e+05 1.937422307692307804e+05 1.768479307692307630e+05 1.608481307692307746e+05 1.502348923076922947e+05 1.404133076923076878e+05 2.151536596153845894e+05 1.570860653846153873e+05 7.301110548871320161e-01
2.520508153846153873e+05 2.371484000000000233e+05 2.221374153846153349e+05 2.075865923076922772e+05 1.937422307692307804e+05 1.768479307692307630e+05 1.608481307692307746e+05 1.502348923076922947e+05 2.297308057692307630e+05 1.704182961538461677e+05 7.418173439265902669e-01
2.709529785714285099e+05 2.520508153846153873e+05 2.371484000000000233e+05 2.221374153846153349e+05 2.075865923076922772e+05 1.937422307692307804e+05 1.768479307692307630e+05 1.608481307692307746e+05 2.455724023351648066e+05 1.847562211538461561e+05 7.523492843535616315e-01
2.977471538461538730e+05 2.709529785714285099e+05 2.520508153846153873e+05 2.371484000000000233e+05 2.221374153846153349e+05 2.075865923076922772e+05 1.937422307692307804e+05 1.768479307692307630e+05 2.644748369505495066e+05 2.000785423076922889e+05 7.565125840123013701e-01
3.268464153846154222e+05 2.977471538461538730e+05 2.709529785714285099e+05 2.520508153846153873e+05 2.371484000000000233e+05 2.221374153846153349e+05 2.075865923076922772e+05 1.937422307692307804e+05 2.868993407967032981e+05 2.151536596153845894e+05 7.499273404320658809e-01
3.567990384615385556e+05 3.268464153846154222e+05 2.977471538461538730e+05 2.709529785714285099e+05 2.520508153846153873e+05 2.371484000000000233e+05 2.221374153846153349e+05 2.075865923076922772e+05 3.130863965659341193e+05 2.297308057692307630e+05 7.337616973749635507e-01
3.883733769230768667e+05 3.567990384615385556e+05 3.268464153846154222e+05 2.977471538461538730e+05 2.709529785714285099e+05 2.520508153846153873e+05 2.371484000000000233e+05 2.221374153846153349e+05 3.424414961538461503e+05 2.455724023351648066e+05 7.171222094673898040e-01
4.084843538461538847e+05 3.883733769230768667e+05 3.567990384615385556e+05 3.268464153846154222e+05 2.977471538461538730e+05 2.709529785714285099e+05 2.520508153846153873e+05 2.371484000000000233e+05 3.701257961538461968e+05 2.644748369505495066e+05 7.145539157195573976e-01
4.264916923076923122e+05 4.084843538461538847e+05 3.883733769230768667e+05 3.567990384615385556e+05 3.268464153846154222e+05 2.977471538461538730e+05 2.709529785714285099e+05 2.520508153846153873e+05 3.950371153846153757e+05 2.868993407967032981e+05 7.262592035621079356e-01
4.401116230769230751e+05 4.264916923076923122e+05 4.084843538461538847e+05 3.883733769230768667e+05 3.567990384615385556e+05 3.268464153846154222e+05 2.977471538461538730e+05 2.709529785714285099e+05 4.158652615384615492e+05 3.130863965659341193e+05 7.528553729342409850e-01
4.426965076923077577e+05 4.401116230769230751e+05 4.264916923076923122e+05 4.084843538461538847e+05 3.883733769230768667e+05 3.567990384615385556e+05 3.268464153846154222e+05 2.977471538461538730e+05 4.294460442307692720e+05 3.424414961538461503e+05 7.974028419966772141e-01
4.457885153846153989e+05 4.426965076923077577e+05 4.401116230769230751e+05 4.264916923076923122e+05 4.084843538461538847e+05 3.883733769230768667e+05 3.567990384615385556e+05 3.268464153846154222e+05 4.387720846153846360e+05 3.701257961538461968e+05 8.435490978836726050e-01
4.489568230769230868e+05 4.457885153846153989e+05 4.426965076923077577e+05 4.401116230769230751e+05 4.264916923076923122e+05 4.084843538461538847e+05 3.883733769230768667e+05 3.567990384615385556e+05 4.443883673076923005e+05 3.950371153846153757e+05 8.889456710532965822e-01
4.497039384615385206e+05 4.489568230769230868e+05 4.457885153846153989e+05 4.426965076923077577e+05 4.401116230769230751e+05 4.264916923076923122e+05 4.084843538461538847e+05 3.883733769230768667e+05 4.467864461538461619e+05 4.158652615384615492e+05 9.307920262989866078e-01
4.665924692307692603e+05 4.497039384615385206e+05 4.489568230769230868e+05 4.457885153846153989e+05 4.426965076923077577e+05 4.401116230769230751e+05 4.264916923076923122e+05 4.084843538461538847e+05 4.527604365384615958e+05 4.294460442307692720e+05 9.485061184101235554e-01
4.676774230769230635e+05 4.665924692307692603e+05 4.497039384615385206e+05 4.489568230769230868e+05 4.457885153846153989e+05 4.426965076923077577e+05 4.401116230769230751e+05 4.264916923076923122e+05 4.582326634615384974e+05 4.387720846153846360e+05 9.575312272609582953e-01
4.605413461538460688e+05 4.676774230769230635e+05 4.665924692307692603e+05 4.497039384615385206e+05 4.489568230769230868e+05 4.457885153846153989e+05 4.426965076923077577e+05 4.401116230769230751e+05 4.611287942307692720e+05 4.443883673076923005e+05 9.636968518719321031e-01
4.674684615384615608e+05 4.605413461538460688e+05 4.676774230769230635e+05 4.665924692307692603e+05 4.497039384615385206e+05 4.489568230769230868e+05 4.457885153846153989e+05 4.426965076923077577e+05 4.655699249999999884e+05 4.467864461538461619e+05 9.596548706487992852e-01
4.804353769230768667e+05 4.674684615384615608e+05 4.605413461538460688e+05 4.676774230769230635e+05 4.665924692307692603e+05 4.497039384615385206e+05 4.489568230769230868e+05 4.457885153846153989e+05 4.690306519230768899e+05 4.527604365384615958e+05 9.653109763340506078e-01
4.918879769230769598e+05 4.804353769230768667e+05 4.674684615384615608e+05 4.605413461538460688e+05 4.676774230769230635e+05 4.665924692307692603e+05 4.497039384615385206e+05 4.489568230769230868e+05 4.750832903846153640e+05 4.582326634615384974e+05 9.645312153381883080e-01
5.071631692307692720e+05 4.918879769230769598e+05 4.804353769230768667e+05 4.674684615384615608e+05 4.605413461538460688e+05 4.676774230769230635e+05 4.665924692307692603e+05 4.497039384615385206e+05 4.867387461538461503e+05 4.611287942307692720e+05 9.473846039062150393e-01
5.249266923076922540e+05 5.071631692307692720e+05 4.918879769230769598e+05 4.804353769230768667e+05 4.674684615384615608e+05 4.605413461538460688e+05 4.676774230769230635e+05 4.665924692307692603e+05 5.011033038461538381e+05 4.655699249999999884e+05 9.290897134913660427e-01
5.825493714285714086e+05 5.249266923076922540e+05 5.071631692307692720e+05 4.918879769230769598e+05 4.804353769230768667e+05 4.674684615384615608e+05 4.605413461538460688e+05 4.676774230769230635e+05 5.266318024725274881e+05 4.690306519230768899e+05 8.906234863162191262e-01
5.955309249999999302e+05 5.825493714285714086e+05 5.249266923076922540e+05 5.071631692307692720e+05 4.918879769230769598e+05 4.804353769230768667e+05 4.674684615384615608e+05 4.605413461538460688e+05 5.525425394917582162e+05 4.750832903846153640e+05 8.598130576907404565e-01
6.075781076923076762e+05 5.955309249999999302e+05 5.825493714285714086e+05 5.249266923076922540e+05 5.071631692307692720e+05 4.918879769230769598e+05 4.804353769230768667e+05 4.674684615384615608e+05 5.776462741071428172e+05 4.867387461538461503e+05 8.426242286530615244e-01
6.058267714285713155e+05 6.075781076923076762e+05 5.955309249999999302e+05 5.825493714285714086e+05 5.249266923076922540e+05 5.071631692307692720e+05 4.918879769230769598e+05 4.804353769230768667e+05 5.978712938873625826e+05 5.011033038461538381e+05 8.381457831634251399e-01
6.037397999999999302e+05 6.058267714285713155e+05 6.075781076923076762e+05 5.955309249999999302e+05 5.825493714285714086e+05 5.249266923076922540e+05 5.071631692307692720e+05 4.918879769230769598e+05 6.031689010302197421e+05 5.266318024725274881e+05 8.731083475508004677e-01
5.993930076923078159e+05 6.037397999999999302e+05 6.058267714285713155e+05 6.075781076923076762e+05 5.955309249999999302e+05 5.825493714285714086e+05 5.249266923076922540e+05 5.071631692307692720e+05 6.041344217032967135e+05 5.525425394917582162e+05 9.146019820124131616e-01
5.996255384615386138e+05 5.993930076923078159e+05 6.037397999999999302e+05 6.058267714285713155e+05 6.075781076923076762e+05 5.955309249999999302e+05 5.825493714285714086e+05 5.249266923076922540e+05 6.021462793956045061e+05 5.776462741071428172e+05 9.593122034847525459e-01
5.942870846153845778e+05 5.996255384615386138e+05 5.993930076923078159e+05 6.037397999999999302e+05 6.058267714285713155e+05 6.075781076923076762e+05 5.955309249999999302e+05 5.825493714285714086e+05 5.992613576923076762e+05 5.978712938873625826e+05 9.976803713653453753e-01
5.858622615384615492e+05 5.942870846153845778e+05 5.996255384615386138e+05 5.993930076923078159e+05 6.037397999999999302e+05 6.058267714285713155e+05 6.075781076923076762e+05 5.955309249999999302e+05 5.947919730769230518e+05 6.031689010302197421e+05 1.014083794557552487e+00
5.747113923076923238e+05 5.858622615384615492e+05 5.942870846153845778e+05 5.996255384615386138e+05 5.993930076923078159e+05 6.037397999999999302e+05 6.058267714285713155e+05 6.075781076923076762e+05 5.886215692307692952e+05 6.041344217032967135e+05 1.026354543026345656e+00
5.664262846153846476e+05 5.747113923076923238e+05 5.858622615384615492e+05 5.942870846153845778e+05 5.996255384615386138e+05 5.993930076923078159e+05 6.037397999999999302e+05 6.058267714285713155e+05 5.803217557692307746e+05 6.021462793956045061e+05 1.037607626130515825e+00
5.583321307692307746e+05 5.664262846153846476e+05 5.747113923076923238e+05 5.858622615384615492e+05 5.942870846153845778e+05 5.996255384615386138e+05 5.993930076923078159e+05 6.037397999999999302e+05 5.713330173076922074e+05 5.992613576923076762e+05 1.048882769835748130e+00
5.516325538461538963e+05 5.583321307692307746e+05 5.664262846153846476e+05 5.747113923076923238e+05 5.858622615384615492e+05 5.942870846153845778e+05 5.996255384615386138e+05 5.993930076923078159e+05 5.627755903846154688e+05 5.947919730769230518e+05 1.056890141007051698e+00
5.493231615384615725e+05 5.516325538461538963e+05 5.583321307692307746e+05 5.664262846153846476e+05 5.747113923076923238e+05 5.858622615384615492e+05 5.942870846153845778e+05 5.996255384615386138e+05 5.564285326923078392e+05 5.886215692307692952e+05 1.057856552363865665e+00
5.424794769230769016e+05 5.493231615384615725e+05 5.516325538461538963e+05 5.583321307692307746e+05 5.664262846153846476e+05 5.747113923076923238e+05 5.858622615384615492e+05 5.942870846153845778e+05 5.504418307692308445e+05 5.803217557692307746e+05 1.054283528848531271e+00
5.315485538461537799e+05 5.424794769230769016e+05 5.493231615384615725e+05 5.516325538461538963e+05 5.583321307692307746e+05 5.664262846153846476e+05 5.747113923076923238e+05 5.858622615384615492e+05 5.437459365384615958e+05 5.713330173076922074e+05 1.050735240330902709e+00
5.195181307692307746e+05 5.315485538461537799e+05 5.424794769230769016e+05 5.493231615384615725e+05 5.516325538461538963e+05 5.583321307692307746e+05 5.664262846153846476e+05 5.747113923076923238e+05 5.357173307692307280e+05 5.627755903846154688e+05 1.050508464186760804e+00
5.086395076923076413e+05 5.195181307692307746e+05 5.315485538461537799e+05 5.424794769230769016e+05 5.493231615384615725e+05 5.516325538461538963e+05 5.583321307692307746e+05 5.664262846153846476e+05 5.255464173076922307e+05 5.564285326923078392e+05 1.058761917820353116e+00
4.952326692307692720e+05 5.086395076923076413e+05 5.195181307692307746e+05 5.315485538461537799e+05 5.424794769230769016e+05 5.493231615384615725e+05 5.516325538461538963e+05 5.583321307692307746e+05 5.137347153846153524e+05 5.504418307692308445e+05 1.071451498770399802e+00
4.857556076923077344e+05 4.952326692307692720e+05 5.086395076923076413e+05 5.195181307692307746e+05 5.315485538461537799e+05 5.424794769230769016e+05 5.493231615384615725e+05 5.516325538461538963e+05 5.022864788461538265e+05 5.437459365384615958e+05 1.082541456794831269e+00
4.765102692307691323e+05 4.857556076923077344e+05 4.952326692307692720e+05 5.086395076923076413e+05 5.195181307692307746e+05 5.315485538461537799e+05 5.424794769230769016e+05 5.493231615384615725e+05 4.915345134615384741e+05 5.357173307692307280e+05 1.089887517758505231e+00
4.689348692307692836e+05 4.765102692307691323e+05 4.857556076923077344e+05 4.952326692307692720e+05 5.086395076923076413e+05 5.195181307692307746e+05 5.315485538461537799e+05 5.424794769230769016e+05 4.816083538461538265e+05 5.255464173076922307e+05 1.091231937965042142e+00
4.660635307692307979e+05 4.689348692307692836e+05 4.765102692307691323e+05 4.857556076923077344e+05 4.952326692307692720e+05 5.086395076923076413e+05 5.195181307692307746e+05 5.315485538461537799e+05 4.743160692307692952e+05 5.137347153846153524e+05 1.083106284418687171e+00
4.619850538461539545e+05 4.660635307692307979e+05 4.689348692307692836e+05 4.765102692307691323e+05 4.857556076923077344e+05 4.952326692307692720e+05 5.086395076923076413e+05 5.195181307692307746e+05 4.683734307692308212e+05 5.022864788461538265e+05 1.072406003092929661e+00
4.581240357142857392e+05 4.619850538461539545e+05 4.660635307692307979e+05 4.689348692307692836e+05 4.765102692307691323e+05 4.857556076923077344e+05 4.952326692307692720e+05 5.086395076923076413e+05 4.637768723901099875e+05 4.915345134615384741e+05 1.059851283502726949e+00
4.535972000000000116e+05 4.581240357142857392e+05 4.619850538461539545e+05 4.660635307692307979e+05 4.689348692307692836e+05 4.765102692307691323e+05 4.857556076923077344e+05 4.952326692307692720e+05 4.599424550824176404e+05 4.816083538461538265e+05 1.047105672729980563e+00
4.486739461538461619e+05 4.535972000000000116e+05 4.581240357142857392e+05 4.619850538461539545e+05 4.660635307692307979e+05 4.689348692307692836e+05 4.765102692307691323e+05 4.857556076923077344e+05 4.555950589285714668e+05 4.743160692307692952e+05 1.041091337439489006e+00
4.417208857142857159e+05 4.486739461538461619e+05 4.535972000000000116e+05 4.581240357142857392e+05 4.619850538461539545e+05 4.660635307692307979e+05 4.689348692307692836e+05 4.765102692307691323e+05 4.505290168956043781e+05 4.683734307692308212e+05 1.039607690524762207e+00
4.360829461538461619e+05 4.417208857142857159e+05 4.486739461538461619e+05 4.535972000000000116e+05 4.581240357142857392e+05 4.619850538461539545e+05 4.660635307692307979e+05 4.689348692307692836e+05 4.450187445054944837e+05 4.637768723901099875e+05 1.042151320851573582e+00
4.305655999999999767e+05 4.360829461538461619e+05 4.417208857142857159e+05 4.486739461538461619e+05 4.535972000000000116e+05 4.581240357142857392e+05 4.619850538461539545e+05 4.660635307692307979e+05 4.392608445054945187e+05 4.599424550824176404e+05 1.047082754667572946e+00
4.244882615384615492e+05 4.305655999999999767e+05 4.360829461538461619e+05 4.417208857142857159e+05 4.486739461538461619e+05 4.535972000000000116e+05 4.581240357142857392e+05 4.619850538461539545e+05 4.332144233516483800e+05 4.555950589285714668e+05 1.051661796954429517e+00
4.183969692307692021e+05 4.244882615384615492e+05 4.305655999999999767e+05 4.360829461538461619e+05 4.417208857142857159e+05 4.486739461538461619e+05 4.535972000000000116e+05 4.581240357142857392e+05 4.273834442307691788e+05 4.505290168956043781e+05 1.054156455935006953e+00
4.097677615384615492e+05 4.183969692307692021e+05 4.244882615384615492e+05 4.305655999999999767e+05 4.360829461538461619e+05 4.417208857142857159e+05 4.486739461538461619e+05 4.535972000000000116e+05 4.208046480769230984e+05 4.450187445054944837e+05 1.057542369218661849e+00
4.005845999999999767e+05 4.097677615384615492e+05 4.183969692307692021e+05 4.244882615384615492e+05 4.305655999999999767e+05 4.360829461538461619e+05 4.417208857142857159e+05 4.486739461538461619e+05 4.133093980769230402e+05 4.392608445054945187e+05 1.062789393489043110e+00
3.937565307692307979e+05 4.005845999999999767e+05 4.097677615384615492e+05 4.183969692307692021e+05 4.244882615384615492e+05 4.305655999999999767e+05 4.360829461538461619e+05 4.417208857142857159e+05 4.056264653846153524e+05 4.332144233516483800e+05 1.068013209988342593e+00
3.870421230769230751e+05 3.937565307692307979e+05 4.005845999999999767e+05 4.097677615384615492e+05 4.183969692307692021e+05 4.244882615384615492e+05 4.305655999999999767e+05 4.360829461538461619e+05 3.977877538461538497e+05 4.273834442307691788e+05 1.074400707659948662e+00
