7.700000000000000000e+01 4.400000000000000000e+01 5.700000000000000000e+01 6.500000000000000000e+01 7.000000000000000000e+01 5.200000000000000000e+01 4.900000000000000000e+01 5.200000000000000000e+01 6.075000000000000000e+01 5.575000000000000000e+01 9.176954732510288482e-01
6.700000000000000000e+01 7.700000000000000000e+01 4.400000000000000000e+01 5.700000000000000000e+01 6.500000000000000000e+01 7.000000000000000000e+01 5.200000000000000000e+01 4.900000000000000000e+01 6.125000000000000000e+01 5.900000000000000000e+01 9.632653061224489832e-01
6.800000000000000000e+01 6.700000000000000000e+01 7.700000000000000000e+01 4.400000000000000000e+01 5.700000000000000000e+01 6.500000000000000000e+01 7.000000000000000000e+01 5.200000000000000000e+01 6.400000000000000000e+01 6.100000000000000000e+01 9.531250000000000000e-01
5.900000000000000000e+01 6.800000000000000000e+01 6.700000000000000000e+01 7.700000000000000000e+01 4.400000000000000000e+01 5.700000000000000000e+01 6.500000000000000000e+01 7.000000000000000000e+01 6.775000000000000000e+01 5.900000000000000000e+01 8.708487084870848438e-01
6.800000000000000000e+01 5.900000000000000000e+01 6.800000000000000000e+01 6.700000000000000000e+01 7.700000000000000000e+01 4.400000000000000000e+01 5.700000000000000000e+01 6.500000000000000000e+01 6.550000000000000000e+01 6.075000000000000000e+01 9.274809160305343969e-01
9.900000000000000000e+01 6.800000000000000000e+01 5.900000000000000000e+01 6.800000000000000000e+01 6.700000000000000000e+01 7.700000000000000000e+01 4.400000000000000000e+01 5.700000000000000000e+01 7.350000000000000000e+01 6.125000000000000000e+01 8.333333333333333703e-01
7.200000000000000000e+01 9.900000000000000000e+01 6.800000000000000000e+01 5.900000000000000000e+01 6.800000000000000000e+01 6.700000000000000000e+01 7.700000000000000000e+01 4.400000000000000000e+01 7.450000000000000000e+01 6.400000000000000000e+01 8.590604026845637398e-01
7.500000000000000000e+01 7.200000000000000000e+01 9.900000000000000000e+01 6.800000000000000000e+01 5.900000000000000000e+01 6.800000000000000000e+01 6.700000000000000000e+01 7.700000000000000000e+01 7.850000000000000000e+01 6.775000000000000000e+01 8.630573248407643616e-01
8.600000000000000000e+01 7.500000000000000000e+01 7.200000000000000000e+01 9.900000000000000000e+01 6.800000000000000000e+01 5.900000000000000000e+01 6.800000000000000000e+01 6.700000000000000000e+01 8.300000000000000000e+01 6.550000000000000000e+01 7.891566265060241392e-01
6.500000000000000000e+01 8.600000000000000000e+01 7.500000000000000000e+01 7.200000000000000000e+01 9.900000000000000000e+01 6.800000000000000000e+01 5.900000000000000000e+01 6.800000000000000000e+01 7.450000000000000000e+01 7.350000000000000000e+01 9.865771812080537106e-01
7.400000000000000000e+01 6.500000000000000000e+01 8.600000000000000000e+01 7.500000000000000000e+01 7.200000000000000000e+01 9.900000000000000000e+01 6.800000000000000000e+01 5.900000000000000000e+01 7.500000000000000000e+01 7.450000000000000000e+01 9.933333333333332904e-01
5.700000000000000000e+01 7.400000000000000000e+01 6.500000000000000000e+01 8.600000000000000000e+01 7.500000000000000000e+01 7.200000000000000000e+01 9.900000000000000000e+01 6.800000000000000000e+01 7.050000000000000000e+01 7.850000000000000000e+01 1.113475177304964481e+00
6.200000000000000000e+01 5.700000000000000000e+01 7.400000000000000000e+01 6.500000000000000000e+01 8.600000000000000000e+01 7.500000000000000000e+01 7.200000000000000000e+01 9.900000000000000000e+01 6.450000000000000000e+01 8.300000000000000000e+01 1.286821705426356655e+00
7.900000000000000000e+01 6.200000000000000000e+01 5.700000000000000000e+01 7.400000000000000000e+01 6.500000000000000000e+01 8.600000000000000000e+01 7.500000000000000000e+01 7.200000000000000000e+01 6.800000000000000000e+01 7.450000000000000000e+01 1.095588235294117752e+00
9.000000000000000000e+01 7.900000000000000000e+01 6.200000000000000000e+01 5.700000000000000000e+01 7.400000000000000000e+01 6.500000000000000000e+01 8.600000000000000000e+01 7.500000000000000000e+01 7.200000000000000000e+01 7.500000000000000000e+01 1.041666666666666741e+00
8.800000000000000000e+01 9.000000000000000000e+01 7.900000000000000000e+01 6.200000000000000000e+01 5.700000000000000000e+01 7.400000000000000000e+01 6.500000000000000000e+01 8.600000000000000000e+01 7.975000000000000000e+01 7.050000000000000000e+01 8.840125391849529279e-01
1.070000000000000000e+02 8.800000000000000000e+01 9.000000000000000000e+01 7.900000000000000000e+01 6.200000000000000000e+01 5.700000000000000000e+01 7.400000000000000000e+01 6.500000000000000000e+01 9.100000000000000000e+01 6.450000000000000000e+01 7.087912087912088266e-01
1.010000000000000000e+02 1.070000000000000000e+02 8.800000000000000000e+01 9.000000000000000000e+01 7.900000000000000000e+01 6.200000000000000000e+01 5.700000000000000000e+01 7.400000000000000000e+01 9.650000000000000000e+01 6.800000000000000000e+01 7.046632124352331106e-01
8.800000000000000000e+01 1.010000000000000000e+02 1.070000000000000000e+02 8.800000000000000000e+01 9.000000000000000000e+01 7.900000000000000000e+01 6.200000000000000000e+01 5.700000000000000000e+01 9.600000000000000000e+01 7.200000000000000000e+01 7.500000000000000000e-01
9.500000000000000000e+01 8.800000000000000000e+01 1.010000000000000000e+02 1.070000000000000000e+02 8.800000000000000000e+01 9.000000000000000000e+01 7.900000000000000000e+01 6.200000000000000000e+01 9.775000000000000000e+01 7.975000000000000000e+01 8.158567774936061889e-01
1.170000000000000000e+02 9.500000000000000000e+01 8.800000000000000000e+01 1.010000000000000000e+02 1.070000000000000000e+02 8.800000000000000000e+01 9.000000000000000000e+01 7.900000000000000000e+01 1.002500000000000000e+02 9.100000000000000000e+01 9.077306733167082031e-01
1.020000000000000000e+02 1.170000000000000000e+02 9.500000000000000000e+01 8.800000000000000000e+01 1.010000000000000000e+02 1.070000000000000000e+02 8.800000000000000000e+01 9.000000000000000000e+01 1.005000000000000000e+02 9.650000000000000000e+01 9.601990049751243372e-01
1.090000000000000000e+02 1.020000000000000000e+02 1.170000000000000000e+02 9.500000000000000000e+01 8.800000000000000000e+01 1.010000000000000000e+02 1.070000000000000000e+02 8.800000000000000000e+01 1.057500000000000000e+02 9.600000000000000000e+01 9.078014184397162900e-01
1.010000000000000000e+02 1.090000000000000000e+02 1.020000000000000000e+02 1.170000000000000000e+02 9.500000000000000000e+01 8.800000000000000000e+01 1.010000000000000000e+02 1.070000000000000000e+02 1.072500000000000000e+02 9.775000000000000000e+01 9.114219114219114237e-01
1.270000000000000000e+02 1.010000000000000000e+02 1.090000000000000000e+02 1.020000000000000000e+02 1.170000000000000000e+02 9.500000000000000000e+01 8.800000000000000000e+01 1.010000000000000000e+02 1.097500000000000000e+02 1.002500000000000000e+02 9.134396355353074926e-01
1.290000000000000000e+02 1.270000000000000000e+02 1.010000000000000000e+02 1.090000000000000000e+02 1.020000000000000000e+02 1.170000000000000000e+02 9.500000000000000000e+01 8.800000000000000000e+01 1.165000000000000000e+02 1.005000000000000000e+02 8.626609442060085842e-01
1.410000000000000000e+02 1.290000000000000000e+02 1.270000000000000000e+02 1.010000000000000000e+02 1.090000000000000000e+02 1.020000000000000000e+02 1.170000000000000000e+02 9.500000000000000000e+01 1.245000000000000000e+02 1.057500000000000000e+02 8.493975903614457978e-01
1.000000000000000000e+02 1.410000000000000000e+02 1.290000000000000000e+02 1.270000000000000000e+02 1.010000000000000000e+02 1.090000000000000000e+02 1.020000000000000000e+02 1.170000000000000000e+02 1.242500000000000000e+02 1.072500000000000000e+02 8.631790744466800724e-01
1.530000000000000000e+02 1.000000000000000000e+02 1.410000000000000000e+02 1.290000000000000000e+02 1.270000000000000000e+02 1.010000000000000000e+02 1.090000000000000000e+02 1.020000000000000000e+02 1.307500000000000000e+02 1.097500000000000000e+02 8.393881453154875549e-01
1.740000000000000000e+02 1.530000000000000000e+02 1.000000000000000000e+02 1.410000000000000000e+02 1.290000000000000000e+02 1.270000000000000000e+02 1.010000000000000000e+02 1.090000000000000000e+02 1.420000000000000000e+02 1.165000000000000000e+02 8.204225352112676228e-01
1.910000000000000000e+02 1.740000000000000000e+02 1.530000000000000000e+02 1.000000000000000000e+02 1.410000000000000000e+02 1.290000000000000000e+02 1.270000000000000000e+02 1.010000000000000000e+02 1.545000000000000000e+02 1.245000000000000000e+02 8.058252427184465772e-01
1.440000000000000000e+02 1.910000000000000000e+02 1.740000000000000000e+02 1.530000000000000000e+02 1.000000000000000000e+02 1.410000000000000000e+02 1.290000000000000000e+02 1.270000000000000000e+02 1.655000000000000000e+02 1.242500000000000000e+02 7.507552870090634656e-01
1.630000000000000000e+02 1.440000000000000000e+02 1.910000000000000000e+02 1.740000000000000000e+02 1.530000000000000000e+02 1.000000000000000000e+02 1.410000000000000000e+02 1.290000000000000000e+02 1.680000000000000000e+02 1.307500000000000000e+02 7.782738095238095344e-01
1.750000000000000000e+02 1.630000000000000000e+02 1.440000000000000000e+02 1.910000000000000000e+02 1.740000000000000000e+02 1.530000000000000000e+02 1.000000000000000000e+02 1.410000000000000000e+02 1.682500000000000000e+02 1.420000000000000000e+02 8.439821693907875177e-01
2.030000000000000000e+02 1.750000000000000000e+02 1.630000000000000000e+02 1.440000000000000000e+02 1.910000000000000000e+02 1.740000000000000000e+02 1.530000000000000000e+02 1.000000000000000000e+02 1.712500000000000000e+02 1.545000000000000000e+02 9.021897810218978409e-01
2.270000000000000000e+02 2.030000000000000000e+02 1.750000000000000000e+02 1.630000000000000000e+02 1.440000000000000000e+02 1.910000000000000000e+02 1.740000000000000000e+02 1.530000000000000000e+02 1.920000000000000000e+02 1.655000000000000000e+02 8.619791666666666297e-01
2.130000000000000000e+02 2.270000000000000000e+02 2.030000000000000000e+02 1.750000000000000000e+02 1.630000000000000000e+02 1.440000000000000000e+02 1.910000000000000000e+02 1.740000000000000000e+02 2.045000000000000000e+02 1.680000000000000000e+02 8.215158924205379076e-01
2.030000000000000000e+02 2.130000000000000000e+02 2.270000000000000000e+02 2.030000000000000000e+02 1.750000000000000000e+02 1.630000000000000000e+02 1.440000000000000000e+02 1.910000000000000000e+02 2.115000000000000000e+02 1.682500000000000000e+02 7.955082742316784694e-01
1.980000000000000000e+02 2.030000000000000000e+02 2.130000000000000000e+02 2.270000000000000000e+02 2.030000000000000000e+02 1.750000000000000000e+02 1.630000000000000000e+02 1.440000000000000000e+02 2.102500000000000000e+02 1.712500000000000000e+02 8.145065398335314955e-01
2.050000000000000000e+02 1.980000000000000000e+02 2.030000000000000000e+02 2.130000000000000000e+02 2.270000000000000000e+02 2.030000000000000000e+02 1.750000000000000000e+02 1.630000000000000000e+02 2.047500000000000000e+02 1.920000000000000000e+02 9.377289377289377281e-01
2.120000000000000000e+02 2.050000000000000000e+02 1.980000000000000000e+02 2.030000000000000000e+02 2.130000000000000000e+02 2.270000000000000000e+02 2.030000000000000000e+02 1.750000000000000000e+02 2.045000000000000000e+02 2.045000000000000000e+02 1.000000000000000000e+00
1.450000000000000000e+02 2.120000000000000000e+02 2.050000000000000000e+02 1.980000000000000000e+02 2.030000000000000000e+02 2.130000000000000000e+02 2.270000000000000000e+02 2.030000000000000000e+02 1.900000000000000000e+02 2.115000000000000000e+02 1.113157894736842124e+00
1.560000000000000000e+02 1.450000000000000000e+02 2.120000000000000000e+02 2.050000000000000000e+02 1.980000000000000000e+02 2.030000000000000000e+02 2.130000000000000000e+02 2.270000000000000000e+02 1.795000000000000000e+02 2.102500000000000000e+02 1.171309192200557181e+00
1.390000000000000000e+02 1.560000000000000000e+02 1.450000000000000000e+02 2.120000000000000000e+02 2.050000000000000000e+02 1.980000000000000000e+02 2.030000000000000000e+02 2.130000000000000000e+02 1.630000000000000000e+02 2.047500000000000000e+02 1.256134969325153339e+00
2.140000000000000000e+02 1.390000000000000000e+02 1.560000000000000000e+02 1.450000000000000000e+02 2.120000000000000000e+02 2.050000000000000000e+02 1.980000000000000000e+02 2.030000000000000000e+02 1.635000000000000000e+02 2.045000000000000000e+02 1.250764525993883769e+00
1.300000000000000000e+02 2.140000000000000000e+02 1.390000000000000000e+02 1.560000000000000000e+02 1.450000000000000000e+02 2.120000000000000000e+02 2.050000000000000000e+02 1.980000000000000000e+02 1.597500000000000000e+02 1.900000000000000000e+02 1.189358372456964075e+00
2.810000000000000000e+02 1.300000000000000000e+02 2.140000000000000000e+02 1.390000000000000000e+02 1.560000000000000000e+02 1.450000000000000000e+02 2.120000000000000000e+02 2.050000000000000000e+02 1.910000000000000000e+02 1.795000000000000000e+02 9.397905759162303863e-01
2.090000000000000000e+02 2.810000000000000000e+02 1.300000000000000000e+02 2.140000000000000000e+02 1.390000000000000000e+02 1.560000000000000000e+02 1.450000000000000000e+02 2.120000000000000000e+02 2.085000000000000000e+02 1.630000000000000000e+02 7.817745803357314394e-01
2.680000000000000000e+02 2.090000000000000000e+02 2.810000000000000000e+02 1.300000000000000000e+02 2.140000000000000000e+02 1.390000000000000000e+02 1.560000000000000000e+02 1.450000000000000000e+02 2.220000000000000000e+02 1.635000000000000000e+02 7.364864864864865135e-01
2.800000000000000000e+02 2.680000000000000000e+02 2.090000000000000000e+02 2.810000000000000000e+02 1.300000000000000000e+02 2.140000000000000000e+02 1.390000000000000000e+02 1.560000000000000000e+02 2.595000000000000000e+02 1.597500000000000000e+02 6.156069364161850244e-01
2.060000000000000000e+02 2.800000000000000000e+02 2.680000000000000000e+02 2.090000000000000000e+02 2.810000000000000000e+02 1.300000000000000000e+02 2.140000000000000000e+02 1.390000000000000000e+02 2.407500000000000000e+02 1.910000000000000000e+02 7.933541017653167327e-01
2.330000000000000000e+02 2.060000000000000000e+02 2.800000000000000000e+02 2.680000000000000000e+02 2.090000000000000000e+02 2.810000000000000000e+02 1.300000000000000000e+02 2.140000000000000000e+02 2.467500000000000000e+02 2.085000000000000000e+02 8.449848024316108930e-01
2.490000000000000000e+02 2.330000000000000000e+02 2.060000000000000000e+02 2.800000000000000000e+02 2.680000000000000000e+02 2.090000000000000000e+02 2.810000000000000000e+02 1.300000000000000000e+02 2.420000000000000000e+02 2.220000000000000000e+02 9.173553719008264995e-01
2.220000000000000000e+02 2.490000000000000000e+02 2.330000000000000000e+02 2.060000000000000000e+02 2.800000000000000000e+02 2.680000000000000000e+02 2.090000000000000000e+02 2.810000000000000000e+02 2.275000000000000000e+02 2.595000000000000000e+02 1.140659340659340604e+00
1.140000000000000000e+02 2.220000000000000000e+02 2.490000000000000000e+02 2.330000000000000000e+02 2.060000000000000000e+02 2.800000000000000000e+02 2.680000000000000000e+02 2.090000000000000000e+02 2.045000000000000000e+02 2.407500000000000000e+02 1.177261613691931608e+00
-1.360000000000000000e+02 1.140000000000000000e+02 2.220000000000000000e+02 2.490000000000000000e+02 2.330000000000000000e+02 2.060000000000000000e+02 2.800000000000000000e+02 2.680000000000000000e+02 1.122500000000000000e+02 2.467500000000000000e+02 2.198218262806236112e+00
-3.870000000000000000e+02 -1.360000000000000000e+02 1.140000000000000000e+02 2.220000000000000000e+02 2.490000000000000000e+02 2.330000000000000000e+02 2.060000000000000000e+02 2.800000000000000000e+02 -4.675000000000000000e+01 2.420000000000000000e+02 -5.176470588235294379e+00
2.390000000000000000e+02 -3.870000000000000000e+02 -1.360000000000000000e+02 1.140000000000000000e+02 2.220000000000000000e+02 2.490000000000000000e+02 2.330000000000000000e+02 2.060000000000000000e+02 -4.250000000000000000e+01 2.275000000000000000e+02 -5.352941176470587870e+00
2.110000000000000000e+02 2.390000000000000000e+02 -3.870000000000000000e+02 -1.360000000000000000e+02 1.140000000000000000e+02 2.220000000000000000e+02 2.490000000000000000e+02 2.330000000000000000e+02 -1.825000000000000000e+01 2.045000000000000000e+02 -1.120547945205479401e+01
2.840000000000000000e+02 2.110000000000000000e+02 2.390000000000000000e+02 -3.870000000000000000e+02 -1.360000000000000000e+02 1.140000000000000000e+02 2.220000000000000000e+02 2.490000000000000000e+02 8.675000000000000000e+01 1.122500000000000000e+02 1.293948126801152787e+00
4.570000000000000000e+02 2.840000000000000000e+02 2.110000000000000000e+02 2.390000000000000000e+02 -3.870000000000000000e+02 -1.360000000000000000e+02 1.140000000000000000e+02 2.220000000000000000e+02 2.977500000000000000e+02 -4.675000000000000000e+01 -1.570109151973131945e-01
2.810000000000000000e+02 4.570000000000000000e+02 2.840000000000000000e+02 2.110000000000000000e+02 2.390000000000000000e+02 -3.870000000000000000e+02 -1.360000000000000000e+02 1.140000000000000000e+02 3.082500000000000000e+02 -4.250000000000000000e+01 -1.378751013787510027e-01
2.860000000000000000e+02 2.810000000000000000e+02 4.570000000000000000e+02 2.840000000000000000e+02 2.110000000000000000e+02 2.390000000000000000e+02 -3.870000000000000000e+02 -1.360000000000000000e+02 3.270000000000000000e+02 -1.825000000000000000e+01 -5.581039755351682036e-02
4.190000000000000000e+02 2.860000000000000000e+02 2.810000000000000000e+02 4.570000000000000000e+02 2.840000000000000000e+02 2.110000000000000000e+02 2.390000000000000000e+02 -3.870000000000000000e+02 3.607500000000000000e+02 8.675000000000000000e+01 2.404712404712404661e-01
5.040000000000000000e+02 4.190000000000000000e+02 2.860000000000000000e+02 2.810000000000000000e+02 4.570000000000000000e+02 2.840000000000000000e+02 2.110000000000000000e+02 2.390000000000000000e+02 3.725000000000000000e+02 2.977500000000000000e+02 7.993288590604026300e-01
3.600000000000000000e+02 5.040000000000000000e+02 4.190000000000000000e+02 2.860000000000000000e+02 2.810000000000000000e+02 4.570000000000000000e+02 2.840000000000000000e+02 2.110000000000000000e+02 3.922500000000000000e+02 3.082500000000000000e+02 7.858508604206501102e-01
4.390000000000000000e+02 3.600000000000000000e+02 5.040000000000000000e+02 4.190000000000000000e+02 2.860000000000000000e+02 2.810000000000000000e+02 4.570000000000000000e+02 2.840000000000000000e+02 4.305000000000000000e+02 3.270000000000000000e+02 7.595818815331010221e-01
5.260000000000000000e+02 4.390000000000000000e+02 3.600000000000000000e+02 5.040000000000000000e+02 4.190000000000000000e+02 2.860000000000000000e+02 2.810000000000000000e+02 4.570000000000000000e+02 4.572500000000000000e+02 3.607500000000000000e+02 7.889557135046473269e-01
3.500000000000000000e+02 5.260000000000000000e+02 4.390000000000000000e+02 3.600000000000000000e+02 5.040000000000000000e+02 4.190000000000000000e+02 2.860000000000000000e+02 2.810000000000000000e+02 4.187500000000000000e+02 3.725000000000000000e+02 8.895522388059701191e-01
3.850000000000000000e+02 3.500000000000000000e+02 5.260000000000000000e+02 4.390000000000000000e+02 3.600000000000000000e+02 5.040000000000000000e+02 4.190000000000000000e+02 2.860000000000000000e+02 4.250000000000000000e+02 3.922500000000000000e+02 9.229411764705882648e-01
3.850000000000000000e+02 3.850000000000000000e+02 3.500000000000000000e+02 5.260000000000000000e+02 4.390000000000000000e+02 3.600000000000000000e+02 5.040000000000000000e+02 4.190000000000000000e+02 4.115000000000000000e+02 4.305000000000000000e+02 1.046172539489671927e+00
3.850000000000000000e+02 3.850000000000000000e+02 3.850000000000000000e+02 3.500000000000000000e+02 5.260000000000000000e+02 4.390000000000000000e+02 3.600000000000000000e+02 5.040000000000000000e+02 3.762500000000000000e+02 4.572500000000000000e+02 1.215282392026578062e+00
4.460000000000000000e+02 3.850000000000000000e+02 3.850000000000000000e+02 3.850000000000000000e+02 3.500000000000000000e+02 5.260000000000000000e+02 4.390000000000000000e+02 3.600000000000000000e+02 4.002500000000000000e+02 4.187500000000000000e+02 1.046221111805121895e+00
5.370000000000000000e+02 4.460000000000000000e+02 3.850000000000000000e+02 3.850000000000000000e+02 3.850000000000000000e+02 3.500000000000000000e+02 5.260000000000000000e+02 4.390000000000000000e+02 4.382500000000000000e+02 4.250000000000000000e+02 9.697661152310325106e-01
4.870000000000000000e+02 5.370000000000000000e+02 4.460000000000000000e+02 3.850000000000000000e+02 3.850000000000000000e+02 3.850000000000000000e+02 3.500000000000000000e+02 5.260000000000000000e+02 4.637500000000000000e+02 4.115000000000000000e+02 8.873315363881401074e-01
4.920000000000000000e+02 4.870000000000000000e+02 5.370000000000000000e+02 4.460000000000000000e+02 3.850000000000000000e+02 3.850000000000000000e+02 3.850000000000000000e+02 3.500000000000000000e+02 4.905000000000000000e+02 3.762500000000000000e+02 7.670744138634046916e-01
7.210000000000000000e+02 4.920000000000000000e+02 4.870000000000000000e+02 5.370000000000000000e+02 4.460000000000000000e+02 3.850000000000000000e+02 3.850000000000000000e+02 3.850000000000000000e+02 5.592500000000000000e+02 4.002500000000000000e+02 7.156906571300849507e-01
7.070000000000000000e+02 7.210000000000000000e+02 4.920000000000000000e+02 4.870000000000000000e+02 5.370000000000000000e+02 4.460000000000000000e+02 3.850000000000000000e+02 3.850000000000000000e+02 6.017500000000000000e+02 4.382500000000000000e+02 7.282924802658911068e-01
6.930000000000000000e+02 7.070000000000000000e+02 7.210000000000000000e+02 4.920000000000000000e+02 4.870000000000000000e+02 5.370000000000000000e+02 4.460000000000000000e+02 3.850000000000000000e+02 6.532500000000000000e+02 4.637500000000000000e+02 7.099119785686950346e-01
7.270000000000000000e+02 6.930000000000000000e+02 7.070000000000000000e+02 7.210000000000000000e+02 4.920000000000000000e+02 4.870000000000000000e+02 5.370000000000000000e+02 4.460000000000000000e+02 7.120000000000000000e+02 4.905000000000000000e+02 6.889044943820225031e-01
7.870000000000000000e+02 7.270000000000000000e+02 6.930000000000000000e+02 7.070000000000000000e+02 7.210000000000000000e+02 4.920000000000000000e+02 4.870000000000000000e+02 5.370000000000000000e+02 7.285000000000000000e+02 5.592500000000000000e+02 7.676733013040494269e-01
7.540000000000000000e+02 7.870000000000000000e+02 7.270000000000000000e+02 6.930000000000000000e+02 7.070000000000000000e+02 7.210000000000000000e+02 4.920000000000000000e+02 4.870000000000000000e+02 7.402500000000000000e+02 6.017500000000000000e+02 8.129010469436001030e-01
6.270000000000000000e+02 7.540000000000000000e+02 7.870000000000000000e+02 7.270000000000000000e+02 6.930000000000000000e+02 7.070000000000000000e+02 7.210000000000000000e+02 4.920000000000000000e+02 7.237500000000000000e+02 6.532500000000000000e+02 9.025906735751295651e-01
6.730000000000000000e+02 6.270000000000000000e+02 7.540000000000000000e+02 7.870000000000000000e+02 7.270000000000000000e+02 6.930000000000000000e+02 7.070000000000000000e+02 7.210000000000000000e+02 7.102500000000000000e+02 7.120000000000000000e+02 1.002463921154522986e+00
8.160000000000000000e+02 6.730000000000000000e+02 6.270000000000000000e+02 7.540000000000000000e+02 7.870000000000000000e+02 7.270000000000000000e+02 6.930000000000000000e+02 7.070000000000000000e+02 7.175000000000000000e+02 7.285000000000000000e+02 1.015331010452961591e+00
8.820000000000000000e+02 8.160000000000000000e+02 6.730000000000000000e+02 6.270000000000000000e+02 7.540000000000000000e+02 7.870000000000000000e+02 7.270000000000000000e+02 6.930000000000000000e+02 7.495000000000000000e+02 7.402500000000000000e+02 9.876584389593061619e-01
8.140000000000000000e+02 8.820000000000000000e+02 8.160000000000000000e+02 6.730000000000000000e+02 6.270000000000000000e+02 7.540000000000000000e+02 7.870000000000000000e+02 7.270000000000000000e+02 7.962500000000000000e+02 7.237500000000000000e+02 9.089481946624803355e-01
1.136000000000000000e+03 8.140000000000000000e+02 8.820000000000000000e+02 8.160000000000000000e+02 6.730000000000000000e+02 6.270000000000000000e+02 7.540000000000000000e+02 7.870000000000000000e+02 9.120000000000000000e+02 7.102500000000000000e+02 7.787828947368421462e-01
8.580000000000000000e+02 1.136000000000000000e+03 8.140000000000000000e+02 8.820000000000000000e+02 8.160000000000000000e+02 6.730000000000000000e+02 6.270000000000000000e+02 7.540000000000000000e+02 9.225000000000000000e+02 7.175000000000000000e+02 7.777777777777777901e-01
8.880000000000000000e+02 8.580000000000000000e+02 1.136000000000000000e+03 8.140000000000000000e+02 8.820000000000000000e+02 8.160000000000000000e+02 6.730000000000000000e+02 6.270000000000000000e+02 9.240000000000000000e+02 7.495000000000000000e+02 8.111471861471861722e-01
8.700000000000000000e+02 8.880000000000000000e+02 8.580000000000000000e+02 1.136000000000000000e+03 8.140000000000000000e+02 8.820000000000000000e+02 8.160000000000000000e+02 6.730000000000000000e+02 9.380000000000000000e+02 7.962500000000000000e+02 8.488805970149253532e-01
8.720000000000000000e+02 8.700000000000000000e+02 8.880000000000000000e+02 8.580000000000000000e+02 1.136000000000000000e+03 8.140000000000000000e+02 8.820000000000000000e+02 8.160000000000000000e+02 8.720000000000000000e+02 9.120000000000000000e+02 1.045871559633027470e+00
8.370000000000000000e+02 8.720000000000000000e+02 8.700000000000000000e+02 8.880000000000000000e+02 8.580000000000000000e+02 1.136000000000000000e+03 8.140000000000000000e+02 8.820000000000000000e+02 8.667500000000000000e+02 9.225000000000000000e+02 1.064320738390539312e+00
8.810000000000000000e+02 8.370000000000000000e+02 8.720000000000000000e+02 8.700000000000000000e+02 8.880000000000000000e+02 8.580000000000000000e+02 1.136000000000000000e+03 8.140000000000000000e+02 8.650000000000000000e+02 9.240000000000000000e+02 1.068208092485549043e+00
7.690000000000000000e+02 8.810000000000000000e+02 8.370000000000000000e+02 8.720000000000000000e+02 8.700000000000000000e+02 8.880000000000000000e+02 8.580000000000000000e+02 1.136000000000000000e+03 8.397500000000000000e+02 9.380000000000000000e+02 1.116999106877046843e+00
7.440000000000000000e+02 7.690000000000000000e+02 8.810000000000000000e+02 8.370000000000000000e+02 8.720000000000000000e+02 8.700000000000000000e+02 8.880000000000000000e+02 8.580000000000000000e+02 8.077500000000000000e+02 8.720000000000000000e+02 1.079541937480656077e+00
7.030000000000000000e+02 7.440000000000000000e+02 7.690000000000000000e+02 8.810000000000000000e+02 8.370000000000000000e+02 8.720000000000000000e+02 8.700000000000000000e+02 8.880000000000000000e+02 7.742500000000000000e+02 8.667500000000000000e+02 1.119470455279302445e+00
5.780000000000000000e+02 7.030000000000000000e+02 7.440000000000000000e+02 7.690000000000000000e+02 8.810000000000000000e+02 8.370000000000000000e+02 8.720000000000000000e+02 8.700000000000000000e+02 6.985000000000000000e+02 8.650000000000000000e+02 1.238367931281317169e+00
5.980000000000000000e+02 5.780000000000000000e+02 7.030000000000000000e+02 7.440000000000000000e+02 7.690000000000000000e+02 8.810000000000000000e+02 8.370000000000000000e+02 8.720000000000000000e+02 6.557500000000000000e+02 8.397500000000000000e+02 1.280594738848646497e+00
5.600000000000000000e+02 5.980000000000000000e+02 5.780000000000000000e+02 7.030000000000000000e+02 7.440000000000000000e+02 7.690000000000000000e+02 8.810000000000000000e+02 8.370000000000000000e+02 6.097500000000000000e+02 8.077500000000000000e+02 1.324723247232472367e+00
7.270000000000000000e+02 5.600000000000000000e+02 5.980000000000000000e+02 5.780000000000000000e+02 7.030000000000000000e+02 7.440000000000000000e+02 7.690000000000000000e+02 8.810000000000000000e+02 6.157500000000000000e+02 7.742500000000000000e+02 1.257409663012586387e+00
6.590000000000000000e+02 7.270000000000000000e+02 5.600000000000000000e+02 5.980000000000000000e+02 5.780000000000000000e+02 7.030000000000000000e+02 7.440000000000000000e+02 7.690000000000000000e+02 6.360000000000000000e+02 6.985000000000000000e+02 1.098270440251572388e+00
6.980000000000000000e+02 6.590000000000000000e+02 7.270000000000000000e+02 5.600000000000000000e+02 5.980000000000000000e+02 5.780000000000000000e+02 7.030000000000000000e+02 7.440000000000000000e+02 6.610000000000000000e+02 6.557500000000000000e+02 9.920574886535552528e-01
3.430970873786407651e+02 6.980000000000000000e+02 6.590000000000000000e+02 7.270000000000000000e+02 5.600000000000000000e+02 5.980000000000000000e+02 5.780000000000000000e+02 7.030000000000000000e+02 6.946666666666666288e+02 6.097500000000000000e+02 8.777591170825336242e-01
