2.063482666666666603e+02 2.459587333333332992e+02 2.558034666666666510e+02 1.943366666666666731e+02 2.236458333333333428e+02 2.678704999999999927e+02 2.708076000000000363e+02 2.247579666666666753e+02 2.256117833333333351e+02 2.467704750000000047e+02 1.093783628470351044e+00
2.135339333333333514e+02 2.063482666666666603e+02 2.459587333333332992e+02 2.558034666666666510e+02 1.943366666666666731e+02 2.236458333333333428e+02 2.678704999999999927e+02 2.708076000000000363e+02 2.304110999999999763e+02 2.391651500000000397e+02 1.037993178280039785e+00
2.555700333333333276e+02 2.135339333333333514e+02 2.063482666666666603e+02 2.459587333333332992e+02 2.558034666666666510e+02 1.943366666666666731e+02 2.236458333333333428e+02 2.678704999999999927e+02 2.303527416666666454e+02 2.354141166666666720e+02 1.021972280266254085e+00
2.701310666666666407e+02 2.555700333333333276e+02 2.135339333333333514e+02 2.063482666666666603e+02 2.459587333333332992e+02 2.558034666666666510e+02 1.943366666666666731e+02 2.236458333333333428e+02 2.363958250000000021e+02 2.299361749999999915e+02 9.726744328077705504e-01
2.762402666666666278e+02 2.701310666666666407e+02 2.555700333333333276e+02 2.135339333333333514e+02 2.063482666666666603e+02 2.459587333333332992e+02 2.558034666666666510e+02 1.943366666666666731e+02 2.538688249999999869e+02 2.256117833333333351e+02 8.886943220906834418e-01
2.837143666666666491e+02 2.762402666666666278e+02 2.701310666666666407e+02 2.555700333333333276e+02 2.135339333333333514e+02 2.063482666666666603e+02 2.459587333333332992e+02 2.558034666666666510e+02 2.714139333333333184e+02 2.304110999999999763e+02 8.489287825803096821e-01
3.217725333333333424e+02 2.837143666666666491e+02 2.762402666666666278e+02 2.701310666666666407e+02 2.555700333333333276e+02 2.135339333333333514e+02 2.063482666666666603e+02 2.459587333333332992e+02 2.879645583333332866e+02 2.303527416666666454e+02 7.999343495598576492e-01
3.292435666666666521e+02 3.217725333333333424e+02 2.837143666666666491e+02 2.762402666666666278e+02 2.701310666666666407e+02 2.555700333333333276e+02 2.135339333333333514e+02 2.063482666666666603e+02 3.027426833333333320e+02 2.363958250000000021e+02 7.808473598673812965e-01
3.200254000000000474e+02 3.292435666666666521e+02 3.217725333333333424e+02 2.837143666666666491e+02 2.762402666666666278e+02 2.701310666666666407e+02 2.555700333333333276e+02 2.135339333333333514e+02 3.136889666666666585e+02 2.538688249999999869e+02 8.093010975096456283e-01
3.307502666666666755e+02 3.200254000000000474e+02 3.292435666666666521e+02 3.217725333333333424e+02 2.837143666666666491e+02 2.762402666666666278e+02 2.701310666666666407e+02 2.555700333333333276e+02 3.254479416666666793e+02 2.714139333333333184e+02 8.339703485091432000e-01
3.613806999999999903e+02 3.307502666666666755e+02 3.200254000000000474e+02 3.292435666666666521e+02 3.217725333333333424e+02 2.837143666666666491e+02 2.762402666666666278e+02 2.701310666666666407e+02 3.353499833333332845e+02 2.879645583333332866e+02 8.586985914566169775e-01
3.496573000000000206e+02 3.613806999999999903e+02 3.307502666666666755e+02 3.200254000000000474e+02 3.292435666666666521e+02 3.217725333333333424e+02 2.837143666666666491e+02 2.762402666666666278e+02 3.404534166666666692e+02 3.027426833333333320e+02 8.892337938548127152e-01
3.498405000000000200e+02 3.496573000000000206e+02 3.613806999999999903e+02 3.307502666666666755e+02 3.200254000000000474e+02 3.292435666666666521e+02 3.217725333333333424e+02 2.837143666666666491e+02 3.479071916666666766e+02 3.136889666666666585e+02 9.016455370293556815e-01
3.577040000000000077e+02 3.498405000000000200e+02 3.496573000000000206e+02 3.613806999999999903e+02 3.307502666666666755e+02 3.200254000000000474e+02 3.292435666666666521e+02 3.217725333333333424e+02 3.546456249999999955e+02 3.254479416666666793e+02 9.176708204610354302e-01
3.945153000000000247e+02 3.577040000000000077e+02 3.498405000000000200e+02 3.496573000000000206e+02 3.613806999999999903e+02 3.307502666666666755e+02 3.200254000000000474e+02 3.292435666666666521e+02 3.629292750000000183e+02 3.353499833333332845e+02 9.240091842503839192e-01
3.968366000000000327e+02 3.945153000000000247e+02 3.577040000000000077e+02 3.498405000000000200e+02 3.496573000000000206e+02 3.613806999999999903e+02 3.307502666666666755e+02 3.200254000000000474e+02 3.747241000000000213e+02 3.404534166666666692e+02 9.085442240482174414e-01
3.895545000000000186e+02 3.968366000000000327e+02 3.945153000000000247e+02 3.577040000000000077e+02 3.498405000000000200e+02 3.496573000000000206e+02 3.613806999999999903e+02 3.307502666666666755e+02 3.846526000000000067e+02 3.479071916666666766e+02 9.044711817017918598e-01
3.806947333333333177e+02 3.895545000000000186e+02 3.968366000000000327e+02 3.945153000000000247e+02 3.577040000000000077e+02 3.498405000000000200e+02 3.496573000000000206e+02 3.613806999999999903e+02 3.904002833333333342e+02 3.546456249999999955e+02 9.084153883597334556e-01
4.402590333333332637e+02 3.806947333333333177e+02 3.895545000000000186e+02 3.968366000000000327e+02 3.945153000000000247e+02 3.577040000000000077e+02 3.498405000000000200e+02 3.496573000000000206e+02 4.018362166666666440e+02 3.629292750000000183e+02 9.031771153197449831e-01
4.325095333333333656e+02 4.402590333333332637e+02 3.806947333333333177e+02 3.895545000000000186e+02 3.968366000000000327e+02 3.945153000000000247e+02 3.577040000000000077e+02 3.498405000000000200e+02 4.107544499999999630e+02 3.747241000000000213e+02 9.122825084426962050e-01
4.068682999999999197e+02 4.325095333333333656e+02 4.402590333333332637e+02 3.806947333333333177e+02 3.895545000000000186e+02 3.968366000000000327e+02 3.945153000000000247e+02 3.577040000000000077e+02 4.150828999999999382e+02 3.846526000000000067e+02 9.266886205141191546e-01
4.140746666666667011e+02 4.068682999999999197e+02 4.325095333333333656e+02 4.402590333333332637e+02 3.806947333333333177e+02 3.895545000000000186e+02 3.968366000000000327e+02 3.945153000000000247e+02 4.234278833333332841e+02 3.904002833333333342e+02 9.219994683864506380e-01
4.885270333333332928e+02 4.140746666666667011e+02 4.068682999999999197e+02 4.325095333333333656e+02 4.402590333333332637e+02 3.806947333333333177e+02 3.895545000000000186e+02 3.968366000000000327e+02 4.354948833333332914e+02 4.018362166666666440e+02 9.227116828353092437e-01
4.772566999999999666e+02 4.885270333333332928e+02 4.140746666666667011e+02 4.068682999999999197e+02 4.325095333333333656e+02 4.402590333333332637e+02 3.806947333333333177e+02 3.895545000000000186e+02 4.466816749999999274e+02 4.107544499999999630e+02 9.195686167336056815e-01
4.477055333333333351e+02 4.772566999999999666e+02 4.885270333333332928e+02 4.140746666666667011e+02 4.068682999999999197e+02 4.325095333333333656e+02 4.402590333333332637e+02 3.806947333333333177e+02 4.568909833333332813e+02 4.150828999999999382e+02 9.084944005059704120e-01
4.655431000000000381e+02 4.477055333333333351e+02 4.772566999999999666e+02 4.885270333333332928e+02 4.140746666666667011e+02 4.068682999999999197e+02 4.325095333333333656e+02 4.402590333333332637e+02 4.697580916666666440e+02 4.234278833333332841e+02 9.013743261580503541e-01
5.185276000000000067e+02 4.655431000000000381e+02 4.477055333333333351e+02 4.772566999999999666e+02 4.885270333333332928e+02 4.140746666666667011e+02 4.068682999999999197e+02 4.325095333333333656e+02 4.772582333333332940e+02 4.354948833333332914e+02 9.124931806659245526e-01
5.046638333333333435e+02 5.185276000000000067e+02 4.655431000000000381e+02 4.477055333333333351e+02 4.772566999999999666e+02 4.885270333333332928e+02 4.140746666666667011e+02 4.068682999999999197e+02 4.841100166666666951e+02 4.466816749999999274e+02 9.226862895248911789e-01
4.881394000000000233e+02 5.046638333333333435e+02 5.185276000000000067e+02 4.655431000000000381e+02 4.477055333333333351e+02 4.772566999999999666e+02 4.885270333333332928e+02 4.140746666666667011e+02 4.942184833333333813e+02 4.568909833333332813e+02 9.244716633254204119e-01
4.935005000000000450e+02 4.881394000000000233e+02 5.046638333333333435e+02 5.185276000000000067e+02 4.655431000000000381e+02 4.477055333333333351e+02 4.772566999999999666e+02 4.885270333333332928e+02 5.012078333333333831e+02 4.697580916666666440e+02 9.372520946899272065e-01
5.244763333333334003e+02 4.935005000000000450e+02 4.881394000000000233e+02 5.046638333333333435e+02 5.185276000000000067e+02 4.655431000000000381e+02 4.477055333333333351e+02 4.772566999999999666e+02 5.026950166666666746e+02 4.772582333333332940e+02 9.493991734749972489e-01
4.659389666666666585e+02 5.244763333333334003e+02 4.935005000000000450e+02 4.881394000000000233e+02 5.046638333333333435e+02 5.185276000000000067e+02 4.655431000000000381e+02 4.477055333333333351e+02 4.930138000000000602e+02 4.841100166666666951e+02 9.819400930900242797e-01
4.170349000000000501e+02 4.659389666666666585e+02 5.244763333333334003e+02 4.935005000000000450e+02 4.881394000000000233e+02 5.046638333333333435e+02 5.185276000000000067e+02 4.655431000000000381e+02 4.752376750000000811e+02 4.942184833333333813e+02 1.039939611970648770e+00
3.982088333333333594e+02 4.170349000000000501e+02 4.659389666666666585e+02 5.244763333333334003e+02 4.935005000000000450e+02 4.881394000000000233e+02 5.046638333333333435e+02 5.185276000000000067e+02 4.514147583333333387e+02 5.012078333333333831e+02 1.110304490672482380e+00
4.095302333333333422e+02 3.982088333333333594e+02 4.170349000000000501e+02 4.659389666666666585e+02 5.244763333333334003e+02 4.935005000000000450e+02 4.881394000000000233e+02 5.046638333333333435e+02 4.226782333333333668e+02 5.026950166666666746e+02 1.189308975535133150e+00
3.578670999999999935e+02 4.095302333333333422e+02 3.982088333333333594e+02 4.170349000000000501e+02 4.659389666666666585e+02 5.244763333333334003e+02 4.935005000000000450e+02 4.881394000000000233e+02 3.956602666666667005e+02 4.930138000000000602e+02 1.246053348124923410e+00
2.772000666666667144e+02 3.578670999999999935e+02 4.095302333333333422e+02 3.982088333333333594e+02 4.170349000000000501e+02 4.659389666666666585e+02 5.244763333333334003e+02 4.935005000000000450e+02 3.607015583333333666e+02 4.752376750000000811e+02 1.317537071910349189e+00
2.538055000000000234e+02 2.772000666666667144e+02 3.578670999999999935e+02 4.095302333333333422e+02 3.982088333333333594e+02 4.170349000000000501e+02 4.659389666666666585e+02 5.244763333333334003e+02 3.246007250000000113e+02 4.514147583333333387e+02 1.390676987346018079e+00
3.168784666666666112e+02 2.538055000000000234e+02 2.772000666666667144e+02 3.578670999999999935e+02 4.095302333333333422e+02 3.982088333333333594e+02 4.170349000000000501e+02 4.659389666666666585e+02 3.014377833333333001e+02 4.226782333333333668e+02 1.402207210586905894e+00
3.259198666666666782e+02 3.168784666666666112e+02 2.538055000000000234e+02 2.772000666666667144e+02 3.578670999999999935e+02 4.095302333333333422e+02 3.982088333333333594e+02 4.170349000000000501e+02 2.934509750000000281e+02 3.956602666666667005e+02 1.348301080501322691e+00
3.029490333333333183e+02 3.259198666666666782e+02 3.168784666666666112e+02 2.538055000000000234e+02 2.772000666666667144e+02 3.578670999999999935e+02 4.095302333333333422e+02 3.982088333333333594e+02 2.998882166666666080e+02 3.607015583333333666e+02 1.202786699466295905e+00
2.723135666666666452e+02 3.029490333333333183e+02 3.259198666666666782e+02 3.168784666666666112e+02 2.538055000000000234e+02 2.772000666666667144e+02 3.578670999999999935e+02 4.095302333333333422e+02 3.045152333333332990e+02 3.246007250000000113e+02 1.065958906051443389e+00
3.013354333333333557e+02 2.723135666666666452e+02 3.029490333333333183e+02 3.259198666666666782e+02 3.168784666666666112e+02 2.538055000000000234e+02 2.772000666666667144e+02 3.578670999999999935e+02 3.006294750000000136e+02 3.014377833333333001e+02 1.002688719505408832e+00
2.890017333333333340e+02 3.013354333333333557e+02 2.723135666666666452e+02 3.029490333333333183e+02 3.259198666666666782e+02 3.168784666666666112e+02 2.538055000000000234e+02 2.772000666666667144e+02 2.913999416666666775e+02 2.934509750000000281e+02 1.007038550939998167e+00
2.460953000000000372e+02 2.890017333333333340e+02 3.013354333333333557e+02 2.723135666666666452e+02 3.029490333333333183e+02 3.259198666666666782e+02 3.168784666666666112e+02 2.538055000000000234e+02 2.771865083333333359e+02 2.998882166666666080e+02 1.081900480906643258e+00
2.191224666666666963e+02 2.460953000000000372e+02 2.890017333333333340e+02 3.013354333333333557e+02 2.723135666666666452e+02 3.029490333333333183e+02 3.259198666666666782e+02 3.168784666666666112e+02 2.638887333333333913e+02 3.045152333333332990e+02 1.153953143382905111e+00
2.519414333333333218e+02 2.191224666666666963e+02 2.460953000000000372e+02 2.890017333333333340e+02 3.013354333333333557e+02 2.723135666666666452e+02 3.029490333333333183e+02 3.259198666666666782e+02 2.515402333333333331e+02 3.006294750000000136e+02 1.195154631989289618e+00
2.595425666666666871e+02 2.519414333333333218e+02 2.191224666666666963e+02 2.460953000000000372e+02 2.890017333333333340e+02 3.013354333333333557e+02 2.723135666666666452e+02 3.029490333333333183e+02 2.441754416666666998e+02 2.913999416666666775e+02 1.193403970840228645e+00
2.286033666666666875e+02 2.595425666666666871e+02 2.519414333333333218e+02 2.191224666666666963e+02 2.460953000000000372e+02 2.890017333333333340e+02 3.013354333333333557e+02 2.723135666666666452e+02 2.398024583333333339e+02 2.771865083333333359e+02 1.155895190815912965e+00
2.204444666666666706e+02 2.286033666666666875e+02 2.595425666666666871e+02 2.519414333333333218e+02 2.191224666666666963e+02 2.460953000000000372e+02 2.890017333333333340e+02 3.013354333333333557e+02 2.401329583333333346e+02 2.638887333333333913e+02 1.098927590635118801e+00
2.558691333333333375e+02 2.204444666666666706e+02 2.286033666666666875e+02 2.595425666666666871e+02 2.519414333333333218e+02 2.191224666666666963e+02 2.460953000000000372e+02 2.890017333333333340e+02 2.411148833333333528e+02 2.515402333333333331e+02 1.043238102334758333e+00
2.531583333333333314e+02 2.558691333333333375e+02 2.204444666666666706e+02 2.286033666666666875e+02 2.595425666666666871e+02 2.519414333333333218e+02 2.191224666666666963e+02 2.460953000000000372e+02 2.395188250000000210e+02 2.441754416666666998e+02 1.019441547722466757e+00
2.387206666666666877e+02 2.531583333333333314e+02 2.558691333333333375e+02 2.204444666666666706e+02 2.286033666666666875e+02 2.595425666666666871e+02 2.519414333333333218e+02 2.191224666666666963e+02 2.420481500000000210e+02 2.398024583333333339e+02 9.907221283588959482e-01
2.199974333333333334e+02 2.387206666666666877e+02 2.531583333333333314e+02 2.558691333333333375e+02 2.204444666666666706e+02 2.286033666666666875e+02 2.595425666666666871e+02 2.519414333333333218e+02 2.419363916666666796e+02 2.401329583333333346e+02 9.925458368585654556e-01
2.314011666666666827e+02 2.199974333333333334e+02 2.387206666666666877e+02 2.531583333333333314e+02 2.558691333333333375e+02 2.204444666666666706e+02 2.286033666666666875e+02 2.595425666666666871e+02 2.358194000000000017e+02 2.411148833333333528e+02 1.022455672999479148e+00
2.330805000000000007e+02 2.314011666666666827e+02 2.199974333333333334e+02 2.387206666666666877e+02 2.531583333333333314e+02 2.558691333333333375e+02 2.204444666666666706e+02 2.286033666666666875e+02 2.307999416666666832e+02 2.395188250000000210e+02 1.037776800420190826e+00
3.364566333333332864e+02 2.330805000000000007e+02 2.314011666666666827e+02 2.199974333333333334e+02 2.387206666666666877e+02 2.531583333333333314e+02 2.558691333333333375e+02 2.204444666666666706e+02 2.552339333333333116e+02 2.420481500000000210e+02 9.483384393245518629e-01
2.470243333333333169e+02 3.364566333333332864e+02 2.330805000000000007e+02 2.314011666666666827e+02 2.199974333333333334e+02 2.387206666666666877e+02 2.531583333333333314e+02 2.558691333333333375e+02 2.619906583333333288e+02 2.419363916666666796e+02 9.234542682008478609e-01
2.450276666666667040e+02 2.470243333333333169e+02 3.364566333333332864e+02 2.330805000000000007e+02 2.314011666666666827e+02 2.199974333333333334e+02 2.387206666666666877e+02 2.531583333333333314e+02 2.653972833333333483e+02 2.358194000000000017e+02 8.885524261520636458e-01
2.235348000000000184e+02 2.450276666666667040e+02 2.470243333333333169e+02 3.364566333333332864e+02 2.330805000000000007e+02 2.314011666666666827e+02 2.199974333333333334e+02 2.387206666666666877e+02 2.630108583333333172e+02 2.307999416666666832e+02 8.775300880321703634e-01
1.959249333333333425e+02 2.235348000000000184e+02 2.450276666666667040e+02 2.470243333333333169e+02 3.364566333333332864e+02 2.330805000000000007e+02 2.314011666666666827e+02 2.199974333333333334e+02 2.278779333333333454e+02 2.552339333333333116e+02 1.120046726770969947e+00
1.832374666666666769e+02 1.959249333333333425e+02 2.235348000000000184e+02 2.450276666666667040e+02 2.470243333333333169e+02 3.364566333333332864e+02 2.330805000000000007e+02 2.314011666666666827e+02 2.119312166666666997e+02 2.619906583333333288e+02 1.236206078811890929e+00
2.242919333333333327e+02 1.832374666666666769e+02 1.959249333333333425e+02 2.235348000000000184e+02 2.450276666666667040e+02 2.470243333333333169e+02 3.364566333333332864e+02 2.330805000000000007e+02 2.067472833333333426e+02 2.653972833333333483e+02 1.283679664634045592e+00
2.131243666666666741e+02 2.242919333333333327e+02 1.832374666666666769e+02 1.959249333333333425e+02 2.235348000000000184e+02 2.450276666666667040e+02 2.470243333333333169e+02 3.364566333333332864e+02 2.041446750000000065e+02 2.630108583333333172e+02 1.288355223242209524e+00
1.846702333333333570e+02 2.131243666666666741e+02 2.242919333333333327e+02 1.832374666666666769e+02 1.959249333333333425e+02 2.235348000000000184e+02 2.450276666666667040e+02 2.470243333333333169e+02 2.013310000000000173e+02 2.278779333333333454e+02 1.131857157284935411e+00
1.656987666666666712e+02 1.846702333333333570e+02 2.131243666666666741e+02 2.242919333333333327e+02 1.832374666666666769e+02 1.959249333333333425e+02 2.235348000000000184e+02 2.450276666666667040e+02 1.969463250000000016e+02 2.119312166666666997e+02 1.076086170517102536e+00
1.812383333333333439e+02 1.656987666666666712e+02 1.846702333333333570e+02 2.131243666666666741e+02 2.242919333333333327e+02 1.832374666666666769e+02 1.959249333333333425e+02 2.235348000000000184e+02 1.861829250000000116e+02 2.067472833333333426e+02 1.110452439896587373e+00
1.624204333333333352e+02 1.812383333333333439e+02 1.656987666666666712e+02 1.846702333333333570e+02 2.131243666666666741e+02 2.242919333333333327e+02 1.832374666666666769e+02 1.959249333333333425e+02 1.735069416666666768e+02 2.041446750000000065e+02 1.176579294401909781e+00
1.248072666666666493e+02 1.624204333333333352e+02 1.812383333333333439e+02 1.656987666666666712e+02 1.846702333333333570e+02 2.131243666666666741e+02 2.242919333333333327e+02 1.832374666666666769e+02 1.585412000000000035e+02 2.013310000000000173e+02 1.269897036227807030e+00
9.213093333333331714e+01 1.248072666666666493e+02 1.624204333333333352e+02 1.812383333333333439e+02 1.656987666666666712e+02 1.846702333333333570e+02 2.131243666666666741e+02 2.242919333333333327e+02 1.401492416666666543e+02 1.969463250000000016e+02 1.405261438862584145e+00
1.062597666666666640e+02 9.213093333333331714e+01 1.248072666666666493e+02 1.624204333333333352e+02 1.812383333333333439e+02 1.656987666666666712e+02 1.846702333333333570e+02 2.131243666666666741e+02 1.214045999999999879e+02 1.861829250000000116e+02 1.533573892587266396e+00
1.079440999999999917e+02 1.062597666666666640e+02 9.213093333333331714e+01 1.248072666666666493e+02 1.624204333333333352e+02 1.812383333333333439e+02 1.656987666666666712e+02 1.846702333333333570e+02 1.077855166666666520e+02 1.735069416666666768e+02 1.609742635490142737e+00
9.516063333333333674e+01 1.079440999999999917e+02 1.062597666666666640e+02 9.213093333333331714e+01 1.248072666666666493e+02 1.624204333333333352e+02 1.812383333333333439e+02 1.656987666666666712e+02 1.003738583333333310e+02 1.585412000000000035e+02 1.579506881896456605e+00
8.998726666666665608e+01 9.516063333333333674e+01 1.079440999999999917e+02 1.062597666666666640e+02 9.213093333333331714e+01 1.248072666666666493e+02 1.624204333333333352e+02 1.812383333333333439e+02 9.983794166666666570e+01 1.401492416666666543e+02 1.403767338619511085e+00
1.180116666666666703e+02 8.998726666666665608e+01 9.516063333333333674e+01 1.079440999999999917e+02 1.062597666666666640e+02 9.213093333333331714e+01 1.248072666666666493e+02 1.624204333333333352e+02 1.027759166666666601e+02 1.214045999999999879e+02 1.181255336245278009e+00
1.016941666666666606e+02 1.180116666666666703e+02 8.998726666666665608e+01 9.516063333333333674e+01 1.079440999999999917e+02 1.062597666666666640e+02 9.213093333333331714e+01 1.248072666666666493e+02 1.012134333333333274e+02 1.077855166666666520e+02 1.064932915690045112e+00
7.395143333333334112e+01 1.016941666666666606e+02 1.180116666666666703e+02 8.998726666666665608e+01 9.516063333333333674e+01 1.079440999999999917e+02 1.062597666666666640e+02 9.213093333333331714e+01 9.591113333333332491e+01 1.003738583333333310e+02 1.046529791119140240e+00
7.202643333333334397e+01 7.395143333333334112e+01 1.016941666666666606e+02 1.180116666666666703e+02 8.998726666666665608e+01 9.516063333333333674e+01 1.079440999999999917e+02 1.062597666666666640e+02 9.142092499999999688e+01 9.983794166666666570e+01 1.092068819766007337e+00
9.741093333333333248e+01 7.202643333333334397e+01 7.395143333333334112e+01 1.016941666666666606e+02 1.180116666666666703e+02 8.998726666666665608e+01 9.516063333333333674e+01 1.079440999999999917e+02 8.627074166666666599e+01 1.027759166666666601e+02 1.191318339000408510e+00
9.944330000000000780e+01 9.741093333333333248e+01 7.202643333333334397e+01 7.395143333333334112e+01 1.016941666666666606e+02 1.180116666666666703e+02 8.998726666666665608e+01 9.516063333333333674e+01 8.570802500000000634e+01 1.012134333333333274e+02 1.180909644497505573e+00
1.050096333333333405e+02 9.944330000000000780e+01 9.741093333333333248e+01 7.202643333333334397e+01 7.395143333333334112e+01 1.016941666666666606e+02 1.180116666666666703e+02 8.998726666666665608e+01 9.347257500000000618e+01 9.591113333333332491e+01 1.026088489948343785e+00
9.266873333333332141e+01 1.050096333333333405e+02 9.944330000000000780e+01 9.741093333333333248e+01 7.202643333333334397e+01 7.395143333333334112e+01 1.016941666666666606e+02 1.180116666666666703e+02 9.863315000000000055e+01 9.142092499999999688e+01 9.268782858501426469e-01
1.085587000000000018e+02 9.266873333333332141e+01 1.050096333333333405e+02 9.944330000000000780e+01 9.741093333333333248e+01 7.202643333333334397e+01 7.395143333333334112e+01 1.016941666666666606e+02 1.014200916666666785e+02 8.627074166666666599e+01 8.506277232543747457e-01
1.042164000000000073e+02 1.085587000000000018e+02 9.266873333333332141e+01 1.050096333333333405e+02 9.944330000000000780e+01 9.741093333333333248e+01 7.202643333333334397e+01 7.395143333333334112e+01 1.026133666666666642e+02 8.570802500000000634e+01 8.352520513084553677e-01
9.455616666666666958e+01 1.042164000000000073e+02 1.085587000000000018e+02 9.266873333333332141e+01 1.050096333333333405e+02 9.944330000000000780e+01 9.741093333333333248e+01 7.202643333333334397e+01 1.000000000000000000e+02 9.347257500000000618e+01 9.347257500000000219e-01
9.790910000000000935e+01 9.455616666666666958e+01 1.042164000000000073e+02 1.085587000000000018e+02 9.266873333333332141e+01 1.050096333333333405e+02 9.944330000000000780e+01 9.741093333333333248e+01 1.013100916666666649e+02 9.863315000000000055e+01 9.735767521021063686e-01
1.199150666666666751e+02 9.790910000000000935e+01 9.455616666666666958e+01 1.042164000000000073e+02 1.085587000000000018e+02 9.266873333333332141e+01 1.050096333333333405e+02 9.944330000000000780e+01 1.041491833333333403e+02 1.014200916666666785e+02 9.737963219746802457e-01
1.151790333333333365e+02 1.199150666666666751e+02 9.790910000000000935e+01 9.455616666666666958e+01 1.042164000000000073e+02 1.085587000000000018e+02 9.266873333333332141e+01 1.050096333333333405e+02 1.068898416666666833e+02 1.026133666666666642e+02 9.599917547512503146e-01
1.021388333333333236e+02 1.151790333333333365e+02 1.199150666666666751e+02 9.790910000000000935e+01 9.455616666666666958e+01 1.042164000000000073e+02 1.085587000000000018e+02 9.266873333333332141e+01 1.087855083333333397e+02 1.000000000000000000e+02 9.192400856701118395e-01
9.227700000000000102e+01 1.021388333333333236e+02 1.151790333333333365e+02 1.199150666666666751e+02 9.790910000000000935e+01 9.455616666666666958e+01 1.042164000000000073e+02 1.085587000000000018e+02 1.073774833333333447e+02 1.013100916666666649e+02 9.434947488214862066e-01
1.082117999999999967e+02 9.227700000000000102e+01 1.021388333333333236e+02 1.151790333333333365e+02 1.199150666666666751e+02 9.790910000000000935e+01 9.455616666666666958e+01 1.042164000000000073e+02 1.044516666666666680e+02 1.041491833333333403e+02 9.971040832282874744e-01
1.081039333333333303e+02 1.082117999999999967e+02 9.227700000000000102e+01 1.021388333333333236e+02 1.151790333333333365e+02 1.199150666666666751e+02 9.790910000000000935e+01 9.455616666666666958e+01 1.026828916666666629e+02 1.068898416666666833e+02 1.040970310941931709e+00
9.899923333333333630e+01 1.081039333333333303e+02 1.082117999999999967e+02 9.227700000000000102e+01 1.021388333333333236e+02 1.151790333333333365e+02 1.199150666666666751e+02 9.790910000000000935e+01 1.018979916666666554e+02 1.087855083333333397e+02 1.067592270995854742e+00
9.771656666666666524e+01 9.899923333333333630e+01 1.081039333333333303e+02 1.082117999999999967e+02 9.227700000000000102e+01 1.021388333333333236e+02 1.151790333333333365e+02 1.199150666666666751e+02 1.032578833333333250e+02 1.073774833333333447e+02 1.039896227455111344e+00
1.136557666666666790e+02 9.771656666666666524e+01 9.899923333333333630e+01 1.081039333333333303e+02 1.082117999999999967e+02 9.227700000000000102e+01 1.021388333333333236e+02 1.151790333333333365e+02 1.046188750000000027e+02 1.044516666666666680e+02 9.984017383733735373e-01
1.172927999999999997e+02 1.136557666666666790e+02 9.771656666666666524e+01 9.899923333333333630e+01 1.081039333333333303e+02 1.082117999999999967e+02 9.227700000000000102e+01 1.021388333333333236e+02 1.069160916666666736e+02 1.026828916666666629e+02 9.604063342195682251e-01
1.160573333333333181e+02 1.172927999999999997e+02 1.136557666666666790e+02 9.771656666666666524e+01 9.899923333333333630e+01 1.081039333333333303e+02 1.082117999999999967e+02 9.227700000000000102e+01 1.111806166666666655e+02 1.018979916666666554e+02 9.165086030433661213e-01
1.206849000000000132e+02 1.160573333333333181e+02 1.172927999999999997e+02 1.136557666666666790e+02 9.771656666666666524e+01 9.899923333333333630e+01 1.081039333333333303e+02 1.082117999999999967e+02 1.169227000000000061e+02 1.032578833333333250e+02 8.831294807024925309e-01
1.266889666666666727e+02 1.206849000000000132e+02 1.160573333333333181e+02 1.172927999999999997e+02 1.136557666666666790e+02 9.771656666666666524e+01 9.899923333333333630e+01 1.081039333333333303e+02 1.201809999999999974e+02 1.046188750000000027e+02 8.705109376690159939e-01
1.191947666666666663e+02 1.266889666666666727e+02 1.206849000000000132e+02 1.160573333333333181e+02 1.172927999999999997e+02 1.136557666666666790e+02 9.771656666666666524e+01 9.899923333333333630e+01 1.206564916666666676e+02 1.069160916666666736e+02 8.861196790143699431e-01
1.292211000000000070e+02 1.191947666666666663e+02 1.266889666666666727e+02 1.206849000000000132e+02 1.160573333333333181e+02 1.172927999999999997e+02 1.136557666666666790e+02 9.771656666666666524e+01 1.239474333333333362e+02 1.111806166666666655e+02 8.969981360377772273e-01
1.412132666666666694e+02 1.292211000000000070e+02 1.191947666666666663e+02 1.266889666666666727e+02 1.206849000000000132e+02 1.160573333333333181e+02 1.172927999999999997e+02 1.136557666666666790e+02 1.290795250000000181e+02 1.169227000000000061e+02 9.058191064771891066e-01
1.411347333333333154e+02 1.412132666666666694e+02 1.292211000000000070e+02 1.191947666666666663e+02 1.266889666666666727e+02 1.206849000000000132e+02 1.160573333333333181e+02 1.172927999999999997e+02 1.326909666666666396e+02 1.201809999999999974e+02 9.057210375285533743e-01
1.314434333333333313e+02 1.411347333333333154e+02 1.412132666666666694e+02 1.292211000000000070e+02 1.191947666666666663e+02 1.266889666666666727e+02 1.206849000000000132e+02 1.160573333333333181e+02 1.357531333333333237e+02 1.206564916666666676e+02 8.887934201150422542e-01
