5.686630000000000000e+05 5.958040000000000000e+05 5.999860000000000000e+05 6.016110000000000000e+05 5.731840000000000000e+05 6.042450000000000000e+05 6.237080000000000000e+05 6.047390000000000000e+05 5.915160000000000000e+05 6.014690000000000000e+05 1.016826256601681022e+00
5.838990000000000000e+05 5.686630000000000000e+05 5.958040000000000000e+05 5.999860000000000000e+05 6.016110000000000000e+05 5.731840000000000000e+05 6.042450000000000000e+05 6.237080000000000000e+05 5.870880000000000000e+05 6.006870000000000000e+05 1.023163478047584007e+00
5.812020000000000000e+05 5.838990000000000000e+05 5.686630000000000000e+05 5.958040000000000000e+05 5.999860000000000000e+05 6.016110000000000000e+05 5.731840000000000000e+05 6.042450000000000000e+05 5.823920000000000000e+05 5.947565000000000000e+05 1.021230545749254759e+00
5.715440000000000000e+05 5.812020000000000000e+05 5.838990000000000000e+05 5.686630000000000000e+05 5.958040000000000000e+05 5.999860000000000000e+05 6.016110000000000000e+05 5.731840000000000000e+05 5.763270000000000000e+05 5.926462500000000000e+05 1.028315956045786406e+00
5.878350000000000000e+05 5.715440000000000000e+05 5.812020000000000000e+05 5.838990000000000000e+05 5.686630000000000000e+05 5.958040000000000000e+05 5.999860000000000000e+05 6.016110000000000000e+05 5.811200000000000000e+05 5.915160000000000000e+05 1.017889592511013186e+00
5.596440000000000000e+05 5.878350000000000000e+05 5.715440000000000000e+05 5.812020000000000000e+05 5.838990000000000000e+05 5.686630000000000000e+05 5.958040000000000000e+05 5.999860000000000000e+05 5.750562500000000000e+05 5.870880000000000000e+05 1.020922735819322025e+00
6.006550000000000000e+05 5.596440000000000000e+05 5.878350000000000000e+05 5.715440000000000000e+05 5.812020000000000000e+05 5.838990000000000000e+05 5.686630000000000000e+05 5.958040000000000000e+05 5.799195000000000000e+05 5.823920000000000000e+05 1.004263522782041340e+00
5.993330000000000000e+05 6.006550000000000000e+05 5.596440000000000000e+05 5.878350000000000000e+05 5.715440000000000000e+05 5.812020000000000000e+05 5.838990000000000000e+05 5.686630000000000000e+05 5.868667500000000000e+05 5.763270000000000000e+05 9.820406421048730738e-01
6.491260000000000000e+05 5.993330000000000000e+05 6.006550000000000000e+05 5.596440000000000000e+05 5.878350000000000000e+05 5.715440000000000000e+05 5.812020000000000000e+05 5.838990000000000000e+05 6.021895000000000000e+05 5.811200000000000000e+05 9.650118442782545936e-01
6.871150000000000000e+05 6.491260000000000000e+05 5.993330000000000000e+05 6.006550000000000000e+05 5.596440000000000000e+05 5.878350000000000000e+05 5.715440000000000000e+05 5.812020000000000000e+05 6.340572500000000000e+05 5.750562500000000000e+05 9.069468884710332190e-01
7.118980000000000000e+05 6.871150000000000000e+05 6.491260000000000000e+05 5.993330000000000000e+05 6.006550000000000000e+05 5.596440000000000000e+05 5.878350000000000000e+05 5.715440000000000000e+05 6.618680000000000000e+05 5.799195000000000000e+05 8.761860370950098620e-01
7.424770000000000000e+05 7.118980000000000000e+05 6.871150000000000000e+05 6.491260000000000000e+05 5.993330000000000000e+05 6.006550000000000000e+05 5.596440000000000000e+05 5.878350000000000000e+05 6.976540000000000000e+05 5.868667500000000000e+05 8.412002941286081947e-01
7.691820000000000000e+05 7.424770000000000000e+05 7.118980000000000000e+05 6.871150000000000000e+05 6.491260000000000000e+05 5.993330000000000000e+05 6.006550000000000000e+05 5.596440000000000000e+05 7.276680000000000000e+05 6.021895000000000000e+05 8.275607832143230258e-01
7.633850000000000000e+05 7.691820000000000000e+05 7.424770000000000000e+05 7.118980000000000000e+05 6.871150000000000000e+05 6.491260000000000000e+05 5.993330000000000000e+05 6.006550000000000000e+05 7.467355000000000000e+05 6.340572500000000000e+05 8.491055400473126458e-01
7.681980000000000000e+05 7.633850000000000000e+05 7.691820000000000000e+05 7.424770000000000000e+05 7.118980000000000000e+05 6.871150000000000000e+05 6.491260000000000000e+05 5.993330000000000000e+05 7.608105000000000000e+05 6.618680000000000000e+05 8.699511902109657857e-01
8.048000000000000000e+05 7.681980000000000000e+05 7.633850000000000000e+05 7.691820000000000000e+05 7.424770000000000000e+05 7.118980000000000000e+05 6.871150000000000000e+05 6.491260000000000000e+05 7.763912500000000000e+05 6.976540000000000000e+05 8.985856035858209578e-01
8.021800000000000000e+05 8.048000000000000000e+05 7.681980000000000000e+05 7.633850000000000000e+05 7.691820000000000000e+05 7.424770000000000000e+05 7.118980000000000000e+05 6.871150000000000000e+05 7.846407500000000000e+05 7.276680000000000000e+05 9.273900189354172818e-01
8.552050000000000000e+05 8.021800000000000000e+05 8.048000000000000000e+05 7.681980000000000000e+05 7.633850000000000000e+05 7.691820000000000000e+05 7.424770000000000000e+05 7.118980000000000000e+05 8.075957500000000000e+05 7.467355000000000000e+05 9.246402052016742257e-01
8.727160000000000000e+05 8.552050000000000000e+05 8.021800000000000000e+05 8.048000000000000000e+05 7.681980000000000000e+05 7.633850000000000000e+05 7.691820000000000000e+05 7.424770000000000000e+05 8.337252500000000000e+05 7.608105000000000000e+05 9.125434308244831927e-01
8.762350000000000000e+05 8.727160000000000000e+05 8.552050000000000000e+05 8.021800000000000000e+05 8.048000000000000000e+05 7.681980000000000000e+05 7.633850000000000000e+05 7.691820000000000000e+05 8.515840000000000000e+05 7.763912500000000000e+05 9.117024861904403643e-01
8.838670000000000000e+05 8.762350000000000000e+05 8.727160000000000000e+05 8.552050000000000000e+05 8.021800000000000000e+05 8.048000000000000000e+05 7.681980000000000000e+05 7.633850000000000000e+05 8.720057500000000000e+05 7.846407500000000000e+05 8.998114404635519925e-01
9.285430000000000000e+05 8.838670000000000000e+05 8.762350000000000000e+05 8.727160000000000000e+05 8.552050000000000000e+05 8.021800000000000000e+05 8.048000000000000000e+05 7.681980000000000000e+05 8.903402500000000000e+05 8.075957500000000000e+05 9.070641813621252991e-01
9.366050000000000000e+05 9.285430000000000000e+05 8.838670000000000000e+05 8.762350000000000000e+05 8.727160000000000000e+05 8.552050000000000000e+05 8.021800000000000000e+05 8.048000000000000000e+05 9.063125000000000000e+05 8.337252500000000000e+05 9.199092476380938965e-01
9.802870000000000000e+05 9.366050000000000000e+05 9.285430000000000000e+05 8.838670000000000000e+05 8.762350000000000000e+05 8.727160000000000000e+05 8.552050000000000000e+05 8.021800000000000000e+05 9.323255000000000000e+05 8.515840000000000000e+05 9.133977350185101818e-01
9.699600000000000000e+05 9.802870000000000000e+05 9.366050000000000000e+05 9.285430000000000000e+05 8.838670000000000000e+05 8.762350000000000000e+05 8.727160000000000000e+05 8.552050000000000000e+05 9.538487500000000000e+05 8.720057500000000000e+05 9.141970883748602450e-01
9.010760000000000000e+05 9.699600000000000000e+05 9.802870000000000000e+05 9.366050000000000000e+05 9.285430000000000000e+05 8.838670000000000000e+05 8.762350000000000000e+05 8.727160000000000000e+05 9.469820000000000000e+05 8.903402500000000000e+05 9.401870890893385679e-01
9.128130000000000000e+05 9.010760000000000000e+05 9.699600000000000000e+05 9.802870000000000000e+05 9.366050000000000000e+05 9.285430000000000000e+05 8.838670000000000000e+05 8.762350000000000000e+05 9.410340000000000000e+05 9.063125000000000000e+05 9.631028209395197104e-01
9.531750000000000000e+05 9.128130000000000000e+05 9.010760000000000000e+05 9.699600000000000000e+05 9.802870000000000000e+05 9.366050000000000000e+05 9.285430000000000000e+05 8.838670000000000000e+05 9.342560000000000000e+05 9.323255000000000000e+05 9.979336498775496223e-01
9.254660000000000000e+05 9.531750000000000000e+05 9.128130000000000000e+05 9.010760000000000000e+05 9.699600000000000000e+05 9.802870000000000000e+05 9.366050000000000000e+05 9.285430000000000000e+05 9.231325000000000000e+05 9.538487500000000000e+05 1.033273934131882399e+00
9.383580000000000000e+05 9.254660000000000000e+05 9.531750000000000000e+05 9.128130000000000000e+05 9.010760000000000000e+05 9.699600000000000000e+05 9.802870000000000000e+05 9.366050000000000000e+05 9.324530000000000000e+05 9.469820000000000000e+05 1.015581482391069601e+00
9.391650000000000000e+05 9.383580000000000000e+05 9.254660000000000000e+05 9.531750000000000000e+05 9.128130000000000000e+05 9.010760000000000000e+05 9.699600000000000000e+05 9.802870000000000000e+05 9.390410000000000000e+05 9.410340000000000000e+05 1.002122378043131201e+00
9.390000000000000000e+05 9.391650000000000000e+05 9.383580000000000000e+05 9.254660000000000000e+05 9.531750000000000000e+05 9.128130000000000000e+05 9.010760000000000000e+05 9.699600000000000000e+05 9.354972500000000000e+05 9.342560000000000000e+05 9.986731655277447661e-01
9.137340000000000000e+05 9.390000000000000000e+05 9.391650000000000000e+05 9.383580000000000000e+05 9.254660000000000000e+05 9.531750000000000000e+05 9.128130000000000000e+05 9.010760000000000000e+05 9.325642500000000000e+05 9.231325000000000000e+05 9.898862196358052534e-01
9.366310000000000000e+05 9.137340000000000000e+05 9.390000000000000000e+05 9.391650000000000000e+05 9.383580000000000000e+05 9.254660000000000000e+05 9.531750000000000000e+05 9.128130000000000000e+05 9.321325000000000000e+05 9.324530000000000000e+05 1.000343835238016066e+00
9.388100000000000000e+05 9.366310000000000000e+05 9.137340000000000000e+05 9.390000000000000000e+05 9.391650000000000000e+05 9.383580000000000000e+05 9.254660000000000000e+05 9.531750000000000000e+05 9.320437500000000000e+05 9.390410000000000000e+05 1.007507426555888541e+00
9.183830000000000000e+05 9.388100000000000000e+05 9.366310000000000000e+05 9.137340000000000000e+05 9.390000000000000000e+05 9.391650000000000000e+05 9.383580000000000000e+05 9.254660000000000000e+05 9.268895000000000000e+05 9.354972500000000000e+05 1.009286705696849529e+00
8.852010000000000000e+05 9.183830000000000000e+05 9.388100000000000000e+05 9.366310000000000000e+05 9.137340000000000000e+05 9.390000000000000000e+05 9.391650000000000000e+05 9.383580000000000000e+05 9.197562500000000000e+05 9.325642500000000000e+05 1.013925428612200141e+00
7.553130000000000000e+05 8.852010000000000000e+05 9.183830000000000000e+05 9.388100000000000000e+05 9.366310000000000000e+05 9.137340000000000000e+05 9.390000000000000000e+05 9.391650000000000000e+05 8.744267500000000000e+05 9.321325000000000000e+05 1.065992663193343626e+00
8.661810000000000000e+05 7.553130000000000000e+05 8.852010000000000000e+05 9.183830000000000000e+05 9.388100000000000000e+05 9.366310000000000000e+05 9.137340000000000000e+05 9.390000000000000000e+05 8.562695000000000000e+05 9.320437500000000000e+05 1.088493459127062302e+00
8.984650000000000000e+05 8.661810000000000000e+05 7.553130000000000000e+05 8.852010000000000000e+05 9.183830000000000000e+05 9.388100000000000000e+05 9.366310000000000000e+05 9.137340000000000000e+05 8.512900000000000000e+05 9.268895000000000000e+05 1.088805812355366553e+00
7.952020000000000000e+05 8.984650000000000000e+05 8.661810000000000000e+05 7.553130000000000000e+05 8.852010000000000000e+05 9.183830000000000000e+05 9.388100000000000000e+05 9.366310000000000000e+05 8.287902500000000000e+05 9.197562500000000000e+05 1.109757565318848727e+00
8.782690000000000000e+05 7.952020000000000000e+05 8.984650000000000000e+05 8.661810000000000000e+05 7.553130000000000000e+05 8.852010000000000000e+05 9.183830000000000000e+05 9.388100000000000000e+05 8.595292500000000000e+05 8.744267500000000000e+05 1.017332161761801634e+00
8.777490000000000000e+05 8.782690000000000000e+05 7.952020000000000000e+05 8.984650000000000000e+05 8.661810000000000000e+05 7.553130000000000000e+05 8.852010000000000000e+05 9.183830000000000000e+05 8.624212500000000000e+05 8.562695000000000000e+05 9.928668849474662217e-01
8.800300000000000000e+05 8.777490000000000000e+05 8.782690000000000000e+05 7.952020000000000000e+05 8.984650000000000000e+05 8.661810000000000000e+05 7.553130000000000000e+05 8.852010000000000000e+05 8.578125000000000000e+05 8.512900000000000000e+05 9.923963570127504186e-01
8.902210000000000000e+05 8.800300000000000000e+05 8.777490000000000000e+05 8.782690000000000000e+05 7.952020000000000000e+05 8.984650000000000000e+05 8.661810000000000000e+05 7.553130000000000000e+05 8.815672500000000000e+05 8.287902500000000000e+05 9.401327578809217655e-01
9.565410000000000000e+05 8.902210000000000000e+05 8.800300000000000000e+05 8.777490000000000000e+05 8.782690000000000000e+05 7.952020000000000000e+05 8.984650000000000000e+05 8.661810000000000000e+05 9.011352500000000000e+05 8.595292500000000000e+05 9.538293502556913772e-01
9.071690000000000000e+05 9.565410000000000000e+05 8.902210000000000000e+05 8.800300000000000000e+05 8.777490000000000000e+05 8.782690000000000000e+05 7.952020000000000000e+05 8.984650000000000000e+05 9.084902500000000000e+05 8.624212500000000000e+05 9.492905950284001859e-01
9.688410000000000000e+05 9.071690000000000000e+05 9.565410000000000000e+05 8.902210000000000000e+05 8.800300000000000000e+05 8.777490000000000000e+05 8.782690000000000000e+05 7.952020000000000000e+05 9.306930000000000000e+05 8.578125000000000000e+05 9.216922228919740556e-01
9.679500000000000000e+05 9.688410000000000000e+05 9.071690000000000000e+05 9.565410000000000000e+05 8.902210000000000000e+05 8.800300000000000000e+05 8.777490000000000000e+05 8.782690000000000000e+05 9.501252500000000000e+05 8.815672500000000000e+05 9.278431975152749978e-01
1.041674000000000000e+06 9.679500000000000000e+05 9.688410000000000000e+05 9.071690000000000000e+05 9.565410000000000000e+05 8.902210000000000000e+05 8.800300000000000000e+05 8.777490000000000000e+05 9.714085000000000000e+05 9.011352500000000000e+05 9.276583950006613843e-01
1.121626000000000000e+06 1.041674000000000000e+06 9.679500000000000000e+05 9.688410000000000000e+05 9.071690000000000000e+05 9.565410000000000000e+05 8.902210000000000000e+05 8.800300000000000000e+05 1.025022750000000000e+06 9.084902500000000000e+05 8.863122794103838187e-01
1.149064000000000000e+06 1.121626000000000000e+06 1.041674000000000000e+06 9.679500000000000000e+05 9.688410000000000000e+05 9.071690000000000000e+05 9.565410000000000000e+05 8.902210000000000000e+05 1.070078500000000000e+06 9.306930000000000000e+05 8.697427338274715813e-01
1.131921000000000000e+06 1.149064000000000000e+06 1.121626000000000000e+06 1.041674000000000000e+06 9.679500000000000000e+05 9.688410000000000000e+05 9.071690000000000000e+05 9.565410000000000000e+05 1.111071250000000000e+06 9.501252500000000000e+05 8.551434032695922616e-01
1.259985000000000000e+06 1.131921000000000000e+06 1.149064000000000000e+06 1.121626000000000000e+06 1.041674000000000000e+06 9.679500000000000000e+05 9.688410000000000000e+05 9.071690000000000000e+05 1.165649000000000000e+06 9.714085000000000000e+05 8.333627875972955401e-01
1.380299000000000000e+06 1.259985000000000000e+06 1.131921000000000000e+06 1.149064000000000000e+06 1.121626000000000000e+06 1.041674000000000000e+06 9.679500000000000000e+05 9.688410000000000000e+05 1.230317250000000000e+06 1.025022750000000000e+06 8.331369408987803205e-01
1.463772000000000000e+06 1.380299000000000000e+06 1.259985000000000000e+06 1.131921000000000000e+06 1.149064000000000000e+06 1.121626000000000000e+06 1.041674000000000000e+06 9.679500000000000000e+05 1.308994250000000000e+06 1.070078500000000000e+06 8.174814366067688631e-01
1.702475000000000000e+06 1.463772000000000000e+06 1.380299000000000000e+06 1.259985000000000000e+06 1.131921000000000000e+06 1.149064000000000000e+06 1.121626000000000000e+06 1.041674000000000000e+06 1.451632750000000000e+06 1.111071250000000000e+06 7.653941742496509493e-01
1.485288000000000000e+06 1.702475000000000000e+06 1.463772000000000000e+06 1.380299000000000000e+06 1.259985000000000000e+06 1.131921000000000000e+06 1.149064000000000000e+06 1.121626000000000000e+06 1.507958500000000000e+06 1.165649000000000000e+06 7.729980632756140446e-01
1.502926000000000000e+06 1.485288000000000000e+06 1.702475000000000000e+06 1.463772000000000000e+06 1.380299000000000000e+06 1.259985000000000000e+06 1.131921000000000000e+06 1.149064000000000000e+06 1.538615250000000000e+06 1.230317250000000000e+06 7.996263198353193991e-01
1.565088000000000000e+06 1.502926000000000000e+06 1.485288000000000000e+06 1.702475000000000000e+06 1.463772000000000000e+06 1.380299000000000000e+06 1.259985000000000000e+06 1.131921000000000000e+06 1.563944250000000000e+06 1.308994250000000000e+06 8.369826801690660734e-01
1.434163000000000000e+06 1.565088000000000000e+06 1.502926000000000000e+06 1.485288000000000000e+06 1.702475000000000000e+06 1.463772000000000000e+06 1.380299000000000000e+06 1.259985000000000000e+06 1.496866250000000000e+06 1.451632750000000000e+06 9.697812012262284620e-01
1.477749000000000000e+06 1.434163000000000000e+06 1.565088000000000000e+06 1.502926000000000000e+06 1.485288000000000000e+06 1.702475000000000000e+06 1.463772000000000000e+06 1.380299000000000000e+06 1.494981500000000000e+06 1.507958500000000000e+06 1.008680374974539884e+00
1.534103000000000000e+06 1.477749000000000000e+06 1.434163000000000000e+06 1.565088000000000000e+06 1.502926000000000000e+06 1.485288000000000000e+06 1.702475000000000000e+06 1.463772000000000000e+06 1.502775750000000000e+06 1.538615250000000000e+06 1.023848867670375862e+00
1.396067000000000000e+06 1.534103000000000000e+06 1.477749000000000000e+06 1.434163000000000000e+06 1.565088000000000000e+06 1.502926000000000000e+06 1.485288000000000000e+06 1.702475000000000000e+06 1.460520500000000000e+06 1.563944250000000000e+06 1.070812939633507321e+00
1.395838000000000000e+06 1.396067000000000000e+06 1.534103000000000000e+06 1.477749000000000000e+06 1.434163000000000000e+06 1.565088000000000000e+06 1.502926000000000000e+06 1.485288000000000000e+06 1.450939250000000000e+06 1.496866250000000000e+06 1.031653289412358232e+00
1.304140000000000000e+06 1.395838000000000000e+06 1.396067000000000000e+06 1.534103000000000000e+06 1.477749000000000000e+06 1.434163000000000000e+06 1.565088000000000000e+06 1.502926000000000000e+06 1.407537000000000000e+06 1.494981500000000000e+06 1.062125897933766661e+00
1.292793000000000000e+06 1.304140000000000000e+06 1.395838000000000000e+06 1.396067000000000000e+06 1.534103000000000000e+06 1.477749000000000000e+06 1.434163000000000000e+06 1.565088000000000000e+06 1.347209500000000000e+06 1.502775750000000000e+06 1.115472946115656061e+00
1.384542000000000000e+06 1.292793000000000000e+06 1.304140000000000000e+06 1.395838000000000000e+06 1.396067000000000000e+06 1.534103000000000000e+06 1.477749000000000000e+06 1.434163000000000000e+06 1.344328250000000000e+06 1.460520500000000000e+06 1.086431457495593111e+00
1.285752000000000000e+06 1.384542000000000000e+06 1.292793000000000000e+06 1.304140000000000000e+06 1.395838000000000000e+06 1.396067000000000000e+06 1.534103000000000000e+06 1.477749000000000000e+06 1.316806750000000000e+06 1.450939250000000000e+06 1.101861947472550618e+00
1.094763000000000000e+06 1.285752000000000000e+06 1.384542000000000000e+06 1.292793000000000000e+06 1.304140000000000000e+06 1.395838000000000000e+06 1.396067000000000000e+06 1.534103000000000000e+06 1.264462500000000000e+06 1.407537000000000000e+06 1.113150449301580691e+00
1.061766000000000000e+06 1.094763000000000000e+06 1.285752000000000000e+06 1.384542000000000000e+06 1.292793000000000000e+06 1.304140000000000000e+06 1.395838000000000000e+06 1.396067000000000000e+06 1.206705750000000000e+06 1.347209500000000000e+06 1.116435800525521715e+00
1.091179000000000000e+06 1.061766000000000000e+06 1.094763000000000000e+06 1.285752000000000000e+06 1.384542000000000000e+06 1.292793000000000000e+06 1.304140000000000000e+06 1.395838000000000000e+06 1.133365000000000000e+06 1.344328250000000000e+06 1.186138843179381785e+00
1.209279000000000000e+06 1.091179000000000000e+06 1.061766000000000000e+06 1.094763000000000000e+06 1.285752000000000000e+06 1.384542000000000000e+06 1.292793000000000000e+06 1.304140000000000000e+06 1.114246750000000000e+06 1.316806750000000000e+06 1.181790972242010129e+00
1.239963000000000000e+06 1.209279000000000000e+06 1.091179000000000000e+06 1.061766000000000000e+06 1.094763000000000000e+06 1.285752000000000000e+06 1.384542000000000000e+06 1.292793000000000000e+06 1.150546750000000000e+06 1.264462500000000000e+06 1.099010101067166456e+00
1.308101000000000000e+06 1.239963000000000000e+06 1.209279000000000000e+06 1.091179000000000000e+06 1.061766000000000000e+06 1.094763000000000000e+06 1.285752000000000000e+06 1.384542000000000000e+06 1.212130500000000000e+06 1.206705750000000000e+06 9.955246155426333843e-01
1.406292000000000000e+06 1.308101000000000000e+06 1.239963000000000000e+06 1.209279000000000000e+06 1.091179000000000000e+06 1.061766000000000000e+06 1.094763000000000000e+06 1.285752000000000000e+06 1.290908750000000000e+06 1.133365000000000000e+06 8.779590346722803140e-01
1.376368000000000000e+06 1.406292000000000000e+06 1.308101000000000000e+06 1.239963000000000000e+06 1.209279000000000000e+06 1.091179000000000000e+06 1.061766000000000000e+06 1.094763000000000000e+06 1.332681000000000000e+06 1.114246750000000000e+06 8.360941215489677836e-01
1.283027000000000000e+06 1.376368000000000000e+06 1.406292000000000000e+06 1.308101000000000000e+06 1.239963000000000000e+06 1.209279000000000000e+06 1.091179000000000000e+06 1.061766000000000000e+06 1.343447000000000000e+06 1.150546750000000000e+06 8.564139485964090692e-01
1.406521000000000000e+06 1.283027000000000000e+06 1.376368000000000000e+06 1.406292000000000000e+06 1.308101000000000000e+06 1.239963000000000000e+06 1.209279000000000000e+06 1.091179000000000000e+06 1.368052000000000000e+06 1.212130500000000000e+06 8.860266276428089283e-01
1.436353000000000000e+06 1.406521000000000000e+06 1.283027000000000000e+06 1.376368000000000000e+06 1.406292000000000000e+06 1.308101000000000000e+06 1.239963000000000000e+06 1.209279000000000000e+06 1.375567250000000000e+06 1.290908750000000000e+06 9.384555716923327351e-01
1.482356000000000000e+06 1.436353000000000000e+06 1.406521000000000000e+06 1.283027000000000000e+06 1.376368000000000000e+06 1.406292000000000000e+06 1.308101000000000000e+06 1.239963000000000000e+06 1.402064250000000000e+06 1.332681000000000000e+06 9.505135017885235627e-01
1.508115000000000000e+06 1.482356000000000000e+06 1.436353000000000000e+06 1.406521000000000000e+06 1.283027000000000000e+06 1.376368000000000000e+06 1.406292000000000000e+06 1.308101000000000000e+06 1.458336250000000000e+06 1.343447000000000000e+06 9.212189575620848281e-01
1.569298000000000000e+06 1.508115000000000000e+06 1.482356000000000000e+06 1.436353000000000000e+06 1.406521000000000000e+06 1.283027000000000000e+06 1.376368000000000000e+06 1.406292000000000000e+06 1.499030500000000000e+06 1.368052000000000000e+06 9.126245263188440537e-01
1.517279000000000000e+06 1.569298000000000000e+06 1.508115000000000000e+06 1.482356000000000000e+06 1.436353000000000000e+06 1.406521000000000000e+06 1.283027000000000000e+06 1.376368000000000000e+06 1.519262000000000000e+06 1.375567250000000000e+06 9.054180582414356193e-01
1.545733000000000000e+06 1.517279000000000000e+06 1.569298000000000000e+06 1.508115000000000000e+06 1.482356000000000000e+06 1.436353000000000000e+06 1.406521000000000000e+06 1.283027000000000000e+06 1.535106250000000000e+06 1.402064250000000000e+06 9.133336861862167977e-01
1.576150000000000000e+06 1.545733000000000000e+06 1.517279000000000000e+06 1.569298000000000000e+06 1.508115000000000000e+06 1.482356000000000000e+06 1.436353000000000000e+06 1.406521000000000000e+06 1.552115000000000000e+06 1.458336250000000000e+06 9.395800246760066532e-01
1.581047000000000000e+06 1.576150000000000000e+06 1.545733000000000000e+06 1.517279000000000000e+06 1.569298000000000000e+06 1.508115000000000000e+06 1.482356000000000000e+06 1.436353000000000000e+06 1.555052250000000000e+06 1.499030500000000000e+06 9.639743616331862830e-01
1.486064000000000000e+06 1.581047000000000000e+06 1.576150000000000000e+06 1.545733000000000000e+06 1.517279000000000000e+06 1.569298000000000000e+06 1.508115000000000000e+06 1.482356000000000000e+06 1.547248500000000000e+06 1.519262000000000000e+06 9.819120845811128984e-01
1.561232000000000000e+06 1.486064000000000000e+06 1.581047000000000000e+06 1.576150000000000000e+06 1.545733000000000000e+06 1.517279000000000000e+06 1.569298000000000000e+06 1.508115000000000000e+06 1.551123250000000000e+06 1.535106250000000000e+06 9.896739346792718939e-01
1.493548000000000000e+06 1.561232000000000000e+06 1.486064000000000000e+06 1.581047000000000000e+06 1.576150000000000000e+06 1.545733000000000000e+06 1.517279000000000000e+06 1.569298000000000000e+06 1.530472750000000000e+06 1.552115000000000000e+06 1.014140892087101786e+00
1.615798000000000000e+06 1.493548000000000000e+06 1.561232000000000000e+06 1.486064000000000000e+06 1.581047000000000000e+06 1.576150000000000000e+06 1.545733000000000000e+06 1.517279000000000000e+06 1.539160500000000000e+06 1.555052250000000000e+06 1.010324946618627484e+00
1.696473000000000000e+06 1.615798000000000000e+06 1.493548000000000000e+06 1.561232000000000000e+06 1.486064000000000000e+06 1.581047000000000000e+06 1.576150000000000000e+06 1.545733000000000000e+06 1.591762750000000000e+06 1.547248500000000000e+06 9.720346201090583893e-01
1.704935000000000000e+06 1.696473000000000000e+06 1.615798000000000000e+06 1.493548000000000000e+06 1.561232000000000000e+06 1.486064000000000000e+06 1.581047000000000000e+06 1.576150000000000000e+06 1.627688500000000000e+06 1.551123250000000000e+06 9.529607477106337710e-01
1.652303000000000000e+06 1.704935000000000000e+06 1.696473000000000000e+06 1.615798000000000000e+06 1.493548000000000000e+06 1.561232000000000000e+06 1.486064000000000000e+06 1.581047000000000000e+06 1.667377250000000000e+06 1.530472750000000000e+06 9.178923066150747045e-01
1.676952000000000000e+06 1.652303000000000000e+06 1.704935000000000000e+06 1.696473000000000000e+06 1.615798000000000000e+06 1.493548000000000000e+06 1.561232000000000000e+06 1.486064000000000000e+06 1.682665750000000000e+06 1.539160500000000000e+06 9.147155339674560848e-01
1.707181000000000000e+06 1.676952000000000000e+06 1.652303000000000000e+06 1.704935000000000000e+06 1.696473000000000000e+06 1.615798000000000000e+06 1.493548000000000000e+06 1.561232000000000000e+06 1.685342750000000000e+06 1.591762750000000000e+06 9.444742026510630772e-01
1.587644000000000000e+06 1.707181000000000000e+06 1.676952000000000000e+06 1.652303000000000000e+06 1.704935000000000000e+06 1.696473000000000000e+06 1.615798000000000000e+06 1.493548000000000000e+06 1.656020000000000000e+06 1.627688500000000000e+06 9.828918129008104021e-01
1.668086000000000000e+06 1.587644000000000000e+06 1.707181000000000000e+06 1.676952000000000000e+06 1.652303000000000000e+06 1.704935000000000000e+06 1.696473000000000000e+06 1.615798000000000000e+06 1.659965750000000000e+06 1.667377250000000000e+06 1.004464851157320648e+00
1.548865000000000000e+06 1.668086000000000000e+06 1.587644000000000000e+06 1.707181000000000000e+06 1.676952000000000000e+06 1.652303000000000000e+06 1.704935000000000000e+06 1.696473000000000000e+06 1.627944000000000000e+06 1.682665750000000000e+06 1.033614024806750020e+00
1.597836000000000000e+06 1.548865000000000000e+06 1.668086000000000000e+06 1.587644000000000000e+06 1.707181000000000000e+06 1.676952000000000000e+06 1.652303000000000000e+06 1.704935000000000000e+06 1.600607750000000000e+06 1.685342750000000000e+06 1.052939266350547243e+00
1.538631000000000000e+06 1.597836000000000000e+06 1.548865000000000000e+06 1.668086000000000000e+06 1.587644000000000000e+06 1.707181000000000000e+06 1.676952000000000000e+06 1.652303000000000000e+06 1.588354500000000000e+06 1.656020000000000000e+06 1.042601006261511420e+00
1.565666000000000000e+06 1.538631000000000000e+06 1.597836000000000000e+06 1.548865000000000000e+06 1.668086000000000000e+06 1.587644000000000000e+06 1.707181000000000000e+06 1.676952000000000000e+06 1.562749500000000000e+06 1.659965750000000000e+06 1.062208466552061026e+00
1.629706000000000000e+06 1.565666000000000000e+06 1.538631000000000000e+06 1.597836000000000000e+06 1.548865000000000000e+06 1.668086000000000000e+06 1.587644000000000000e+06 1.707181000000000000e+06 1.582959750000000000e+06 1.627944000000000000e+06 1.028417810370731100e+00
1.146913320388349472e+06 1.629706000000000000e+06 1.565666000000000000e+06 1.538631000000000000e+06 1.597836000000000000e+06 1.548865000000000000e+06 1.668086000000000000e+06 1.587644000000000000e+06 1.578001000000000000e+06 1.600607750000000000e+06 1.014326194977062778e+00
