0.000000000000000000e+00 0.000000000000000000e+00 0.000000000000000000e+00 0.000000000000000000e+00 0.000000000000000000e+00 0.000000000000000000e+00 0.000000000000000000e+00 0.000000000000000000e+00 0.000000000000000000e+00 0.000000000000000000e+00 -8.376335312747890463e-03
0.000000000000000000e+00 0.000000000000000000e+00 0.000000000000000000e+00 0.000000000000000000e+00 0.000000000000000000e+00 0.000000000000000000e+00 0.000000000000000000e+00 0.000000000000000000e+00 0.000000000000000000e+00 0.000000000000000000e+00 -8.376335312747890463e-03
0.000000000000000000e+00 0.000000000000000000e+00 0.000000000000000000e+00 0.000000000000000000e+00 0.000000000000000000e+00 0.000000000000000000e+00 0.000000000000000000e+00 0.000000000000000000e+00 0.000000000000000000e+00 0.000000000000000000e+00 -8.376335312747890463e-03
0.000000000000000000e+00 0.000000000000000000e+00 0.000000000000000000e+00 0.000000000000000000e+00 0.000000000000000000e+00 0.000000000000000000e+00 0.000000000000000000e+00 0.000000000000000000e+00 0.000000000000000000e+00 0.000000000000000000e+00 -8.376335312747890463e-03
0.000000000000000000e+00 0.000000000000000000e+00 0.000000000000000000e+00 0.000000000000000000e+00 0.000000000000000000e+00 0.000000000000000000e+00 0.000000000000000000e+00 0.000000000000000000e+00 0.000000000000000000e+00 0.000000000000000000e+00 -8.376335312747890463e-03
0.000000000000000000e+00 0.000000000000000000e+00 0.000000000000000000e+00 0.000000000000000000e+00 0.000000000000000000e+00 0.000000000000000000e+00 0.000000000000000000e+00 0.000000000000000000e+00 0.000000000000000000e+00 0.000000000000000000e+00 -8.376335312747890463e-03
0.000000000000000000e+00 0.000000000000000000e+00 0.000000000000000000e+00 0.000000000000000000e+00 0.000000000000000000e+00 0.000000000000000000e+00 0.000000000000000000e+00 0.000000000000000000e+00 0.000000000000000000e+00 0.000000000000000000e+00 -8.376335312747890463e-03
0.000000000000000000e+00 0.000000000000000000e+00 0.000000000000000000e+00 0.000000000000000000e+00 0.000000000000000000e+00 0.000000000000000000e+00 0.000000000000000000e+00 0.000000000000000000e+00 0.000000000000000000e+00 0.000000000000000000e+00 -8.376335312747890463e-03
0.000000000000000000e+00 0.000000000000000000e+00 0.000000000000000000e+00 0.000000000000000000e+00 0.000000000000000000e+00 0.000000000000000000e+00 0.000000000000000000e+00 0.000000000000000000e+00 0.000000000000000000e+00 0.000000000000000000e+00 -8.376335312747890463e-03
0.000000000000000000e+00 0.000000000000000000e+00 0.000000000000000000e+00 0.000000000000000000e+00 0.000000000000000000e+00 0.000000000000000000e+00 0.000000000000000000e+00 0.000000000000000000e+00 0.000000000000000000e+00 0.000000000000000000e+00 -8.376335312747890463e-03
0.000000000000000000e+00 0.000000000000000000e+00 0.000000000000000000e+00 0.000000000000000000e+00 0.000000000000000000e+00 0.000000000000000000e+00 0.000000000000000000e+00 0.000000000000000000e+00 0.000000000000000000e+00 0.000000000000000000e+00 -8.376335312747890463e-03
0.000000000000000000e+00 0.000000000000000000e+00 0.000000000000000000e+00 0.000000000000000000e+00 0.000000000000000000e+00 0.000000000000000000e+00 0.000000000000000000e+00 0.000000000000000000e+00 0.000000000000000000e+00 0.000000000000000000e+00 -8.376335312747890463e-03
0.000000000000000000e+00 0.000000000000000000e+00 0.000000000000000000e+00 0.000000000000000000e+00 0.000000000000000000e+00 0.000000000000000000e+00 0.000000000000000000e+00 0.000000000000000000e+00 0.000000000000000000e+00 0.000000000000000000e+00 -8.376335312747890463e-03
0.000000000000000000e+00 0.000000000000000000e+00 0.000000000000000000e+00 0.000000000000000000e+00 0.000000000000000000e+00 0.000000000000000000e+00 0.000000000000000000e+00 0.000000000000000000e+00 0.000000000000000000e+00 0.000000000000000000e+00 -8.376335312747890463e-03
0.000000000000000000e+00 0.000000000000000000e+00 0.000000000000000000e+00 0.000000000000000000e+00 0.000000000000000000e+00 0.000000000000000000e+00 0.000000000000000000e+00 0.000000000000000000e+00 0.000000000000000000e+00 0.000000000000000000e+00 -8.376335312747890463e-03
0.000000000000000000e+00 0.000000000000000000e+00 0.000000000000000000e+00 0.000000000000000000e+00 0.000000000000000000e+00 0.000000000000000000e+00 0.000000000000000000e+00 0.000000000000000000e+00 0.000000000000000000e+00 0.000000000000000000e+00 -8.376335312747890463e-03
-9.000000000000000000e+01 0.000000000000000000e+00 0.000000000000000000e+00 0.000000000000000000e+00 0.000000000000000000e+00 0.000000000000000000e+00 0.000000000000000000e+00 0.000000000000000000e+00 -2.250000000000000000e+01 -4.500000000000000000e+00 2.000000000000000111e-01
-1.190000000000000000e+02 -9.000000000000000000e+01 0.000000000000000000e+00 0.000000000000000000e+00 0.000000000000000000e+00 0.000000000000000000e+00 0.000000000000000000e+00 0.000000000000000000e+00 -5.225000000000000000e+01 -1.044999999999999929e+01 1.999999999999999833e-01
-1.100000000000000000e+02 -1.190000000000000000e+02 -9.000000000000000000e+01 0.000000000000000000e+00 0.000000000000000000e+00 0.000000000000000000e+00 0.000000000000000000e+00 0.000000000000000000e+00 -7.975000000000000000e+01 -1.594999999999999929e+01 1.999999999999999833e-01
-1.300000000000000000e+02 -1.100000000000000000e+02 -1.190000000000000000e+02 -9.000000000000000000e+01 0.000000000000000000e+00 0.000000000000000000e+00 0.000000000000000000e+00 0.000000000000000000e+00 -1.122500000000000000e+02 -2.244999999999999929e+01 1.999999999999999833e-01
-6.300000000000000000e+01 -1.300000000000000000e+02 -1.100000000000000000e+02 -1.190000000000000000e+02 -9.000000000000000000e+01 0.000000000000000000e+00 0.000000000000000000e+00 0.000000000000000000e+00 -1.055000000000000000e+02 -3.910000000000000142e+01 3.706161137440758258e-01
-1.030000000000000000e+02 -6.300000000000000000e+01 -1.300000000000000000e+02 -1.100000000000000000e+02 -1.190000000000000000e+02 -9.000000000000000000e+01 0.000000000000000000e+00 0.000000000000000000e+00 -1.015000000000000000e+02 -6.210000000000000142e+01 6.118226600985221530e-01
-1.090000000000000000e+02 -1.030000000000000000e+02 -6.300000000000000000e+01 -1.300000000000000000e+02 -1.100000000000000000e+02 -1.190000000000000000e+02 -9.000000000000000000e+01 0.000000000000000000e+00 -1.012500000000000000e+02 -8.404999999999999716e+01 8.301234567901234485e-01
-1.170000000000000000e+02 -1.090000000000000000e+02 -1.030000000000000000e+02 -6.300000000000000000e+01 -1.300000000000000000e+02 -1.100000000000000000e+02 -1.190000000000000000e+02 -9.000000000000000000e+01 -9.800000000000000000e+01 -1.094000000000000057e+02 1.116326530612244960e+00
-4.400000000000000000e+01 -1.170000000000000000e+02 -1.090000000000000000e+02 -1.030000000000000000e+02 -6.300000000000000000e+01 -1.300000000000000000e+02 -1.100000000000000000e+02 -1.190000000000000000e+02 -9.325000000000000000e+01 -1.030499999999999972e+02 1.105093833780160795e+00
-7.200000000000000000e+01 -4.400000000000000000e+01 -1.170000000000000000e+02 -1.090000000000000000e+02 -1.030000000000000000e+02 -6.300000000000000000e+01 -1.300000000000000000e+02 -1.100000000000000000e+02 -8.550000000000000000e+01 -9.829999999999999716e+01 1.149707602339181234e+00
-1.190000000000000000e+02 -7.200000000000000000e+01 -4.400000000000000000e+01 -1.170000000000000000e+02 -1.090000000000000000e+02 -1.030000000000000000e+02 -6.300000000000000000e+01 -1.300000000000000000e+02 -8.800000000000000000e+01 -9.859999999999999432e+01 1.120454545454545370e+00
-2.500000000000000000e+01 -1.190000000000000000e+02 -7.200000000000000000e+01 -4.400000000000000000e+01 -1.170000000000000000e+02 -1.090000000000000000e+02 -1.030000000000000000e+02 -6.300000000000000000e+01 -6.500000000000000000e+01 -9.140000000000000568e+01 1.406153846153846310e+00
-7.600000000000000000e+01 -2.500000000000000000e+01 -1.190000000000000000e+02 -7.200000000000000000e+01 -4.400000000000000000e+01 -1.170000000000000000e+02 -1.090000000000000000e+02 -1.030000000000000000e+02 -7.300000000000000000e+01 -8.920000000000000284e+01 1.221917808219178170e+00
-9.400000000000000000e+01 -7.600000000000000000e+01 -2.500000000000000000e+01 -1.190000000000000000e+02 -7.200000000000000000e+01 -4.400000000000000000e+01 -1.170000000000000000e+02 -1.090000000000000000e+02 -7.850000000000000000e+01 -8.409999999999999432e+01 1.071337579617834379e+00
-9.700000000000000000e+01 -9.400000000000000000e+01 -7.600000000000000000e+01 -2.500000000000000000e+01 -1.190000000000000000e+02 -7.200000000000000000e+01 -4.400000000000000000e+01 -1.170000000000000000e+02 -7.300000000000000000e+01 -8.500000000000000000e+01 1.164383561643835607e+00
-1.060000000000000000e+02 -9.700000000000000000e+01 -9.400000000000000000e+01 -7.600000000000000000e+01 -2.500000000000000000e+01 -1.190000000000000000e+02 -7.200000000000000000e+01 -4.400000000000000000e+01 -9.325000000000000000e+01 -7.065000000000000568e+01 7.576407506702413919e-01
-1.100000000000000000e+01 -1.060000000000000000e+02 -9.700000000000000000e+01 -9.400000000000000000e+01 -7.600000000000000000e+01 -2.500000000000000000e+01 -1.190000000000000000e+02 -7.200000000000000000e+01 -7.700000000000000000e+01 -7.379999999999999716e+01 9.584415584415584277e-01
-7.300000000000000000e+01 -1.100000000000000000e+01 -1.060000000000000000e+02 -9.700000000000000000e+01 -9.400000000000000000e+01 -7.600000000000000000e+01 -2.500000000000000000e+01 -1.190000000000000000e+02 -7.175000000000000000e+01 -7.715000000000000568e+01 1.075261324041811850e+00
-7.200000000000000000e+01 -7.300000000000000000e+01 -1.100000000000000000e+01 -1.060000000000000000e+02 -9.700000000000000000e+01 -9.400000000000000000e+01 -7.600000000000000000e+01 -2.500000000000000000e+01 -6.550000000000000000e+01 -7.150000000000000000e+01 1.091603053435114434e+00
-1.310000000000000000e+02 -7.200000000000000000e+01 -7.300000000000000000e+01 -1.100000000000000000e+01 -1.060000000000000000e+02 -9.700000000000000000e+01 -9.400000000000000000e+01 -7.600000000000000000e+01 -7.175000000000000000e+01 -8.895000000000000284e+01 1.239721254355400815e+00
-3.120000000000000000e+02 -1.310000000000000000e+02 -7.200000000000000000e+01 -7.300000000000000000e+01 -1.100000000000000000e+01 -1.060000000000000000e+02 -9.700000000000000000e+01 -9.400000000000000000e+01 -1.470000000000000000e+02 -9.100000000000000000e+01 6.190476190476190688e-01
-1.360000000000000000e+02 -3.120000000000000000e+02 -1.310000000000000000e+02 -7.200000000000000000e+01 -7.300000000000000000e+01 -1.100000000000000000e+01 -1.060000000000000000e+02 -9.700000000000000000e+01 -1.627500000000000000e+02 -8.995000000000000284e+01 5.526881720430107947e-01
-1.370000000000000000e+02 -1.360000000000000000e+02 -3.120000000000000000e+02 -1.310000000000000000e+02 -7.200000000000000000e+01 -7.300000000000000000e+01 -1.100000000000000000e+01 -1.060000000000000000e+02 -1.790000000000000000e+02 -8.820000000000000284e+01 4.927374301675978008e-01
-1.360000000000000000e+02 -1.370000000000000000e+02 -1.360000000000000000e+02 -3.120000000000000000e+02 -1.310000000000000000e+02 -7.200000000000000000e+01 -7.300000000000000000e+01 -1.100000000000000000e+01 -1.802500000000000000e+02 -9.345000000000000284e+01 5.184466019417476312e-01
2.410000000000000000e+02 -1.360000000000000000e+02 -1.370000000000000000e+02 -1.360000000000000000e+02 -3.120000000000000000e+02 -1.310000000000000000e+02 -7.200000000000000000e+01 -7.300000000000000000e+01 -4.200000000000000000e+01 -1.260000000000000000e+02 3.000000000000000000e+00
-9.900000000000000000e+01 2.410000000000000000e+02 -1.360000000000000000e+02 -1.370000000000000000e+02 -1.360000000000000000e+02 -3.120000000000000000e+02 -1.310000000000000000e+02 -7.200000000000000000e+01 -3.275000000000000000e+01 -1.367500000000000000e+02 4.175572519083969425e+00
1.000000000000000000e+02 -9.900000000000000000e+01 2.410000000000000000e+02 -1.360000000000000000e+02 -1.370000000000000000e+02 -1.360000000000000000e+02 -3.120000000000000000e+02 -1.310000000000000000e+02 2.650000000000000000e+01 -1.379000000000000057e+02 -5.203773584905660776e+00
-1.000000000000000000e+00 1.000000000000000000e+02 -9.900000000000000000e+01 2.410000000000000000e+02 -1.360000000000000000e+02 -1.370000000000000000e+02 -1.360000000000000000e+02 -3.120000000000000000e+02 6.025000000000000000e+01 -1.321500000000000057e+02 -2.193360995850622608e+00
-1.900000000000000000e+02 -1.000000000000000000e+00 1.000000000000000000e+02 -9.900000000000000000e+01 2.410000000000000000e+02 -1.360000000000000000e+02 -1.370000000000000000e+02 -1.360000000000000000e+02 -4.750000000000000000e+01 -4.310000000000000142e+01 9.073684210526316019e-01
-1.350000000000000000e+02 -1.900000000000000000e+02 -1.000000000000000000e+00 1.000000000000000000e+02 -9.900000000000000000e+01 2.410000000000000000e+02 -1.360000000000000000e+02 -1.370000000000000000e+02 -5.650000000000000000e+01 -3.750000000000000000e+01 6.637168141592920678e-01
-1.170000000000000000e+02 -1.350000000000000000e+02 -1.900000000000000000e+02 -1.000000000000000000e+00 1.000000000000000000e+02 -9.900000000000000000e+01 2.410000000000000000e+02 -1.360000000000000000e+02 -1.107500000000000000e+02 -9.499999999999999556e-01 8.577878103837472193e-03
-5.800000000000000000e+01 -1.170000000000000000e+02 -1.350000000000000000e+02 -1.900000000000000000e+02 -1.000000000000000000e+00 1.000000000000000000e+02 -9.900000000000000000e+01 2.410000000000000000e+02 -1.250000000000000000e+02 2.319999999999999929e+01 -1.855999999999999872e-01
-9.100000000000000000e+01 -5.800000000000000000e+01 -1.170000000000000000e+02 -1.350000000000000000e+02 -1.900000000000000000e+02 -1.000000000000000000e+00 1.000000000000000000e+02 -9.900000000000000000e+01 -1.002500000000000000e+02 -5.804999999999999716e+01 5.790523690773067278e-01
-2.800000000000000000e+01 -9.100000000000000000e+01 -5.800000000000000000e+01 -1.170000000000000000e+02 -1.350000000000000000e+02 -1.900000000000000000e+02 -1.000000000000000000e+00 1.000000000000000000e+02 -7.350000000000000000e+01 -5.989999999999999858e+01 8.149659863945577509e-01
-1.010000000000000000e+02 -2.800000000000000000e+01 -9.100000000000000000e+01 -5.800000000000000000e+01 -1.170000000000000000e+02 -1.350000000000000000e+02 -1.900000000000000000e+02 -1.000000000000000000e+00 -6.950000000000000000e+01 -1.025000000000000000e+02 1.474820143884892021e+00
-8.300000000000000000e+01 -1.010000000000000000e+02 -2.800000000000000000e+01 -9.100000000000000000e+01 -5.800000000000000000e+01 -1.170000000000000000e+02 -1.350000000000000000e+02 -1.900000000000000000e+02 -7.575000000000000000e+01 -1.151500000000000057e+02 1.520132013201320298e+00
-1.660000000000000000e+02 -8.300000000000000000e+01 -1.010000000000000000e+02 -2.800000000000000000e+01 -9.100000000000000000e+01 -5.800000000000000000e+01 -1.170000000000000000e+02 -1.350000000000000000e+02 -9.450000000000000000e+01 -9.909999999999999432e+01 1.048677248677248652e+00
-1.410000000000000000e+02 -1.660000000000000000e+02 -8.300000000000000000e+01 -1.010000000000000000e+02 -2.800000000000000000e+01 -9.100000000000000000e+01 -5.800000000000000000e+01 -1.170000000000000000e+02 -1.227500000000000000e+02 -8.334999999999999432e+01 6.790224032586557046e-01
-1.110000000000000000e+02 -1.410000000000000000e+02 -1.660000000000000000e+02 -8.300000000000000000e+01 -1.010000000000000000e+02 -2.800000000000000000e+01 -9.100000000000000000e+01 -5.800000000000000000e+01 -1.252500000000000000e+02 -8.065000000000000568e+01 6.439121756487026227e-01
-1.030000000000000000e+02 -1.110000000000000000e+02 -1.410000000000000000e+02 -1.660000000000000000e+02 -8.300000000000000000e+01 -1.010000000000000000e+02 -2.800000000000000000e+01 -9.100000000000000000e+01 -1.302500000000000000e+02 -8.665000000000000568e+01 6.652591170825336020e-01
-1.600000000000000000e+01 -1.030000000000000000e+02 -1.110000000000000000e+02 -1.410000000000000000e+02 -1.660000000000000000e+02 -8.300000000000000000e+01 -1.010000000000000000e+02 -2.800000000000000000e+01 -9.275000000000000000e+01 -9.415000000000000568e+01 1.015094339622641506e+00
-1.240000000000000000e+02 -1.600000000000000000e+01 -1.030000000000000000e+02 -1.110000000000000000e+02 -1.410000000000000000e+02 -1.660000000000000000e+02 -8.300000000000000000e+01 -1.010000000000000000e+02 -8.850000000000000000e+01 -1.159000000000000057e+02 1.309604519774011377e+00
-5.300000000000000000e+01 -1.240000000000000000e+02 -1.600000000000000000e+01 -1.030000000000000000e+02 -1.110000000000000000e+02 -1.410000000000000000e+02 -1.660000000000000000e+02 -8.300000000000000000e+01 -7.400000000000000000e+01 -1.150000000000000000e+02 1.554054054054053946e+00
-3.300000000000000000e+01 -5.300000000000000000e+01 -1.240000000000000000e+02 -1.600000000000000000e+01 -1.030000000000000000e+02 -1.110000000000000000e+02 -1.410000000000000000e+02 -1.660000000000000000e+02 -5.650000000000000000e+01 -1.155000000000000000e+02 2.044247787610619316e+00
-5.500000000000000000e+01 -3.300000000000000000e+01 -5.300000000000000000e+01 -1.240000000000000000e+02 -1.600000000000000000e+01 -1.030000000000000000e+02 -1.110000000000000000e+02 -1.410000000000000000e+02 -6.625000000000000000e+01 -8.745000000000000284e+01 1.320000000000000062e+00
-1.540000000000000000e+02 -5.500000000000000000e+01 -3.300000000000000000e+01 -5.300000000000000000e+01 -1.240000000000000000e+02 -1.600000000000000000e+01 -1.030000000000000000e+02 -1.110000000000000000e+02 -7.375000000000000000e+01 -8.554999999999999716e+01 1.159999999999999920e+00
-8.300000000000000000e+01 -1.540000000000000000e+02 -5.500000000000000000e+01 -3.300000000000000000e+01 -5.300000000000000000e+01 -1.240000000000000000e+02 -1.600000000000000000e+01 -1.030000000000000000e+02 -8.125000000000000000e+01 -7.545000000000000284e+01 9.286153846153846203e-01
-1.040000000000000000e+02 -8.300000000000000000e+01 -1.540000000000000000e+02 -5.500000000000000000e+01 -3.300000000000000000e+01 -5.300000000000000000e+01 -1.240000000000000000e+02 -1.600000000000000000e+01 -9.900000000000000000e+01 -6.500000000000000000e+01 6.565656565656565746e-01
-1.110000000000000000e+02 -1.040000000000000000e+02 -8.300000000000000000e+01 -1.540000000000000000e+02 -5.500000000000000000e+01 -3.300000000000000000e+01 -5.300000000000000000e+01 -1.240000000000000000e+02 -1.130000000000000000e+02 -7.559999999999999432e+01 6.690265486725662791e-01
-2.800000000000000000e+01 -1.110000000000000000e+02 -1.040000000000000000e+02 -8.300000000000000000e+01 -1.540000000000000000e+02 -5.500000000000000000e+01 -3.300000000000000000e+01 -5.300000000000000000e+01 -8.150000000000000000e+01 -7.529999999999999716e+01 9.239263803680981546e-01
-1.110000000000000000e+02 -2.800000000000000000e+01 -1.110000000000000000e+02 -1.040000000000000000e+02 -8.300000000000000000e+01 -1.540000000000000000e+02 -5.500000000000000000e+01 -3.300000000000000000e+01 -8.850000000000000000e+01 -8.270000000000000284e+01 9.344632768361582631e-01
-2.700000000000000000e+01 -1.110000000000000000e+02 -2.800000000000000000e+01 -1.110000000000000000e+02 -1.040000000000000000e+02 -8.300000000000000000e+01 -1.540000000000000000e+02 -5.500000000000000000e+01 -6.925000000000000000e+01 -9.304999999999999716e+01 1.343682310469314078e+00
1.700000000000000000e+01 -2.700000000000000000e+01 -1.110000000000000000e+02 -2.800000000000000000e+01 -1.110000000000000000e+02 -1.040000000000000000e+02 -8.300000000000000000e+01 -1.540000000000000000e+02 -3.725000000000000000e+01 -9.784999999999999432e+01 2.626845637583892668e+00
-1.790000000000000000e+02 1.700000000000000000e+01 -2.700000000000000000e+01 -1.110000000000000000e+02 -2.800000000000000000e+01 -1.110000000000000000e+02 -1.040000000000000000e+02 -8.300000000000000000e+01 -7.500000000000000000e+01 -8.020000000000000284e+01 1.069333333333333469e+00
-1.190000000000000000e+02 -1.790000000000000000e+02 1.700000000000000000e+01 -2.700000000000000000e+01 -1.110000000000000000e+02 -2.800000000000000000e+01 -1.110000000000000000e+02 -1.040000000000000000e+02 -7.700000000000000000e+01 -8.620000000000000284e+01 1.119480519480519520e+00
-1.560000000000000000e+02 -1.190000000000000000e+02 -1.790000000000000000e+02 1.700000000000000000e+01 -2.700000000000000000e+01 -1.110000000000000000e+02 -2.800000000000000000e+01 -1.110000000000000000e+02 -1.092500000000000000e+02 -7.725000000000000000e+01 7.070938215102975377e-01
0.000000000000000000e+00 -1.560000000000000000e+02 -1.190000000000000000e+02 -1.790000000000000000e+02 1.700000000000000000e+01 -2.700000000000000000e+01 -1.110000000000000000e+02 -2.800000000000000000e+01 -1.135000000000000000e+02 -5.250000000000000000e+01 4.625550660792951407e-01
-1.560000000000000000e+02 0.000000000000000000e+00 -1.560000000000000000e+02 -1.190000000000000000e+02 -1.790000000000000000e+02 1.700000000000000000e+01 -2.700000000000000000e+01 -1.110000000000000000e+02 -1.077500000000000000e+02 -8.154999999999999716e+01 7.568445475638050368e-01
-1.120000000000000000e+02 -1.560000000000000000e+02 0.000000000000000000e+00 -1.560000000000000000e+02 -1.190000000000000000e+02 -1.790000000000000000e+02 1.700000000000000000e+01 -2.700000000000000000e+01 -1.060000000000000000e+02 -8.279999999999999716e+01 7.811320754716980508e-01
-1.310000000000000000e+02 -1.120000000000000000e+02 -1.560000000000000000e+02 0.000000000000000000e+00 -1.560000000000000000e+02 -1.190000000000000000e+02 -1.790000000000000000e+02 1.700000000000000000e+01 -9.975000000000000000e+01 -1.073499999999999943e+02 1.076190476190476142e+00
-1.720000000000000000e+02 -1.310000000000000000e+02 -1.120000000000000000e+02 -1.560000000000000000e+02 0.000000000000000000e+00 -1.560000000000000000e+02 -1.190000000000000000e+02 -1.790000000000000000e+02 -1.427500000000000000e+02 -1.193499999999999943e+02 8.360770577933449577e-01
-1.130000000000000000e+02 -1.720000000000000000e+02 -1.310000000000000000e+02 -1.120000000000000000e+02 -1.560000000000000000e+02 0.000000000000000000e+00 -1.560000000000000000e+02 -1.190000000000000000e+02 -1.320000000000000000e+02 -1.125999999999999943e+02 8.530303030303030276e-01
-1.140000000000000000e+02 -1.130000000000000000e+02 -1.720000000000000000e+02 -1.310000000000000000e+02 -1.120000000000000000e+02 -1.560000000000000000e+02 0.000000000000000000e+00 -1.560000000000000000e+02 -1.325000000000000000e+02 -1.112999999999999972e+02 8.399999999999999689e-01
-1.480000000000000000e+02 -1.140000000000000000e+02 -1.130000000000000000e+02 -1.720000000000000000e+02 -1.310000000000000000e+02 -1.120000000000000000e+02 -1.560000000000000000e+02 0.000000000000000000e+00 -1.367500000000000000e+02 -1.071500000000000057e+02 7.835466179159049638e-01
3.300000000000000000e+02 -1.480000000000000000e+02 -1.140000000000000000e+02 -1.130000000000000000e+02 -1.720000000000000000e+02 -1.310000000000000000e+02 -1.120000000000000000e+02 -1.560000000000000000e+02 -1.125000000000000000e+01 -1.164500000000000028e+02 1.035111111111111093e+01
-1.410000000000000000e+02 3.300000000000000000e+02 -1.480000000000000000e+02 -1.140000000000000000e+02 -1.130000000000000000e+02 -1.720000000000000000e+02 -1.310000000000000000e+02 -1.120000000000000000e+02 -1.825000000000000000e+01 -1.092500000000000000e+02 5.986301369863014088e+00
-1.190000000000000000e+02 -1.410000000000000000e+02 3.300000000000000000e+02 -1.480000000000000000e+02 -1.140000000000000000e+02 -1.130000000000000000e+02 -1.720000000000000000e+02 -1.310000000000000000e+02 -1.950000000000000000e+01 -1.099000000000000057e+02 5.635897435897436303e+00
-1.270000000000000000e+02 -1.190000000000000000e+02 -1.410000000000000000e+02 3.300000000000000000e+02 -1.480000000000000000e+02 -1.140000000000000000e+02 -1.130000000000000000e+02 -1.720000000000000000e+02 -1.425000000000000000e+01 -1.122500000000000000e+02 7.877192982456140413e+00
-3.100000000000000000e+01 -1.270000000000000000e+02 -1.190000000000000000e+02 -1.410000000000000000e+02 3.300000000000000000e+02 -1.480000000000000000e+02 -1.140000000000000000e+02 -1.130000000000000000e+02 -1.045000000000000000e+02 -2.989999999999999858e+01 2.861244019138755590e-01
-1.050000000000000000e+02 -3.100000000000000000e+01 -1.270000000000000000e+02 -1.190000000000000000e+02 -1.410000000000000000e+02 3.300000000000000000e+02 -1.480000000000000000e+02 -1.140000000000000000e+02 -9.550000000000000000e+01 -3.370000000000000284e+01 3.528795811518324888e-01
-9.200000000000000000e+01 -1.050000000000000000e+02 -3.100000000000000000e+01 -1.270000000000000000e+02 -1.190000000000000000e+02 -1.410000000000000000e+02 3.300000000000000000e+02 -1.480000000000000000e+02 -8.875000000000000000e+01 -3.335000000000000142e+01 3.757746478873239537e-01
-1.600000000000000000e+01 -9.200000000000000000e+01 -1.050000000000000000e+02 -3.100000000000000000e+01 -1.270000000000000000e+02 -1.190000000000000000e+02 -1.410000000000000000e+02 3.300000000000000000e+02 -6.100000000000000000e+01 -2.360000000000000142e+01 3.868852459016393630e-01
2.460000000000000000e+02 -1.600000000000000000e+01 -9.200000000000000000e+01 -1.050000000000000000e+02 -3.100000000000000000e+01 -1.270000000000000000e+02 -1.190000000000000000e+02 -1.410000000000000000e+02 8.250000000000000000e+00 -8.195000000000000284e+01 -9.933333333333333570e+00
-1.180000000000000000e+02 2.460000000000000000e+02 -1.600000000000000000e+01 -9.200000000000000000e+01 -1.050000000000000000e+02 -3.100000000000000000e+01 -1.270000000000000000e+02 -1.190000000000000000e+02 5.000000000000000000e+00 -7.540000000000000568e+01 -1.508000000000000185e+01
-1.080000000000000000e+02 -1.180000000000000000e+02 2.460000000000000000e+02 -1.600000000000000000e+01 -9.200000000000000000e+01 -1.050000000000000000e+02 -3.100000000000000000e+01 -1.270000000000000000e+02 1.000000000000000000e+00 -7.079999999999999716e+01 -7.079999999999999716e+01
-1.190000000000000000e+02 -1.080000000000000000e+02 -1.180000000000000000e+02 2.460000000000000000e+02 -1.600000000000000000e+01 -9.200000000000000000e+01 -1.050000000000000000e+02 -3.100000000000000000e+01 -2.475000000000000000e+01 -5.375000000000000000e+01 2.171717171717171713e+00
-9.200000000000000000e+01 -1.190000000000000000e+02 -1.080000000000000000e+02 -1.180000000000000000e+02 2.460000000000000000e+02 -1.600000000000000000e+01 -9.200000000000000000e+01 -1.050000000000000000e+02 -1.092500000000000000e+02 -1.525000000000000000e+01 1.395881006864988505e-01
-6.400000000000000000e+01 -9.200000000000000000e+01 -1.190000000000000000e+02 -1.080000000000000000e+02 -1.180000000000000000e+02 2.460000000000000000e+02 -1.600000000000000000e+01 -9.200000000000000000e+01 -9.575000000000000000e+01 -1.515000000000000036e+01 1.582245430809399445e-01
-6.000000000000000000e+01 -6.400000000000000000e+01 -9.200000000000000000e+01 -1.190000000000000000e+02 -1.080000000000000000e+02 -1.180000000000000000e+02 2.460000000000000000e+02 -1.600000000000000000e+01 -8.375000000000000000e+01 -1.594999999999999929e+01 1.904477611940298409e-01
-9.400000000000000000e+01 -6.000000000000000000e+01 -6.400000000000000000e+01 -9.200000000000000000e+01 -1.190000000000000000e+02 -1.080000000000000000e+02 -1.180000000000000000e+02 2.460000000000000000e+02 -7.750000000000000000e+01 -3.529999999999999716e+01 4.554838709677418995e-01
-1.480000000000000000e+02 -9.400000000000000000e+01 -6.000000000000000000e+01 -6.400000000000000000e+01 -9.200000000000000000e+01 -1.190000000000000000e+02 -1.080000000000000000e+02 -1.180000000000000000e+02 -9.150000000000000000e+01 -1.057000000000000028e+02 1.155191256830601088e+00
-1.120000000000000000e+02 -1.480000000000000000e+02 -9.400000000000000000e+01 -6.000000000000000000e+01 -6.400000000000000000e+01 -9.200000000000000000e+01 -1.190000000000000000e+02 -1.080000000000000000e+02 -1.035000000000000000e+02 -9.729999999999999716e+01 9.400966183574879231e-01
-1.230000000000000000e+02 -1.120000000000000000e+02 -1.480000000000000000e+02 -9.400000000000000000e+01 -6.000000000000000000e+01 -6.400000000000000000e+01 -9.200000000000000000e+01 -1.190000000000000000e+02 -1.192500000000000000e+02 -9.084999999999999432e+01 7.618448637316561634e-01
-8.500000000000000000e+01 -1.230000000000000000e+02 -1.120000000000000000e+02 -1.480000000000000000e+02 -9.400000000000000000e+01 -6.000000000000000000e+01 -6.400000000000000000e+01 -9.200000000000000000e+01 -1.170000000000000000e+02 -8.540000000000000568e+01 7.299145299145299859e-01
-1.380000000000000000e+02 -8.500000000000000000e+01 -1.230000000000000000e+02 -1.120000000000000000e+02 -1.480000000000000000e+02 -9.400000000000000000e+01 -6.000000000000000000e+01 -6.400000000000000000e+01 -1.145000000000000000e+02 -9.609999999999999432e+01 8.393013100436680363e-01
-2.920000000000000000e+02 -1.380000000000000000e+02 -8.500000000000000000e+01 -1.230000000000000000e+02 -1.120000000000000000e+02 -1.480000000000000000e+02 -9.400000000000000000e+01 -6.000000000000000000e+01 -1.595000000000000000e+02 -1.147000000000000028e+02 7.191222570532915803e-01
3.900000000000000000e+01 -2.920000000000000000e+02 -1.380000000000000000e+02 -8.500000000000000000e+01 -1.230000000000000000e+02 -1.120000000000000000e+02 -1.480000000000000000e+02 -9.400000000000000000e+01 -1.190000000000000000e+02 -1.192000000000000028e+02 1.001680672268907557e+00
-7.200000000000000000e+01 3.900000000000000000e+01 -2.920000000000000000e+02 -1.380000000000000000e+02 -8.500000000000000000e+01 -1.230000000000000000e+02 -1.120000000000000000e+02 -1.480000000000000000e+02 -1.303333333333333428e+02 -1.196666666666666714e+02 9.181585677749359853e-01
