7.120266666666667152e+04 6.904823333333333721e+04 6.738533333333332848e+04 6.518386666666666861e+04 6.256450000000000000e+04 5.901690000000000146e+04 5.584109999999999854e+04 5.318666666666666424e+04 6.820502499999999418e+04 5.765229166666666424e+04 8.452792395672704684e-01
7.235336666666666861e+04 7.120266666666667152e+04 6.904823333333333721e+04 6.738533333333332848e+04 6.518386666666666861e+04 6.256450000000000000e+04 5.901690000000000146e+04 5.584109999999999854e+04 6.999739999999999418e+04 6.065159166666666715e+04 8.664834931964140452e-01
7.323980000000000291e+04 7.235336666666666861e+04 7.120266666666667152e+04 6.904823333333333721e+04 6.738533333333332848e+04 6.518386666666666861e+04 6.256450000000000000e+04 5.901690000000000146e+04 7.146101666666667734e+04 6.353765000000000146e+04 8.891232305912243339e-01
7.410059999999999127e+04 7.323980000000000291e+04 7.235336666666666861e+04 7.120266666666667152e+04 6.904823333333333721e+04 6.738533333333332848e+04 6.518386666666666861e+04 6.256450000000000000e+04 7.272410833333333721e+04 6.604548333333333721e+04 9.081649104669897721e-01
7.486766666666667152e+04 7.410059999999999127e+04 7.323980000000000291e+04 7.235336666666666861e+04 7.120266666666667152e+04 6.904823333333333721e+04 6.738533333333332848e+04 6.518386666666666861e+04 7.364035833333333721e+04 6.820502499999999418e+04 9.261908353469671118e-01
7.553826666666667734e+04 7.486766666666667152e+04 7.410059999999999127e+04 7.323980000000000291e+04 7.235336666666666861e+04 7.120266666666667152e+04 6.904823333333333721e+04 6.738533333333332848e+04 7.443658333333332848e+04 6.999739999999999418e+04 9.403628816027961301e-01
7.634469999999999709e+04 7.553826666666667734e+04 7.486766666666667152e+04 7.410059999999999127e+04 7.323980000000000291e+04 7.235336666666666861e+04 7.120266666666667152e+04 6.904823333333333721e+04 7.521280833333333430e+04 7.146101666666667734e+04 9.501176495093867080e-01
7.542719999999999709e+04 7.634469999999999709e+04 7.553826666666667734e+04 7.486766666666667152e+04 7.410059999999999127e+04 7.323980000000000291e+04 7.235336666666666861e+04 7.120266666666667152e+04 7.554445833333334303e+04 7.272410833333333721e+04 9.626663548561635864e-01
7.438750000000000000e+04 7.542719999999999709e+04 7.634469999999999709e+04 7.553826666666667734e+04 7.486766666666667152e+04 7.410059999999999127e+04 7.323980000000000291e+04 7.235336666666666861e+04 7.542441666666667152e+04 7.364035833333333721e+04 9.763464086011051091e-01
7.387086666666666861e+04 7.438750000000000000e+04 7.542719999999999709e+04 7.634469999999999709e+04 7.553826666666667734e+04 7.486766666666667152e+04 7.410059999999999127e+04 7.323980000000000291e+04 7.500756666666666570e+04 7.443658333333332848e+04 9.923876568897270767e-01
7.414493333333333430e+04 7.387086666666666861e+04 7.438750000000000000e+04 7.542719999999999709e+04 7.634469999999999709e+04 7.553826666666667734e+04 7.486766666666667152e+04 7.410059999999999127e+04 7.445762500000000000e+04 7.521280833333333430e+04 1.010142457986449749e+00
7.483893333333333430e+04 7.414493333333333430e+04 7.387086666666666861e+04 7.438750000000000000e+04 7.542719999999999709e+04 7.634469999999999709e+04 7.553826666666667734e+04 7.486766666666667152e+04 7.431055833333333430e+04 7.554445833333334303e+04 1.016604639067104410e+00
7.571153333333334012e+04 7.483893333333333430e+04 7.414493333333333430e+04 7.387086666666666861e+04 7.438750000000000000e+04 7.542719999999999709e+04 7.634469999999999709e+04 7.553826666666667734e+04 7.464156666666668025e+04 7.542441666666667152e+04 1.010488123909510483e+00
7.649896666666667443e+04 7.571153333333334012e+04 7.483893333333333430e+04 7.414493333333333430e+04 7.387086666666666861e+04 7.438750000000000000e+04 7.542719999999999709e+04 7.634469999999999709e+04 7.529859166666667443e+04 7.500756666666666570e+04 9.961350538760628259e-01
7.748570000000001164e+04 7.649896666666667443e+04 7.571153333333334012e+04 7.483893333333333430e+04 7.414493333333333430e+04 7.387086666666666861e+04 7.438750000000000000e+04 7.542719999999999709e+04 7.613378333333334012e+04 7.445762500000000000e+04 9.779840399367165649e-01
7.890536666666668316e+04 7.748570000000001164e+04 7.649896666666667443e+04 7.571153333333334012e+04 7.483893333333333430e+04 7.414493333333333430e+04 7.387086666666666861e+04 7.438750000000000000e+04 7.715039166666667734e+04 7.431055833333333430e+04 9.631909408107345305e-01
7.953966666666667152e+04 7.890536666666668316e+04 7.748570000000001164e+04 7.649896666666667443e+04 7.571153333333334012e+04 7.483893333333333430e+04 7.414493333333333430e+04 7.387086666666666861e+04 7.810742500000001746e+04 7.464156666666668025e+04 9.556270311902698156e-01
8.060056666666666570e+04 7.953966666666667152e+04 7.890536666666668316e+04 7.748570000000001164e+04 7.649896666666667443e+04 7.571153333333334012e+04 7.483893333333333430e+04 7.414493333333333430e+04 7.913282500000001164e+04 7.529859166666667443e+04 9.515468665078830046e-01
8.090956666666666570e+04 8.060056666666666570e+04 7.953966666666667152e+04 7.890536666666668316e+04 7.748570000000001164e+04 7.649896666666667443e+04 7.571153333333334012e+04 7.483893333333333430e+04 7.998879166666667152e+04 7.613378333333334012e+04 9.518056436031923084e-01
8.163230000000000291e+04 8.090956666666666570e+04 8.060056666666666570e+04 7.953966666666667152e+04 7.890536666666668316e+04 7.748570000000001164e+04 7.649896666666667443e+04 7.571153333333334012e+04 8.067052500000000873e+04 7.715039166666667734e+04 9.563640706028213589e-01
8.456200000000000000e+04 8.163230000000000291e+04 8.090956666666666570e+04 8.060056666666666570e+04 7.953966666666667152e+04 7.890536666666668316e+04 7.748570000000001164e+04 7.649896666666667443e+04 8.192610833333332266e+04 7.810742500000001746e+04 9.533886887706638502e-01
8.747716666666667152e+04 8.456200000000000000e+04 8.163230000000000291e+04 8.090956666666666570e+04 8.060056666666666570e+04 7.953966666666667152e+04 7.890536666666668316e+04 7.748570000000001164e+04 8.364525833333333139e+04 7.913282500000001164e+04 9.460527300262389083e-01
9.164656666666665114e+04 8.747716666666667152e+04 8.456200000000000000e+04 8.163230000000000291e+04 8.090956666666666570e+04 8.060056666666666570e+04 7.953966666666667152e+04 7.890536666666668316e+04 8.632950833333333139e+04 7.998879166666667152e+04 9.265521512970508189e-01
9.554260000000002037e+04 9.164656666666665114e+04 8.747716666666667152e+04 8.456200000000000000e+04 8.163230000000000291e+04 8.090956666666666570e+04 8.060056666666666570e+04 7.953966666666667152e+04 8.980708333333334303e+04 8.067052500000000873e+04 8.982646135002343435e-01
9.805590000000000873e+04 9.554260000000002037e+04 9.164656666666665114e+04 8.747716666666667152e+04 8.456200000000000000e+04 8.163230000000000291e+04 8.090956666666666570e+04 8.060056666666666570e+04 9.318055833333333430e+04 8.192610833333332266e+04 8.792189035856637913e-01
9.935493333333333430e+04 9.805590000000000873e+04 9.554260000000002037e+04 9.164656666666665114e+04 8.747716666666667152e+04 8.456200000000000000e+04 8.163230000000000291e+04 8.090956666666666570e+04 9.615000000000000000e+04 8.364525833333333139e+04 8.699454844860461389e-01
9.885369999999999709e+04 9.935493333333333430e+04 9.805590000000000873e+04 9.554260000000002037e+04 9.164656666666665114e+04 8.747716666666667152e+04 8.456200000000000000e+04 8.163230000000000291e+04 9.795178333333334012e+04 8.632950833333333139e+04 8.813469790493859701e-01
9.854713333333334594e+04 9.885369999999999709e+04 9.935493333333333430e+04 9.805590000000000873e+04 9.554260000000002037e+04 9.164656666666665114e+04 8.747716666666667152e+04 8.456200000000000000e+04 9.870291666666667152e+04 8.980708333333334303e+04 9.098726396974085029e-01
9.757690000000000873e+04 9.854713333333334594e+04 9.885369999999999709e+04 9.935493333333333430e+04 9.805590000000000873e+04 9.554260000000002037e+04 9.164656666666665114e+04 8.747716666666667152e+04 9.858316666666667152e+04 9.318055833333333430e+04 9.451974559551241661e-01
9.702303333333332557e+04 9.757690000000000873e+04 9.854713333333334594e+04 9.885369999999999709e+04 9.935493333333333430e+04 9.805590000000000873e+04 9.554260000000002037e+04 9.164656666666665114e+04 9.800019166666668025e+04 9.615000000000000000e+04 9.811205301214120933e-01
9.790906666666666570e+04 9.702303333333332557e+04 9.757690000000000873e+04 9.854713333333334594e+04 9.885369999999999709e+04 9.935493333333333430e+04 9.805590000000000873e+04 9.554260000000002037e+04 9.776403333333334012e+04 9.795178333333334012e+04 1.001920440407361834e+00
9.740680000000000291e+04 9.790906666666666570e+04 9.702303333333332557e+04 9.757690000000000873e+04 9.854713333333334594e+04 9.885369999999999709e+04 9.935493333333333430e+04 9.805590000000000873e+04 9.747895000000001164e+04 9.870291666666667152e+04 1.012556215128154857e+00
1.000474666666666744e+05 9.740680000000000291e+04 9.790906666666666570e+04 9.702303333333332557e+04 9.757690000000000873e+04 9.854713333333334594e+04 9.885369999999999709e+04 9.935493333333333430e+04 9.809659166666665988e+04 9.858316666666667152e+04 1.004960162139510338e+00
1.067872333333333372e+05 1.000474666666666744e+05 9.740680000000000291e+04 9.790906666666666570e+04 9.702303333333332557e+04 9.757690000000000873e+04 9.854713333333334594e+04 9.885369999999999709e+04 1.005376416666666628e+05 9.800019166666668025e+04 9.747611943354219655e-01
1.131734333333333343e+05 1.067872333333333372e+05 1.000474666666666744e+05 9.740680000000000291e+04 9.790906666666666570e+04 9.702303333333332557e+04 9.757690000000000873e+04 9.854713333333334594e+04 1.043537333333333372e+05 9.776403333333334012e+04 9.368522831957457608e-01
1.201679666666666744e+05 1.131734333333333343e+05 1.067872333333333372e+05 1.000474666666666744e+05 9.740680000000000291e+04 9.790906666666666570e+04 9.702303333333332557e+04 9.757690000000000873e+04 1.100440250000000087e+05 9.747895000000001164e+04 8.858177443073351753e-01
1.258640999999999913e+05 1.201679666666666744e+05 1.131734333333333343e+05 1.067872333333333372e+05 1.000474666666666744e+05 9.740680000000000291e+04 9.790906666666666570e+04 9.702303333333332557e+04 1.164981833333333343e+05 9.809659166666665988e+04 8.420439603421568941e-01
1.304315666666666511e+05 1.258640999999999913e+05 1.201679666666666744e+05 1.131734333333333343e+05 1.067872333333333372e+05 1.000474666666666744e+05 9.740680000000000291e+04 9.790906666666666570e+04 1.224092666666666628e+05 1.005376416666666628e+05 8.213237804980995094e-01
1.347745000000000000e+05 1.304315666666666511e+05 1.258640999999999913e+05 1.201679666666666744e+05 1.131734333333333343e+05 1.067872333333333372e+05 1.000474666666666744e+05 9.740680000000000291e+04 1.278095333333333256e+05 1.043537333333333372e+05 8.164784786528704874e-01
1.407674666666666744e+05 1.347745000000000000e+05 1.304315666666666511e+05 1.258640999999999913e+05 1.201679666666666744e+05 1.131734333333333343e+05 1.067872333333333372e+05 1.000474666666666744e+05 1.329594083333333256e+05 1.100440250000000087e+05 8.276512837972040959e-01
1.507141999999999825e+05 1.407674666666666744e+05 1.347745000000000000e+05 1.304315666666666511e+05 1.258640999999999913e+05 1.201679666666666744e+05 1.131734333333333343e+05 1.067872333333333372e+05 1.391719333333333198e+05 1.164981833333333343e+05 8.370810158561664549e-01
1.615117999999999884e+05 1.507141999999999825e+05 1.407674666666666744e+05 1.347745000000000000e+05 1.304315666666666511e+05 1.258640999999999913e+05 1.201679666666666744e+05 1.131734333333333343e+05 1.469419916666666686e+05 1.224092666666666628e+05 8.330448313532340388e-01
1.776681333333333314e+05 1.615117999999999884e+05 1.507141999999999825e+05 1.407674666666666744e+05 1.347745000000000000e+05 1.304315666666666511e+05 1.258640999999999913e+05 1.201679666666666744e+05 1.576653999999999942e+05 1.278095333333333256e+05 8.106378021641611475e-01
1.945610000000000000e+05 1.776681333333333314e+05 1.615117999999999884e+05 1.507141999999999825e+05 1.407674666666666744e+05 1.347745000000000000e+05 1.304315666666666511e+05 1.258640999999999913e+05 1.711137833333333256e+05 1.329594083333333256e+05 7.770233685636273036e-01
2.082865666666666511e+05 1.945610000000000000e+05 1.776681333333333314e+05 1.615117999999999884e+05 1.507141999999999825e+05 1.407674666666666744e+05 1.347745000000000000e+05 1.304315666666666511e+05 1.855068750000000000e+05 1.391719333333333198e+05 7.502252050406935657e-01
2.231195666666666511e+05 2.082865666666666511e+05 1.945610000000000000e+05 1.776681333333333314e+05 1.615117999999999884e+05 1.507141999999999825e+05 1.407674666666666744e+05 1.347745000000000000e+05 2.009088166666666511e+05 1.469419916666666686e+05 7.313864772319184082e-01
2.379626666666666570e+05 2.231195666666666511e+05 2.082865666666666511e+05 1.945610000000000000e+05 1.776681333333333314e+05 1.615117999999999884e+05 1.507141999999999825e+05 1.407674666666666744e+05 2.159824499999999825e+05 1.576653999999999942e+05 7.299917192345952710e-01
2.530272666666666337e+05 2.379626666666666570e+05 2.231195666666666511e+05 2.082865666666666511e+05 1.945610000000000000e+05 1.776681333333333314e+05 1.615117999999999884e+05 1.507141999999999825e+05 2.305990166666666628e+05 1.711137833333333256e+05 7.420403859773614386e-01
2.716192333333333372e+05 2.530272666666666337e+05 2.379626666666666570e+05 2.231195666666666511e+05 2.082865666666666511e+05 1.945610000000000000e+05 1.776681333333333314e+05 1.615117999999999884e+05 2.464321833333333198e+05 1.855068750000000000e+05 7.527704883784457346e-01
2.977437000000000116e+05 2.716192333333333372e+05 2.530272666666666337e+05 2.379626666666666570e+05 2.231195666666666511e+05 2.082865666666666511e+05 1.945610000000000000e+05 1.776681333333333314e+05 2.650882166666666744e+05 2.009088166666666511e+05 7.578941802581063980e-01
3.268395000000000000e+05 2.977437000000000116e+05 2.716192333333333372e+05 2.530272666666666337e+05 2.379626666666666570e+05 2.231195666666666511e+05 2.082865666666666511e+05 1.945610000000000000e+05 2.873074249999999884e+05 2.159824499999999825e+05 7.517468439947209147e-01
3.571328666666666977e+05 3.268395000000000000e+05 2.977437000000000116e+05 2.716192333333333372e+05 2.530272666666666337e+05 2.379626666666666570e+05 2.231195666666666511e+05 2.082865666666666511e+05 3.133338250000000116e+05 2.305990166666666628e+05 7.359531536905300486e-01
3.887778666666666977e+05 3.571328666666666977e+05 3.268395000000000000e+05 2.977437000000000116e+05 2.716192333333333372e+05 2.530272666666666337e+05 2.379626666666666570e+05 2.231195666666666511e+05 3.426234833333333372e+05 2.464321833333333198e+05 7.192507090752535692e-01
4.087622333333333372e+05 3.887778666666666977e+05 3.571328666666666977e+05 3.268395000000000000e+05 2.977437000000000116e+05 2.716192333333333372e+05 2.530272666666666337e+05 2.379626666666666570e+05 3.703781166666666977e+05 2.650882166666666744e+05 7.157232156489446995e-01
4.266643333333333139e+05 4.087622333333333372e+05 3.887778666666666977e+05 3.571328666666666977e+05 3.268395000000000000e+05 2.977437000000000116e+05 2.716192333333333372e+05 2.530272666666666337e+05 3.953343250000000116e+05 2.873074249999999884e+05 7.267454577843701635e-01
4.402175333333333838e+05 4.266643333333333139e+05 4.087622333333333372e+05 3.887778666666666977e+05 3.571328666666666977e+05 3.268395000000000000e+05 2.977437000000000116e+05 2.716192333333333372e+05 4.161054916666666977e+05 3.133338250000000116e+05 7.530153561419591357e-01
4.427020333333333838e+05 4.402175333333333838e+05 4.266643333333333139e+05 4.087622333333333372e+05 3.887778666666666977e+05 3.571328666666666977e+05 3.268395000000000000e+05 2.977437000000000116e+05 4.295865333333333838e+05 3.426234833333333372e+05 7.975656980557117581e-01
4.459723666666666977e+05 4.427020333333333838e+05 4.402175333333333838e+05 4.266643333333333139e+05 4.087622333333333372e+05 3.887778666666666977e+05 3.571328666666666977e+05 3.268395000000000000e+05 4.388890666666667094e+05 3.703781166666666977e+05 8.438991644965408989e-01
4.490364666666666162e+05 4.459723666666666977e+05 4.427020333333333838e+05 4.402175333333333838e+05 4.266643333333333139e+05 4.087622333333333372e+05 3.887778666666666977e+05 3.571328666666666977e+05 4.444821000000000349e+05 3.953343250000000116e+05 8.894268745580530267e-01
4.501825333333333838e+05 4.490364666666666162e+05 4.459723666666666977e+05 4.427020333333333838e+05 4.402175333333333838e+05 4.266643333333333139e+05 4.087622333333333372e+05 3.887778666666666977e+05 4.469733500000000349e+05 4.161054916666666977e+05 9.309402711966310306e-01
4.667326666666666861e+05 4.501825333333333838e+05 4.490364666666666162e+05 4.459723666666666977e+05 4.427020333333333838e+05 4.402175333333333838e+05 4.266643333333333139e+05 4.087622333333333372e+05 4.529810083333333605e+05 4.295865333333333838e+05 9.483544021280804204e-01
4.673956333333333023e+05 4.667326666666666861e+05 4.501825333333333838e+05 4.490364666666666162e+05 4.459723666666666977e+05 4.427020333333333838e+05 4.402175333333333838e+05 4.266643333333333139e+05 4.583368250000000116e+05 4.388890666666667094e+05 9.575688505209388746e-01
4.606796666666666861e+05 4.673956333333333023e+05 4.667326666666666861e+05 4.501825333333333838e+05 4.490364666666666162e+05 4.459723666666666977e+05 4.427020333333333838e+05 4.402175333333333838e+05 4.612476250000000582e+05 4.444821000000000349e+05 9.636517911609842058e-01
4.679569333333333489e+05 4.606796666666666861e+05 4.673956333333333023e+05 4.667326666666666861e+05 4.501825333333333838e+05 4.490364666666666162e+05 4.459723666666666977e+05 4.427020333333333838e+05 4.656912250000000349e+05 4.469733500000000349e+05 9.598062535964683173e-01
4.810447999999999884e+05 4.679569333333333489e+05 4.606796666666666861e+05 4.673956333333333023e+05 4.667326666666666861e+05 4.501825333333333838e+05 4.490364666666666162e+05 4.459723666666666977e+05 4.692692583333333605e+05 4.529810083333333605e+05 9.652901831714916225e-01
4.925708666666666977e+05 4.810447999999999884e+05 4.679569333333333489e+05 4.606796666666666861e+05 4.673956333333333023e+05 4.667326666666666861e+05 4.501825333333333838e+05 4.490364666666666162e+05 4.755630666666667094e+05 4.583368250000000116e+05 9.637771667438149725e-01
5.082571666666666861e+05 4.925708666666666977e+05 4.810447999999999884e+05 4.679569333333333489e+05 4.606796666666666861e+05 4.673956333333333023e+05 4.667326666666666861e+05 4.501825333333333838e+05 4.874574416666667094e+05 4.612476250000000582e+05 9.462315795671256691e-01
5.286042999999999302e+05 5.082571666666666861e+05 4.925708666666666977e+05 4.810447999999999884e+05 4.679569333333333489e+05 4.606796666666666861e+05 4.673956333333333023e+05 4.667326666666666861e+05 5.026192833333333256e+05 4.656912250000000349e+05 9.265287672839983557e-01
5.830949666666666744e+05 5.286042999999999302e+05 5.082571666666666861e+05 4.925708666666666977e+05 4.810447999999999884e+05 4.679569333333333489e+05 4.606796666666666861e+05 4.673956333333333023e+05 5.281318249999999534e+05 4.692692583333333605e+05 8.885456927980687203e-01
5.958420333333333256e+05 5.830949666666666744e+05 5.286042999999999302e+05 5.082571666666666861e+05 4.925708666666666977e+05 4.810447999999999884e+05 4.679569333333333489e+05 4.606796666666666861e+05 5.539496166666665813e+05 4.755630666666667094e+05 8.584951633838422413e-01
6.081111666666667443e+05 5.958420333333333256e+05 5.830949666666666744e+05 5.286042999999999302e+05 5.082571666666666861e+05 4.925708666666666977e+05 4.810447999999999884e+05 4.679569333333333489e+05 5.789131166666666977e+05 4.874574416666667094e+05 8.420217604904270958e-01
6.056119000000000233e+05 6.081111666666667443e+05 5.958420333333333256e+05 5.830949666666666744e+05 5.286042999999999302e+05 5.082571666666666861e+05 4.925708666666666977e+05 4.810447999999999884e+05 5.981650166666667210e+05 5.026192833333333256e+05 8.402686036943929349e-01
6.037310333333333256e+05 6.056119000000000233e+05 6.081111666666667443e+05 5.958420333333333256e+05 5.830949666666666744e+05 5.286042999999999302e+05 5.082571666666666861e+05 4.925708666666666977e+05 6.033240333333333256e+05 5.281318249999999534e+05 8.753701092961597707e-01
5.993673000000000466e+05 6.037310333333333256e+05 6.056119000000000233e+05 6.081111666666667443e+05 5.958420333333333256e+05 5.830949666666666744e+05 5.286042999999999302e+05 5.082571666666666861e+05 6.042053500000000931e+05 5.539496166666665813e+05 9.168234221472326695e-01
5.996269333333333489e+05 5.993673000000000466e+05 6.037310333333333256e+05 6.056119000000000233e+05 6.081111666666667443e+05 5.958420333333333256e+05 5.830949666666666744e+05 5.286042999999999302e+05 6.020842916666666279e+05 5.789131166666666977e+05 9.615150647165060516e-01
5.942239333333332324e+05 5.996269333333333489e+05 5.993673000000000466e+05 6.037310333333333256e+05 6.056119000000000233e+05 6.081111666666667443e+05 5.958420333333333256e+05 5.830949666666666744e+05 5.992373000000000466e+05 5.981650166666667210e+05 9.982105864682767615e-01
5.856585666666667676e+05 5.942239333333332324e+05 5.996269333333333489e+05 5.993673000000000466e+05 6.037310333333333256e+05 6.056119000000000233e+05 6.081111666666667443e+05 5.958420333333333256e+05 5.947191833333333489e+05 6.033240333333333256e+05 1.014468761461116530e+00
5.745601999999999534e+05 5.856585666666667676e+05 5.942239333333332324e+05 5.996269333333333489e+05 5.993673000000000466e+05 6.037310333333333256e+05 6.056119000000000233e+05 6.081111666666667443e+05 5.885174083333332092e+05 6.042053500000000931e+05 1.026656716427632565e+00
5.663405666666666511e+05 5.745601999999999534e+05 5.856585666666667676e+05 5.942239333333332324e+05 5.996269333333333489e+05 5.993673000000000466e+05 6.037310333333333256e+05 6.056119000000000233e+05 5.801958166666666511e+05 6.020842916666666279e+05 1.037726013134243841e+00
5.581873666666666977e+05 5.663405666666666511e+05 5.745601999999999534e+05 5.856585666666667676e+05 5.942239333333332324e+05 5.996269333333333489e+05 5.993673000000000466e+05 6.037310333333333256e+05 5.711866750000000466e+05 5.992373000000000466e+05 1.049109382672486213e+00
5.515367000000000698e+05 5.581873666666666977e+05 5.663405666666666511e+05 5.745601999999999534e+05 5.856585666666667676e+05 5.942239333333332324e+05 5.996269333333333489e+05 5.993673000000000466e+05 5.626562083333333721e+05 5.947191833333333489e+05 1.056985019493475342e+00
5.492098666666666977e+05 5.515367000000000698e+05 5.581873666666666977e+05 5.663405666666666511e+05 5.745601999999999534e+05 5.856585666666667676e+05 5.942239333333332324e+05 5.996269333333333489e+05 5.563186250000000000e+05 5.885174083333332092e+05 1.057878312690561540e+00
5.421558999999999069e+05 5.492098666666666977e+05 5.515367000000000698e+05 5.581873666666666977e+05 5.663405666666666511e+05 5.745601999999999534e+05 5.856585666666667676e+05 5.942239333333332324e+05 5.502724583333333721e+05 5.801958166666666511e+05 1.054379167774388115e+00
5.310454333333333489e+05 5.421558999999999069e+05 5.492098666666666977e+05 5.515367000000000698e+05 5.581873666666666977e+05 5.663405666666666511e+05 5.745601999999999534e+05 5.856585666666667676e+05 5.434869749999999767e+05 5.711866750000000466e+05 1.050966630801041912e+00
5.189656000000000349e+05 5.310454333333333489e+05 5.421558999999999069e+05 5.492098666666666977e+05 5.515367000000000698e+05 5.581873666666666977e+05 5.663405666666666511e+05 5.745601999999999534e+05 5.353441999999999534e+05 5.626562083333333721e+05 1.051017659915496338e+00
5.081037333333333954e+05 5.189656000000000349e+05 5.310454333333333489e+05 5.421558999999999069e+05 5.492098666666666977e+05 5.515367000000000698e+05 5.581873666666666977e+05 5.663405666666666511e+05 5.250676666666667443e+05 5.563186250000000000e+05 1.059517963716422484e+00
4.946664333333333489e+05 5.081037333333333954e+05 5.189656000000000349e+05 5.310454333333333489e+05 5.421558999999999069e+05 5.492098666666666977e+05 5.515367000000000698e+05 5.581873666666666977e+05 5.131953000000000466e+05 5.502724583333333721e+05 1.072247657633133677e+00
4.853174666666666162e+05 4.946664333333333489e+05 5.081037333333333954e+05 5.189656000000000349e+05 5.310454333333333489e+05 5.421558999999999069e+05 5.492098666666666977e+05 5.515367000000000698e+05 5.017633083333333489e+05 5.434869749999999767e+05 1.083154080766201899e+00
4.759260333333333838e+05 4.853174666666666162e+05 4.946664333333333489e+05 5.081037333333333954e+05 5.189656000000000349e+05 5.310454333333333489e+05 5.421558999999999069e+05 5.492098666666666977e+05 4.910034166666666861e+05 5.353441999999999534e+05 1.090306465959758109e+00
4.686571333333333023e+05 4.759260333333333838e+05 4.853174666666666162e+05 4.946664333333333489e+05 5.081037333333333954e+05 5.189656000000000349e+05 5.310454333333333489e+05 5.421558999999999069e+05 4.811417666666666628e+05 5.250676666666667443e+05 1.091295129716792545e+00
4.658872000000000116e+05 4.686571333333333023e+05 4.759260333333333838e+05 4.853174666666666162e+05 4.946664333333333489e+05 5.081037333333333954e+05 5.189656000000000349e+05 5.310454333333333489e+05 4.739469583333333139e+05 5.131953000000000466e+05 1.082811675392297390e+00
4.617222000000000116e+05 4.658872000000000116e+05 4.686571333333333023e+05 4.759260333333333838e+05 4.853174666666666162e+05 4.946664333333333489e+05 5.081037333333333954e+05 5.189656000000000349e+05 4.680481416666666628e+05 5.017633083333333489e+05 1.072033544555076601e+00
4.579984333333333489e+05 4.617222000000000116e+05 4.658872000000000116e+05 4.686571333333333023e+05 4.759260333333333838e+05 4.853174666666666162e+05 4.946664333333333489e+05 5.081037333333333954e+05 4.635662416666666395e+05 4.910034166666666861e+05 1.059187172261195631e+00
4.534489333333333489e+05 4.579984333333333489e+05 4.617222000000000116e+05 4.658872000000000116e+05 4.686571333333333023e+05 4.759260333333333838e+05 4.853174666666666162e+05 4.946664333333333489e+05 4.597641916666666511e+05 4.811417666666666628e+05 1.046496824649404189e+00
4.482443666666666977e+05 4.534489333333333489e+05 4.579984333333333489e+05 4.617222000000000116e+05 4.658872000000000116e+05 4.686571333333333023e+05 4.759260333333333838e+05 4.853174666666666162e+05 4.553534833333333372e+05 4.739469583333333139e+05 1.040833057570768494e+00
4.414866333333333023e+05 4.482443666666666977e+05 4.534489333333333489e+05 4.579984333333333489e+05 4.617222000000000116e+05 4.658872000000000116e+05 4.686571333333333023e+05 4.759260333333333838e+05 4.502945916666666744e+05 4.680481416666666628e+05 1.039426522833172717e+00
4.360529666666666162e+05 4.414866333333333023e+05 4.482443666666666977e+05 4.534489333333333489e+05 4.579984333333333489e+05 4.617222000000000116e+05 4.658872000000000116e+05 4.686571333333333023e+05 4.448082249999999767e+05 4.635662416666666395e+05 1.042171020256351222e+00
4.308509333333333489e+05 4.360529666666666162e+05 4.414866333333333023e+05 4.482443666666666977e+05 4.534489333333333489e+05 4.579984333333333489e+05 4.617222000000000116e+05 4.658872000000000116e+05 4.391587249999999767e+05 4.597641916666666511e+05 1.046920317173857029e+00
4.245276666666666861e+05 4.308509333333333489e+05 4.360529666666666162e+05 4.414866333333333023e+05 4.482443666666666977e+05 4.534489333333333489e+05 4.579984333333333489e+05 4.617222000000000116e+05 4.332295499999999884e+05 4.553534833333333372e+05 1.051067461426242300e+00
4.178168333333333139e+05 4.245276666666666861e+05 4.308509333333333489e+05 4.360529666666666162e+05 4.414866333333333023e+05 4.482443666666666977e+05 4.534489333333333489e+05 4.579984333333333489e+05 4.273120999999999767e+05 4.502945916666666744e+05 1.053783854158744093e+00
4.090855999999999185e+05 4.178168333333333139e+05 4.245276666666666861e+05 4.308509333333333489e+05 4.360529666666666162e+05 4.414866333333333023e+05 4.482443666666666977e+05 4.534489333333333489e+05 4.205702583333333023e+05 4.448082249999999767e+05 1.057631195231728105e+00
4.004840333333333838e+05 4.090855999999999185e+05 4.178168333333333139e+05 4.245276666666666861e+05 4.308509333333333489e+05 4.360529666666666162e+05 4.414866333333333023e+05 4.482443666666666977e+05 4.129785333333333256e+05 4.391587249999999767e+05 1.063393589626450364e+00
3.934207000000000116e+05 4.004840333333333838e+05 4.090855999999999185e+05 4.178168333333333139e+05 4.245276666666666861e+05 4.308509333333333489e+05 4.360529666666666162e+05 4.414866333333333023e+05 4.052017916666666279e+05 4.332295499999999884e+05 1.069169877601108931e+00
3.868735333333333838e+05 3.934207000000000116e+05 4.004840333333333838e+05 4.090855999999999185e+05 4.178168333333333139e+05 4.245276666666666861e+05 4.308509333333333489e+05 4.360529666666666162e+05 3.974659666666666744e+05 4.273120999999999767e+05 1.075091041337794984e+00
