1.421660000000000000e+05 1.489510000000000000e+05 1.499970000000000000e+05 1.504030000000000000e+05 1.432960000000000000e+05 1.510610000000000000e+05 1.559270000000000000e+05 1.511850000000000000e+05 1.478792500000000000e+05 1.503672500000000000e+05 1.016824537587254440e+00
1.459750000000000000e+05 1.421660000000000000e+05 1.489510000000000000e+05 1.499970000000000000e+05 1.504030000000000000e+05 1.432960000000000000e+05 1.510610000000000000e+05 1.559270000000000000e+05 1.467722500000000000e+05 1.501717500000000000e+05 1.023161735273527606e+00
1.453010000000000000e+05 1.459750000000000000e+05 1.421660000000000000e+05 1.489510000000000000e+05 1.499970000000000000e+05 1.504030000000000000e+05 1.432960000000000000e+05 1.510610000000000000e+05 1.455982500000000000e+05 1.486892500000000000e+05 1.021229650768467279e+00
1.428860000000000000e+05 1.453010000000000000e+05 1.459750000000000000e+05 1.421660000000000000e+05 1.489510000000000000e+05 1.499970000000000000e+05 1.504030000000000000e+05 1.432960000000000000e+05 1.440820000000000000e+05 1.481617500000000000e+05 1.028315473133354585e+00
1.469590000000000000e+05 1.428860000000000000e+05 1.453010000000000000e+05 1.459750000000000000e+05 1.421660000000000000e+05 1.489510000000000000e+05 1.499970000000000000e+05 1.504030000000000000e+05 1.452802500000000000e+05 1.478792500000000000e+05 1.017889561726387448e+00
1.399110000000000000e+05 1.469590000000000000e+05 1.428860000000000000e+05 1.453010000000000000e+05 1.459750000000000000e+05 1.421660000000000000e+05 1.489510000000000000e+05 1.499970000000000000e+05 1.437642500000000000e+05 1.467722500000000000e+05 1.020923143271014855e+00
1.501640000000000000e+05 1.399110000000000000e+05 1.469590000000000000e+05 1.428860000000000000e+05 1.453010000000000000e+05 1.459750000000000000e+05 1.421660000000000000e+05 1.489510000000000000e+05 1.449800000000000000e+05 1.455982500000000000e+05 1.004264381293971553e+00
1.498330000000000000e+05 1.501640000000000000e+05 1.399110000000000000e+05 1.469590000000000000e+05 1.428860000000000000e+05 1.453010000000000000e+05 1.459750000000000000e+05 1.421660000000000000e+05 1.467167500000000000e+05 1.440820000000000000e+05 9.820419277280882930e-01
1.622820000000000000e+05 1.498330000000000000e+05 1.501640000000000000e+05 1.399110000000000000e+05 1.469590000000000000e+05 1.428860000000000000e+05 1.453010000000000000e+05 1.459750000000000000e+05 1.505475000000000000e+05 1.452802500000000000e+05 9.650127036317441842e-01
1.717790000000000000e+05 1.622820000000000000e+05 1.498330000000000000e+05 1.501640000000000000e+05 1.399110000000000000e+05 1.469590000000000000e+05 1.428860000000000000e+05 1.453010000000000000e+05 1.585145000000000000e+05 1.437642500000000000e+05 9.069469985395657297e-01
1.779750000000000000e+05 1.717790000000000000e+05 1.622820000000000000e+05 1.498330000000000000e+05 1.501640000000000000e+05 1.399110000000000000e+05 1.469590000000000000e+05 1.428860000000000000e+05 1.654672500000000000e+05 1.449800000000000000e+05 8.761854687256843688e-01
1.856190000000000000e+05 1.779750000000000000e+05 1.717790000000000000e+05 1.622820000000000000e+05 1.498330000000000000e+05 1.501640000000000000e+05 1.399110000000000000e+05 1.469590000000000000e+05 1.744137500000000000e+05 1.467167500000000000e+05 8.411994467179336743e-01
1.922960000000000000e+05 1.856190000000000000e+05 1.779750000000000000e+05 1.717790000000000000e+05 1.622820000000000000e+05 1.498330000000000000e+05 1.501640000000000000e+05 1.399110000000000000e+05 1.819172500000000000e+05 1.505475000000000000e+05 8.275603330635220578e-01
1.908460000000000000e+05 1.922960000000000000e+05 1.856190000000000000e+05 1.779750000000000000e+05 1.717790000000000000e+05 1.622820000000000000e+05 1.498330000000000000e+05 1.501640000000000000e+05 1.866840000000000000e+05 1.585145000000000000e+05 8.491059758736688723e-01
1.920500000000000000e+05 1.908460000000000000e+05 1.922960000000000000e+05 1.856190000000000000e+05 1.779750000000000000e+05 1.717790000000000000e+05 1.622820000000000000e+05 1.498330000000000000e+05 1.902027500000000000e+05 1.654672500000000000e+05 8.699519328716330824e-01
2.012000000000000000e+05 1.920500000000000000e+05 1.908460000000000000e+05 1.922960000000000000e+05 1.856190000000000000e+05 1.779750000000000000e+05 1.717790000000000000e+05 1.622820000000000000e+05 1.940980000000000000e+05 1.744137500000000000e+05 8.985860235551113018e-01
2.005450000000000000e+05 2.012000000000000000e+05 1.920500000000000000e+05 1.908460000000000000e+05 1.922960000000000000e+05 1.856190000000000000e+05 1.779750000000000000e+05 1.717790000000000000e+05 1.961602500000000000e+05 1.819172500000000000e+05 9.273909979213423860e-01
2.138010000000000000e+05 2.005450000000000000e+05 2.012000000000000000e+05 1.920500000000000000e+05 1.908460000000000000e+05 1.922960000000000000e+05 1.856190000000000000e+05 1.779750000000000000e+05 2.018990000000000000e+05 1.866840000000000000e+05 9.246405380908275795e-01
2.181790000000000000e+05 2.138010000000000000e+05 2.005450000000000000e+05 2.012000000000000000e+05 1.920500000000000000e+05 1.908460000000000000e+05 1.922960000000000000e+05 1.856190000000000000e+05 2.084312500000000000e+05 1.902027500000000000e+05 9.125443041770368025e-01
2.190590000000000000e+05 2.181790000000000000e+05 2.138010000000000000e+05 2.005450000000000000e+05 2.012000000000000000e+05 1.920500000000000000e+05 1.908460000000000000e+05 1.922960000000000000e+05 2.128960000000000000e+05 1.940980000000000000e+05 9.117033669021493703e-01
2.209670000000000000e+05 2.190590000000000000e+05 2.181790000000000000e+05 2.138010000000000000e+05 2.005450000000000000e+05 2.012000000000000000e+05 1.920500000000000000e+05 1.908460000000000000e+05 2.180015000000000000e+05 1.961602500000000000e+05 8.998114691871386128e-01
2.321360000000000000e+05 2.209670000000000000e+05 2.190590000000000000e+05 2.181790000000000000e+05 2.138010000000000000e+05 2.005450000000000000e+05 2.012000000000000000e+05 1.920500000000000000e+05 2.225852500000000000e+05 2.018990000000000000e+05 9.070636980662465376e-01
2.341510000000000000e+05 2.321360000000000000e+05 2.209670000000000000e+05 2.190590000000000000e+05 2.181790000000000000e+05 2.138010000000000000e+05 2.005450000000000000e+05 2.012000000000000000e+05 2.265782500000000000e+05 2.084312500000000000e+05 9.199084642943442525e-01
2.450720000000000000e+05 2.341510000000000000e+05 2.321360000000000000e+05 2.209670000000000000e+05 2.190590000000000000e+05 2.181790000000000000e+05 2.138010000000000000e+05 2.005450000000000000e+05 2.330815000000000000e+05 2.128960000000000000e+05 9.133972451696080741e-01
2.424900000000000000e+05 2.450720000000000000e+05 2.341510000000000000e+05 2.321360000000000000e+05 2.209670000000000000e+05 2.190590000000000000e+05 2.181790000000000000e+05 2.138010000000000000e+05 2.384622500000000000e+05 2.180015000000000000e+05 9.141971108634595611e-01
2.252690000000000000e+05 2.424900000000000000e+05 2.450720000000000000e+05 2.341510000000000000e+05 2.321360000000000000e+05 2.209670000000000000e+05 2.190590000000000000e+05 2.181790000000000000e+05 2.367455000000000000e+05 2.225852500000000000e+05 9.401878810790490482e-01
2.282030000000000000e+05 2.252690000000000000e+05 2.424900000000000000e+05 2.450720000000000000e+05 2.341510000000000000e+05 2.321360000000000000e+05 2.209670000000000000e+05 2.190590000000000000e+05 2.352585000000000000e+05 2.265782500000000000e+05 9.631033522699498084e-01
2.382940000000000000e+05 2.282030000000000000e+05 2.252690000000000000e+05 2.424900000000000000e+05 2.450720000000000000e+05 2.341510000000000000e+05 2.321360000000000000e+05 2.209670000000000000e+05 2.335640000000000000e+05 2.330815000000000000e+05 9.979341850627665433e-01
2.313670000000000000e+05 2.382940000000000000e+05 2.282030000000000000e+05 2.252690000000000000e+05 2.424900000000000000e+05 2.450720000000000000e+05 2.341510000000000000e+05 2.321360000000000000e+05 2.307832500000000000e+05 2.384622500000000000e+05 1.033273645292715148e+00
2.345900000000000000e+05 2.313670000000000000e+05 2.382940000000000000e+05 2.282030000000000000e+05 2.252690000000000000e+05 2.424900000000000000e+05 2.450720000000000000e+05 2.341510000000000000e+05 2.331135000000000000e+05 2.367455000000000000e+05 1.015580393241918733e+00
2.347910000000000000e+05 2.345900000000000000e+05 2.313670000000000000e+05 2.382940000000000000e+05 2.282030000000000000e+05 2.252690000000000000e+05 2.424900000000000000e+05 2.450720000000000000e+05 2.347605000000000000e+05 2.352585000000000000e+05 1.002121310867884585e+00
2.347500000000000000e+05 2.347910000000000000e+05 2.345900000000000000e+05 2.313670000000000000e+05 2.382940000000000000e+05 2.282030000000000000e+05 2.252690000000000000e+05 2.424900000000000000e+05 2.338745000000000000e+05 2.335640000000000000e+05 9.986723648794545438e-01
2.284340000000000000e+05 2.347500000000000000e+05 2.347910000000000000e+05 2.345900000000000000e+05 2.313670000000000000e+05 2.382940000000000000e+05 2.282030000000000000e+05 2.252690000000000000e+05 2.331412500000000000e+05 2.307832500000000000e+05 9.898859596918176962e-01
2.341580000000000000e+05 2.284340000000000000e+05 2.347500000000000000e+05 2.347910000000000000e+05 2.345900000000000000e+05 2.313670000000000000e+05 2.382940000000000000e+05 2.282030000000000000e+05 2.330332500000000000e+05 2.331135000000000000e+05 1.000344371457721149e+00
2.347030000000000000e+05 2.341580000000000000e+05 2.284340000000000000e+05 2.347500000000000000e+05 2.347910000000000000e+05 2.345900000000000000e+05 2.313670000000000000e+05 2.382940000000000000e+05 2.330112500000000000e+05 2.347605000000000000e+05 1.007507148260008867e+00
2.295960000000000000e+05 2.347030000000000000e+05 2.341580000000000000e+05 2.284340000000000000e+05 2.347500000000000000e+05 2.347910000000000000e+05 2.345900000000000000e+05 2.313670000000000000e+05 2.317227500000000000e+05 2.338745000000000000e+05 1.009285881511418292e+00
2.213000000000000000e+05 2.295960000000000000e+05 2.347030000000000000e+05 2.341580000000000000e+05 2.284340000000000000e+05 2.347500000000000000e+05 2.347910000000000000e+05 2.345900000000000000e+05 2.299392500000000000e+05 2.331412500000000000e+05 1.013925417256949402e+00
1.888280000000000000e+05 2.213000000000000000e+05 2.295960000000000000e+05 2.347030000000000000e+05 2.341580000000000000e+05 2.284340000000000000e+05 2.347500000000000000e+05 2.347910000000000000e+05 2.186067500000000000e+05 2.330332500000000000e+05 1.065992930227451785e+00
2.165450000000000000e+05 1.888280000000000000e+05 2.213000000000000000e+05 2.295960000000000000e+05 2.347030000000000000e+05 2.341580000000000000e+05 2.284340000000000000e+05 2.347500000000000000e+05 2.140672500000000000e+05 2.330112500000000000e+05 1.088495554551198286e+00
2.246160000000000000e+05 2.165450000000000000e+05 1.888280000000000000e+05 2.213000000000000000e+05 2.295960000000000000e+05 2.347030000000000000e+05 2.341580000000000000e+05 2.284340000000000000e+05 2.128222500000000000e+05 2.317227500000000000e+05 1.088808853397612353e+00
1.988010000000000000e+05 2.246160000000000000e+05 2.165450000000000000e+05 1.888280000000000000e+05 2.213000000000000000e+05 2.295960000000000000e+05 2.347030000000000000e+05 2.341580000000000000e+05 2.071975000000000000e+05 2.299392500000000000e+05 1.109758805004886550e+00
2.195670000000000000e+05 1.988010000000000000e+05 2.246160000000000000e+05 2.165450000000000000e+05 1.888280000000000000e+05 2.213000000000000000e+05 2.295960000000000000e+05 2.347030000000000000e+05 2.148822500000000000e+05 2.186067500000000000e+05 1.017332748516920349e+00
2.194370000000000000e+05 2.195670000000000000e+05 1.988010000000000000e+05 2.246160000000000000e+05 2.165450000000000000e+05 1.888280000000000000e+05 2.213000000000000000e+05 2.295960000000000000e+05 2.156052500000000000e+05 2.140672500000000000e+05 9.928665929980833305e-01
2.200080000000000000e+05 2.194370000000000000e+05 2.195670000000000000e+05 1.988010000000000000e+05 2.246160000000000000e+05 2.165450000000000000e+05 1.888280000000000000e+05 2.213000000000000000e+05 2.144532500000000000e+05 2.128222500000000000e+05 9.923946128118832366e-01
2.225550000000000000e+05 2.200080000000000000e+05 2.194370000000000000e+05 2.195670000000000000e+05 1.988010000000000000e+05 2.246160000000000000e+05 2.165450000000000000e+05 1.888280000000000000e+05 2.203917500000000000e+05 2.071975000000000000e+05 9.401327409034140326e-01
2.391350000000000000e+05 2.225550000000000000e+05 2.200080000000000000e+05 2.194370000000000000e+05 2.195670000000000000e+05 1.988010000000000000e+05 2.246160000000000000e+05 2.165450000000000000e+05 2.252837500000000000e+05 2.148822500000000000e+05 9.538293374466645380e-01
2.267920000000000000e+05 2.391350000000000000e+05 2.225550000000000000e+05 2.200080000000000000e+05 2.194370000000000000e+05 2.195670000000000000e+05 1.988010000000000000e+05 2.246160000000000000e+05 2.271225000000000000e+05 2.156052500000000000e+05 9.492905810740899231e-01
2.422100000000000000e+05 2.267920000000000000e+05 2.391350000000000000e+05 2.225550000000000000e+05 2.200080000000000000e+05 2.194370000000000000e+05 2.195670000000000000e+05 1.988010000000000000e+05 2.326730000000000000e+05 2.144532500000000000e+05 9.216937504566494743e-01
2.419880000000000000e+05 2.422100000000000000e+05 2.267920000000000000e+05 2.391350000000000000e+05 2.225550000000000000e+05 2.200080000000000000e+05 2.194370000000000000e+05 2.195670000000000000e+05 2.375312500000000000e+05 2.203917500000000000e+05 9.278431785291408884e-01
2.604190000000000000e+05 2.419880000000000000e+05 2.422100000000000000e+05 2.267920000000000000e+05 2.391350000000000000e+05 2.225550000000000000e+05 2.200080000000000000e+05 2.194370000000000000e+05 2.428522500000000000e+05 2.252837500000000000e+05 9.276576601616827178e-01
2.804070000000000000e+05 2.604190000000000000e+05 2.419880000000000000e+05 2.422100000000000000e+05 2.267920000000000000e+05 2.391350000000000000e+05 2.225550000000000000e+05 2.200080000000000000e+05 2.562560000000000000e+05 2.271225000000000000e+05 8.863109546703297204e-01
2.872660000000000000e+05 2.804070000000000000e+05 2.604190000000000000e+05 2.419880000000000000e+05 2.422100000000000000e+05 2.267920000000000000e+05 2.391350000000000000e+05 2.225550000000000000e+05 2.675200000000000000e+05 2.326730000000000000e+05 8.697405801435407202e-01
2.829800000000000000e+05 2.872660000000000000e+05 2.804070000000000000e+05 2.604190000000000000e+05 2.419880000000000000e+05 2.422100000000000000e+05 2.267920000000000000e+05 2.391350000000000000e+05 2.777680000000000000e+05 2.375312500000000000e+05 8.551426010195558591e-01
3.149960000000000000e+05 2.829800000000000000e+05 2.872660000000000000e+05 2.804070000000000000e+05 2.604190000000000000e+05 2.419880000000000000e+05 2.422100000000000000e+05 2.267920000000000000e+05 2.914122500000000000e+05 2.428522500000000000e+05 8.333632165428872529e-01
3.450750000000000000e+05 3.149960000000000000e+05 2.829800000000000000e+05 2.872660000000000000e+05 2.804070000000000000e+05 2.604190000000000000e+05 2.419880000000000000e+05 2.422100000000000000e+05 3.075792500000000000e+05 2.562560000000000000e+05 8.331381261902420787e-01
3.659430000000000000e+05 3.450750000000000000e+05 3.149960000000000000e+05 2.829800000000000000e+05 2.872660000000000000e+05 2.804070000000000000e+05 2.604190000000000000e+05 2.419880000000000000e+05 3.272485000000000000e+05 2.675200000000000000e+05 8.174827386527363515e-01
4.256190000000000000e+05 3.659430000000000000e+05 3.450750000000000000e+05 3.149960000000000000e+05 2.829800000000000000e+05 2.872660000000000000e+05 2.804070000000000000e+05 2.604190000000000000e+05 3.629082500000000000e+05 2.777680000000000000e+05 7.653945590931041654e-01
3.713220000000000000e+05 4.256190000000000000e+05 3.659430000000000000e+05 3.450750000000000000e+05 3.149960000000000000e+05 2.829800000000000000e+05 2.872660000000000000e+05 2.804070000000000000e+05 3.769897500000000000e+05 2.914122500000000000e+05 7.729978069695528919e-01
3.757320000000000000e+05 3.713220000000000000e+05 4.256190000000000000e+05 3.659430000000000000e+05 3.450750000000000000e+05 3.149960000000000000e+05 2.829800000000000000e+05 2.872660000000000000e+05 3.846540000000000000e+05 3.075792500000000000e+05 7.996257675729356862e-01
3.912720000000000000e+05 3.757320000000000000e+05 3.713220000000000000e+05 4.256190000000000000e+05 3.659430000000000000e+05 3.450750000000000000e+05 3.149960000000000000e+05 2.829800000000000000e+05 3.909862500000000000e+05 3.272485000000000000e+05 8.369821189364076153e-01
3.585410000000000000e+05 3.912720000000000000e+05 3.757320000000000000e+05 3.713220000000000000e+05 4.256190000000000000e+05 3.659430000000000000e+05 3.450750000000000000e+05 3.149960000000000000e+05 3.742167500000000000e+05 3.629082500000000000e+05 9.697808823362396025e-01
3.694370000000000000e+05 3.585410000000000000e+05 3.912720000000000000e+05 3.757320000000000000e+05 3.713220000000000000e+05 4.256190000000000000e+05 3.659430000000000000e+05 3.450750000000000000e+05 3.737455000000000000e+05 3.769897500000000000e+05 1.008680372071369513e+00
3.835260000000000000e+05 3.694370000000000000e+05 3.585410000000000000e+05 3.912720000000000000e+05 3.757320000000000000e+05 3.713220000000000000e+05 4.256190000000000000e+05 3.659430000000000000e+05 3.756940000000000000e+05 3.846540000000000000e+05 1.023849196420491214e+00
3.490170000000000000e+05 3.835260000000000000e+05 3.694370000000000000e+05 3.585410000000000000e+05 3.912720000000000000e+05 3.757320000000000000e+05 3.713220000000000000e+05 4.256190000000000000e+05 3.651302500000000000e+05 3.909862500000000000e+05 1.070813086562945715e+00
3.489600000000000000e+05 3.490170000000000000e+05 3.835260000000000000e+05 3.694370000000000000e+05 3.585410000000000000e+05 3.912720000000000000e+05 3.757320000000000000e+05 3.713220000000000000e+05 3.627350000000000000e+05 3.742167500000000000e+05 1.031653273050574082e+00
3.260350000000000000e+05 3.489600000000000000e+05 3.490170000000000000e+05 3.835260000000000000e+05 3.694370000000000000e+05 3.585410000000000000e+05 3.912720000000000000e+05 3.757320000000000000e+05 3.518845000000000000e+05 3.737455000000000000e+05 1.062125498565580362e+00
3.231980000000000000e+05 3.260350000000000000e+05 3.489600000000000000e+05 3.490170000000000000e+05 3.835260000000000000e+05 3.694370000000000000e+05 3.585410000000000000e+05 3.912720000000000000e+05 3.368025000000000000e+05 3.756940000000000000e+05 1.115472717690634719e+00
3.461360000000000000e+05 3.231980000000000000e+05 3.260350000000000000e+05 3.489600000000000000e+05 3.490170000000000000e+05 3.835260000000000000e+05 3.694370000000000000e+05 3.585410000000000000e+05 3.360822500000000000e+05 3.651302500000000000e+05 1.086431223309175076e+00
3.214380000000000000e+05 3.461360000000000000e+05 3.231980000000000000e+05 3.260350000000000000e+05 3.489600000000000000e+05 3.490170000000000000e+05 3.835260000000000000e+05 3.694370000000000000e+05 3.292017500000000000e+05 3.627350000000000000e+05 1.101862307840101085e+00
2.736910000000000000e+05 3.214380000000000000e+05 3.461360000000000000e+05 3.231980000000000000e+05 3.260350000000000000e+05 3.489600000000000000e+05 3.490170000000000000e+05 3.835260000000000000e+05 3.161157500000000000e+05 3.518845000000000000e+05 1.113150799983866568e+00
2.654420000000000000e+05 2.736910000000000000e+05 3.214380000000000000e+05 3.461360000000000000e+05 3.231980000000000000e+05 3.260350000000000000e+05 3.489600000000000000e+05 3.490170000000000000e+05 3.016767500000000000e+05 3.368025000000000000e+05 1.116435058386169965e+00
2.727950000000000000e+05 2.654420000000000000e+05 2.736910000000000000e+05 3.214380000000000000e+05 3.461360000000000000e+05 3.231980000000000000e+05 3.260350000000000000e+05 3.489600000000000000e+05 2.833415000000000000e+05 3.360822500000000000e+05 1.186138458362082426e+00
3.023200000000000000e+05 2.727950000000000000e+05 2.654420000000000000e+05 2.736910000000000000e+05 3.214380000000000000e+05 3.461360000000000000e+05 3.231980000000000000e+05 3.260350000000000000e+05 2.785620000000000000e+05 3.292017500000000000e+05 1.181789870836653877e+00
3.099910000000000000e+05 3.023200000000000000e+05 2.727950000000000000e+05 2.654420000000000000e+05 2.736910000000000000e+05 3.214380000000000000e+05 3.461360000000000000e+05 3.231980000000000000e+05 2.876370000000000000e+05 3.161157500000000000e+05 1.099009341635464043e+00
3.270250000000000000e+05 3.099910000000000000e+05 3.023200000000000000e+05 2.727950000000000000e+05 2.654420000000000000e+05 2.736910000000000000e+05 3.214380000000000000e+05 3.461360000000000000e+05 3.030327500000000000e+05 3.016767500000000000e+05 9.955252361337182387e-01
3.515730000000000000e+05 3.270250000000000000e+05 3.099910000000000000e+05 3.023200000000000000e+05 2.727950000000000000e+05 2.654420000000000000e+05 2.736910000000000000e+05 3.214380000000000000e+05 3.227272500000000000e+05 2.833415000000000000e+05 8.779596392929323034e-01
3.440920000000000000e+05 3.515730000000000000e+05 3.270250000000000000e+05 3.099910000000000000e+05 3.023200000000000000e+05 2.727950000000000000e+05 2.654420000000000000e+05 2.736910000000000000e+05 3.331702500000000000e+05 2.785620000000000000e+05 8.360950595078642245e-01
3.207570000000000000e+05 3.440920000000000000e+05 3.515730000000000000e+05 3.270250000000000000e+05 3.099910000000000000e+05 3.023200000000000000e+05 2.727950000000000000e+05 2.654420000000000000e+05 3.358617500000000000e+05 2.876370000000000000e+05 8.564148790387711152e-01
3.516300000000000000e+05 3.207570000000000000e+05 3.440920000000000000e+05 3.515730000000000000e+05 3.270250000000000000e+05 3.099910000000000000e+05 3.023200000000000000e+05 2.727950000000000000e+05 3.420130000000000000e+05 3.030327500000000000e+05 8.860269931259923126e-01
3.590880000000000000e+05 3.516300000000000000e+05 3.207570000000000000e+05 3.440920000000000000e+05 3.515730000000000000e+05 3.270250000000000000e+05 3.099910000000000000e+05 3.023200000000000000e+05 3.438917500000000000e+05 3.227272500000000000e+05 9.384559239935241770e-01
3.705890000000000000e+05 3.590880000000000000e+05 3.516300000000000000e+05 3.207570000000000000e+05 3.440920000000000000e+05 3.515730000000000000e+05 3.270250000000000000e+05 3.099910000000000000e+05 3.505160000000000000e+05 3.331702500000000000e+05 9.505136712732086268e-01
3.770290000000000000e+05 3.705890000000000000e+05 3.590880000000000000e+05 3.516300000000000000e+05 3.207570000000000000e+05 3.440920000000000000e+05 3.515730000000000000e+05 3.270250000000000000e+05 3.645840000000000000e+05 3.358617500000000000e+05 9.212191154850459807e-01
3.923250000000000000e+05 3.770290000000000000e+05 3.705890000000000000e+05 3.590880000000000000e+05 3.516300000000000000e+05 3.207570000000000000e+05 3.440920000000000000e+05 3.515730000000000000e+05 3.747577500000000000e+05 3.420130000000000000e+05 9.126242219140231482e-01
3.793200000000000000e+05 3.923250000000000000e+05 3.770290000000000000e+05 3.705890000000000000e+05 3.590880000000000000e+05 3.516300000000000000e+05 3.207570000000000000e+05 3.440920000000000000e+05 3.798157500000000000e+05 3.438917500000000000e+05 9.054172977292279656e-01
3.864330000000000000e+05 3.793200000000000000e+05 3.923250000000000000e+05 3.770290000000000000e+05 3.705890000000000000e+05 3.590880000000000000e+05 3.516300000000000000e+05 3.207570000000000000e+05 3.837767500000000000e+05 3.505160000000000000e+05 9.133330771079800625e-01
3.940380000000000000e+05 3.864330000000000000e+05 3.793200000000000000e+05 3.923250000000000000e+05 3.770290000000000000e+05 3.705890000000000000e+05 3.590880000000000000e+05 3.516300000000000000e+05 3.880290000000000000e+05 3.645840000000000000e+05 9.395792582513162738e-01
3.952620000000000000e+05 3.940380000000000000e+05 3.864330000000000000e+05 3.793200000000000000e+05 3.923250000000000000e+05 3.770290000000000000e+05 3.705890000000000000e+05 3.590880000000000000e+05 3.887632500000000000e+05 3.747577500000000000e+05 9.639742182420791838e-01
3.715160000000000000e+05 3.952620000000000000e+05 3.940380000000000000e+05 3.864330000000000000e+05 3.793200000000000000e+05 3.923250000000000000e+05 3.770290000000000000e+05 3.705890000000000000e+05 3.868122500000000000e+05 3.798157500000000000e+05 9.819124135804903064e-01
3.903080000000000000e+05 3.715160000000000000e+05 3.952620000000000000e+05 3.940380000000000000e+05 3.864330000000000000e+05 3.793200000000000000e+05 3.923250000000000000e+05 3.770290000000000000e+05 3.877810000000000000e+05 3.837767500000000000e+05 9.896739396721345727e-01
3.733870000000000000e+05 3.903080000000000000e+05 3.715160000000000000e+05 3.952620000000000000e+05 3.940380000000000000e+05 3.864330000000000000e+05 3.793200000000000000e+05 3.923250000000000000e+05 3.826182500000000000e+05 3.880290000000000000e+05 1.014141379821793754e+00
4.039500000000000000e+05 3.733870000000000000e+05 3.903080000000000000e+05 3.715160000000000000e+05 3.952620000000000000e+05 3.940380000000000000e+05 3.864330000000000000e+05 3.793200000000000000e+05 3.847902500000000000e+05 3.887632500000000000e+05 1.010325105690697667e+00
4.241180000000000000e+05 4.039500000000000000e+05 3.733870000000000000e+05 3.903080000000000000e+05 3.715160000000000000e+05 3.952620000000000000e+05 3.940380000000000000e+05 3.864330000000000000e+05 3.979407500000000000e+05 3.868122500000000000e+05 9.720347815598175956e-01
4.262340000000000000e+05 4.241180000000000000e+05 4.039500000000000000e+05 3.733870000000000000e+05 3.903080000000000000e+05 3.715160000000000000e+05 3.952620000000000000e+05 3.940380000000000000e+05 4.069222500000000000e+05 3.877810000000000000e+05 9.529609157523335483e-01
4.130760000000000000e+05 4.262340000000000000e+05 4.241180000000000000e+05 4.039500000000000000e+05 3.733870000000000000e+05 3.903080000000000000e+05 3.715160000000000000e+05 3.952620000000000000e+05 4.168445000000000000e+05 3.826182500000000000e+05 9.178920436757591617e-01
4.192380000000000000e+05 4.130760000000000000e+05 4.262340000000000000e+05 4.241180000000000000e+05 4.039500000000000000e+05 3.733870000000000000e+05 3.903080000000000000e+05 3.715160000000000000e+05 4.206665000000000000e+05 3.847902500000000000e+05 9.147156952122406093e-01
4.267950000000000000e+05 4.192380000000000000e+05 4.130760000000000000e+05 4.262340000000000000e+05 4.241180000000000000e+05 4.039500000000000000e+05 3.733870000000000000e+05 3.903080000000000000e+05 4.213357500000000000e+05 3.979407500000000000e+05 9.444742108876353903e-01
3.969110000000000000e+05 4.267950000000000000e+05 4.192380000000000000e+05 4.130760000000000000e+05 4.262340000000000000e+05 4.241180000000000000e+05 4.039500000000000000e+05 3.733870000000000000e+05 4.140050000000000000e+05 4.069222500000000000e+05 9.828921148295310939e-01
4.170220000000000000e+05 3.969110000000000000e+05 4.267950000000000000e+05 4.192380000000000000e+05 4.130760000000000000e+05 4.262340000000000000e+05 4.241180000000000000e+05 4.039500000000000000e+05 4.149915000000000000e+05 4.168445000000000000e+05 1.004465151695878022e+00
3.872160000000000000e+05 4.170220000000000000e+05 3.969110000000000000e+05 4.267950000000000000e+05 4.192380000000000000e+05 4.130760000000000000e+05 4.262340000000000000e+05 4.241180000000000000e+05 4.069860000000000000e+05 4.206665000000000000e+05 1.033614178374686166e+00
3.994590000000000000e+05 3.872160000000000000e+05 4.170220000000000000e+05 3.969110000000000000e+05 4.267950000000000000e+05 4.192380000000000000e+05 4.130760000000000000e+05 4.262340000000000000e+05 4.001520000000000000e+05 4.213357500000000000e+05 1.052939258081928786e+00
3.846580000000000000e+05 3.994590000000000000e+05 3.872160000000000000e+05 4.170220000000000000e+05 3.969110000000000000e+05 4.267950000000000000e+05 4.192380000000000000e+05 4.130760000000000000e+05 3.970887500000000000e+05 4.140050000000000000e+05 1.042600678060005448e+00
3.914170000000000000e+05 3.846580000000000000e+05 3.994590000000000000e+05 3.872160000000000000e+05 4.170220000000000000e+05 3.969110000000000000e+05 4.267950000000000000e+05 4.192380000000000000e+05 3.906875000000000000e+05 4.149915000000000000e+05 1.062208286674132030e+00
4.074270000000000000e+05 3.914170000000000000e+05 3.846580000000000000e+05 3.994590000000000000e+05 3.872160000000000000e+05 4.170220000000000000e+05 3.969110000000000000e+05 4.267950000000000000e+05 3.957402500000000000e+05 4.069860000000000000e+05 1.028416998270961891e+00
2.867284466019417741e+05 4.074270000000000000e+05 3.914170000000000000e+05 3.846580000000000000e+05 3.994590000000000000e+05 3.872160000000000000e+05 4.170220000000000000e+05 3.969110000000000000e+05 3.945006666666666861e+05 4.001520000000000000e+05 1.014325282086553148e+00
