9.429000000000000000e+05 9.365990000000000000e+05 9.277660000000000000e+05 9.172360000000000000e+05 9.050480000000000000e+05 8.932720000000000000e+05 8.807510000000000000e+05 8.682440000000000000e+05 9.311252500000000000e+05 8.956880500000000466e+05 9.619415325704034903e-01
9.474290000000000000e+05 9.429000000000000000e+05 9.365990000000000000e+05 9.277660000000000000e+05 9.172360000000000000e+05 9.050480000000000000e+05 8.932720000000000000e+05 8.807510000000000000e+05 9.386735000000000000e+05 9.069960999999999767e+05 9.662530155586580571e-01
9.545810000000000000e+05 9.474290000000000000e+05 9.429000000000000000e+05 9.365990000000000000e+05 9.277660000000000000e+05 9.172360000000000000e+05 9.050480000000000000e+05 8.932720000000000000e+05 9.453772500000000000e+05 9.177398499999999767e+05 9.707657445744541924e-01
9.630150000000000000e+05 9.545810000000000000e+05 9.474290000000000000e+05 9.429000000000000000e+05 9.365990000000000000e+05 9.277660000000000000e+05 9.172360000000000000e+05 9.050480000000000000e+05 9.519812500000000000e+05 9.277260500000000466e+05 9.745213469277888008e-01
9.738740000000000000e+05 9.630150000000000000e+05 9.545810000000000000e+05 9.474290000000000000e+05 9.429000000000000000e+05 9.365990000000000000e+05 9.277660000000000000e+05 9.172360000000000000e+05 9.597247500000000000e+05 9.368451500000000233e+05 9.761602480294480078e-01
9.857830000000000000e+05 9.738740000000000000e+05 9.630150000000000000e+05 9.545810000000000000e+05 9.474290000000000000e+05 9.429000000000000000e+05 9.365990000000000000e+05 9.277660000000000000e+05 9.693132500000000000e+05 9.448014499999999534e+05 9.747121995907926939e-01
9.977410000000000000e+05 9.857830000000000000e+05 9.738740000000000000e+05 9.630150000000000000e+05 9.545810000000000000e+05 9.474290000000000000e+05 9.429000000000000000e+05 9.365990000000000000e+05 9.801032500000000000e+05 9.523224499999999534e+05 9.716552312218125209e-01
1.009297000000000000e+06 9.977410000000000000e+05 9.857830000000000000e+05 9.738740000000000000e+05 9.630150000000000000e+05 9.545810000000000000e+05 9.474290000000000000e+05 9.429000000000000000e+05 9.916737500000000000e+05 9.599197500000000000e+05 9.679793883825199563e-01
1.021572000000000000e+06 1.009297000000000000e+06 9.977410000000000000e+05 9.857830000000000000e+05 9.738740000000000000e+05 9.630150000000000000e+05 9.545810000000000000e+05 9.474290000000000000e+05 1.003598250000000000e+06 9.684994499999999534e+05 9.650270414481092462e-01
1.033169000000000000e+06 1.021572000000000000e+06 1.009297000000000000e+06 9.977410000000000000e+05 9.857830000000000000e+05 9.738740000000000000e+05 9.630150000000000000e+05 9.545810000000000000e+05 1.015444750000000000e+06 9.785395500000000466e+05 9.636561221080713890e-01
1.046766000000000000e+06 1.033169000000000000e+06 1.021572000000000000e+06 1.009297000000000000e+06 9.977410000000000000e+05 9.857830000000000000e+05 9.738740000000000000e+05 9.630150000000000000e+05 1.027701000000000000e+06 9.896228000000000466e+05 9.629481726688988719e-01
1.062432000000000000e+06 1.046766000000000000e+06 1.033169000000000000e+06 1.021572000000000000e+06 1.009297000000000000e+06 9.977410000000000000e+05 9.857830000000000000e+05 9.738740000000000000e+05 1.040984750000000000e+06 1.001535949999999953e+06 9.621043439877481340e-01
1.079923000000000000e+06 1.062432000000000000e+06 1.046766000000000000e+06 1.033169000000000000e+06 1.021572000000000000e+06 1.009297000000000000e+06 9.977410000000000000e+05 9.857830000000000000e+05 1.055572500000000000e+06 1.013993099999999977e+06 9.606096217929133152e-01
1.099521000000000000e+06 1.079923000000000000e+06 1.062432000000000000e+06 1.046766000000000000e+06 1.033169000000000000e+06 1.021572000000000000e+06 1.009297000000000000e+06 9.977410000000000000e+05 1.072160500000000000e+06 1.026787900000000023e+06 9.576811494174612971e-01
1.116078000000000000e+06 1.099521000000000000e+06 1.079923000000000000e+06 1.062432000000000000e+06 1.046766000000000000e+06 1.033169000000000000e+06 1.021572000000000000e+06 1.009297000000000000e+06 1.089488500000000000e+06 1.040058500000000000e+06 9.546300855860341272e-01
1.131259000000000000e+06 1.116078000000000000e+06 1.099521000000000000e+06 1.079923000000000000e+06 1.062432000000000000e+06 1.046766000000000000e+06 1.033169000000000000e+06 1.021572000000000000e+06 1.106695250000000000e+06 1.054126850000000093e+06 9.524996605885858170e-01
1.144277000000000000e+06 1.131259000000000000e+06 1.116078000000000000e+06 1.099521000000000000e+06 1.079923000000000000e+06 1.062432000000000000e+06 1.046766000000000000e+06 1.033169000000000000e+06 1.122783750000000000e+06 1.069014750000000000e+06 9.521109919875487826e-01
1.156013000000000000e+06 1.144277000000000000e+06 1.131259000000000000e+06 1.116078000000000000e+06 1.099521000000000000e+06 1.079923000000000000e+06 1.062432000000000000e+06 1.046766000000000000e+06 1.136906750000000000e+06 1.085109750000000000e+06 9.544404147481752032e-01
1.168345000000000000e+06 1.156013000000000000e+06 1.144277000000000000e+06 1.131259000000000000e+06 1.116078000000000000e+06 1.099521000000000000e+06 1.079923000000000000e+06 1.062432000000000000e+06 1.149973500000000000e+06 1.101585500000000000e+06 9.579225086491123253e-01
1.182337000000000000e+06 1.168345000000000000e+06 1.156013000000000000e+06 1.144277000000000000e+06 1.131259000000000000e+06 1.116078000000000000e+06 1.099521000000000000e+06 1.079923000000000000e+06 1.162743000000000000e+06 1.117904800000000047e+06 9.614375661689642527e-01
1.197384000000000000e+06 1.182337000000000000e+06 1.168345000000000000e+06 1.156013000000000000e+06 1.144277000000000000e+06 1.131259000000000000e+06 1.116078000000000000e+06 1.099521000000000000e+06 1.176019750000000000e+06 1.133430949999999953e+06 9.637856422054136285e-01
1.214240000000000000e+06 1.197384000000000000e+06 1.182337000000000000e+06 1.168345000000000000e+06 1.156013000000000000e+06 1.144277000000000000e+06 1.131259000000000000e+06 1.116078000000000000e+06 1.190576500000000000e+06 1.147640699999999953e+06 9.639369666711882223e-01
1.231658000000000000e+06 1.214240000000000000e+06 1.197384000000000000e+06 1.182337000000000000e+06 1.168345000000000000e+06 1.156013000000000000e+06 1.144277000000000000e+06 1.131259000000000000e+06 1.206404750000000000e+06 1.161259750000000000e+06 9.625788940237511859e-01
1.248466000000000000e+06 1.231658000000000000e+06 1.214240000000000000e+06 1.197384000000000000e+06 1.182337000000000000e+06 1.168345000000000000e+06 1.156013000000000000e+06 1.144277000000000000e+06 1.222937000000000000e+06 1.174781800000000047e+06 9.606233191080162381e-01
1.265454000000000000e+06 1.248466000000000000e+06 1.231658000000000000e+06 1.214240000000000000e+06 1.197384000000000000e+06 1.182337000000000000e+06 1.168345000000000000e+06 1.156013000000000000e+06 1.239954500000000000e+06 1.188806699999999953e+06 9.587502605942395117e-01
1.281947000000000000e+06 1.265454000000000000e+06 1.248466000000000000e+06 1.231658000000000000e+06 1.214240000000000000e+06 1.197384000000000000e+06 1.182337000000000000e+06 1.168345000000000000e+06 1.256881250000000000e+06 1.203837449999999953e+06 9.577972859408953044e-01
1.300142000000000000e+06 1.281947000000000000e+06 1.265454000000000000e+06 1.248466000000000000e+06 1.231658000000000000e+06 1.214240000000000000e+06 1.197384000000000000e+06 1.182337000000000000e+06 1.274002250000000000e+06 1.219924250000000000e+06 9.575526652327340793e-01
1.319343000000000000e+06 1.300142000000000000e+06 1.281947000000000000e+06 1.265454000000000000e+06 1.248466000000000000e+06 1.231658000000000000e+06 1.214240000000000000e+06 1.197384000000000000e+06 1.291721500000000000e+06 1.236693899999999907e+06 9.573997955441633234e-01
1.339652000000000000e+06 1.319343000000000000e+06 1.300142000000000000e+06 1.281947000000000000e+06 1.265454000000000000e+06 1.248466000000000000e+06 1.231658000000000000e+06 1.214240000000000000e+06 1.310271000000000000e+06 1.254017800000000047e+06 9.570675074087727774e-01
1.360197000000000000e+06 1.339652000000000000e+06 1.319343000000000000e+06 1.300142000000000000e+06 1.281947000000000000e+06 1.265454000000000000e+06 1.248466000000000000e+06 1.231658000000000000e+06 1.329833500000000000e+06 1.271471699999999953e+06 9.561134533007327185e-01
1.385083000000000000e+06 1.360197000000000000e+06 1.339652000000000000e+06 1.319343000000000000e+06 1.300142000000000000e+06 1.281947000000000000e+06 1.265454000000000000e+06 1.248466000000000000e+06 1.351068750000000000e+06 1.289415550000000047e+06 9.543670890174907884e-01
1.412774000000000000e+06 1.385083000000000000e+06 1.360197000000000000e+06 1.339652000000000000e+06 1.319343000000000000e+06 1.300142000000000000e+06 1.281947000000000000e+06 1.265454000000000000e+06 1.374426500000000000e+06 1.308262500000000000e+06 9.518606487869667454e-01
1.445391000000000000e+06 1.412774000000000000e+06 1.385083000000000000e+06 1.360197000000000000e+06 1.339652000000000000e+06 1.319343000000000000e+06 1.300142000000000000e+06 1.281947000000000000e+06 1.400861250000000000e+06 1.328389050000000047e+06 9.482659685247201153e-01
1.481171000000000000e+06 1.445391000000000000e+06 1.412774000000000000e+06 1.385083000000000000e+06 1.360197000000000000e+06 1.339652000000000000e+06 1.319343000000000000e+06 1.300142000000000000e+06 1.431104750000000000e+06 1.350087750000000000e+06 9.433884906048980445e-01
1.508918000000000000e+06 1.481171000000000000e+06 1.445391000000000000e+06 1.412774000000000000e+06 1.385083000000000000e+06 1.360197000000000000e+06 1.339652000000000000e+06 1.319343000000000000e+06 1.462063500000000000e+06 1.373267699999999953e+06 9.392667965515861805e-01
1.528140000000000000e+06 1.508918000000000000e+06 1.481171000000000000e+06 1.445391000000000000e+06 1.412774000000000000e+06 1.385083000000000000e+06 1.360197000000000000e+06 1.339652000000000000e+06 1.490905000000000000e+06 1.397722199999999953e+06 9.374991699672345913e-01
1.538730000000000000e+06 1.528140000000000000e+06 1.508918000000000000e+06 1.481171000000000000e+06 1.445391000000000000e+06 1.412774000000000000e+06 1.385083000000000000e+06 1.360197000000000000e+06 1.514239750000000000e+06 1.423536949999999953e+06 9.401001063404919034e-01
1.570810000000000000e+06 1.538730000000000000e+06 1.528140000000000000e+06 1.508918000000000000e+06 1.481171000000000000e+06 1.445391000000000000e+06 1.412774000000000000e+06 1.385083000000000000e+06 1.536649500000000000e+06 1.452213699999999953e+06 9.450520108847202394e-01
1.598725000000000000e+06 1.570810000000000000e+06 1.538730000000000000e+06 1.528140000000000000e+06 1.508918000000000000e+06 1.481171000000000000e+06 1.445391000000000000e+06 1.412774000000000000e+06 1.559101250000000000e+06 1.481471050000000047e+06 9.502083652360615584e-01
1.615953000000000000e+06 1.598725000000000000e+06 1.570810000000000000e+06 1.538730000000000000e+06 1.528140000000000000e+06 1.508918000000000000e+06 1.481171000000000000e+06 1.445391000000000000e+06 1.581054500000000000e+06 1.508934899999999907e+06 9.543851271414109938e-01
1.630427000000000000e+06 1.615953000000000000e+06 1.598725000000000000e+06 1.570810000000000000e+06 1.538730000000000000e+06 1.528140000000000000e+06 1.508918000000000000e+06 1.481171000000000000e+06 1.603978750000000000e+06 1.532187550000000047e+06 9.552418010525388636e-01
1.640168000000000000e+06 1.630427000000000000e+06 1.615953000000000000e+06 1.598725000000000000e+06 1.570810000000000000e+06 1.538730000000000000e+06 1.528140000000000000e+06 1.508918000000000000e+06 1.621318250000000000e+06 1.553583250000000000e+06 9.582222675899688680e-01
1.652512000000000000e+06 1.640168000000000000e+06 1.630427000000000000e+06 1.615953000000000000e+06 1.598725000000000000e+06 1.570810000000000000e+06 1.538730000000000000e+06 1.528140000000000000e+06 1.634765000000000000e+06 1.574234000000000000e+06 9.629726596789141002e-01
1.669276000000000000e+06 1.652512000000000000e+06 1.640168000000000000e+06 1.630427000000000000e+06 1.615953000000000000e+06 1.598725000000000000e+06 1.570810000000000000e+06 1.538730000000000000e+06 1.648095750000000000e+06 1.594462750000000000e+06 9.674575946209436061e-01
1.686319000000000000e+06 1.669276000000000000e+06 1.652512000000000000e+06 1.640168000000000000e+06 1.630427000000000000e+06 1.615953000000000000e+06 1.598725000000000000e+06 1.570810000000000000e+06 1.662068750000000000e+06 1.615596750000000000e+06 9.720396644242303985e-01
1.701964000000000000e+06 1.686319000000000000e+06 1.669276000000000000e+06 1.652512000000000000e+06 1.640168000000000000e+06 1.630427000000000000e+06 1.615953000000000000e+06 1.598725000000000000e+06 1.677517750000000000e+06 1.632558149999999907e+06 9.731987336646661380e-01
1.716489000000000000e+06 1.701964000000000000e+06 1.686319000000000000e+06 1.669276000000000000e+06 1.652512000000000000e+06 1.640168000000000000e+06 1.630427000000000000e+06 1.615953000000000000e+06 1.693512000000000000e+06 1.646514399999999907e+06 9.722484399283854994e-01
1.735005000000000000e+06 1.716489000000000000e+06 1.701964000000000000e+06 1.686319000000000000e+06 1.669276000000000000e+06 1.652512000000000000e+06 1.640168000000000000e+06 1.630427000000000000e+06 1.709944250000000000e+06 1.660465449999999953e+06 9.710640858612787918e-01
1.755423000000000000e+06 1.735005000000000000e+06 1.716489000000000000e+06 1.701964000000000000e+06 1.686319000000000000e+06 1.669276000000000000e+06 1.652512000000000000e+06 1.640168000000000000e+06 1.727220250000000000e+06 1.675099050000000047e+06 9.698236516159418619e-01
1.783255000000000000e+06 1.755423000000000000e+06 1.735005000000000000e+06 1.716489000000000000e+06 1.701964000000000000e+06 1.686319000000000000e+06 1.669276000000000000e+06 1.652512000000000000e+06 1.747543000000000000e+06 1.691522800000000047e+06 9.679434497463009768e-01
1.813170000000000000e+06 1.783255000000000000e+06 1.755423000000000000e+06 1.735005000000000000e+06 1.716489000000000000e+06 1.701964000000000000e+06 1.686319000000000000e+06 1.669276000000000000e+06 1.771713250000000000e+06 1.709152250000000000e+06 9.646889811316814445e-01
1.846081000000000000e+06 1.813170000000000000e+06 1.783255000000000000e+06 1.755423000000000000e+06 1.735005000000000000e+06 1.716489000000000000e+06 1.701964000000000000e+06 1.686319000000000000e+06 1.799482250000000000e+06 1.727851850000000093e+06 9.601938835462255906e-01
1.884290000000000000e+06 1.846081000000000000e+06 1.813170000000000000e+06 1.783255000000000000e+06 1.755423000000000000e+06 1.735005000000000000e+06 1.716489000000000000e+06 1.701964000000000000e+06 1.831699000000000000e+06 1.748116000000000000e+06 9.543685944033380997e-01
1.922025000000000000e+06 1.884290000000000000e+06 1.846081000000000000e+06 1.813170000000000000e+06 1.783255000000000000e+06 1.755423000000000000e+06 1.735005000000000000e+06 1.716489000000000000e+06 1.866391500000000000e+06 1.771312699999999953e+06 9.490574190891889472e-01
1.959330000000000000e+06 1.922025000000000000e+06 1.884290000000000000e+06 1.846081000000000000e+06 1.813170000000000000e+06 1.783255000000000000e+06 1.755423000000000000e+06 1.735005000000000000e+06 1.902931500000000000e+06 1.797956899999999907e+06 9.448353238148613498e-01
2.000928000000000000e+06 1.959330000000000000e+06 1.922025000000000000e+06 1.884290000000000000e+06 1.846081000000000000e+06 1.813170000000000000e+06 1.783255000000000000e+06 1.755423000000000000e+06 1.941643250000000000e+06 1.827914449999999953e+06 9.414265210666273864e-01
2.045542000000000000e+06 2.000928000000000000e+06 1.959330000000000000e+06 1.922025000000000000e+06 1.884290000000000000e+06 1.846081000000000000e+06 1.813170000000000000e+06 1.783255000000000000e+06 1.981956250000000000e+06 1.861750449999999953e+06 9.393499225828016996e-01
2.082213000000000000e+06 2.045542000000000000e+06 2.000928000000000000e+06 1.959330000000000000e+06 1.922025000000000000e+06 1.884290000000000000e+06 1.846081000000000000e+06 1.813170000000000000e+06 2.022003250000000000e+06 1.897513850000000093e+06 9.384326409960024318e-01
2.119070000000000000e+06 2.082213000000000000e+06 2.045542000000000000e+06 2.000928000000000000e+06 1.959330000000000000e+06 1.922025000000000000e+06 1.884290000000000000e+06 1.846081000000000000e+06 2.061938250000000000e+06 1.934732850000000093e+06 9.383078518476487551e-01
2.152752000000000000e+06 2.119070000000000000e+06 2.082213000000000000e+06 2.045542000000000000e+06 2.000928000000000000e+06 1.959330000000000000e+06 1.922025000000000000e+06 1.884290000000000000e+06 2.099894250000000000e+06 1.973293449999999953e+06 9.397108687735108434e-01
2.190041000000000000e+06 2.152752000000000000e+06 2.119070000000000000e+06 2.082213000000000000e+06 2.045542000000000000e+06 2.000928000000000000e+06 1.959330000000000000e+06 1.922025000000000000e+06 2.136019000000000000e+06 2.012768800000000047e+06 9.422991087626093609e-01
2.227439000000000000e+06 2.190041000000000000e+06 2.152752000000000000e+06 2.119070000000000000e+06 2.082213000000000000e+06 2.045542000000000000e+06 2.000928000000000000e+06 1.959330000000000000e+06 2.172325500000000000e+06 2.052067699999999953e+06 9.446409849720955876e-01
2.253666000000000000e+06 2.227439000000000000e+06 2.190041000000000000e+06 2.152752000000000000e+06 2.119070000000000000e+06 2.082213000000000000e+06 2.045542000000000000e+06 2.000928000000000000e+06 2.205974500000000000e+06 2.090745500000000000e+06 9.477650353619228030e-01
2.276470000000000000e+06 2.253666000000000000e+06 2.227439000000000000e+06 2.190041000000000000e+06 2.152752000000000000e+06 2.119070000000000000e+06 2.082213000000000000e+06 2.045542000000000000e+06 2.236904000000000000e+06 2.127296200000000186e+06 9.510002217350410625e-01
2.299826000000000000e+06 2.276470000000000000e+06 2.253666000000000000e+06 2.227439000000000000e+06 2.190041000000000000e+06 2.152752000000000000e+06 2.119070000000000000e+06 2.082213000000000000e+06 2.264350250000000000e+06 2.161685250000000000e+06 9.546602827897318067e-01
2.327744000000000000e+06 2.299826000000000000e+06 2.276470000000000000e+06 2.253666000000000000e+06 2.227439000000000000e+06 2.190041000000000000e+06 2.152752000000000000e+06 2.119070000000000000e+06 2.289426500000000000e+06 2.195745700000000186e+06 9.590811061198077914e-01
2.353002000000000000e+06 2.327744000000000000e+06 2.299826000000000000e+06 2.276470000000000000e+06 2.253666000000000000e+06 2.227439000000000000e+06 2.190041000000000000e+06 2.152752000000000000e+06 2.314260500000000000e+06 2.227631700000000186e+06 9.625673946385898683e-01
2.379699000000000000e+06 2.353002000000000000e+06 2.327744000000000000e+06 2.299826000000000000e+06 2.276470000000000000e+06 2.253666000000000000e+06 2.227439000000000000e+06 2.190041000000000000e+06 2.340067750000000000e+06 2.257536750000000000e+06 9.647313630128870887e-01
2.393049000000000000e+06 2.379699000000000000e+06 2.353002000000000000e+06 2.327744000000000000e+06 2.299826000000000000e+06 2.276470000000000000e+06 2.253666000000000000e+06 2.227439000000000000e+06 2.363373500000000000e+06 2.284154899999999907e+06 9.664807107298105660e-01
2.385637000000000000e+06 2.393049000000000000e+06 2.379699000000000000e+06 2.353002000000000000e+06 2.327744000000000000e+06 2.299826000000000000e+06 2.276470000000000000e+06 2.253666000000000000e+06 2.377846750000000000e+06 2.307110549999999814e+06 9.702519937418169205e-01
2.366950000000000000e+06 2.385637000000000000e+06 2.393049000000000000e+06 2.379699000000000000e+06 2.353002000000000000e+06 2.327744000000000000e+06 2.299826000000000000e+06 2.276470000000000000e+06 2.381333750000000000e+06 2.327675149999999907e+06 9.774669972237196580e-01
2.355166000000000000e+06 2.366950000000000000e+06 2.385637000000000000e+06 2.393049000000000000e+06 2.379699000000000000e+06 2.353002000000000000e+06 2.327744000000000000e+06 2.299826000000000000e+06 2.375200500000000000e+06 2.347094299999999814e+06 9.881668094967139826e-01
2.365772000000000000e+06 2.355166000000000000e+06 2.366950000000000000e+06 2.385637000000000000e+06 2.393049000000000000e+06 2.379699000000000000e+06 2.353002000000000000e+06 2.327744000000000000e+06 2.368381250000000000e+06 2.364375049999999814e+06 9.983084649061462201e-01
2.369828000000000000e+06 2.365772000000000000e+06 2.355166000000000000e+06 2.366950000000000000e+06 2.385637000000000000e+06 2.393049000000000000e+06 2.379699000000000000e+06 2.353002000000000000e+06 2.364429000000000000e+06 2.375163200000000186e+06 1.004539869879789160e+00
2.374946000000000000e+06 2.369828000000000000e+06 2.365772000000000000e+06 2.355166000000000000e+06 2.366950000000000000e+06 2.385637000000000000e+06 2.393049000000000000e+06 2.379699000000000000e+06 2.366428000000000000e+06 2.378352600000000093e+06 1.005039071545806628e+00
2.382463000000000000e+06 2.374946000000000000e+06 2.369828000000000000e+06 2.365772000000000000e+06 2.355166000000000000e+06 2.366950000000000000e+06 2.385637000000000000e+06 2.393049000000000000e+06 2.373252250000000000e+06 2.374810850000000093e+06 1.000656735920085971e+00
2.399128000000000000e+06 2.382463000000000000e+06 2.374946000000000000e+06 2.369828000000000000e+06 2.365772000000000000e+06 2.355166000000000000e+06 2.366950000000000000e+06 2.385637000000000000e+06 2.381591250000000000e+06 2.371023250000000000e+06 9.955626306571289108e-01
2.419384000000000000e+06 2.399128000000000000e+06 2.382463000000000000e+06 2.374946000000000000e+06 2.369828000000000000e+06 2.365772000000000000e+06 2.355166000000000000e+06 2.366950000000000000e+06 2.393980250000000000e+06 2.370339250000000000e+06 9.901248141040428496e-01
2.442911000000000000e+06 2.419384000000000000e+06 2.399128000000000000e+06 2.382463000000000000e+06 2.374946000000000000e+06 2.369828000000000000e+06 2.365772000000000000e+06 2.355166000000000000e+06 2.410971500000000000e+06 2.375336700000000186e+06 9.852197340366736222e-01
2.462550000000000000e+06 2.442911000000000000e+06 2.419384000000000000e+06 2.399128000000000000e+06 2.382463000000000000e+06 2.374946000000000000e+06 2.369828000000000000e+06 2.365772000000000000e+06 2.430993250000000000e+06 2.384800450000000186e+06 9.809983840967062552e-01
2.477727000000000000e+06 2.462550000000000000e+06 2.442911000000000000e+06 2.419384000000000000e+06 2.399128000000000000e+06 2.382463000000000000e+06 2.374946000000000000e+06 2.369828000000000000e+06 2.450643000000000000e+06 2.395401600000000093e+06 9.774584058143107601e-01
2.501247000000000000e+06 2.477727000000000000e+06 2.462550000000000000e+06 2.442911000000000000e+06 2.419384000000000000e+06 2.399128000000000000e+06 2.382463000000000000e+06 2.374946000000000000e+06 2.471108750000000000e+06 2.409405950000000186e+06 9.750303178684467387e-01
2.524393000000000000e+06 2.501247000000000000e+06 2.477727000000000000e+06 2.462550000000000000e+06 2.442911000000000000e+06 2.419384000000000000e+06 2.399128000000000000e+06 2.382463000000000000e+06 2.491479250000000000e+06 2.427073049999999814e+06 9.741494134458473786e-01
2.546493000000000000e+06 2.524393000000000000e+06 2.501247000000000000e+06 2.477727000000000000e+06 2.462550000000000000e+06 2.442911000000000000e+06 2.419384000000000000e+06 2.399128000000000000e+06 2.512465000000000000e+06 2.447287600000000093e+06 9.740583848929239563e-01
2.564691000000000000e+06 2.546493000000000000e+06 2.524393000000000000e+06 2.501247000000000000e+06 2.477727000000000000e+06 2.462550000000000000e+06 2.442911000000000000e+06 2.419384000000000000e+06 2.534206000000000000e+06 2.467355600000000093e+06 9.736207711606712500e-01
2.586442000000000000e+06 2.564691000000000000e+06 2.546493000000000000e+06 2.524393000000000000e+06 2.501247000000000000e+06 2.477727000000000000e+06 2.462550000000000000e+06 2.442911000000000000e+06 2.555504750000000000e+06 2.487987950000000186e+06 9.735798573647731491e-01
2.614974000000000000e+06 2.586442000000000000e+06 2.564691000000000000e+06 2.546493000000000000e+06 2.524393000000000000e+06 2.501247000000000000e+06 2.477727000000000000e+06 2.462550000000000000e+06 2.578150000000000000e+06 2.508813399999999907e+06 9.731060644260418613e-01
2.640691000000000000e+06 2.614974000000000000e+06 2.586442000000000000e+06 2.564691000000000000e+06 2.546493000000000000e+06 2.524393000000000000e+06 2.501247000000000000e+06 2.477727000000000000e+06 2.601699500000000000e+06 2.530311899999999907e+06 9.725611662684333636e-01
2.673466000000000000e+06 2.640691000000000000e+06 2.614974000000000000e+06 2.586442000000000000e+06 2.564691000000000000e+06 2.546493000000000000e+06 2.524393000000000000e+06 2.501247000000000000e+06 2.628893250000000000e+06 2.553143450000000186e+06 9.711856691023875721e-01
2.706109000000000000e+06 2.673466000000000000e+06 2.640691000000000000e+06 2.614974000000000000e+06 2.586442000000000000e+06 2.564691000000000000e+06 2.546493000000000000e+06 2.524393000000000000e+06 2.658810000000000000e+06 2.576165799999999814e+06 9.689168462582884445e-01
2.731901000000000000e+06 2.706109000000000000e+06 2.673466000000000000e+06 2.640691000000000000e+06 2.614974000000000000e+06 2.586442000000000000e+06 2.564691000000000000e+06 2.546493000000000000e+06 2.688041750000000000e+06 2.600128350000000093e+06 9.672946300034216405e-01
2.762630000000000000e+06 2.731901000000000000e+06 2.706109000000000000e+06 2.673466000000000000e+06 2.640691000000000000e+06 2.614974000000000000e+06 2.586442000000000000e+06 2.564691000000000000e+06 2.718526500000000000e+06 2.625064899999999907e+06 9.656204933076797392e-01
2.791519000000000000e+06 2.762630000000000000e+06 2.731901000000000000e+06 2.706109000000000000e+06 2.673466000000000000e+06 2.640691000000000000e+06 2.614974000000000000e+06 2.586442000000000000e+06 2.748039750000000000e+06 2.652722549999999814e+06 9.653144755275100408e-01
2.811731000000000000e+06 2.791519000000000000e+06 2.762630000000000000e+06 2.731901000000000000e+06 2.706109000000000000e+06 2.673466000000000000e+06 2.640691000000000000e+06 2.614974000000000000e+06 2.774445250000000000e+06 2.681937049999999814e+06 9.666570461248062962e-01
2.829621000000000000e+06 2.811731000000000000e+06 2.791519000000000000e+06 2.762630000000000000e+06 2.731901000000000000e+06 2.706109000000000000e+06 2.673466000000000000e+06 2.640691000000000000e+06 2.798875250000000000e+06 2.710208450000000186e+06 9.683205601964575138e-01
2.854363000000000000e+06 2.829621000000000000e+06 2.811731000000000000e+06 2.791519000000000000e+06 2.762630000000000000e+06 2.731901000000000000e+06 2.706109000000000000e+06 2.673466000000000000e+06 2.821808500000000000e+06 2.739182899999999907e+06 9.707189201535114664e-01
2.870469000000000000e+06 2.854363000000000000e+06 2.829621000000000000e+06 2.811731000000000000e+06 2.791519000000000000e+06 2.762630000000000000e+06 2.731901000000000000e+06 2.706109000000000000e+06 2.841546000000000000e+06 2.766741000000000000e+06 9.736745419570895788e-01
2.880948000000000000e+06 2.870469000000000000e+06 2.854363000000000000e+06 2.829621000000000000e+06 2.811731000000000000e+06 2.791519000000000000e+06 2.762630000000000000e+06 2.731901000000000000e+06 2.858850250000000000e+06 2.791326250000000000e+06 9.763807145897200890e-01
2.908342000000000000e+06 2.880948000000000000e+06 2.870469000000000000e+06 2.854363000000000000e+06 2.829621000000000000e+06 2.811731000000000000e+06 2.791519000000000000e+06 2.762630000000000000e+06 2.878530500000000000e+06 2.814806299999999814e+06 9.778622460314385645e-01
2.927616000000000000e+06 2.908342000000000000e+06 2.880948000000000000e+06 2.870469000000000000e+06 2.854363000000000000e+06 2.829621000000000000e+06 2.811731000000000000e+06 2.791519000000000000e+06 2.896843750000000000e+06 2.836815549999999814e+06 9.792780677245708221e-01
2.949957000000000000e+06 2.927616000000000000e+06 2.908342000000000000e+06 2.880948000000000000e+06 2.870469000000000000e+06 2.854363000000000000e+06 2.829621000000000000e+06 2.811731000000000000e+06 2.916715750000000000e+06 2.856579950000000186e+06 9.793823583940259869e-01
2.986159000000000000e+06 2.949957000000000000e+06 2.927616000000000000e+06 2.908342000000000000e+06 2.880948000000000000e+06 2.870469000000000000e+06 2.854363000000000000e+06 2.829621000000000000e+06 2.943018500000000000e+06 2.875683899999999907e+06 9.771205651612451248e-01
3.020685000000000000e+06 2.986159000000000000e+06 2.949957000000000000e+06 2.927616000000000000e+06 2.908342000000000000e+06 2.880948000000000000e+06 2.870469000000000000e+06 2.854363000000000000e+06 2.971104250000000000e+06 2.897045250000000000e+06 9.750735774417877977e-01
3.053602000000000000e+06 3.020685000000000000e+06 2.986159000000000000e+06 2.949957000000000000e+06 2.927616000000000000e+06 2.908342000000000000e+06 2.880948000000000000e+06 2.870469000000000000e+06 3.002600750000000000e+06 2.917995149999999907e+06 9.718225608249780878e-01
