-1.000000000000000000e+08 -1.000000000000000000e+08 -1.000000000000000000e+08
-1.000000000000000000e+08 -1.000000000000000000e+08 -1.000000000000000000e+08
-1.000000000000000000e+08 -1.000000000000000000e+08 -1.000000000000000000e+08
-1.000000000000000000e+08 -1.000000000000000000e+08 -1.000000000000000000e+08
-1.000000000000000000e+08 -1.000000000000000000e+08 -1.000000000000000000e+08
-1.000000000000000000e+08 -1.000000000000000000e+08 -1.000000000000000000e+08
-1.000000000000000000e+08 -1.000000000000000000e+08 -1.000000000000000000e+08
-1.000000000000000000e+08 -1.000000000000000000e+08 -1.000000000000000000e+08
-1.000000000000000000e+08 -1.000000000000000000e+08 -1.000000000000000000e+08
-1.000000000000000000e+08 -1.000000000000000000e+08 -1.000000000000000000e+08
-1.000000000000000000e+08 -1.000000000000000000e+08 -1.000000000000000000e+08
-1.000000000000000000e+08 -1.000000000000000000e+08 -1.000000000000000000e+08
-1.000000000000000000e+08 -1.000000000000000000e+08 -1.000000000000000000e+08
-1.000000000000000000e+08 -1.000000000000000000e+08 -1.000000000000000000e+08
-1.000000000000000000e+08 -1.000000000000000000e+08 -1.000000000000000000e+08
-1.000000000000000000e+08 -1.000000000000000000e+08 -1.000000000000000000e+08
-1.000000000000000000e+08 -1.000000000000000000e+08 -1.000000000000000000e+08
-1.000000000000000000e+08 -1.000000000000000000e+08 -1.000000000000000000e+08
-1.000000000000000000e+08 -1.000000000000000000e+08 -1.000000000000000000e+08
-1.000000000000000000e+08 -1.000000000000000000e+08 -1.000000000000000000e+08
-1.000000000000000000e+08 -1.000000000000000000e+08 -1.000000000000000000e+08
-1.000000000000000000e+08 -1.000000000000000000e+08 -1.000000000000000000e+08
-1.000000000000000000e+08 -1.000000000000000000e+08 -1.000000000000000000e+08
-1.000000000000000000e+08 -1.000000000000000000e+08 -1.000000000000000000e+08
-1.000000000000000000e+08 -1.000000000000000000e+08 -1.000000000000000000e+08
-1.000000000000000000e+08 -1.000000000000000000e+08 -1.000000000000000000e+08
-1.000000000000000000e+08 -1.000000000000000000e+08 -1.000000000000000000e+08
-1.000000000000000000e+08 -1.000000000000000000e+08 -1.000000000000000000e+08
-1.000000000000000000e+08 -1.000000000000000000e+08 -1.000000000000000000e+08
-1.000000000000000000e+08 -1.000000000000000000e+08 -1.000000000000000000e+08
-1.000000000000000000e+08 -1.000000000000000000e+08 -1.000000000000000000e+08
-1.000000000000000000e+08 -1.000000000000000000e+08 -1.000000000000000000e+08
-1.000000000000000000e+08 -1.000000000000000000e+08 -1.000000000000000000e+08
-1.000000000000000000e+08 -1.000000000000000000e+08 -1.000000000000000000e+08
-1.000000000000000000e+08 -1.000000000000000000e+08 -1.000000000000000000e+08
-1.000000000000000000e+08 -1.000000000000000000e+08 -1.000000000000000000e+08
-1.000000000000000000e+08 -1.000000000000000000e+08 -1.000000000000000000e+08
-1.000000000000000000e+08 -1.000000000000000000e+08 -1.000000000000000000e+08
-1.000000000000000000e+08 -1.000000000000000000e+08 -1.000000000000000000e+08
4.460000000000000142e+01 -1.000000000000000000e+08 -1.000000000000000000e+08
4.175000000000000711e+01 -1.000000000000000000e+08 -1.000000000000000000e+08
4.388888888888888573e+01 -1.000000000000000000e+08 -1.000000000000000000e+08
4.555833333333333712e+01 -1.000000000000000000e+08 -1.000000000000000000e+08
4.669999999999999574e+01 4.460000000000000142e+01 1.047085201793721776e+00
4.927499999999999858e+01 4.175000000000000711e+01 1.180239520958083599e+00
5.058333333333333570e+01 4.388888888888888573e+01 1.152531645569620400e+00
5.033333333333333570e+01 4.555833333333333712e+01 1.104810682275471079e+00
4.954166666666666430e+01 4.669999999999999574e+01 1.060849393290506759e+00
4.982500000000000995e+01 4.927499999999999858e+01 1.011161846778285467e+00
4.576666666666665861e+01 5.058333333333333570e+01 9.047775947281710973e-01
4.317499999999999005e+01 5.033333333333333570e+01 8.577814569536421629e-01
4.322500000000000142e+01 4.954166666666666430e+01 8.724978973927670634e-01
4.289166666666667282e+01 4.982500000000000995e+01 8.608462953671182083e-01
4.525833333333332575e+01 4.576666666666665861e+01 9.888929351784413457e-01
4.767500000000000426e+01 4.317499999999999005e+01 1.104226983207875268e+00
4.798333333333334139e+01 4.322500000000000142e+01 1.110082899556583902e+00
4.781666666666666998e+01 4.289166666666667282e+01 1.114824169419079025e+00
4.715000000000000568e+01 4.525833333333332575e+01 1.041797090775179901e+00
4.580833333333333712e+01 4.767500000000000426e+01 9.608460059430169453e-01
4.600000000000000000e+01 4.798333333333334139e+01 9.586662035428966666e-01
4.570000000000000995e+01 4.781666666666666998e+01 9.557337051237366765e-01
4.488333333333333286e+01 4.715000000000000568e+01 9.519264757864969173e-01
4.567499999999999005e+01 4.580833333333333712e+01 9.970893214480622824e-01
4.515000000000000568e+01 4.600000000000000000e+01 9.815217391304349448e-01
4.364999999999999858e+01 4.570000000000000995e+01 9.551422319474833778e-01
4.533333333333333570e+01 4.488333333333333286e+01 1.010025993316004511e+00
4.600000000000000000e+01 4.567499999999999005e+01 1.007115489874110814e+00
4.575833333333333286e+01 4.515000000000000568e+01 1.013473606496862134e+00
4.307500000000000995e+01 4.364999999999999858e+01 9.868270332187860649e-01
4.162500000000000711e+01 4.533333333333333570e+01 9.181985294117648300e-01
3.970833333333333570e+01 4.600000000000000000e+01 8.632246376811594235e-01
4.030000000000000426e+01 4.575833333333333286e+01 8.807138954653069840e-01
4.297500000000000142e+01 4.307500000000000995e+01 9.976784677887403641e-01
4.304166666666666430e+01 4.162500000000000711e+01 1.034034034034033711e+00
4.288333333333333286e+01 3.970833333333333570e+01 1.079958027282266420e+00
4.229166666666666430e+01 4.030000000000000426e+01 1.049421009098428392e+00
4.402499999999999858e+01 4.297500000000000142e+01 1.024432809773123898e+00
4.533333333333333570e+01 4.304166666666666430e+01 1.053242981606970163e+00
4.953333333333333144e+01 4.288333333333333286e+01 1.155071900505246774e+00
5.057499999999999574e+01 4.229166666666666430e+01 1.195862068965517278e+00
5.099166666666667425e+01 4.402499999999999858e+01 1.158243422297936975e+00
5.159999999999999432e+01 4.533333333333333570e+01 1.138235294117646790e+00
4.815833333333333144e+01 4.953333333333333144e+01 9.722409152086137762e-01
4.821666666666666856e+01 5.057499999999999574e+01 9.533695831273687471e-01
4.843333333333333712e+01 5.099166666666667425e+01 9.498284033338779686e-01
4.794999999999999574e+01 5.159999999999999432e+01 9.292635658914728536e-01
4.965833333333333854e+01 4.815833333333333144e+01 1.031147257310953691e+00
5.011666666666667425e+01 4.821666666666666856e+01 1.039405461458693614e+00
4.915833333333333854e+01 4.843333333333333712e+01 1.014969029593943528e+00
4.819166666666666288e+01 4.794999999999999574e+01 1.005039972193256803e+00
4.662500000000000000e+01 4.965833333333333854e+01 9.389159254908541197e-01
4.530000000000000426e+01 5.011666666666667425e+01 9.038909211839041280e-01
4.578333333333333144e+01 4.915833333333333854e+01 9.313442956433292119e-01
4.676666666666667282e+01 4.819166666666666288e+01 9.704305723672835837e-01
4.727500000000000568e+01 4.662500000000000000e+01 1.013941018766756130e+00
4.712500000000000000e+01 4.530000000000000426e+01 1.040286975717439111e+00
4.605000000000000426e+01 4.578333333333333144e+01 1.005824535857299029e+00
4.570833333333333570e+01 4.676666666666667282e+01 9.773699215965786502e-01
4.664999999999999858e+01 4.727500000000000568e+01 9.867794817556846398e-01
4.701666666666667282e+01 4.712500000000000000e+01 9.977011494252875368e-01
4.639166666666665861e+01 4.605000000000000426e+01 1.007419471588852478e+00
4.644999999999999574e+01 4.570833333333333570e+01 1.016226071103008000e+00
4.480833333333333712e+01 4.664999999999999858e+01 9.605216148624510231e-01
4.469166666666666288e+01 4.701666666666667282e+01 9.505494505494503921e-01
