-1.000000000000000000e+08 -1.000000000000000000e+08 -1.000000000000000000e+08 -1.000000000000000000e+08 -1.000000000000000000e+08 -1.000000000000000000e+08 -1.000000000000000000e+08 -1.000000000000000000e+08
-1.000000000000000000e+08 -1.000000000000000000e+08 -1.000000000000000000e+08 -1.000000000000000000e+08 -1.000000000000000000e+08 -1.000000000000000000e+08 -1.000000000000000000e+08 -1.000000000000000000e+08
-1.000000000000000000e+08 -1.000000000000000000e+08 -1.000000000000000000e+08 -1.000000000000000000e+08 -1.000000000000000000e+08 -1.000000000000000000e+08 -1.000000000000000000e+08 -1.000000000000000000e+08
-1.000000000000000000e+08 -1.000000000000000000e+08 -1.000000000000000000e+08 -1.000000000000000000e+08 -1.000000000000000000e+08 -1.000000000000000000e+08 -1.000000000000000000e+08 -1.000000000000000000e+08
-1.000000000000000000e+08 -1.000000000000000000e+08 -1.000000000000000000e+08 -1.000000000000000000e+08 -1.000000000000000000e+08 -1.000000000000000000e+08 -1.000000000000000000e+08 -1.000000000000000000e+08
-1.000000000000000000e+08 -1.000000000000000000e+08 -1.000000000000000000e+08 -1.000000000000000000e+08 -1.000000000000000000e+08 -1.000000000000000000e+08 -1.000000000000000000e+08 -1.000000000000000000e+08
-1.000000000000000000e+08 -1.000000000000000000e+08 -1.000000000000000000e+08 -1.000000000000000000e+08 -1.000000000000000000e+08 -1.000000000000000000e+08 -1.000000000000000000e+08 -1.000000000000000000e+08
-1.000000000000000000e+08 -1.000000000000000000e+08 -1.000000000000000000e+08 -1.000000000000000000e+08 -1.000000000000000000e+08 -1.000000000000000000e+08 -1.000000000000000000e+08 -1.000000000000000000e+08
-1.000000000000000000e+08 -1.000000000000000000e+08 -1.000000000000000000e+08 -1.000000000000000000e+08 -1.000000000000000000e+08 -1.000000000000000000e+08 -1.000000000000000000e+08 -1.000000000000000000e+08
-1.000000000000000000e+08 -1.000000000000000000e+08 -1.000000000000000000e+08 -1.000000000000000000e+08 -1.000000000000000000e+08 -1.000000000000000000e+08 -1.000000000000000000e+08 -1.000000000000000000e+08
-1.000000000000000000e+08 -1.000000000000000000e+08 -1.000000000000000000e+08 -1.000000000000000000e+08 -1.000000000000000000e+08 -1.000000000000000000e+08 -1.000000000000000000e+08 -1.000000000000000000e+08
-1.000000000000000000e+08 -1.000000000000000000e+08 -1.000000000000000000e+08 -1.000000000000000000e+08 -1.000000000000000000e+08 -1.000000000000000000e+08 -1.000000000000000000e+08 -1.000000000000000000e+08
-1.000000000000000000e+08 -1.000000000000000000e+08 -1.000000000000000000e+08 -1.000000000000000000e+08 -1.000000000000000000e+08 -1.000000000000000000e+08 -1.000000000000000000e+08 -1.000000000000000000e+08
-1.000000000000000000e+08 -1.000000000000000000e+08 -1.000000000000000000e+08 -1.000000000000000000e+08 -1.000000000000000000e+08 -1.000000000000000000e+08 -1.000000000000000000e+08 -1.000000000000000000e+08
-1.000000000000000000e+08 -1.000000000000000000e+08 -1.000000000000000000e+08 -1.000000000000000000e+08 -1.000000000000000000e+08 -1.000000000000000000e+08 -1.000000000000000000e+08 -1.000000000000000000e+08
-1.000000000000000000e+08 -1.000000000000000000e+08 -1.000000000000000000e+08 -1.000000000000000000e+08 -1.000000000000000000e+08 -1.000000000000000000e+08 -1.000000000000000000e+08 -1.000000000000000000e+08
-1.000000000000000000e+08 -1.000000000000000000e+08 -1.000000000000000000e+08 -1.000000000000000000e+08 -1.000000000000000000e+08 -1.000000000000000000e+08 -1.000000000000000000e+08 -1.000000000000000000e+08
-1.000000000000000000e+08 -1.000000000000000000e+08 -1.000000000000000000e+08 -1.000000000000000000e+08 -1.000000000000000000e+08 -1.000000000000000000e+08 -1.000000000000000000e+08 -1.000000000000000000e+08
-1.000000000000000000e+08 -1.000000000000000000e+08 -1.000000000000000000e+08 -1.000000000000000000e+08 -1.000000000000000000e+08 -1.000000000000000000e+08 -1.000000000000000000e+08 -1.000000000000000000e+08
-1.000000000000000000e+08 -1.000000000000000000e+08 -1.000000000000000000e+08 -1.000000000000000000e+08 -1.000000000000000000e+08 -1.000000000000000000e+08 -1.000000000000000000e+08 -1.000000000000000000e+08
-1.000000000000000000e+08 -1.000000000000000000e+08 -1.000000000000000000e+08 -1.000000000000000000e+08 -1.000000000000000000e+08 -1.000000000000000000e+08 -1.000000000000000000e+08 -1.000000000000000000e+08
-1.000000000000000000e+08 -1.000000000000000000e+08 -1.000000000000000000e+08 -1.000000000000000000e+08 -1.000000000000000000e+08 -1.000000000000000000e+08 -1.000000000000000000e+08 -1.000000000000000000e+08
-1.000000000000000000e+08 -1.000000000000000000e+08 -1.000000000000000000e+08 -1.000000000000000000e+08 -1.000000000000000000e+08 -1.000000000000000000e+08 -1.000000000000000000e+08 -1.000000000000000000e+08
-1.000000000000000000e+08 -1.000000000000000000e+08 -1.000000000000000000e+08 -1.000000000000000000e+08 -1.000000000000000000e+08 -1.000000000000000000e+08 -1.000000000000000000e+08 -1.000000000000000000e+08
-1.000000000000000000e+08 -1.000000000000000000e+08 -1.000000000000000000e+08 -1.000000000000000000e+08 -1.000000000000000000e+08 -1.000000000000000000e+08 -1.000000000000000000e+08 -1.000000000000000000e+08
-1.000000000000000000e+08 -1.000000000000000000e+08 -1.000000000000000000e+08 -1.000000000000000000e+08 -1.000000000000000000e+08 -1.000000000000000000e+08 -1.000000000000000000e+08 -1.000000000000000000e+08
-1.000000000000000000e+08 -1.000000000000000000e+08 -1.000000000000000000e+08 -1.000000000000000000e+08 -1.000000000000000000e+08 -1.000000000000000000e+08 -1.000000000000000000e+08 -1.000000000000000000e+08
-1.000000000000000000e+08 -1.000000000000000000e+08 -1.000000000000000000e+08 -1.000000000000000000e+08 -1.000000000000000000e+08 -1.000000000000000000e+08 -1.000000000000000000e+08 -1.000000000000000000e+08
-1.000000000000000000e+08 -1.000000000000000000e+08 -1.000000000000000000e+08 -1.000000000000000000e+08 -1.000000000000000000e+08 -1.000000000000000000e+08 -1.000000000000000000e+08 -1.000000000000000000e+08
-1.000000000000000000e+08 -1.000000000000000000e+08 -1.000000000000000000e+08 -1.000000000000000000e+08 -1.000000000000000000e+08 -1.000000000000000000e+08 -1.000000000000000000e+08 -1.000000000000000000e+08
-1.000000000000000000e+08 -1.000000000000000000e+08 -1.000000000000000000e+08 -1.000000000000000000e+08 -1.000000000000000000e+08 -1.000000000000000000e+08 -1.000000000000000000e+08 -1.000000000000000000e+08
-1.000000000000000000e+08 -1.000000000000000000e+08 -1.000000000000000000e+08 -1.000000000000000000e+08 -1.000000000000000000e+08 -1.000000000000000000e+08 -1.000000000000000000e+08 -1.000000000000000000e+08
-1.000000000000000000e+08 -1.000000000000000000e+08 -1.000000000000000000e+08 -1.000000000000000000e+08 -1.000000000000000000e+08 -1.000000000000000000e+08 -1.000000000000000000e+08 -1.000000000000000000e+08
-1.000000000000000000e+08 -1.000000000000000000e+08 -1.000000000000000000e+08 -1.000000000000000000e+08 -1.000000000000000000e+08 -1.000000000000000000e+08 -1.000000000000000000e+08 -1.000000000000000000e+08
-1.000000000000000000e+08 -1.000000000000000000e+08 -1.000000000000000000e+08 -1.000000000000000000e+08 -1.000000000000000000e+08 -1.000000000000000000e+08 -1.000000000000000000e+08 -1.000000000000000000e+08
-1.000000000000000000e+08 -1.000000000000000000e+08 -1.000000000000000000e+08 -1.000000000000000000e+08 -1.000000000000000000e+08 -1.000000000000000000e+08 -1.000000000000000000e+08 -1.000000000000000000e+08
-1.000000000000000000e+08 -1.000000000000000000e+08 -1.000000000000000000e+08 -1.000000000000000000e+08 -1.000000000000000000e+08 -1.000000000000000000e+08 -1.000000000000000000e+08 -1.000000000000000000e+08
-1.000000000000000000e+08 -1.000000000000000000e+08 -1.000000000000000000e+08 -1.000000000000000000e+08 -1.000000000000000000e+08 -1.000000000000000000e+08 -1.000000000000000000e+08 -1.000000000000000000e+08
-1.000000000000000000e+08 -1.000000000000000000e+08 -1.000000000000000000e+08 -1.000000000000000000e+08 -1.000000000000000000e+08 -1.000000000000000000e+08 -1.000000000000000000e+08 -1.000000000000000000e+08
4.460000000000000142e+01 -1.000000000000000000e+08 -1.000000000000000000e+08 -1.000000000000000000e+08 -1.000000000000000000e+08 -1.000000000000000000e+08 -1.000000000000000000e+08 -1.000000000000000000e+08
3.889999999999999858e+01 4.460000000000000142e+01 -1.000000000000000000e+08 -1.000000000000000000e+08 -1.000000000000000000e+08 -1.000000000000000000e+08 -1.000000000000000000e+08 -1.000000000000000000e+08
4.816666666666666430e+01 3.889999999999999858e+01 4.460000000000000142e+01 -1.000000000000000000e+08 -1.000000000000000000e+08 -1.000000000000000000e+08 -1.000000000000000000e+08 -1.000000000000000000e+08
5.056666666666666288e+01 4.816666666666666430e+01 3.889999999999999858e+01 4.460000000000000142e+01 -1.000000000000000000e+08 -1.000000000000000000e+08 -1.000000000000000000e+08 -1.000000000000000000e+08
4.916666666666666430e+01 5.056666666666666288e+01 4.816666666666666430e+01 3.889999999999999858e+01 4.460000000000000142e+01 -1.000000000000000000e+08 -1.000000000000000000e+08 -1.000000000000000000e+08
4.919999999999999574e+01 4.916666666666666430e+01 5.056666666666666288e+01 4.816666666666666430e+01 3.889999999999999858e+01 4.460000000000000142e+01 -1.000000000000000000e+08 -1.000000000000000000e+08
5.339999999999999858e+01 4.919999999999999574e+01 4.916666666666666430e+01 5.056666666666666288e+01 4.816666666666666430e+01 3.889999999999999858e+01 4.460000000000000142e+01 -1.000000000000000000e+08
4.956666666666666288e+01 5.339999999999999858e+01 4.919999999999999574e+01 4.916666666666666430e+01 5.056666666666666288e+01 4.816666666666666430e+01 3.889999999999999858e+01 4.460000000000000142e+01
4.600000000000000000e+01 4.956666666666666288e+01 5.339999999999999858e+01 4.919999999999999574e+01 4.916666666666666430e+01 5.056666666666666288e+01 4.816666666666666430e+01 3.889999999999999858e+01
5.033333333333333570e+01 4.600000000000000000e+01 4.956666666666666288e+01 5.339999999999999858e+01 4.919999999999999574e+01 4.916666666666666430e+01 5.056666666666666288e+01 4.816666666666666430e+01
3.716666666666666430e+01 5.033333333333333570e+01 4.600000000000000000e+01 4.956666666666666288e+01 5.339999999999999858e+01 4.919999999999999574e+01 4.916666666666666430e+01 5.056666666666666288e+01
3.919999999999999574e+01 3.716666666666666430e+01 5.033333333333333570e+01 4.600000000000000000e+01 4.956666666666666288e+01 5.339999999999999858e+01 4.919999999999999574e+01 4.916666666666666430e+01
4.620000000000000995e+01 3.919999999999999574e+01 3.716666666666666430e+01 5.033333333333333570e+01 4.600000000000000000e+01 4.956666666666666288e+01 5.339999999999999858e+01 4.919999999999999574e+01
4.900000000000000000e+01 4.620000000000000995e+01 3.919999999999999574e+01 3.716666666666666430e+01 5.033333333333333570e+01 4.600000000000000000e+01 4.956666666666666288e+01 5.339999999999999858e+01
4.663333333333333286e+01 4.900000000000000000e+01 4.620000000000000995e+01 3.919999999999999574e+01 3.716666666666666430e+01 5.033333333333333570e+01 4.600000000000000000e+01 4.956666666666666288e+01
4.886666666666666714e+01 4.663333333333333286e+01 4.900000000000000000e+01 4.620000000000000995e+01 3.919999999999999574e+01 3.716666666666666430e+01 5.033333333333333570e+01 4.600000000000000000e+01
4.743333333333333712e+01 4.886666666666666714e+01 4.663333333333333286e+01 4.900000000000000000e+01 4.620000000000000995e+01 3.919999999999999574e+01 3.716666666666666430e+01 5.033333333333333570e+01
4.833333333333333570e+01 4.743333333333333712e+01 4.886666666666666714e+01 4.663333333333333286e+01 4.900000000000000000e+01 4.620000000000000995e+01 3.919999999999999574e+01 3.716666666666666430e+01
4.396666666666666856e+01 4.833333333333333570e+01 4.743333333333333712e+01 4.886666666666666714e+01 4.663333333333333286e+01 4.900000000000000000e+01 4.620000000000000995e+01 3.919999999999999574e+01
4.350000000000000000e+01 4.396666666666666856e+01 4.833333333333333570e+01 4.743333333333333712e+01 4.886666666666666714e+01 4.663333333333333286e+01 4.900000000000000000e+01 4.620000000000000995e+01
4.819999999999999574e+01 4.350000000000000000e+01 4.396666666666666856e+01 4.833333333333333570e+01 4.743333333333333712e+01 4.886666666666666714e+01 4.663333333333333286e+01 4.900000000000000000e+01
4.713333333333333286e+01 4.819999999999999574e+01 4.350000000000000000e+01 4.396666666666666856e+01 4.833333333333333570e+01 4.743333333333333712e+01 4.886666666666666714e+01 4.663333333333333286e+01
4.069999999999999574e+01 4.713333333333333286e+01 4.819999999999999574e+01 4.350000000000000000e+01 4.396666666666666856e+01 4.833333333333333570e+01 4.743333333333333712e+01 4.886666666666666714e+01
4.666666666666666430e+01 4.069999999999999574e+01 4.713333333333333286e+01 4.819999999999999574e+01 4.350000000000000000e+01 4.396666666666666856e+01 4.833333333333333570e+01 4.743333333333333712e+01
4.610000000000000142e+01 4.666666666666666430e+01 4.069999999999999574e+01 4.713333333333333286e+01 4.819999999999999574e+01 4.350000000000000000e+01 4.396666666666666856e+01 4.833333333333333570e+01
4.113333333333333286e+01 4.610000000000000142e+01 4.666666666666666430e+01 4.069999999999999574e+01 4.713333333333333286e+01 4.819999999999999574e+01 4.350000000000000000e+01 4.396666666666666856e+01
4.743333333333333002e+01 4.113333333333333286e+01 4.610000000000000142e+01 4.666666666666666430e+01 4.069999999999999574e+01 4.713333333333333286e+01 4.819999999999999574e+01 4.350000000000000000e+01
4.933333333333333570e+01 4.743333333333333002e+01 4.113333333333333286e+01 4.610000000000000142e+01 4.666666666666666430e+01 4.069999999999999574e+01 4.713333333333333286e+01 4.819999999999999574e+01
4.513333333333333286e+01 4.933333333333333570e+01 4.743333333333333002e+01 4.113333333333333286e+01 4.610000000000000142e+01 4.666666666666666430e+01 4.069999999999999574e+01 4.713333333333333286e+01
3.040000000000000568e+01 4.513333333333333286e+01 4.933333333333333570e+01 4.743333333333333002e+01 4.113333333333333286e+01 4.610000000000000142e+01 4.666666666666666430e+01 4.069999999999999574e+01
4.163333333333333286e+01 3.040000000000000568e+01 4.513333333333333286e+01 4.933333333333333570e+01 4.743333333333333002e+01 4.113333333333333286e+01 4.610000000000000142e+01 4.666666666666666430e+01
4.166666666666666430e+01 4.163333333333333286e+01 3.040000000000000568e+01 4.513333333333333286e+01 4.933333333333333570e+01 4.743333333333333002e+01 4.113333333333333286e+01 4.610000000000000142e+01
4.750000000000000000e+01 4.166666666666666430e+01 4.163333333333333286e+01 3.040000000000000568e+01 4.513333333333333286e+01 4.933333333333333570e+01 4.743333333333333002e+01 4.113333333333333286e+01
4.110000000000000142e+01 4.750000000000000000e+01 4.166666666666666430e+01 4.163333333333333286e+01 3.040000000000000568e+01 4.513333333333333286e+01 4.933333333333333570e+01 4.743333333333333002e+01
4.189999999999999858e+01 4.110000000000000142e+01 4.750000000000000000e+01 4.166666666666666430e+01 4.163333333333333286e+01 3.040000000000000568e+01 4.513333333333333286e+01 4.933333333333333570e+01
4.103333333333333144e+01 4.189999999999999858e+01 4.110000000000000142e+01 4.750000000000000000e+01 4.166666666666666430e+01 4.163333333333333286e+01 3.040000000000000568e+01 4.513333333333333286e+01
4.513333333333332575e+01 4.103333333333333144e+01 4.189999999999999858e+01 4.110000000000000142e+01 4.750000000000000000e+01 4.166666666666666430e+01 4.163333333333333286e+01 3.040000000000000568e+01
4.803333333333333144e+01 4.513333333333332575e+01 4.103333333333333144e+01 4.189999999999999858e+01 4.110000000000000142e+01 4.750000000000000000e+01 4.166666666666666430e+01 4.163333333333333286e+01
4.713333333333333286e+01 4.803333333333333144e+01 4.513333333333332575e+01 4.103333333333333144e+01 4.189999999999999858e+01 4.110000000000000142e+01 4.750000000000000000e+01 4.166666666666666430e+01
5.783333333333333570e+01 4.713333333333333286e+01 4.803333333333333144e+01 4.513333333333332575e+01 4.103333333333333144e+01 4.189999999999999858e+01 4.110000000000000142e+01 4.750000000000000000e+01
4.930000000000000426e+01 5.783333333333333570e+01 4.713333333333333286e+01 4.803333333333333144e+01 4.513333333333332575e+01 4.103333333333333144e+01 4.189999999999999858e+01 4.110000000000000142e+01
4.970000000000000995e+01 4.930000000000000426e+01 5.783333333333333570e+01 4.713333333333333286e+01 4.803333333333333144e+01 4.513333333333332575e+01 4.103333333333333144e+01 4.189999999999999858e+01
4.956666666666666288e+01 4.970000000000000995e+01 4.930000000000000426e+01 5.783333333333333570e+01 4.713333333333333286e+01 4.803333333333333144e+01 4.513333333333332575e+01 4.103333333333333144e+01
4.406666666666666998e+01 4.956666666666666288e+01 4.970000000000000995e+01 4.930000000000000426e+01 5.783333333333333570e+01 4.713333333333333286e+01 4.803333333333333144e+01 4.513333333333332575e+01
4.953333333333333144e+01 4.406666666666666998e+01 4.956666666666666288e+01 4.970000000000000995e+01 4.930000000000000426e+01 5.783333333333333570e+01 4.713333333333333286e+01 4.803333333333333144e+01
5.056666666666666288e+01 4.953333333333333144e+01 4.406666666666666998e+01 4.956666666666666288e+01 4.970000000000000995e+01 4.930000000000000426e+01 5.783333333333333570e+01 4.713333333333333286e+01
4.763333333333333286e+01 5.056666666666666288e+01 4.953333333333333144e+01 4.406666666666666998e+01 4.956666666666666288e+01 4.970000000000000995e+01 4.930000000000000426e+01 5.783333333333333570e+01
5.089999999999999858e+01 4.763333333333333286e+01 5.056666666666666288e+01 4.953333333333333144e+01 4.406666666666666998e+01 4.956666666666666288e+01 4.970000000000000995e+01 4.930000000000000426e+01
5.136666666666666714e+01 5.089999999999999858e+01 4.763333333333333286e+01 5.056666666666666288e+01 4.953333333333333144e+01 4.406666666666666998e+01 4.956666666666666288e+01 4.970000000000000995e+01
4.673333333333332718e+01 5.136666666666666714e+01 5.089999999999999858e+01 4.763333333333333286e+01 5.056666666666666288e+01 4.953333333333333144e+01 4.406666666666666998e+01 4.956666666666666288e+01
4.376666666666667282e+01 4.673333333333332718e+01 5.136666666666666714e+01 5.089999999999999858e+01 4.763333333333333286e+01 5.056666666666666288e+01 4.953333333333333144e+01 4.406666666666666998e+01
4.463333333333333286e+01 4.376666666666667282e+01 4.673333333333332718e+01 5.136666666666666714e+01 5.089999999999999858e+01 4.763333333333333286e+01 5.056666666666666288e+01 4.953333333333333144e+01
4.606666666666666288e+01 4.463333333333333286e+01 4.376666666666667282e+01 4.673333333333332718e+01 5.136666666666666714e+01 5.089999999999999858e+01 4.763333333333333286e+01 5.056666666666666288e+01
4.866666666666666430e+01 4.606666666666666288e+01 4.463333333333333286e+01 4.376666666666667282e+01 4.673333333333332718e+01 5.136666666666666714e+01 5.089999999999999858e+01 4.763333333333333286e+01
4.769999999999999574e+01 4.866666666666666430e+01 4.606666666666666288e+01 4.463333333333333286e+01 4.376666666666667282e+01 4.673333333333332718e+01 5.136666666666666714e+01 5.089999999999999858e+01
4.666666666666666430e+01 4.769999999999999574e+01 4.866666666666666430e+01 4.606666666666666288e+01 4.463333333333333286e+01 4.376666666666667282e+01 4.673333333333332718e+01 5.136666666666666714e+01
4.546666666666666146e+01 4.666666666666666430e+01 4.769999999999999574e+01 4.866666666666666430e+01 4.606666666666666288e+01 4.463333333333333286e+01 4.376666666666667282e+01 4.673333333333332718e+01
4.436666666666666714e+01 4.546666666666666146e+01 4.666666666666666430e+01 4.769999999999999574e+01 4.866666666666666430e+01 4.606666666666666288e+01 4.463333333333333286e+01 4.376666666666667282e+01
4.633333333333333570e+01 4.436666666666666714e+01 4.546666666666666146e+01 4.666666666666666430e+01 4.769999999999999574e+01 4.866666666666666430e+01 4.606666666666666288e+01 4.463333333333333286e+01
5.043333333333333712e+01 4.633333333333333570e+01 4.436666666666666714e+01 4.546666666666666146e+01 4.666666666666666430e+01 4.769999999999999574e+01 4.866666666666666430e+01 4.606666666666666288e+01
4.693333333333333002e+01 5.043333333333333712e+01 4.633333333333333570e+01 4.436666666666666714e+01 4.546666666666666146e+01 4.666666666666666430e+01 4.769999999999999574e+01 4.866666666666666430e+01
4.186666666666666714e+01 4.693333333333333002e+01 5.043333333333333712e+01 4.633333333333333570e+01 4.436666666666666714e+01 4.546666666666666146e+01 4.666666666666666430e+01 4.769999999999999574e+01
4.656666666666666288e+01 4.186666666666666714e+01 4.693333333333333002e+01 5.043333333333333712e+01 4.633333333333333570e+01 4.436666666666666714e+01 4.546666666666666146e+01 4.666666666666666430e+01
4.386666666666666714e+01 4.656666666666666288e+01 4.186666666666666714e+01 4.693333333333333002e+01 5.043333333333333712e+01 4.633333333333333570e+01 4.436666666666666714e+01 4.546666666666666146e+01
