-1.000000000000000000e+08 -1.000000000000000000e+08 -1.000000000000000000e+08
-1.000000000000000000e+08 -1.000000000000000000e+08 -1.000000000000000000e+08
-1.000000000000000000e+08 -1.000000000000000000e+08 -1.000000000000000000e+08
-1.000000000000000000e+08 -1.000000000000000000e+08 -1.000000000000000000e+08
-1.000000000000000000e+08 -1.000000000000000000e+08 -1.000000000000000000e+08
-1.000000000000000000e+08 -1.000000000000000000e+08 -1.000000000000000000e+08
-1.000000000000000000e+08 -1.000000000000000000e+08 -1.000000000000000000e+08
-1.000000000000000000e+08 -1.000000000000000000e+08 -1.000000000000000000e+08
-1.000000000000000000e+08 -1.000000000000000000e+08 -1.000000000000000000e+08
-1.000000000000000000e+08 -1.000000000000000000e+08 -1.000000000000000000e+08
-1.000000000000000000e+08 -1.000000000000000000e+08 -1.000000000000000000e+08
-1.000000000000000000e+08 -1.000000000000000000e+08 -1.000000000000000000e+08
-1.000000000000000000e+08 -1.000000000000000000e+08 -1.000000000000000000e+08
-1.000000000000000000e+08 -1.000000000000000000e+08 -1.000000000000000000e+08
-1.000000000000000000e+08 -1.000000000000000000e+08 -1.000000000000000000e+08
-1.000000000000000000e+08 -1.000000000000000000e+08 -1.000000000000000000e+08
-1.000000000000000000e+08 -1.000000000000000000e+08 -1.000000000000000000e+08
-1.000000000000000000e+08 -1.000000000000000000e+08 -1.000000000000000000e+08
-1.000000000000000000e+08 -1.000000000000000000e+08 -1.000000000000000000e+08
-1.000000000000000000e+08 -1.000000000000000000e+08 -1.000000000000000000e+08
-1.000000000000000000e+08 -1.000000000000000000e+08 -1.000000000000000000e+08
-1.000000000000000000e+08 -1.000000000000000000e+08 -1.000000000000000000e+08
-1.000000000000000000e+08 -1.000000000000000000e+08 -1.000000000000000000e+08
-1.000000000000000000e+08 -1.000000000000000000e+08 -1.000000000000000000e+08
-1.000000000000000000e+08 -1.000000000000000000e+08 -1.000000000000000000e+08
-1.000000000000000000e+08 -1.000000000000000000e+08 -1.000000000000000000e+08
-1.000000000000000000e+08 -1.000000000000000000e+08 -1.000000000000000000e+08
-1.000000000000000000e+08 -1.000000000000000000e+08 -1.000000000000000000e+08
-1.000000000000000000e+08 -1.000000000000000000e+08 -1.000000000000000000e+08
2.750750000000000000e+05 -1.000000000000000000e+08 -1.000000000000000000e+08
2.875735000000000000e+05 -1.000000000000000000e+08 -1.000000000000000000e+08
2.991733333333333139e+05 -1.000000000000000000e+08 -1.000000000000000000e+08
3.071212500000000000e+05 -1.000000000000000000e+08 -1.000000000000000000e+08
3.219312500000000000e+05 2.750750000000000000e+05 1.170339907298009630e+00
3.367555000000000000e+05 2.875735000000000000e+05 1.171024103403129901e+00
3.509955000000000000e+05 2.991733333333333139e+05 1.173217867011320248e+00
3.619592500000000000e+05 3.071212500000000000e+05 1.178554886710053484e+00
3.662207500000000000e+05 3.219312500000000000e+05 1.137574404473004730e+00
3.636247500000000000e+05 3.367555000000000000e+05 1.079788600334664173e+00
3.538780000000000000e+05 3.509955000000000000e+05 1.008212355998866050e+00
3.417915000000000000e+05 3.619592500000000000e+05 9.442817112699841697e-01
3.324660000000000000e+05 3.662207500000000000e+05 9.078294990111838159e-01
3.329860000000000000e+05 3.636247500000000000e+05 9.157407464700904054e-01
3.389637500000000000e+05 3.538780000000000000e+05 9.578548256743849576e-01
3.494152500000000000e+05 3.417915000000000000e+05 1.022305265051939527e+00
3.595242500000000000e+05 3.324660000000000000e+05 1.081386517719105100e+00
3.650182500000000000e+05 3.329860000000000000e+05 1.096196987260725786e+00
3.708955000000000000e+05 3.389637500000000000e+05 1.094204026241744065e+00
3.785770000000000000e+05 3.494152500000000000e+05 1.083458721392383417e+00
3.899885000000000000e+05 3.595242500000000000e+05 1.084734896185723274e+00
4.071255000000000000e+05 3.650182500000000000e+05 1.115356560939076314e+00
4.243092500000000000e+05 3.708955000000000000e+05 1.144012936258326230e+00
4.428580000000000000e+05 3.785770000000000000e+05 1.169796369034568961e+00
4.567210000000000000e+05 3.899885000000000000e+05 1.171114020028795721e+00
4.703087500000000000e+05 4.071255000000000000e+05 1.155193545970468527e+00
4.850312500000000000e+05 4.243092500000000000e+05 1.143107886523803129e+00
5.000670000000000000e+05 4.428580000000000000e+05 1.129181362874781547e+00
5.154970000000000000e+05 4.567210000000000000e+05 1.128691257901432099e+00
5.315315000000000000e+05 4.703087500000000000e+05 1.130175655885628405e+00
5.474435000000000000e+05 4.850312500000000000e+05 1.128676760518007915e+00
5.548392500000000000e+05 5.000670000000000000e+05 1.109529823003717608e+00
5.614105000000000000e+05 5.154970000000000000e+05 1.089066473713717009e+00
5.680392500000000000e+05 5.315315000000000000e+05 1.068684076108377345e+00
5.749527500000000000e+05 5.474435000000000000e+05 1.050250391136254180e+00
5.897302500000000000e+05 5.548392500000000000e+05 1.062884880620828421e+00
6.060932500000000000e+05 5.614105000000000000e+05 1.079590157291322461e+00
6.269292500000000000e+05 5.680392500000000000e+05 1.103672413481990855e+00
6.482755000000000000e+05 5.749527500000000000e+05 1.127528305586850355e+00
6.375847500000000000e+05 5.897302500000000000e+05 1.081146422453316491e+00
5.974855000000000000e+05 6.060932500000000000e+05 9.857979774564392672e-01
5.460585000000000000e+05 6.269292500000000000e+05 8.710049818221115014e-01
5.015445000000000000e+05 6.482755000000000000e+05 7.736595012459980270e-01
4.917067500000000000e+05 6.375847500000000000e+05 7.712021813570666406e-01
5.116070000000000000e+05 5.974855000000000000e+05 8.562668048011207178e-01
5.423722500000000000e+05 5.460585000000000000e+05 9.932493496575915959e-01
5.678537500000000000e+05 5.015445000000000000e+05 1.132210102991858092e+00
5.870655000000000000e+05 4.917067500000000000e+05 1.193934189433030868e+00
6.090785000000000000e+05 5.116070000000000000e+05 1.190520262623459002e+00
6.321015000000000000e+05 5.423722500000000000e+05 1.165438497268250773e+00
6.523060000000000000e+05 5.678537500000000000e+05 1.148721831985788588e+00
6.689115000000000000e+05 5.870655000000000000e+05 1.139415448531722719e+00
6.812025000000000000e+05 6.090785000000000000e+05 1.118414949797111646e+00
6.870917500000000000e+05 6.321015000000000000e+05 1.086995917586020655e+00
6.873317500000000000e+05 6.523060000000000000e+05 1.053695274916986779e+00
6.889405000000000000e+05 6.689115000000000000e+05 1.029942675525835627e+00
6.854772500000000000e+05 6.812025000000000000e+05 1.006275299929169309e+00
6.838730000000000000e+05 6.870917500000000000e+05 9.953154000175377103e-01
6.862595000000000000e+05 6.873317500000000000e+05 9.984399818573781449e-01
6.888332500000000000e+05 6.889405000000000000e+05 9.998443261791112313e-01
6.934457500000000000e+05 6.854772500000000000e+05 1.011624747575503136e+00
7.021937500000000000e+05 6.838730000000000000e+05 1.026789696332506274e+00
7.095992500000000000e+05 6.862595000000000000e+05 1.034010093849338396e+00
7.165605000000000000e+05 6.888332500000000000e+05 1.040252484908357644e+00
7.149082500000000000e+05 6.934457500000000000e+05 1.030950510548229726e+00
7.086202500000000000e+05 7.021937500000000000e+05 1.009152032469671001e+00
7.013662500000000000e+05 7.095992500000000000e+05 9.883976765758982763e-01
6.910880000000000000e+05 7.165605000000000000e+05 9.644517106371339743e-01
6.841017500000000000e+05 7.149082500000000000e+05 9.569084564347942745e-01
6.776260000000000000e+05 7.086202500000000000e+05 9.562611285805056038e-01
6.750487500000000000e+05 7.013662500000000000e+05 9.624768086573883830e-01
6.782162500000000000e+05 6.910880000000000000e+05 9.813746585094806907e-01
6.889562500000000000e+05 6.841017500000000000e+05 1.007096166615565558e+00
7.004350000000000000e+05 6.776260000000000000e+05 1.033660160619574775e+00
7.013903333333333721e+05 6.750487500000000000e+05 1.039021749663758820e+00
