6.427126666666667631e+01 6.459636666666666827e+01 6.347826666666666284e+01 6.297283333333333388e+01 6.424963333333333537e+01 6.556903333333333705e+01 6.484649999999999181e+01 6.453740000000000521e+01 6.382968333333333533e+01 6.480064166666666381e+01 1.015211705316831248e+00
6.437713333333333310e+01 6.427126666666667631e+01 6.459636666666666827e+01 6.347826666666666284e+01 6.297283333333333388e+01 6.424963333333333537e+01 6.556903333333333705e+01 6.484649999999999181e+01 6.418075833333334401e+01 6.440949999999999420e+01 1.003564022498435460e+00
6.537040000000000362e+01 6.437713333333333310e+01 6.427126666666667631e+01 6.459636666666666827e+01 6.347826666666666284e+01 6.297283333333333388e+01 6.424963333333333537e+01 6.556903333333333705e+01 6.465379166666666322e+01 6.406744166666666729e+01 9.909309263248933242e-01
6.613596666666667545e+01 6.537040000000000362e+01 6.437713333333333310e+01 6.427126666666667631e+01 6.459636666666666827e+01 6.347826666666666284e+01 6.297283333333333388e+01 6.424963333333333537e+01 6.503869166666667923e+01 6.382427500000000009e+01 9.813277814244673047e-01
6.677089999999999748e+01 6.613596666666667545e+01 6.537040000000000362e+01 6.437713333333333310e+01 6.427126666666667631e+01 6.459636666666666827e+01 6.347826666666666284e+01 6.297283333333333388e+01 6.566360000000000241e+01 6.382968333333333533e+01 9.720710307283385587e-01
6.732053333333333001e+01 6.677089999999999748e+01 6.613596666666667545e+01 6.537040000000000362e+01 6.437713333333333310e+01 6.427126666666667631e+01 6.459636666666666827e+01 6.347826666666666284e+01 6.639945000000000164e+01 6.418075833333334401e+01 9.665856921003613822e-01
6.730253333333332932e+01 6.732053333333333001e+01 6.677089999999999748e+01 6.613596666666667545e+01 6.537040000000000362e+01 6.437713333333333310e+01 6.427126666666667631e+01 6.459636666666666827e+01 6.688248333333332596e+01 6.465379166666666322e+01 9.666774982687296180e-01
6.794253333333334410e+01 6.730253333333332932e+01 6.732053333333333001e+01 6.677089999999999748e+01 6.613596666666667545e+01 6.537040000000000362e+01 6.437713333333333310e+01 6.427126666666667631e+01 6.733412500000000023e+01 6.503869166666667923e+01 9.659098067535099030e-01
6.869069999999999254e+01 6.794253333333334410e+01 6.730253333333332932e+01 6.732053333333333001e+01 6.677089999999999748e+01 6.613596666666667545e+01 6.537040000000000362e+01 6.437713333333333310e+01 6.781407500000000255e+01 6.566360000000000241e+01 9.682886627886615472e-01
6.961579999999999302e+01 6.869069999999999254e+01 6.794253333333334410e+01 6.730253333333332932e+01 6.732053333333333001e+01 6.677089999999999748e+01 6.613596666666667545e+01 6.537040000000000362e+01 6.838789166666666119e+01 6.639945000000000164e+01 9.709240683079011225e-01
7.070106666666667650e+01 6.961579999999999302e+01 6.869069999999999254e+01 6.794253333333334410e+01 6.730253333333332932e+01 6.732053333333333001e+01 6.677089999999999748e+01 6.613596666666667545e+01 6.923752500000000509e+01 6.688248333333332596e+01 9.659860506760361565e-01
7.191330000000000666e+01 7.070106666666667650e+01 6.961579999999999302e+01 6.869069999999999254e+01 6.794253333333334410e+01 6.730253333333332932e+01 6.732053333333333001e+01 6.677089999999999748e+01 7.023021666666666363e+01 6.733412500000000023e+01 9.587628829281223952e-01
7.320340000000000202e+01 7.191330000000000666e+01 7.070106666666667650e+01 6.961579999999999302e+01 6.869069999999999254e+01 6.794253333333334410e+01 6.730253333333332932e+01 6.732053333333333001e+01 7.135839166666666245e+01 6.781407500000000255e+01 9.503307658162606364e-01
7.400646666666666817e+01 7.320340000000000202e+01 7.191330000000000666e+01 7.070106666666667650e+01 6.961579999999999302e+01 6.869069999999999254e+01 6.794253333333334410e+01 6.730253333333332932e+01 7.245605833333334544e+01 6.838789166666666119e+01 9.438533262746487962e-01
7.391243333333333965e+01 7.400646666666666817e+01 7.320340000000000202e+01 7.191330000000000666e+01 7.070106666666667650e+01 6.961579999999999302e+01 6.869069999999999254e+01 6.794253333333334410e+01 7.325889999999999702e+01 6.923752500000000509e+01 9.451073521442446834e-01
7.525156666666664762e+01 7.391243333333333965e+01 7.400646666666666817e+01 7.320340000000000202e+01 7.191330000000000666e+01 7.070106666666667650e+01 6.961579999999999302e+01 6.869069999999999254e+01 7.409346666666665726e+01 7.023021666666666363e+01 9.478597753108236601e-01
7.553833333333334110e+01 7.525156666666664762e+01 7.391243333333333965e+01 7.400646666666666817e+01 7.320340000000000202e+01 7.191330000000000666e+01 7.070106666666667650e+01 6.961579999999999302e+01 7.467719999999999914e+01 7.135839166666666245e+01 9.555579436115262393e-01
7.602883333333333837e+01 7.553833333333334110e+01 7.525156666666664762e+01 7.391243333333333965e+01 7.400646666666666817e+01 7.320340000000000202e+01 7.191330000000000666e+01 7.070106666666667650e+01 7.518279166666667379e+01 7.245605833333334544e+01 9.637319488557610780e-01
7.738083333333332803e+01 7.602883333333333837e+01 7.553833333333334110e+01 7.525156666666664762e+01 7.391243333333333965e+01 7.400646666666666817e+01 7.320340000000000202e+01 7.191330000000000666e+01 7.604989166666666733e+01 7.325889999999999702e+01 9.633005175221046601e-01
7.901449999999999818e+01 7.738083333333332803e+01 7.602883333333333837e+01 7.553833333333334110e+01 7.525156666666664762e+01 7.391243333333333965e+01 7.400646666666666817e+01 7.320340000000000202e+01 7.699062500000000853e+01 7.409346666666665726e+01 9.623699855231289124e-01
7.984359999999999502e+01 7.901449999999999818e+01 7.738083333333332803e+01 7.602883333333333837e+01 7.553833333333334110e+01 7.525156666666664762e+01 7.391243333333333965e+01 7.400646666666666817e+01 7.806694166666666490e+01 7.467719999999999914e+01 9.565790385238822635e-01
8.117470000000000141e+01 7.984359999999999502e+01 7.901449999999999818e+01 7.738083333333332803e+01 7.602883333333333837e+01 7.553833333333334110e+01 7.525156666666664762e+01 7.391243333333333965e+01 7.935340833333333421e+01 7.518279166666667379e+01 9.474425011570076771e-01
8.233400000000000318e+01 8.117470000000000141e+01 7.984359999999999502e+01 7.901449999999999818e+01 7.738083333333332803e+01 7.602883333333333837e+01 7.553833333333334110e+01 7.525156666666664762e+01 8.059170000000000300e+01 7.604989166666666733e+01 9.436442172911932991e-01
8.424283333333333701e+01 8.233400000000000318e+01 8.117470000000000141e+01 7.984359999999999502e+01 7.901449999999999818e+01 7.738083333333332803e+01 7.602883333333333837e+01 7.553833333333334110e+01 8.189878333333334126e+01 7.699062500000000853e+01 9.400704365368065529e-01
8.690633333333333610e+01 8.424283333333333701e+01 8.233400000000000318e+01 8.117470000000000141e+01 7.984359999999999502e+01 7.901449999999999818e+01 7.738083333333332803e+01 7.602883333333333837e+01 8.366446666666666943e+01 7.806694166666666490e+01 9.330955515164940373e-01
8.751889999999998793e+01 8.690633333333333610e+01 8.424283333333333701e+01 8.233400000000000318e+01 8.117470000000000141e+01 7.984359999999999502e+01 7.901449999999999818e+01 7.738083333333332803e+01 8.525051666666666961e+01 7.935340833333333421e+01 9.308261279354904660e-01
8.763403333333333478e+01 8.751889999999998793e+01 8.690633333333333610e+01 8.424283333333333701e+01 8.233400000000000318e+01 8.117470000000000141e+01 7.984359999999999502e+01 7.901449999999999818e+01 8.657552499999999895e+01 8.059170000000000300e+01 9.308831797439288680e-01
8.879820000000000846e+01 8.763403333333333478e+01 8.751889999999998793e+01 8.690633333333333610e+01 8.424283333333333701e+01 8.233400000000000318e+01 8.117470000000000141e+01 7.984359999999999502e+01 8.771436666666666326e+01 8.189878333333334126e+01 9.336986225365591086e-01
9.022613333333333685e+01 8.879820000000000846e+01 8.763403333333333478e+01 8.751889999999998793e+01 8.690633333333333610e+01 8.424283333333333701e+01 8.233400000000000318e+01 8.117470000000000141e+01 8.854431666666665990e+01 8.366446666666666943e+01 9.448880494682607711e-01
9.103496666666666215e+01 9.022613333333333685e+01 8.879820000000000846e+01 8.763403333333333478e+01 8.751889999999998793e+01 8.690633333333333610e+01 8.424283333333333701e+01 8.233400000000000318e+01 8.942333333333333201e+01 8.525051666666666961e+01 9.533363775301003651e-01
9.179186666666664962e+01 9.103496666666666215e+01 9.022613333333333685e+01 8.879820000000000846e+01 8.763403333333333478e+01 8.751889999999998793e+01 8.690633333333333610e+01 8.424283333333333701e+01 9.046279166666666072e+01 8.657552499999999895e+01 9.570291100346506319e-01
9.267279999999999518e+01 9.179186666666664962e+01 9.103496666666666215e+01 9.022613333333333685e+01 8.879820000000000846e+01 8.763403333333333478e+01 8.751889999999998793e+01 8.690633333333333610e+01 9.143144166666665740e+01 8.771436666666666326e+01 9.593457684551075504e-01
9.440650000000000830e+01 9.267279999999999518e+01 9.179186666666664962e+01 9.103496666666666215e+01 9.022613333333333685e+01 8.879820000000000846e+01 8.763403333333333478e+01 8.751889999999998793e+01 9.247653333333332171e+01 8.854431666666665990e+01 9.574787621796665427e-01
9.509543333333333237e+01 9.440650000000000830e+01 9.267279999999999518e+01 9.179186666666664962e+01 9.103496666666666215e+01 9.022613333333333685e+01 8.879820000000000846e+01 8.763403333333333478e+01 9.349164999999999281e+01 8.942333333333333201e+01 9.564847056751414334e-01
9.644643333333333146e+01 9.509543333333333237e+01 9.440650000000000830e+01 9.267279999999999518e+01 9.179186666666664962e+01 9.103496666666666215e+01 9.022613333333333685e+01 8.879820000000000846e+01 9.465529166666667038e+01 9.046279166666666072e+01 9.557077060755978515e-01
9.651476666666667370e+01 9.644643333333333146e+01 9.509543333333333237e+01 9.440650000000000830e+01 9.267279999999999518e+01 9.179186666666664962e+01 9.103496666666666215e+01 9.022613333333333685e+01 9.561578333333334001e+01 9.143144166666665740e+01 9.562379607132502901e-01
9.627609999999999957e+01 9.651476666666667370e+01 9.644643333333333146e+01 9.509543333333333237e+01 9.440650000000000830e+01 9.267279999999999518e+01 9.179186666666664962e+01 9.103496666666666215e+01 9.608318333333333783e+01 9.247653333333332171e+01 9.624632544959739189e-01
9.479629999999998802e+01 9.627609999999999957e+01 9.651476666666667370e+01 9.644643333333333146e+01 9.509543333333333237e+01 9.440650000000000830e+01 9.267279999999999518e+01 9.179186666666664962e+01 9.600840000000000884e+01 9.349164999999999281e+01 9.737861478787270819e-01
9.351686666666667236e+01 9.479629999999998802e+01 9.627609999999999957e+01 9.651476666666667370e+01 9.644643333333333146e+01 9.509543333333333237e+01 9.440650000000000830e+01 9.267279999999999518e+01 9.527600833333333696e+01 9.465529166666667038e+01 9.934850685127883940e-01
9.285566666666666436e+01 9.351686666666667236e+01 9.479629999999998802e+01 9.627609999999999957e+01 9.651476666666667370e+01 9.644643333333333146e+01 9.509543333333333237e+01 9.440650000000000830e+01 9.436123333333333107e+01 9.561578333333334001e+01 1.013295184427785989e+00
9.117719999999998493e+01 9.285566666666666436e+01 9.351686666666667236e+01 9.479629999999998802e+01 9.627609999999999957e+01 9.651476666666667370e+01 9.644643333333333146e+01 9.509543333333333237e+01 9.308650833333332741e+01 9.608318333333333783e+01 1.032192366580871434e+00
9.176973333333334892e+01 9.117719999999998493e+01 9.285566666666666436e+01 9.351686666666667236e+01 9.479629999999998802e+01 9.627609999999999957e+01 9.651476666666667370e+01 9.644643333333333146e+01 9.232986666666666054e+01 9.600840000000000884e+01 1.039841207034488013e+00
9.370663333333334322e+01 9.176973333333334892e+01 9.117719999999998493e+01 9.285566666666666436e+01 9.351686666666667236e+01 9.479629999999998802e+01 9.627609999999999957e+01 9.651476666666667370e+01 9.237730833333333180e+01 9.527600833333333696e+01 1.031378918181295790e+00
9.443796666666666795e+01 9.370663333333334322e+01 9.176973333333334892e+01 9.117719999999998493e+01 9.285566666666666436e+01 9.351686666666667236e+01 9.479629999999998802e+01 9.627609999999999957e+01 9.277288333333333981e+01 9.436123333333333107e+01 1.017120843321135615e+00
9.359649999999999181e+01 9.443796666666666795e+01 9.370663333333334322e+01 9.176973333333334892e+01 9.117719999999998493e+01 9.285566666666666436e+01 9.351686666666667236e+01 9.479629999999998802e+01 9.337770833333334508e+01 9.308650833333332741e+01 9.968814826879183189e-01
9.427640000000000953e+01 9.359649999999999181e+01 9.443796666666666795e+01 9.370663333333334322e+01 9.176973333333334892e+01 9.117719999999998493e+01 9.285566666666666436e+01 9.351686666666667236e+01 9.400437500000001023e+01 9.232986666666666054e+01 9.821869106269431882e-01
9.387729999999999109e+01 9.427640000000000953e+01 9.359649999999999181e+01 9.443796666666666795e+01 9.370663333333334322e+01 9.176973333333334892e+01 9.117719999999998493e+01 9.285566666666666436e+01 9.404704166666667220e+01 9.237730833333333180e+01 9.822457644201991744e-01
9.478779999999999006e+01 9.387729999999999109e+01 9.427640000000000953e+01 9.359649999999999181e+01 9.443796666666666795e+01 9.370663333333334322e+01 9.176973333333334892e+01 9.117719999999998493e+01 9.413450000000000273e+01 9.277288333333333981e+01 9.855354129817796016e-01
9.510853333333334092e+01 9.478779999999999006e+01 9.387729999999999109e+01 9.427640000000000953e+01 9.359649999999999181e+01 9.443796666666666795e+01 9.370663333333334322e+01 9.176973333333334892e+01 9.451250833333334356e+01 9.337770833333334508e+01 9.879931236614977186e-01
9.576246666666668261e+01 9.510853333333334092e+01 9.478779999999999006e+01 9.387729999999999109e+01 9.427640000000000953e+01 9.359649999999999181e+01 9.443796666666666795e+01 9.370663333333334322e+01 9.488402500000000828e+01 9.400437500000001023e+01 9.907292086312737833e-01
9.659896666666666931e+01 9.576246666666668261e+01 9.510853333333334092e+01 9.478779999999999006e+01 9.387729999999999109e+01 9.427640000000000953e+01 9.359649999999999181e+01 9.443796666666666795e+01 9.556444166666668139e+01 9.404704166666667220e+01 9.841217091468731359e-01
9.759106666666666285e+01 9.659896666666666931e+01 9.576246666666668261e+01 9.510853333333334092e+01 9.478779999999999006e+01 9.387729999999999109e+01 9.427640000000000953e+01 9.359649999999999181e+01 9.626525833333333537e+01 9.413450000000000273e+01 9.778657599821188873e-01
9.806746666666667522e+01 9.759106666666666285e+01 9.659896666666666931e+01 9.576246666666668261e+01 9.510853333333334092e+01 9.478779999999999006e+01 9.387729999999999109e+01 9.427640000000000953e+01 9.700499166666666895e+01 9.451250833333334356e+01 9.743056177779167992e-01
9.921559999999999491e+01 9.806746666666667522e+01 9.759106666666666285e+01 9.659896666666666931e+01 9.576246666666668261e+01 9.510853333333334092e+01 9.478779999999999006e+01 9.387729999999999109e+01 9.786827500000001123e+01 9.488402500000000828e+01 9.695074834005197317e-01
1.005816999999999979e+02 9.921559999999999491e+01 9.806746666666667522e+01 9.759106666666666285e+01 9.659896666666666931e+01 9.576246666666668261e+01 9.510853333333334092e+01 9.478779999999999006e+01 9.886395833333334338e+01 9.556444166666668139e+01 9.666256872343519380e-01
1.006100333333333339e+02 1.005816999999999979e+02 9.921559999999999491e+01 9.806746666666667522e+01 9.759106666666666285e+01 9.659896666666666931e+01 9.576246666666668261e+01 9.510853333333334092e+01 9.961870000000000402e+01 9.626525833333333537e+01 9.663372271805727998e-01
1.002951666666666739e+02 1.006100333333333339e+02 1.005816999999999979e+02 9.921559999999999491e+01 9.806746666666667522e+01 9.759106666666666285e+01 9.659896666666666931e+01 9.576246666666668261e+01 1.001756249999999966e+02 9.700499166666666895e+01 9.683492532905751959e-01
1.009364999999999810e+02 1.002951666666666739e+02 1.006100333333333339e+02 1.005816999999999979e+02 9.921559999999999491e+01 9.806746666666667522e+01 9.759106666666666285e+01 9.659896666666666931e+01 1.006058500000000038e+02 9.786827500000001123e+01 9.727891071940648615e-01
1.022849666666666621e+02 1.009364999999999810e+02 1.002951666666666739e+02 1.006100333333333339e+02 1.005816999999999979e+02 9.921559999999999491e+01 9.806746666666667522e+01 9.759106666666666285e+01 1.010316666666666521e+02 9.886395833333334338e+01 9.785442682987184337e-01
1.038257666666666523e+02 1.022849666666666621e+02 1.009364999999999810e+02 1.002951666666666739e+02 1.006100333333333339e+02 1.005816999999999979e+02 9.921559999999999491e+01 9.806746666666667522e+01 1.018355999999999852e+02 9.961870000000000402e+01 9.782305991225074271e-01
1.025889999999999986e+02 1.038257666666666523e+02 1.022849666666666621e+02 1.009364999999999810e+02 1.002951666666666739e+02 1.006100333333333339e+02 1.005816999999999979e+02 9.921559999999999491e+01 1.024090583333333200e+02 1.001756249999999966e+02 9.781910568295270059e-01
1.031875333333333202e+02 1.025889999999999986e+02 1.038257666666666523e+02 1.022849666666666621e+02 1.009364999999999810e+02 1.002951666666666739e+02 1.006100333333333339e+02 1.005816999999999979e+02 1.029718166666666548e+02 1.006058500000000038e+02 9.770231628104066868e-01
1.052476333333333400e+02 1.031875333333333202e+02 1.025889999999999986e+02 1.038257666666666523e+02 1.022849666666666621e+02 1.009364999999999810e+02 1.002951666666666739e+02 1.006100333333333339e+02 1.037124833333333243e+02 1.010316666666666521e+02 9.741514562133229971e-01
1.064083666666666659e+02 1.052476333333333400e+02 1.031875333333333202e+02 1.025889999999999986e+02 1.038257666666666523e+02 1.022849666666666621e+02 1.009364999999999810e+02 1.002951666666666739e+02 1.043581333333333276e+02 1.018355999999999852e+02 9.758281098678140975e-01
1.050684666666666658e+02 1.064083666666666659e+02 1.052476333333333400e+02 1.031875333333333202e+02 1.025889999999999986e+02 1.038257666666666523e+02 1.022849666666666621e+02 1.009364999999999810e+02 1.049779999999999944e+02 1.024090583333333200e+02 9.755287615817916924e-01
1.041420000000000101e+02 1.050684666666666658e+02 1.064083666666666659e+02 1.052476333333333400e+02 1.031875333333333202e+02 1.025889999999999986e+02 1.038257666666666523e+02 1.022849666666666621e+02 1.052166166666666669e+02 1.029718166666666548e+02 9.786649668929034984e-01
1.037067666666666668e+02 1.041420000000000101e+02 1.050684666666666658e+02 1.064083666666666659e+02 1.052476333333333400e+02 1.031875333333333202e+02 1.025889999999999986e+02 1.038257666666666523e+02 1.048314000000000021e+02 1.037124833333333243e+02 9.893265122218468655e-01
1.014034666666666880e+02 1.037067666666666668e+02 1.041420000000000101e+02 1.050684666666666658e+02 1.064083666666666659e+02 1.052476333333333400e+02 1.031875333333333202e+02 1.025889999999999986e+02 1.035801750000000112e+02 1.043581333333333276e+02 1.007510687574464159e+00
9.574410000000000309e+01 1.014034666666666880e+02 1.037067666666666668e+02 1.041420000000000101e+02 1.050684666666666658e+02 1.064083666666666659e+02 1.052476333333333400e+02 1.031875333333333202e+02 1.012490833333333455e+02 1.049779999999999944e+02 1.036829140016905404e+00
9.019706666666667161e+01 9.574410000000000309e+01 1.014034666666666880e+02 1.037067666666666668e+02 1.041420000000000101e+02 1.050684666666666658e+02 1.064083666666666659e+02 1.052476333333333400e+02 9.776285000000001446e+01 1.052166166666666669e+02 1.076243344651538481e+00
8.764746666666667352e+01 9.019706666666667161e+01 9.574410000000000309e+01 1.014034666666666880e+02 1.037067666666666668e+02 1.041420000000000101e+02 1.050684666666666658e+02 1.064083666666666659e+02 9.374802500000001260e+01 1.048314000000000021e+02 1.118225157276646398e+00
9.025333333333333030e+01 8.764746666666667352e+01 9.019706666666667161e+01 9.574410000000000309e+01 1.014034666666666880e+02 1.037067666666666668e+02 1.041420000000000101e+02 1.050684666666666658e+02 9.096049166666666963e+01 1.035801750000000112e+02 1.138738073004039730e+00
9.030933333333332769e+01 9.025333333333333030e+01 8.764746666666667352e+01 9.019706666666667161e+01 9.574410000000000309e+01 1.014034666666666880e+02 1.037067666666666668e+02 1.041420000000000101e+02 8.960179999999999723e+01 1.012490833333333455e+02 1.129989390094098045e+00
9.204626666666666779e+01 9.030933333333332769e+01 9.025333333333333030e+01 8.764746666666667352e+01 9.019706666666667161e+01 9.574410000000000309e+01 1.014034666666666880e+02 1.037067666666666668e+02 9.006409999999999627e+01 9.776285000000001446e+01 1.085480785351766286e+00
9.410376666666667234e+01 9.204626666666666779e+01 9.030933333333332769e+01 9.025333333333333030e+01 8.764746666666667352e+01 9.019706666666667161e+01 9.574410000000000309e+01 1.014034666666666880e+02 9.167817499999999598e+01 9.374802500000001260e+01 1.022577347334848508e+00
9.646540000000000248e+01 9.410376666666667234e+01 9.204626666666666779e+01 9.030933333333332769e+01 9.025333333333333030e+01 8.764746666666667352e+01 9.019706666666667161e+01 9.574410000000000309e+01 9.323119166666666047e+01 9.096049166666666963e+01 9.756444172877407617e-01
9.544749999999999091e+01 9.646540000000000248e+01 9.410376666666667234e+01 9.204626666666666779e+01 9.030933333333332769e+01 9.025333333333333030e+01 8.764746666666667352e+01 9.019706666666667161e+01 9.451573333333332982e+01 8.960179999999999723e+01 9.480093614043799688e-01
9.600939999999998520e+01 9.544749999999999091e+01 9.646540000000000248e+01 9.410376666666667234e+01 9.204626666666666779e+01 9.030933333333332769e+01 9.025333333333333030e+01 8.764746666666667352e+01 9.550651666666665562e+01 9.006409999999999627e+01 9.430152322939220344e-01
9.636676666666666335e+01 9.600939999999998520e+01 9.544749999999999091e+01 9.646540000000000248e+01 9.410376666666667234e+01 9.204626666666666779e+01 9.030933333333332769e+01 9.025333333333333030e+01 9.607226666666666404e+01 9.167817499999999598e+01 9.542626418723683113e-01
9.865716666666666868e+01 9.636676666666666335e+01 9.600939999999998520e+01 9.544749999999999091e+01 9.646540000000000248e+01 9.410376666666667234e+01 9.204626666666666779e+01 9.030933333333332769e+01 9.662020833333332348e+01 9.323119166666666047e+01 9.649243494179314817e-01
9.810610000000001207e+01 9.865716666666666868e+01 9.636676666666666335e+01 9.600939999999998520e+01 9.544749999999999091e+01 9.646540000000000248e+01 9.410376666666667234e+01 9.204626666666666779e+01 9.728485833333333233e+01 9.451573333333332982e+01 9.715359096221123369e-01
9.902096666666666636e+01 9.810610000000001207e+01 9.865716666666666868e+01 9.636676666666666335e+01 9.600939999999998520e+01 9.544749999999999091e+01 9.646540000000000248e+01 9.410376666666667234e+01 9.803775000000000261e+01 9.550651666666665562e+01 9.741810340064582796e-01
9.976149999999999807e+01 9.902096666666666636e+01 9.810610000000001207e+01 9.865716666666666868e+01 9.636676666666666335e+01 9.600939999999998520e+01 9.544749999999999091e+01 9.646540000000000248e+01 9.888643333333334340e+01 9.607226666666666404e+01 9.715414281635531557e-01
1.010058999999999969e+02 9.976149999999999807e+01 9.902096666666666636e+01 9.810610000000001207e+01 9.865716666666666868e+01 9.636676666666666335e+01 9.600939999999998520e+01 9.544749999999999091e+01 9.947361666666667190e+01 9.662020833333332348e+01 9.713149232032546321e-01
1.002116666666666589e+02 1.010058999999999969e+02 9.976149999999999807e+01 9.902096666666666636e+01 9.810610000000001207e+01 9.865716666666666868e+01 9.636676666666666335e+01 9.600939999999998520e+01 1.000000083333333265e+02 9.728485833333333233e+01 9.728485022626248702e-01
1.009313000000000073e+02 1.002116666666666589e+02 1.010058999999999969e+02 9.976149999999999807e+01 9.902096666666666636e+01 9.810610000000001207e+01 9.865716666666666868e+01 9.636676666666666335e+01 1.004775916666666689e+02 9.803775000000000261e+01 9.757175542705998073e-01
1.015350666666666513e+02 1.009313000000000073e+02 1.002116666666666589e+02 1.010058999999999969e+02 9.976149999999999807e+01 9.902096666666666636e+01 9.810610000000001207e+01 9.865716666666666868e+01 1.009209833333333250e+02 9.888643333333334340e+01 9.798401686864263160e-01
1.029229000000000127e+02 1.015350666666666513e+02 1.009313000000000073e+02 1.002116666666666589e+02 1.010058999999999969e+02 9.976149999999999807e+01 9.902096666666666636e+01 9.810610000000001207e+01 1.014002333333333326e+02 9.947361666666667190e+01 9.809998793559647767e-01
1.022609666666666612e+02 1.029229000000000127e+02 1.015350666666666513e+02 1.009313000000000073e+02 1.002116666666666589e+02 1.010058999999999969e+02 9.976149999999999807e+01 9.902096666666666636e+01 1.019125583333333367e+02 1.000000083333333265e+02 9.812334217560854110e-01
1.030792000000000002e+02 1.022609666666666612e+02 1.029229000000000127e+02 1.015350666666666513e+02 1.009313000000000073e+02 1.002116666666666589e+02 1.010058999999999969e+02 9.976149999999999807e+01 1.024495333333333349e+02 1.004775916666666689e+02 9.807520678473888864e-01
1.044803666666666686e+02 1.030792000000000002e+02 1.022609666666666612e+02 1.029229000000000127e+02 1.015350666666666513e+02 1.009313000000000073e+02 1.002116666666666589e+02 1.010058999999999969e+02 1.031858583333333428e+02 1.009209833333333250e+02 9.780505290494020398e-01
1.062805666666666724e+02 1.044803666666666686e+02 1.030792000000000002e+02 1.022609666666666612e+02 1.029229000000000127e+02 1.015350666666666513e+02 1.009313000000000073e+02 1.002116666666666589e+02 1.040252750000000077e+02 1.014002333333333326e+02 9.747653474920717764e-01
1.057236333333333391e+02 1.062805666666666724e+02 1.044803666666666686e+02 1.030792000000000002e+02 1.022609666666666612e+02 1.029229000000000127e+02 1.015350666666666513e+02 1.009313000000000073e+02 1.048909416666666772e+02 1.019125583333333367e+02 9.716049519052050165e-01
1.054717333333333471e+02 1.057236333333333391e+02 1.062805666666666724e+02 1.044803666666666686e+02 1.030792000000000002e+02 1.022609666666666612e+02 1.029229000000000127e+02 1.015350666666666513e+02 1.054890750000000139e+02 1.024495333333333349e+02 9.711861947157401920e-01
1.049639333333333298e+02 1.054717333333333471e+02 1.057236333333333391e+02 1.062805666666666724e+02 1.044803666666666686e+02 1.030792000000000002e+02 1.022609666666666612e+02 1.029229000000000127e+02 1.056099666666666792e+02 1.031858583333333428e+02 9.770465950341176153e-01
1.064888333333333321e+02 1.049639333333333298e+02 1.054717333333333471e+02 1.057236333333333391e+02 1.062805666666666724e+02 1.044803666666666686e+02 1.030792000000000002e+02 1.022609666666666612e+02 1.056620333333333406e+02 1.040252750000000077e+02 9.845094942648905390e-01
1.039316000000000031e+02 1.064888333333333321e+02 1.049639333333333298e+02 1.054717333333333471e+02 1.057236333333333391e+02 1.062805666666666724e+02 1.044803666666666686e+02 1.030792000000000002e+02 1.052140250000000066e+02 1.048909416666666772e+02 9.969292750340714715e-01
1.034591333333333267e+02 1.039316000000000031e+02 1.064888333333333321e+02 1.049639333333333298e+02 1.054717333333333471e+02 1.057236333333333391e+02 1.062805666666666724e+02 1.044803666666666686e+02 1.047108750000000015e+02 1.054890750000000139e+02 1.007431892819155683e+00
1.031508000000000038e+02 1.034591333333333267e+02 1.039316000000000031e+02 1.064888333333333321e+02 1.049639333333333298e+02 1.054717333333333471e+02 1.057236333333333391e+02 1.062805666666666724e+02 1.042575916666666700e+02 1.056099666666666792e+02 1.012971477456757530e+00
1.042119000000000142e+02 1.031508000000000038e+02 1.034591333333333267e+02 1.039316000000000031e+02 1.064888333333333321e+02 1.049639333333333298e+02 1.054717333333333471e+02 1.057236333333333391e+02 1.036883583333333405e+02 1.056620333333333406e+02 1.019034682694609728e+00
1.028620999999999981e+02 1.042119000000000142e+02 1.031508000000000038e+02 1.034591333333333267e+02 1.039316000000000031e+02 1.064888333333333321e+02 1.049639333333333298e+02 1.054717333333333471e+02 1.034209833333333393e+02 1.052140250000000066e+02 1.017337310175127296e+00
1.032496666666666556e+02 1.028620999999999981e+02 1.042119000000000142e+02 1.031508000000000038e+02 1.034591333333333267e+02 1.039316000000000031e+02 1.064888333333333321e+02 1.049639333333333298e+02 1.033686166666666679e+02 1.047108750000000015e+02 1.012985162969353814e+00
1.044698333333333267e+02 1.032496666666666556e+02 1.028620999999999981e+02 1.042119000000000142e+02 1.031508000000000038e+02 1.034591333333333267e+02 1.039316000000000031e+02 1.064888333333333321e+02 1.036983749999999986e+02 1.042575916666666700e+02 1.005392723527892107e+00
1.060457666666666654e+02 1.044698333333333267e+02 1.032496666666666556e+02 1.028620999999999981e+02 1.042119000000000142e+02 1.031508000000000038e+02 1.034591333333333267e+02 1.039316000000000031e+02 1.041568416666666650e+02 1.036883583333333405e+02 9.955021357614450839e-01
