-1.000000000000000000e+09 -1.000000000000000000e+09 -1.000000000000000000e+09 -1.000000000000000000e+09 -1.000000000000000000e+09 -1.000000000000000000e+09 -1.000000000000000000e+09 -1.000000000000000000e+09 -1.000000000000000000e+09 -1.000000000000000000e+09 -1.000000000000000000e+09
-1.000000000000000000e+09 -1.000000000000000000e+09 -1.000000000000000000e+09 -1.000000000000000000e+09 -1.000000000000000000e+09 -1.000000000000000000e+09 -1.000000000000000000e+09 -1.000000000000000000e+09 -1.000000000000000000e+09 -1.000000000000000000e+09 -1.000000000000000000e+09
-1.000000000000000000e+09 -1.000000000000000000e+09 -1.000000000000000000e+09 -1.000000000000000000e+09 -1.000000000000000000e+09 -1.000000000000000000e+09 -1.000000000000000000e+09 -1.000000000000000000e+09 -1.000000000000000000e+09 -1.000000000000000000e+09 -1.000000000000000000e+09
-1.000000000000000000e+09 -1.000000000000000000e+09 -1.000000000000000000e+09 -1.000000000000000000e+09 -1.000000000000000000e+09 -1.000000000000000000e+09 -1.000000000000000000e+09 -1.000000000000000000e+09 -1.000000000000000000e+09 -1.000000000000000000e+09 -1.000000000000000000e+09
-1.000000000000000000e+09 -1.000000000000000000e+09 -1.000000000000000000e+09 -1.000000000000000000e+09 -1.000000000000000000e+09 -1.000000000000000000e+09 -1.000000000000000000e+09 -1.000000000000000000e+09 -1.000000000000000000e+09 -1.000000000000000000e+09 -1.000000000000000000e+09
-1.000000000000000000e+09 -1.000000000000000000e+09 -1.000000000000000000e+09 -1.000000000000000000e+09 -1.000000000000000000e+09 -1.000000000000000000e+09 -1.000000000000000000e+09 -1.000000000000000000e+09 -1.000000000000000000e+09 -1.000000000000000000e+09 -1.000000000000000000e+09
-1.000000000000000000e+09 -1.000000000000000000e+09 -1.000000000000000000e+09 -1.000000000000000000e+09 -1.000000000000000000e+09 -1.000000000000000000e+09 -1.000000000000000000e+09 -1.000000000000000000e+09 -1.000000000000000000e+09 -1.000000000000000000e+09 -1.000000000000000000e+09
-1.000000000000000000e+09 -1.000000000000000000e+09 -1.000000000000000000e+09 -1.000000000000000000e+09 -1.000000000000000000e+09 -1.000000000000000000e+09 -1.000000000000000000e+09 -1.000000000000000000e+09 -1.000000000000000000e+09 -1.000000000000000000e+09 -1.000000000000000000e+09
-1.000000000000000000e+09 -1.000000000000000000e+09 -1.000000000000000000e+09 -1.000000000000000000e+09 -1.000000000000000000e+09 -1.000000000000000000e+09 -1.000000000000000000e+09 -1.000000000000000000e+09 -1.000000000000000000e+09 -1.000000000000000000e+09 -1.000000000000000000e+09
-1.000000000000000000e+09 -1.000000000000000000e+09 -1.000000000000000000e+09 -1.000000000000000000e+09 -1.000000000000000000e+09 -1.000000000000000000e+09 -1.000000000000000000e+09 -1.000000000000000000e+09 -1.000000000000000000e+09 -1.000000000000000000e+09 -1.000000000000000000e+09
-1.000000000000000000e+09 -1.000000000000000000e+09 -1.000000000000000000e+09 -1.000000000000000000e+09 -1.000000000000000000e+09 -1.000000000000000000e+09 -1.000000000000000000e+09 -1.000000000000000000e+09 -1.000000000000000000e+09 -1.000000000000000000e+09 -1.000000000000000000e+09
-1.000000000000000000e+09 -1.000000000000000000e+09 -1.000000000000000000e+09 -1.000000000000000000e+09 -1.000000000000000000e+09 -1.000000000000000000e+09 -1.000000000000000000e+09 -1.000000000000000000e+09 -1.000000000000000000e+09 -1.000000000000000000e+09 -1.000000000000000000e+09
-1.000000000000000000e+09 -1.000000000000000000e+09 -1.000000000000000000e+09 -1.000000000000000000e+09 -1.000000000000000000e+09 -1.000000000000000000e+09 -1.000000000000000000e+09 -1.000000000000000000e+09 -1.000000000000000000e+09 -1.000000000000000000e+09 -1.000000000000000000e+09
-1.000000000000000000e+09 -1.000000000000000000e+09 -1.000000000000000000e+09 -1.000000000000000000e+09 -1.000000000000000000e+09 -1.000000000000000000e+09 -1.000000000000000000e+09 -1.000000000000000000e+09 -1.000000000000000000e+09 -1.000000000000000000e+09 -1.000000000000000000e+09
-1.000000000000000000e+09 -1.000000000000000000e+09 -1.000000000000000000e+09 -1.000000000000000000e+09 -1.000000000000000000e+09 -1.000000000000000000e+09 -1.000000000000000000e+09 -1.000000000000000000e+09 -1.000000000000000000e+09 -1.000000000000000000e+09 -1.000000000000000000e+09
-1.000000000000000000e+09 -1.000000000000000000e+09 -1.000000000000000000e+09 -1.000000000000000000e+09 -1.000000000000000000e+09 -1.000000000000000000e+09 -1.000000000000000000e+09 -1.000000000000000000e+09 -1.000000000000000000e+09 -1.000000000000000000e+09 -1.000000000000000000e+09
-1.000000000000000000e+09 -1.000000000000000000e+09 -1.000000000000000000e+09 -1.000000000000000000e+09 -1.000000000000000000e+09 -1.000000000000000000e+09 -1.000000000000000000e+09 -1.000000000000000000e+09 -1.000000000000000000e+09 -1.000000000000000000e+09 -1.000000000000000000e+09
-1.000000000000000000e+09 -1.000000000000000000e+09 -1.000000000000000000e+09 -1.000000000000000000e+09 -1.000000000000000000e+09 -1.000000000000000000e+09 -1.000000000000000000e+09 -1.000000000000000000e+09 -1.000000000000000000e+09 -1.000000000000000000e+09 -1.000000000000000000e+09
-1.000000000000000000e+09 -1.000000000000000000e+09 -1.000000000000000000e+09 -1.000000000000000000e+09 -1.000000000000000000e+09 -1.000000000000000000e+09 -1.000000000000000000e+09 -1.000000000000000000e+09 -1.000000000000000000e+09 -1.000000000000000000e+09 -1.000000000000000000e+09
-1.000000000000000000e+09 -1.000000000000000000e+09 -1.000000000000000000e+09 -1.000000000000000000e+09 -1.000000000000000000e+09 -1.000000000000000000e+09 -1.000000000000000000e+09 -1.000000000000000000e+09 -1.000000000000000000e+09 -1.000000000000000000e+09 -1.000000000000000000e+09
5.196999999999999886e+01 -1.000000000000000000e+09 -1.000000000000000000e+09 -1.000000000000000000e+09 -1.000000000000000000e+09 -1.000000000000000000e+09 -1.000000000000000000e+09 -1.000000000000000000e+09 5.196999999999999886e+01 -1.000000000000000000e+09 -1.000000000000000000e+09
-1.000000000000000000e+09 5.196999999999999886e+01 -1.000000000000000000e+09 -1.000000000000000000e+09 -1.000000000000000000e+09 -1.000000000000000000e+09 -1.000000000000000000e+09 -1.000000000000000000e+09 5.196999999999999886e+01 -1.000000000000000000e+09 -1.000000000000000000e+09
-1.000000000000000000e+09 -1.000000000000000000e+09 5.196999999999999886e+01 -1.000000000000000000e+09 -1.000000000000000000e+09 -1.000000000000000000e+09 -1.000000000000000000e+09 -1.000000000000000000e+09 5.196999999999999886e+01 -1.000000000000000000e+09 -1.000000000000000000e+09
-1.000000000000000000e+09 -1.000000000000000000e+09 -1.000000000000000000e+09 5.196999999999999886e+01 -1.000000000000000000e+09 -1.000000000000000000e+09 -1.000000000000000000e+09 -1.000000000000000000e+09 5.196999999999999886e+01 -1.000000000000000000e+09 -1.000000000000000000e+09
-1.000000000000000000e+09 -1.000000000000000000e+09 -1.000000000000000000e+09 -1.000000000000000000e+09 5.196999999999999886e+01 -1.000000000000000000e+09 -1.000000000000000000e+09 -1.000000000000000000e+09 -1.000000000000000000e+09 5.196999999999999886e+01 -1.000000000000000000e+09
-1.000000000000000000e+09 -1.000000000000000000e+09 -1.000000000000000000e+09 -1.000000000000000000e+09 -1.000000000000000000e+09 5.196999999999999886e+01 -1.000000000000000000e+09 -1.000000000000000000e+09 -1.000000000000000000e+09 5.196999999999999886e+01 -1.000000000000000000e+09
-1.000000000000000000e+09 -1.000000000000000000e+09 -1.000000000000000000e+09 -1.000000000000000000e+09 -1.000000000000000000e+09 -1.000000000000000000e+09 5.196999999999999886e+01 -1.000000000000000000e+09 -1.000000000000000000e+09 5.196999999999999886e+01 -1.000000000000000000e+09
-1.000000000000000000e+09 -1.000000000000000000e+09 -1.000000000000000000e+09 -1.000000000000000000e+09 -1.000000000000000000e+09 -1.000000000000000000e+09 -1.000000000000000000e+09 5.196999999999999886e+01 -1.000000000000000000e+09 5.196999999999999886e+01 -1.000000000000000000e+09
-1.000000000000000000e+09 -1.000000000000000000e+09 -1.000000000000000000e+09 -1.000000000000000000e+09 -1.000000000000000000e+09 -1.000000000000000000e+09 -1.000000000000000000e+09 -1.000000000000000000e+09 -1.000000000000000000e+09 -1.000000000000000000e+09 -1.000000000000000000e+09
-1.000000000000000000e+09 -1.000000000000000000e+09 -1.000000000000000000e+09 -1.000000000000000000e+09 -1.000000000000000000e+09 -1.000000000000000000e+09 -1.000000000000000000e+09 -1.000000000000000000e+09 -1.000000000000000000e+09 -1.000000000000000000e+09 -1.000000000000000000e+09
3.160999999999999943e+01 -1.000000000000000000e+09 -1.000000000000000000e+09 -1.000000000000000000e+09 -1.000000000000000000e+09 -1.000000000000000000e+09 -1.000000000000000000e+09 -1.000000000000000000e+09 3.160999999999999943e+01 -1.000000000000000000e+09 -1.000000000000000000e+09
-1.000000000000000000e+09 3.160999999999999943e+01 -1.000000000000000000e+09 -1.000000000000000000e+09 -1.000000000000000000e+09 -1.000000000000000000e+09 -1.000000000000000000e+09 -1.000000000000000000e+09 3.160999999999999943e+01 -1.000000000000000000e+09 -1.000000000000000000e+09
3.482999999999999829e+01 -1.000000000000000000e+09 3.160999999999999943e+01 -1.000000000000000000e+09 -1.000000000000000000e+09 -1.000000000000000000e+09 -1.000000000000000000e+09 -1.000000000000000000e+09 3.321999999999999886e+01 -1.000000000000000000e+09 -1.000000000000000000e+09
-1.000000000000000000e+09 3.482999999999999829e+01 -1.000000000000000000e+09 3.160999999999999943e+01 -1.000000000000000000e+09 -1.000000000000000000e+09 -1.000000000000000000e+09 -1.000000000000000000e+09 3.321999999999999886e+01 -1.000000000000000000e+09 -1.000000000000000000e+09
2.767999999999999972e+01 -1.000000000000000000e+09 3.482999999999999829e+01 -1.000000000000000000e+09 3.160999999999999943e+01 -1.000000000000000000e+09 -1.000000000000000000e+09 -1.000000000000000000e+09 3.125499999999999901e+01 3.160999999999999943e+01 1.011358182690769381e+00
-1.000000000000000000e+09 2.767999999999999972e+01 -1.000000000000000000e+09 3.482999999999999829e+01 -1.000000000000000000e+09 3.160999999999999943e+01 -1.000000000000000000e+09 -1.000000000000000000e+09 3.125499999999999901e+01 3.160999999999999943e+01 1.011358182690769381e+00
5.577000000000000313e+01 -1.000000000000000000e+09 2.767999999999999972e+01 -1.000000000000000000e+09 3.482999999999999829e+01 -1.000000000000000000e+09 3.160999999999999943e+01 -1.000000000000000000e+09 4.172500000000000142e+01 3.321999999999999886e+01 7.961653684841222267e-01
-1.000000000000000000e+09 5.577000000000000313e+01 -1.000000000000000000e+09 2.767999999999999972e+01 -1.000000000000000000e+09 3.482999999999999829e+01 -1.000000000000000000e+09 3.160999999999999943e+01 4.172500000000000142e+01 3.321999999999999886e+01 7.961653684841222267e-01
5.975999999999999801e+01 -1.000000000000000000e+09 5.577000000000000313e+01 -1.000000000000000000e+09 2.767999999999999972e+01 -1.000000000000000000e+09 3.482999999999999829e+01 -1.000000000000000000e+09 5.776500000000000057e+01 3.125499999999999901e+01 5.410715831385787267e-01
5.752999999999999403e+01 5.975999999999999801e+01 -1.000000000000000000e+09 5.577000000000000313e+01 -1.000000000000000000e+09 2.767999999999999972e+01 -1.000000000000000000e+09 3.482999999999999829e+01 5.768666666666666742e+01 3.125499999999999901e+01 5.418063099503062086e-01
6.063333333333333286e+01 5.752999999999999403e+01 5.975999999999999801e+01 -1.000000000000000000e+09 5.577000000000000313e+01 -1.000000000000000000e+09 2.767999999999999972e+01 -1.000000000000000000e+09 5.930777777777777260e+01 4.172500000000000142e+01 7.035333570639039635e-01
5.960999999999999233e+01 6.063333333333333286e+01 5.752999999999999403e+01 5.975999999999999801e+01 -1.000000000000000000e+09 5.577000000000000313e+01 -1.000000000000000000e+09 2.767999999999999972e+01 5.938333333333332575e+01 4.172500000000000142e+01 7.026382262138648471e-01
5.703666666666666174e+01 5.960999999999999233e+01 6.063333333333333286e+01 5.752999999999999403e+01 5.975999999999999801e+01 -1.000000000000000000e+09 5.577000000000000313e+01 -1.000000000000000000e+09 5.870249999999999346e+01 5.776500000000000057e+01 9.840296409863295013e-01
6.457333333333333769e+01 5.703666666666666174e+01 5.960999999999999233e+01 6.063333333333333286e+01 5.752999999999999403e+01 5.975999999999999801e+01 -1.000000000000000000e+09 5.577000000000000313e+01 6.046333333333333115e+01 5.768666666666666742e+01 9.540768509840674705e-01
7.585999999999999943e+01 6.457333333333333769e+01 5.703666666666666174e+01 5.960999999999999233e+01 6.063333333333333286e+01 5.752999999999999403e+01 5.975999999999999801e+01 -1.000000000000000000e+09 6.426999999999999602e+01 5.930777777777777260e+01 9.227910032328889844e-01
7.657000000000000739e+01 7.585999999999999943e+01 6.457333333333333769e+01 5.703666666666666174e+01 5.960999999999999233e+01 6.063333333333333286e+01 5.752999999999999403e+01 5.975999999999999801e+01 6.850999999999999091e+01 5.938333333333332575e+01 8.667834379409331547e-01
7.271666666666665435e+01 7.657000000000000739e+01 7.585999999999999943e+01 6.457333333333333769e+01 5.703666666666666174e+01 5.960999999999999233e+01 6.063333333333333286e+01 5.752999999999999403e+01 7.242999999999999261e+01 5.870249999999999346e+01 8.104721800358967165e-01
6.721999999999999886e+01 7.271666666666665435e+01 7.657000000000000739e+01 7.585999999999999943e+01 6.457333333333333769e+01 5.703666666666666174e+01 5.960999999999999233e+01 6.063333333333333286e+01 7.309166666666666856e+01 6.046333333333333115e+01 8.272260859651122678e-01
6.743666666666666742e+01 6.721999999999999886e+01 7.271666666666665435e+01 7.657000000000000739e+01 7.585999999999999943e+01 6.457333333333333769e+01 5.703666666666666174e+01 5.960999999999999233e+01 7.098583333333333201e+01 6.426999999999999602e+01 9.053919209231888754e-01
6.795000000000000284e+01 6.743666666666666742e+01 6.721999999999999886e+01 7.271666666666665435e+01 7.657000000000000739e+01 7.585999999999999943e+01 6.457333333333333769e+01 5.703666666666666174e+01 6.883083333333333087e+01 6.850999999999999091e+01 9.953388137583688566e-01
6.157666666666667510e+01 6.795000000000000284e+01 6.743666666666666742e+01 6.721999999999999886e+01 7.271666666666665435e+01 7.657000000000000739e+01 7.585999999999999943e+01 6.457333333333333769e+01 6.604583333333333428e+01 7.242999999999999261e+01 1.096662671124849942e+00
6.325333333333333030e+01 6.157666666666667510e+01 6.795000000000000284e+01 6.743666666666666742e+01 6.721999999999999886e+01 7.271666666666665435e+01 7.657000000000000739e+01 7.585999999999999943e+01 6.505416666666667425e+01 7.309166666666666856e+01 1.123550887081278260e+00
6.414000000000000057e+01 6.325333333333333030e+01 6.157666666666667510e+01 6.795000000000000284e+01 6.743666666666666742e+01 6.721999999999999886e+01 7.271666666666665435e+01 7.657000000000000739e+01 6.423000000000000398e+01 7.098583333333333201e+01 1.105181898386008443e+00
6.128000000000000114e+01 6.414000000000000057e+01 6.325333333333333030e+01 6.157666666666667510e+01 6.795000000000000284e+01 6.743666666666666742e+01 6.721999999999999886e+01 7.271666666666665435e+01 6.256250000000000711e+01 6.883083333333333087e+01 1.100193140193139962e+00
6.473000000000000398e+01 6.128000000000000114e+01 6.414000000000000057e+01 6.325333333333333030e+01 6.157666666666667510e+01 6.795000000000000284e+01 6.743666666666666742e+01 6.721999999999999886e+01 6.335083333333333400e+01 6.604583333333333428e+01 1.042540876862972032e+00
6.555666666666667197e+01 6.473000000000000398e+01 6.128000000000000114e+01 6.414000000000000057e+01 6.325333333333333030e+01 6.157666666666667510e+01 6.795000000000000284e+01 6.743666666666666742e+01 6.392666666666667652e+01 6.505416666666667425e+01 1.017637397017415735e+00
6.503666666666667595e+01 6.555666666666667197e+01 6.473000000000000398e+01 6.128000000000000114e+01 6.414000000000000057e+01 6.325333333333333030e+01 6.157666666666667510e+01 6.795000000000000284e+01 6.415083333333333826e+01 6.423000000000000398e+01 1.001234070744729143e+00
6.704999999999999716e+01 6.503666666666667595e+01 6.555666666666667197e+01 6.473000000000000398e+01 6.128000000000000114e+01 6.414000000000000057e+01 6.325333333333333030e+01 6.157666666666667510e+01 6.559333333333333371e+01 6.256250000000000711e+01 9.537935765829861356e-01
6.951333333333333542e+01 6.704999999999999716e+01 6.503666666666667595e+01 6.555666666666667197e+01 6.473000000000000398e+01 6.128000000000000114e+01 6.414000000000000057e+01 6.325333333333333030e+01 6.678916666666667368e+01 6.335083333333333400e+01 9.485195952437395217e-01
6.864333333333333087e+01 6.951333333333333542e+01 6.704999999999999716e+01 6.503666666666667595e+01 6.555666666666667197e+01 6.473000000000000398e+01 6.128000000000000114e+01 6.414000000000000057e+01 6.756083333333333485e+01 6.392666666666667652e+01 9.462089721608921700e-01
7.288333333333333997e+01 6.864333333333333087e+01 6.951333333333333542e+01 6.704999999999999716e+01 6.503666666666667595e+01 6.555666666666667197e+01 6.473000000000000398e+01 6.128000000000000114e+01 6.952250000000000796e+01 6.415083333333333826e+01 9.227348460330587754e-01
7.612666666666666515e+01 7.288333333333333997e+01 6.864333333333333087e+01 6.951333333333333542e+01 6.704999999999999716e+01 6.503666666666667595e+01 6.555666666666667197e+01 6.473000000000000398e+01 7.179166666666665719e+01 6.559333333333333371e+01 9.136622170632618944e-01
6.779000000000000625e+01 7.612666666666666515e+01 7.288333333333333997e+01 6.864333333333333087e+01 6.951333333333333542e+01 6.704999999999999716e+01 6.503666666666667595e+01 6.555666666666667197e+01 7.136083333333333201e+01 6.678916666666667368e+01 9.359359125570750892e-01
6.512666666666667936e+01 6.779000000000000625e+01 7.612666666666666515e+01 7.288333333333333997e+01 6.864333333333333087e+01 6.951333333333333542e+01 6.704999999999999716e+01 6.503666666666667595e+01 7.048166666666666913e+01 6.756083333333333485e+01 9.585589633237957541e-01
6.223666666666667169e+01 6.512666666666667936e+01 6.779000000000000625e+01 7.612666666666666515e+01 7.288333333333333997e+01 6.864333333333333087e+01 6.951333333333333542e+01 6.704999999999999716e+01 6.782000000000000739e+01 6.952250000000000796e+01 1.025103214391035023e+00
6.111333333333332263e+01 6.223666666666667169e+01 6.512666666666667936e+01 6.779000000000000625e+01 7.612666666666666515e+01 7.288333333333333997e+01 6.864333333333333087e+01 6.951333333333333542e+01 6.406666666666667709e+01 7.179166666666665719e+01 1.120577523413111010e+00
6.493999999999999773e+01 6.111333333333332263e+01 6.223666666666667169e+01 6.512666666666667936e+01 6.779000000000000625e+01 7.612666666666666515e+01 7.288333333333333997e+01 6.864333333333333087e+01 6.335416666666667140e+01 7.136083333333333201e+01 1.126379480434067659e+00
6.807999999999999829e+01 6.493999999999999773e+01 6.111333333333332263e+01 6.223666666666667169e+01 6.512666666666667936e+01 6.779000000000000625e+01 7.612666666666666515e+01 7.288333333333333997e+01 6.409249999999998693e+01 7.048166666666666913e+01 1.099686650804176491e+00
6.967333333333333201e+01 6.807999999999999829e+01 6.493999999999999773e+01 6.111333333333332263e+01 6.223666666666667169e+01 6.512666666666667936e+01 6.779000000000000625e+01 7.612666666666666515e+01 6.595166666666666799e+01 6.782000000000000739e+01 1.028328826665992901e+00
7.524666666666666970e+01 6.967333333333333201e+01 6.807999999999999829e+01 6.493999999999999773e+01 6.111333333333332263e+01 6.223666666666667169e+01 6.512666666666667936e+01 6.779000000000000625e+01 6.948499999999999943e+01 6.406666666666667709e+01 9.220215394209783089e-01
7.936333333333332973e+01 7.524666666666666970e+01 6.967333333333333201e+01 6.807999999999999829e+01 6.493999999999999773e+01 6.111333333333332263e+01 6.223666666666667169e+01 6.512666666666667936e+01 7.309083333333333599e+01 6.335416666666667140e+01 8.667867607657139262e-01
7.470666666666666345e+01 7.936333333333332973e+01 7.524666666666666970e+01 6.967333333333333201e+01 6.807999999999999829e+01 6.493999999999999773e+01 6.111333333333332263e+01 6.223666666666667169e+01 7.474750000000000227e+01 6.409249999999998693e+01 8.574534265360043150e-01
6.914999999999999147e+01 7.470666666666666345e+01 7.936333333333332973e+01 7.524666666666666970e+01 6.967333333333333201e+01 6.807999999999999829e+01 6.493999999999999773e+01 6.111333333333332263e+01 7.461666666666666003e+01 6.595166666666666799e+01 8.838731293276749224e-01
6.507999999999999829e+01 6.914999999999999147e+01 7.470666666666666345e+01 7.936333333333332973e+01 7.524666666666666970e+01 6.967333333333333201e+01 6.807999999999999829e+01 6.493999999999999773e+01 7.207500000000000284e+01 6.948499999999999943e+01 9.640652098508497581e-01
6.448333333333333428e+01 6.507999999999999829e+01 6.914999999999999147e+01 7.470666666666666345e+01 7.936333333333332973e+01 7.524666666666666970e+01 6.967333333333333201e+01 6.807999999999999829e+01 6.835499999999998977e+01 7.309083333333333599e+01 1.069282910296735389e+00
6.634666666666664980e+01 6.448333333333333428e+01 6.507999999999999829e+01 6.914999999999999147e+01 7.470666666666666345e+01 7.936333333333332973e+01 7.524666666666666970e+01 6.967333333333333201e+01 6.626499999999998636e+01 7.474750000000000227e+01 1.128008752735230047e+00
6.781666666666667709e+01 6.634666666666664980e+01 6.448333333333333428e+01 6.507999999999999829e+01 6.914999999999999147e+01 7.470666666666666345e+01 7.936333333333332973e+01 7.524666666666666970e+01 6.593166666666665776e+01 7.461666666666666003e+01 1.131727293409843682e+00
6.773333333333333428e+01 6.781666666666667709e+01 6.634666666666664980e+01 6.448333333333333428e+01 6.507999999999999829e+01 6.914999999999999147e+01 7.470666666666666345e+01 7.936333333333332973e+01 6.659499999999999886e+01 7.207500000000000284e+01 1.082288460094601668e+00
6.403666666666667595e+01 6.773333333333333428e+01 6.781666666666667709e+01 6.634666666666664980e+01 6.448333333333333428e+01 6.507999999999999829e+01 6.914999999999999147e+01 7.470666666666666345e+01 6.648333333333333428e+01 6.835499999999998977e+01 1.028152419152669639e+00
6.339999999999999858e+01 6.403666666666667595e+01 6.773333333333333428e+01 6.781666666666667709e+01 6.634666666666664980e+01 6.448333333333333428e+01 6.507999999999999829e+01 6.914999999999999147e+01 6.574666666666666970e+01 6.626499999999998636e+01 1.007883796390184328e+00
6.948999999999999488e+01 6.339999999999999858e+01 6.403666666666667595e+01 6.773333333333333428e+01 6.781666666666667709e+01 6.634666666666664980e+01 6.448333333333333428e+01 6.507999999999999829e+01 6.616500000000000625e+01 6.593166666666665776e+01 9.964734628076271639e-01
7.142333333333333201e+01 6.948999999999999488e+01 6.339999999999999858e+01 6.403666666666667595e+01 6.773333333333333428e+01 6.781666666666667709e+01 6.634666666666664980e+01 6.448333333333333428e+01 6.708750000000000568e+01 6.659499999999999886e+01 9.926588410657721795e-01
7.109666666666667822e+01 7.142333333333333201e+01 6.948999999999999488e+01 6.339999999999999858e+01 6.403666666666667595e+01 6.773333333333333428e+01 6.781666666666667709e+01 6.634666666666664980e+01 6.885249999999999204e+01 6.648333333333333428e+01 9.655906950849038051e-01
6.847333333333332916e+01 7.109666666666667822e+01 7.142333333333333201e+01 6.948999999999999488e+01 6.339999999999999858e+01 6.403666666666667595e+01 6.773333333333333428e+01 6.781666666666667709e+01 7.012083333333333712e+01 6.574666666666666970e+01 9.376195852397646302e-01
6.110666666666666202e+01 6.847333333333332916e+01 7.109666666666667822e+01 7.142333333333333201e+01 6.948999999999999488e+01 6.339999999999999858e+01 6.403666666666667595e+01 6.773333333333333428e+01 6.802500000000000568e+01 6.616500000000000625e+01 9.726571113561190973e-01
6.120666666666667055e+01 6.110666666666666202e+01 6.847333333333332916e+01 7.109666666666667822e+01 7.142333333333333201e+01 6.948999999999999488e+01 6.339999999999999858e+01 6.403666666666667595e+01 6.547083333333333144e+01 6.708750000000000568e+01 1.024692929421498144e+00
6.198666666666665748e+01 6.120666666666667055e+01 6.110666666666666202e+01 6.847333333333332916e+01 7.109666666666667822e+01 7.142333333333333201e+01 6.948999999999999488e+01 6.339999999999999858e+01 6.319333333333332803e+01 6.885249999999999204e+01 1.089553222913809405e+00
5.765333333333332888e+01 6.198666666666665748e+01 6.120666666666667055e+01 6.110666666666666202e+01 6.847333333333332916e+01 7.109666666666667822e+01 7.142333333333333201e+01 6.948999999999999488e+01 6.048833333333332973e+01 7.012083333333333712e+01 1.159245584547984542e+00
5.307666666666666089e+01 5.765333333333332888e+01 6.198666666666665748e+01 6.120666666666667055e+01 6.110666666666666202e+01 6.847333333333332916e+01 7.109666666666667822e+01 7.142333333333333201e+01 5.848083333333332945e+01 6.802500000000000568e+01 1.163201618763982648e+00
4.833999999999999631e+01 5.307666666666666089e+01 5.765333333333332888e+01 6.198666666666665748e+01 6.120666666666667055e+01 6.110666666666666202e+01 6.847333333333332916e+01 7.109666666666667822e+01 5.526416666666666089e+01 6.547083333333333144e+01 1.184688692190539516e+00
4.959000000000000341e+01 4.833999999999999631e+01 5.307666666666666089e+01 5.765333333333332888e+01 6.198666666666665748e+01 6.120666666666667055e+01 6.110666666666666202e+01 6.847333333333332916e+01 5.216499999999999915e+01 6.319333333333332803e+01 1.211412505191859168e+00
4.689999999999999858e+01 4.959000000000000341e+01 4.833999999999999631e+01 5.307666666666666089e+01 5.765333333333332888e+01 6.198666666666665748e+01 6.120666666666667055e+01 6.110666666666666202e+01 4.947666666666666657e+01 6.048833333333332973e+01 1.222562824226908207e+00
4.550666666666666771e+01 4.689999999999999858e+01 4.959000000000000341e+01 4.833999999999999631e+01 5.307666666666666089e+01 5.765333333333332888e+01 6.198666666666665748e+01 6.120666666666667055e+01 4.758416666666666828e+01 5.848083333333332945e+01 1.228997740845168885e+00
4.742999999999999972e+01 4.550666666666666771e+01 4.689999999999999858e+01 4.959000000000000341e+01 4.833999999999999631e+01 5.307666666666666089e+01 5.765333333333332888e+01 6.198666666666665748e+01 4.735666666666666913e+01 5.526416666666666089e+01 1.166977546280002720e+00
4.905333333333333456e+01 4.742999999999999972e+01 4.550666666666666771e+01 4.689999999999999858e+01 4.959000000000000341e+01 4.833999999999999631e+01 5.307666666666666089e+01 5.765333333333332888e+01 4.722250000000000369e+01 5.216499999999999915e+01 1.104664090211233907e+00
4.882333333333333059e+01 4.905333333333333456e+01 4.742999999999999972e+01 4.550666666666666771e+01 4.689999999999999858e+01 4.959000000000000341e+01 4.833999999999999631e+01 5.307666666666666089e+01 4.770333333333333314e+01 4.947666666666666657e+01 1.037174201663056294e+00
4.796333333333333115e+01 4.882333333333333059e+01 4.905333333333333456e+01 4.742999999999999972e+01 4.550666666666666771e+01 4.689999999999999858e+01 4.959000000000000341e+01 4.833999999999999631e+01 4.831750000000000256e+01 4.758416666666666828e+01 9.848226143046859837e-01
4.914999999999999858e+01 4.796333333333333115e+01 4.882333333333333059e+01 4.905333333333333456e+01 4.742999999999999972e+01 4.550666666666666771e+01 4.689999999999999858e+01 4.959000000000000341e+01 4.874750000000000227e+01 4.735666666666666913e+01 9.714686223225122985e-01
5.046999999999999886e+01 4.914999999999999858e+01 4.796333333333333115e+01 4.882333333333333059e+01 4.905333333333333456e+01 4.742999999999999972e+01 4.550666666666666771e+01 4.689999999999999858e+01 4.910166666666666657e+01 4.722250000000000369e+01 9.617290655442789493e-01
5.071999999999999886e+01 5.046999999999999886e+01 4.914999999999999858e+01 4.796333333333333115e+01 4.882333333333333059e+01 4.905333333333333456e+01 4.742999999999999972e+01 4.550666666666666771e+01 4.957583333333333542e+01 4.770333333333333314e+01 9.622295809450168713e-01
4.421666666666666856e+01 5.071999999999999886e+01 5.046999999999999886e+01 4.914999999999999858e+01 4.796333333333333115e+01 4.882333333333333059e+01 4.905333333333333456e+01 4.742999999999999972e+01 4.863916666666666799e+01 4.831750000000000256e+01 9.933866739767334142e-01
4.017999999999999972e+01 4.421666666666666856e+01 5.071999999999999886e+01 5.046999999999999886e+01 4.914999999999999858e+01 4.796333333333333115e+01 4.882333333333333059e+01 4.905333333333333456e+01 4.639666666666666828e+01 4.874750000000000227e+01 1.050668151447661458e+00
3.809666666666666401e+01 4.017999999999999972e+01 4.421666666666666856e+01 5.071999999999999886e+01 5.046999999999999886e+01 4.914999999999999858e+01 4.796333333333333115e+01 4.882333333333333059e+01 4.330333333333333456e+01 4.910166666666666657e+01 1.133900392579478167e+00
3.908999999999999631e+01 3.809666666666666401e+01 4.017999999999999972e+01 4.421666666666666856e+01 5.071999999999999886e+01 5.046999999999999886e+01 4.914999999999999858e+01 4.796333333333333115e+01 4.039583333333333570e+01 4.957583333333333542e+01 1.227251160391954699e+00
