5.160999999999999943e+01 -1.000000000000000000e+09 6.456999999999999318e+01 -1.000000000000000000e+09 5.939999999999999858e+01 -1.000000000000000000e+09 6.060999999999999943e+01 -1.000000000000000000e+09 5.808999999999999631e+01 6.000499999999999545e+01 1.032966087106214514e+00
-1.000000000000000000e+09 5.160999999999999943e+01 -1.000000000000000000e+09 6.456999999999999318e+01 -1.000000000000000000e+09 5.939999999999999858e+01 -1.000000000000000000e+09 6.060999999999999943e+01 5.808999999999999631e+01 6.000499999999999545e+01 1.032966087106214514e+00
5.146000000000000085e+01 -1.000000000000000000e+09 5.160999999999999943e+01 -1.000000000000000000e+09 6.456999999999999318e+01 -1.000000000000000000e+09 5.939999999999999858e+01 -1.000000000000000000e+09 5.153499999999999659e+01 6.198499999999999943e+01 1.202774813233724815e+00
-1.000000000000000000e+09 5.146000000000000085e+01 -1.000000000000000000e+09 5.160999999999999943e+01 -1.000000000000000000e+09 6.456999999999999318e+01 -1.000000000000000000e+09 5.939999999999999858e+01 5.153499999999999659e+01 6.198499999999999943e+01 1.202774813233724815e+00
5.507999999999999829e+01 -1.000000000000000000e+09 5.146000000000000085e+01 -1.000000000000000000e+09 5.160999999999999943e+01 -1.000000000000000000e+09 6.456999999999999318e+01 -1.000000000000000000e+09 5.326999999999999602e+01 5.808999999999999631e+01 1.090482447906889529e+00
-1.000000000000000000e+09 5.507999999999999829e+01 -1.000000000000000000e+09 5.146000000000000085e+01 -1.000000000000000000e+09 5.160999999999999943e+01 -1.000000000000000000e+09 6.456999999999999318e+01 5.326999999999999602e+01 5.808999999999999631e+01 1.090482447906889529e+00
5.714000000000000057e+01 -1.000000000000000000e+09 5.507999999999999829e+01 -1.000000000000000000e+09 5.146000000000000085e+01 -1.000000000000000000e+09 5.160999999999999943e+01 -1.000000000000000000e+09 5.610999999999999943e+01 5.153499999999999659e+01 9.184637319550881251e-01
-1.000000000000000000e+09 5.714000000000000057e+01 -1.000000000000000000e+09 5.507999999999999829e+01 -1.000000000000000000e+09 5.146000000000000085e+01 -1.000000000000000000e+09 5.160999999999999943e+01 5.610999999999999943e+01 5.153499999999999659e+01 9.184637319550881251e-01
5.500000000000000000e+01 -1.000000000000000000e+09 5.714000000000000057e+01 -1.000000000000000000e+09 5.507999999999999829e+01 -1.000000000000000000e+09 5.146000000000000085e+01 -1.000000000000000000e+09 5.607000000000000028e+01 5.326999999999999602e+01 9.500624219725342101e-01
-1.000000000000000000e+09 5.500000000000000000e+01 -1.000000000000000000e+09 5.714000000000000057e+01 -1.000000000000000000e+09 5.507999999999999829e+01 -1.000000000000000000e+09 5.146000000000000085e+01 5.607000000000000028e+01 5.326999999999999602e+01 9.500624219725342101e-01
5.797999999999999687e+01 -1.000000000000000000e+09 5.500000000000000000e+01 -1.000000000000000000e+09 5.714000000000000057e+01 -1.000000000000000000e+09 5.507999999999999829e+01 -1.000000000000000000e+09 5.648999999999999488e+01 5.610999999999999943e+01 9.932731456895026456e-01
-1.000000000000000000e+09 5.797999999999999687e+01 -1.000000000000000000e+09 5.500000000000000000e+01 -1.000000000000000000e+09 5.714000000000000057e+01 -1.000000000000000000e+09 5.507999999999999829e+01 5.648999999999999488e+01 5.610999999999999943e+01 9.932731456895026456e-01
6.551999999999999602e+01 -1.000000000000000000e+09 5.797999999999999687e+01 -1.000000000000000000e+09 5.500000000000000000e+01 -1.000000000000000000e+09 5.714000000000000057e+01 -1.000000000000000000e+09 6.175000000000000000e+01 5.607000000000000028e+01 9.080161943319837725e-01
-1.000000000000000000e+09 6.551999999999999602e+01 -1.000000000000000000e+09 5.797999999999999687e+01 -1.000000000000000000e+09 5.500000000000000000e+01 -1.000000000000000000e+09 5.714000000000000057e+01 6.175000000000000000e+01 5.607000000000000028e+01 9.080161943319837725e-01
6.470999999999999375e+01 -1.000000000000000000e+09 6.551999999999999602e+01 -1.000000000000000000e+09 5.797999999999999687e+01 -1.000000000000000000e+09 5.500000000000000000e+01 -1.000000000000000000e+09 6.511499999999999488e+01 5.648999999999999488e+01 8.675420410043768182e-01
-1.000000000000000000e+09 6.470999999999999375e+01 -1.000000000000000000e+09 6.551999999999999602e+01 -1.000000000000000000e+09 5.797999999999999687e+01 -1.000000000000000000e+09 5.500000000000000000e+01 6.511499999999999488e+01 5.648999999999999488e+01 8.675420410043768182e-01
7.065000000000000568e+01 -1.000000000000000000e+09 6.470999999999999375e+01 -1.000000000000000000e+09 6.551999999999999602e+01 -1.000000000000000000e+09 5.797999999999999687e+01 -1.000000000000000000e+09 6.768000000000000682e+01 6.175000000000000000e+01 9.123817966903072785e-01
-1.000000000000000000e+09 7.065000000000000568e+01 -1.000000000000000000e+09 6.470999999999999375e+01 -1.000000000000000000e+09 6.551999999999999602e+01 -1.000000000000000000e+09 5.797999999999999687e+01 6.768000000000000682e+01 6.175000000000000000e+01 9.123817966903072785e-01
6.049000000000000199e+01 -1.000000000000000000e+09 7.065000000000000568e+01 -1.000000000000000000e+09 6.470999999999999375e+01 -1.000000000000000000e+09 6.551999999999999602e+01 -1.000000000000000000e+09 6.557000000000000739e+01 6.511499999999999488e+01 9.930608509989322652e-01
-1.000000000000000000e+09 6.049000000000000199e+01 -1.000000000000000000e+09 7.065000000000000568e+01 -1.000000000000000000e+09 6.470999999999999375e+01 -1.000000000000000000e+09 6.551999999999999602e+01 6.557000000000000739e+01 6.511499999999999488e+01 9.930608509989322652e-01
5.861999999999999744e+01 -1.000000000000000000e+09 6.049000000000000199e+01 -1.000000000000000000e+09 7.065000000000000568e+01 -1.000000000000000000e+09 6.470999999999999375e+01 -1.000000000000000000e+09 5.955499999999999972e+01 6.768000000000000682e+01 1.136428511459995017e+00
-1.000000000000000000e+09 5.861999999999999744e+01 -1.000000000000000000e+09 6.049000000000000199e+01 -1.000000000000000000e+09 7.065000000000000568e+01 -1.000000000000000000e+09 6.470999999999999375e+01 5.955499999999999972e+01 6.768000000000000682e+01 1.136428511459995017e+00
4.954999999999999716e+01 -1.000000000000000000e+09 5.861999999999999744e+01 -1.000000000000000000e+09 6.049000000000000199e+01 -1.000000000000000000e+09 7.065000000000000568e+01 -1.000000000000000000e+09 5.408499999999999375e+01 6.557000000000000739e+01 1.212350929093094498e+00
-1.000000000000000000e+09 4.954999999999999716e+01 -1.000000000000000000e+09 5.861999999999999744e+01 -1.000000000000000000e+09 6.049000000000000199e+01 -1.000000000000000000e+09 7.065000000000000568e+01 5.408499999999999375e+01 6.557000000000000739e+01 1.212350929093094498e+00
3.561999999999999744e+01 -1.000000000000000000e+09 4.954999999999999716e+01 -1.000000000000000000e+09 5.861999999999999744e+01 -1.000000000000000000e+09 6.049000000000000199e+01 -1.000000000000000000e+09 4.258499999999999375e+01 5.955499999999999972e+01 1.398497123400258557e+00
-1.000000000000000000e+09 3.561999999999999744e+01 -1.000000000000000000e+09 4.954999999999999716e+01 -1.000000000000000000e+09 5.861999999999999744e+01 -1.000000000000000000e+09 6.049000000000000199e+01 4.258499999999999375e+01 5.955499999999999972e+01 1.398497123400258557e+00
4.596999999999999886e+01 -1.000000000000000000e+09 3.561999999999999744e+01 -1.000000000000000000e+09 4.954999999999999716e+01 -1.000000000000000000e+09 5.861999999999999744e+01 -1.000000000000000000e+09 4.079500000000000171e+01 5.408499999999999375e+01 1.325775217551170337e+00
-1.000000000000000000e+09 4.596999999999999886e+01 -1.000000000000000000e+09 3.561999999999999744e+01 -1.000000000000000000e+09 4.954999999999999716e+01 -1.000000000000000000e+09 5.861999999999999744e+01 4.079500000000000171e+01 5.408499999999999375e+01 1.325775217551170337e+00
5.096000000000000085e+01 -1.000000000000000000e+09 4.596999999999999886e+01 -1.000000000000000000e+09 3.561999999999999744e+01 -1.000000000000000000e+09 4.954999999999999716e+01 -1.000000000000000000e+09 4.846500000000000341e+01 4.258499999999999375e+01 8.786753327143297376e-01
-1.000000000000000000e+09 5.096000000000000085e+01 -1.000000000000000000e+09 4.596999999999999886e+01 -1.000000000000000000e+09 3.561999999999999744e+01 -1.000000000000000000e+09 4.954999999999999716e+01 4.846500000000000341e+01 4.258499999999999375e+01 8.786753327143297376e-01
3.303999999999999915e+01 -1.000000000000000000e+09 5.096000000000000085e+01 -1.000000000000000000e+09 4.596999999999999886e+01 -1.000000000000000000e+09 3.561999999999999744e+01 -1.000000000000000000e+09 4.200000000000000000e+01 4.079500000000000171e+01 9.713095238095238448e-01
-1.000000000000000000e+09 3.303999999999999915e+01 -1.000000000000000000e+09 5.096000000000000085e+01 -1.000000000000000000e+09 4.596999999999999886e+01 -1.000000000000000000e+09 3.561999999999999744e+01 4.200000000000000000e+01 4.079500000000000171e+01 9.713095238095238448e-01
2.878999999999999915e+01 -1.000000000000000000e+09 3.303999999999999915e+01 -1.000000000000000000e+09 5.096000000000000085e+01 -1.000000000000000000e+09 4.596999999999999886e+01 -1.000000000000000000e+09 3.091499999999999915e+01 4.846500000000000341e+01 1.567685589519650868e+00
-1.000000000000000000e+09 2.878999999999999915e+01 -1.000000000000000000e+09 3.303999999999999915e+01 -1.000000000000000000e+09 5.096000000000000085e+01 -1.000000000000000000e+09 4.596999999999999886e+01 3.091499999999999915e+01 4.846500000000000341e+01 1.567685589519650868e+00
3.103000000000000114e+01 -1.000000000000000000e+09 2.878999999999999915e+01 -1.000000000000000000e+09 3.303999999999999915e+01 -1.000000000000000000e+09 5.096000000000000085e+01 -1.000000000000000000e+09 2.991000000000000014e+01 4.200000000000000000e+01 1.404212637913741180e+00
-1.000000000000000000e+09 3.103000000000000114e+01 -1.000000000000000000e+09 2.878999999999999915e+01 -1.000000000000000000e+09 3.303999999999999915e+01 -1.000000000000000000e+09 5.096000000000000085e+01 2.991000000000000014e+01 4.200000000000000000e+01 1.404212637913741180e+00
5.357000000000000028e+01 -1.000000000000000000e+09 3.103000000000000114e+01 -1.000000000000000000e+09 2.878999999999999915e+01 -1.000000000000000000e+09 3.303999999999999915e+01 -1.000000000000000000e+09 4.229999999999999716e+01 3.091499999999999915e+01 7.308510638297872619e-01
-1.000000000000000000e+09 5.357000000000000028e+01 -1.000000000000000000e+09 3.103000000000000114e+01 -1.000000000000000000e+09 2.878999999999999915e+01 -1.000000000000000000e+09 3.303999999999999915e+01 4.229999999999999716e+01 3.091499999999999915e+01 7.308510638297872619e-01
5.892999999999999972e+01 -1.000000000000000000e+09 5.357000000000000028e+01 -1.000000000000000000e+09 3.103000000000000114e+01 -1.000000000000000000e+09 2.878999999999999915e+01 -1.000000000000000000e+09 5.625000000000000000e+01 2.991000000000000014e+01 5.317333333333333911e-01
5.867333333333332490e+01 5.892999999999999972e+01 -1.000000000000000000e+09 5.357000000000000028e+01 -1.000000000000000000e+09 3.103000000000000114e+01 -1.000000000000000000e+09 2.878999999999999915e+01 5.705777777777777260e+01 2.991000000000000014e+01 5.242054837202057005e-01
5.517999999999999972e+01 5.867333333333332490e+01 5.892999999999999972e+01 -1.000000000000000000e+09 5.357000000000000028e+01 -1.000000000000000000e+09 3.103000000000000114e+01 -1.000000000000000000e+09 5.759444444444444144e+01 4.229999999999999716e+01 7.344458377544130778e-01
4.840333333333333599e+01 5.517999999999999972e+01 5.867333333333332490e+01 5.892999999999999972e+01 -1.000000000000000000e+09 5.357000000000000028e+01 -1.000000000000000000e+09 3.103000000000000114e+01 5.529666666666666686e+01 4.229999999999999716e+01 7.649647356682137689e-01
4.992333333333332490e+01 4.840333333333333599e+01 5.517999999999999972e+01 5.867333333333332490e+01 5.892999999999999972e+01 -1.000000000000000000e+09 5.357000000000000028e+01 -1.000000000000000000e+09 5.304499999999999460e+01 5.625000000000000000e+01 1.060420397775473811e+00
5.757333333333333059e+01 4.992333333333332490e+01 4.840333333333333599e+01 5.517999999999999972e+01 5.867333333333332490e+01 5.892999999999999972e+01 -1.000000000000000000e+09 5.357000000000000028e+01 5.276999999999999602e+01 5.705777777777777260e+01 1.081254079548565006e+00
6.314666666666666828e+01 5.757333333333333059e+01 4.992333333333332490e+01 4.840333333333333599e+01 5.517999999999999972e+01 5.867333333333332490e+01 5.892999999999999972e+01 -1.000000000000000000e+09 5.476166666666666316e+01 5.759444444444444144e+01 1.051729210416856963e+00
6.897333333333334338e+01 6.314666666666666828e+01 5.757333333333333059e+01 4.992333333333332490e+01 4.840333333333333599e+01 5.517999999999999972e+01 5.867333333333332490e+01 5.892999999999999972e+01 5.990416666666666146e+01 5.529666666666666686e+01 9.230854837587815220e-01
7.448999999999999488e+01 6.897333333333334338e+01 6.314666666666666828e+01 5.757333333333333059e+01 4.992333333333332490e+01 4.840333333333333599e+01 5.517999999999999972e+01 5.867333333333332490e+01 6.604583333333333428e+01 5.304499999999999460e+01 8.031543751182890212e-01
7.648000000000000398e+01 7.448999999999999488e+01 6.897333333333334338e+01 6.314666666666666828e+01 5.757333333333333059e+01 4.992333333333332490e+01 4.840333333333333599e+01 5.517999999999999972e+01 7.077249999999999375e+01 5.276999999999999602e+01 7.456285986788654396e-01
7.917666666666666231e+01 7.648000000000000398e+01 7.448999999999999488e+01 6.897333333333334338e+01 6.314666666666666828e+01 5.757333333333333059e+01 4.992333333333332490e+01 4.840333333333333599e+01 7.478000000000000114e+01 5.476166666666666316e+01 7.323036462512257927e-01
7.497000000000001307e+01 7.917666666666666231e+01 7.648000000000000398e+01 7.448999999999999488e+01 6.897333333333334338e+01 6.314666666666666828e+01 5.757333333333333059e+01 4.992333333333332490e+01 7.627916666666666856e+01 5.990416666666666146e+01 7.853280166056698652e-01
6.940666666666668050e+01 7.497000000000001307e+01 7.917666666666666231e+01 7.648000000000000398e+01 7.448999999999999488e+01 6.897333333333334338e+01 6.314666666666666828e+01 5.757333333333333059e+01 7.500833333333333997e+01 6.604583333333333428e+01 8.805132763026329856e-01
6.706666666666667709e+01 6.940666666666668050e+01 7.497000000000001307e+01 7.917666666666666231e+01 7.648000000000000398e+01 7.448999999999999488e+01 6.897333333333334338e+01 6.314666666666666828e+01 7.265500000000001535e+01 7.077249999999999375e+01 9.740898768150847431e-01
6.859333333333333371e+01 6.706666666666667709e+01 6.940666666666668050e+01 7.497000000000001307e+01 7.917666666666666231e+01 7.648000000000000398e+01 7.448999999999999488e+01 6.897333333333334338e+01 7.000916666666668675e+01 7.478000000000000114e+01 1.068145838045017726e+00
7.483666666666665890e+01 6.859333333333333371e+01 6.706666666666667709e+01 6.940666666666668050e+01 7.497000000000001307e+01 7.917666666666666231e+01 7.648000000000000398e+01 7.448999999999999488e+01 6.997583333333334110e+01 7.627916666666666856e+01 1.090078717652522844e+00
7.457999999999999829e+01 7.483666666666665890e+01 6.859333333333333371e+01 6.706666666666667709e+01 6.940666666666668050e+01 7.497000000000001307e+01 7.917666666666666231e+01 7.648000000000000398e+01 7.126916666666666345e+01 7.500833333333333997e+01 1.052465418659308094e+00
7.420666666666666345e+01 7.457999999999999829e+01 7.483666666666665890e+01 6.859333333333333371e+01 6.706666666666667709e+01 6.940666666666668050e+01 7.497000000000001307e+01 7.917666666666666231e+01 7.305416666666667425e+01 7.265500000000001535e+01 9.945360177950152147e-01
7.598333333333333428e+01 7.420666666666666345e+01 7.457999999999999829e+01 7.483666666666665890e+01 6.859333333333333371e+01 6.706666666666667709e+01 6.940666666666668050e+01 7.497000000000001307e+01 7.490166666666665662e+01 7.000916666666668675e+01 9.346810262343966391e-01
8.208666666666665890e+01 7.598333333333333428e+01 7.420666666666666345e+01 7.457999999999999829e+01 7.483666666666665890e+01 6.859333333333333371e+01 6.706666666666667709e+01 6.940666666666668050e+01 7.671416666666665662e+01 6.997583333333334110e+01 9.121631163301000544e-01
8.804000000000000625e+01 8.208666666666665890e+01 7.598333333333333428e+01 7.420666666666666345e+01 7.457999999999999829e+01 7.483666666666665890e+01 6.859333333333333371e+01 6.706666666666667709e+01 8.007916666666666572e+01 7.126916666666666345e+01 8.899838701285186504e-01
7.995333333333333314e+01 8.804000000000000625e+01 8.208666666666665890e+01 7.598333333333333428e+01 7.420666666666666345e+01 7.457999999999999829e+01 7.483666666666665890e+01 6.859333333333333371e+01 8.151583333333333314e+01 7.305416666666667425e+01 8.961960355350188090e-01
7.667333333333333201e+01 7.995333333333333314e+01 8.804000000000000625e+01 8.208666666666665890e+01 7.598333333333333428e+01 7.420666666666666345e+01 7.457999999999999829e+01 7.483666666666665890e+01 8.168833333333333258e+01 7.490166666666665662e+01 9.169200008161099147e-01
7.985000000000000853e+01 7.667333333333333201e+01 7.995333333333333314e+01 8.804000000000000625e+01 8.208666666666665890e+01 7.598333333333333428e+01 7.420666666666666345e+01 7.457999999999999829e+01 8.112916666666667709e+01 7.671416666666665662e+01 9.455806070566481480e-01
7.543999999999999773e+01 7.985000000000000853e+01 7.667333333333333201e+01 7.995333333333333314e+01 8.804000000000000625e+01 8.208666666666665890e+01 7.598333333333333428e+01 7.420666666666666345e+01 7.797916666666667140e+01 8.007916666666666572e+01 1.026930269837029064e+00
7.330333333333334167e+01 7.543999999999999773e+01 7.985000000000000853e+01 7.667333333333333201e+01 7.995333333333333314e+01 8.804000000000000625e+01 8.208666666666665890e+01 7.598333333333333428e+01 7.631666666666667709e+01 8.151583333333333314e+01 1.068126228434155722e+00
7.466666666666667140e+01 7.330333333333334167e+01 7.543999999999999773e+01 7.985000000000000853e+01 7.667333333333333201e+01 7.995333333333333314e+01 8.804000000000000625e+01 8.208666666666665890e+01 7.581500000000001194e+01 8.168833333333333258e+01 1.077469278287058296e+00
7.587333333333333485e+01 7.466666666666667140e+01 7.330333333333334167e+01 7.543999999999999773e+01 7.985000000000000853e+01 7.667333333333333201e+01 7.995333333333333314e+01 8.804000000000000625e+01 7.482083333333333997e+01 8.112916666666667709e+01 1.084312524363757912e+00
7.706333333333333258e+01 7.587333333333333485e+01 7.466666666666667140e+01 7.330333333333334167e+01 7.543999999999999773e+01 7.985000000000000853e+01 7.667333333333333201e+01 7.995333333333333314e+01 7.522666666666667368e+01 7.797916666666667140e+01 1.036589418645870175e+00
7.773333333333333428e+01 7.706333333333333258e+01 7.587333333333333485e+01 7.466666666666667140e+01 7.330333333333334167e+01 7.543999999999999773e+01 7.985000000000000853e+01 7.667333333333333201e+01 7.633416666666667538e+01 7.631666666666667709e+01 9.997707448608640357e-01
7.957000000000000739e+01 7.773333333333333428e+01 7.706333333333333258e+01 7.587333333333333485e+01 7.466666666666667140e+01 7.330333333333334167e+01 7.543999999999999773e+01 7.985000000000000853e+01 7.756000000000000227e+01 7.581500000000001194e+01 9.775012893243941736e-01
8.153333333333334565e+01 7.957000000000000739e+01 7.773333333333333428e+01 7.706333333333333258e+01 7.587333333333333485e+01 7.466666666666667140e+01 7.330333333333334167e+01 7.543999999999999773e+01 7.897500000000000853e+01 7.482083333333333997e+01 9.473989659174844036e-01
8.137666666666666515e+01 8.153333333333334565e+01 7.957000000000000739e+01 7.773333333333333428e+01 7.706333333333333258e+01 7.587333333333333485e+01 7.466666666666667140e+01 7.330333333333334167e+01 8.005333333333334167e+01 7.522666666666667368e+01 9.397068620919386550e-01
7.678666666666667595e+01 8.137666666666666515e+01 8.153333333333334565e+01 7.957000000000000739e+01 7.773333333333333428e+01 7.706333333333333258e+01 7.587333333333333485e+01 7.466666666666667140e+01 7.981666666666667709e+01 7.633416666666667538e+01 9.563687617456670953e-01
7.254000000000000625e+01 7.678666666666667595e+01 8.137666666666666515e+01 8.153333333333334565e+01 7.957000000000000739e+01 7.773333333333333428e+01 7.706333333333333258e+01 7.587333333333333485e+01 7.805916666666666970e+01 7.756000000000000227e+01 9.936052780476347657e-01
6.567333333333333201e+01 7.254000000000000625e+01 7.678666666666667595e+01 8.137666666666666515e+01 8.153333333333334565e+01 7.957000000000000739e+01 7.773333333333333428e+01 7.706333333333333258e+01 7.409416666666666629e+01 7.897500000000000853e+01 1.065873381845174661e+00
6.074333333333333229e+01 6.567333333333333201e+01 7.254000000000000625e+01 7.678666666666667595e+01 8.137666666666666515e+01 8.153333333333334565e+01 7.957000000000000739e+01 7.773333333333333428e+01 6.893583333333333485e+01 8.005333333333334167e+01 1.161273164657955048e+00
6.651333333333333542e+01 6.074333333333333229e+01 6.567333333333333201e+01 7.254000000000000625e+01 7.678666666666667595e+01 8.137666666666666515e+01 8.153333333333334565e+01 7.957000000000000739e+01 6.636750000000000682e+01 7.981666666666667709e+01 1.202646877864416597e+00
7.307999999999999829e+01 6.651333333333333542e+01 6.074333333333333229e+01 6.567333333333333201e+01 7.254000000000000625e+01 7.678666666666667595e+01 8.137666666666666515e+01 8.153333333333334565e+01 6.650249999999999773e+01 7.805916666666666970e+01 1.173777928148064698e+00
7.422333333333334338e+01 7.307999999999999829e+01 6.651333333333333542e+01 6.074333333333333229e+01 6.567333333333333201e+01 7.254000000000000625e+01 7.678666666666667595e+01 8.137666666666666515e+01 6.864000000000000057e+01 7.409416666666666629e+01 1.079460470085469970e+00
7.282333333333333769e+01 7.422333333333334338e+01 7.307999999999999829e+01 6.651333333333333542e+01 6.074333333333333229e+01 6.567333333333333201e+01 7.254000000000000625e+01 7.678666666666667595e+01 7.165999999999999659e+01 6.893583333333333485e+01 9.619848357986789944e-01
7.451000000000000512e+01 7.282333333333333769e+01 7.422333333333334338e+01 7.307999999999999829e+01 6.651333333333333542e+01 6.074333333333333229e+01 6.567333333333333201e+01 7.254000000000000625e+01 7.365916666666666401e+01 6.636750000000000682e+01 9.010080211786268833e-01
8.062666666666666515e+01 7.451000000000000512e+01 7.282333333333333769e+01 7.422333333333334338e+01 7.307999999999999829e+01 6.651333333333333542e+01 6.074333333333333229e+01 6.567333333333333201e+01 7.554583333333333428e+01 6.650249999999999773e+01 8.802934201092051936e-01
8.156666666666667709e+01 8.062666666666666515e+01 7.451000000000000512e+01 7.282333333333333769e+01 7.422333333333334338e+01 7.307999999999999829e+01 6.651333333333333542e+01 6.074333333333333229e+01 7.738166666666666060e+01 6.864000000000000057e+01 8.870318120140430196e-01
8.100666666666666060e+01 8.156666666666667709e+01 8.062666666666666515e+01 7.451000000000000512e+01 7.282333333333333769e+01 7.422333333333334338e+01 7.307999999999999829e+01 6.651333333333333542e+01 7.942749999999999488e+01 7.165999999999999659e+01 9.022064146548739449e-01
7.838666666666667027e+01 8.100666666666666060e+01 8.156666666666667709e+01 8.062666666666666515e+01 7.451000000000000512e+01 7.282333333333333769e+01 7.422333333333334338e+01 7.307999999999999829e+01 8.039666666666666117e+01 7.365916666666666401e+01 9.161967743272938502e-01
7.221333333333333826e+01 7.838666666666667027e+01 8.100666666666666060e+01 8.156666666666667709e+01 8.062666666666666515e+01 7.451000000000000512e+01 7.282333333333333769e+01 7.422333333333334338e+01 7.829333333333333655e+01 7.554583333333333428e+01 9.649076123978201913e-01
6.765666666666666629e+01 7.221333333333333826e+01 7.838666666666667027e+01 8.100666666666666060e+01 8.156666666666667709e+01 8.062666666666666515e+01 7.451000000000000512e+01 7.282333333333333769e+01 7.481583333333333030e+01 7.738166666666666060e+01 1.034295325187404524e+00
6.463666666666667027e+01 6.765666666666666629e+01 7.221333333333333826e+01 7.838666666666667027e+01 8.100666666666666060e+01 8.156666666666667709e+01 8.062666666666666515e+01 7.451000000000000512e+01 7.072333333333334338e+01 7.942749999999999488e+01 1.123073478814158310e+00
6.803666666666667595e+01 6.463666666666667027e+01 6.765666666666666629e+01 7.221333333333333826e+01 7.838666666666667027e+01 8.100666666666666060e+01 8.156666666666667709e+01 8.062666666666666515e+01 6.813583333333333769e+01 8.039666666666666117e+01 1.179946919755879620e+00
6.873000000000000398e+01 6.803666666666667595e+01 6.463666666666667027e+01 6.765666666666666629e+01 7.221333333333333826e+01 7.838666666666667027e+01 8.100666666666666060e+01 8.156666666666667709e+01 6.726500000000001478e+01 7.829333333333333655e+01 1.163953517183279773e+00
6.481666666666666288e+01 6.873000000000000398e+01 6.803666666666667595e+01 6.463666666666667027e+01 6.765666666666666629e+01 7.221333333333333826e+01 7.838666666666667027e+01 8.100666666666666060e+01 6.655500000000000682e+01 7.481583333333333030e+01 1.124120401672801695e+00
6.589666666666666117e+01 6.481666666666666288e+01 6.873000000000000398e+01 6.803666666666667595e+01 6.463666666666667027e+01 6.765666666666666629e+01 7.221333333333333826e+01 7.838666666666667027e+01 6.687000000000000455e+01 7.072333333333334338e+01 1.057624246049548855e+00
6.573666666666666458e+01 6.589666666666666117e+01 6.481666666666666288e+01 6.873000000000000398e+01 6.803666666666667595e+01 6.463666666666667027e+01 6.765666666666666629e+01 7.221333333333333826e+01 6.629500000000000171e+01 6.813583333333333769e+01 1.027767302712622843e+00
6.309666666666666401e+01 6.573666666666666458e+01 6.589666666666666117e+01 6.481666666666666288e+01 6.873000000000000398e+01 6.803666666666667595e+01 6.463666666666667027e+01 6.765666666666666629e+01 6.488666666666665606e+01 6.726500000000001478e+01 1.036653652522347091e+00
6.112999999999999545e+01 6.309666666666666401e+01 6.573666666666666458e+01 6.589666666666666117e+01 6.481666666666666288e+01 6.873000000000000398e+01 6.803666666666667595e+01 6.463666666666667027e+01 6.396499999999998920e+01 6.655500000000000682e+01 1.040490893457359789e+00
5.799000000000000199e+01 6.112999999999999545e+01 6.309666666666666401e+01 6.573666666666666458e+01 6.589666666666666117e+01 6.481666666666666288e+01 6.873000000000000398e+01 6.803666666666667595e+01 6.198833333333332973e+01 6.687000000000000455e+01 1.078751377947463341e+00
5.728666666666666885e+01 5.799000000000000199e+01 6.112999999999999545e+01 6.309666666666666401e+01 6.573666666666666458e+01 6.589666666666666117e+01 6.481666666666666288e+01 6.873000000000000398e+01 5.987583333333333258e+01 6.629500000000000171e+01 1.107207972053277034e+00
6.170666666666667055e+01 5.728666666666666885e+01 5.799000000000000199e+01 6.112999999999999545e+01 6.309666666666666401e+01 6.573666666666666458e+01 6.589666666666666117e+01 6.481666666666666288e+01 5.952833333333333599e+01 6.488666666666665606e+01 1.090013158999915799e+00
6.372333333333333627e+01 6.170666666666667055e+01 5.728666666666666885e+01 5.799000000000000199e+01 6.112999999999999545e+01 6.309666666666666401e+01 6.573666666666666458e+01 6.589666666666666117e+01 6.017666666666666941e+01 6.396499999999998920e+01 1.062953525729795290e+00
5.828333333333333144e+01 6.372333333333333627e+01 6.170666666666667055e+01 5.728666666666666885e+01 5.799000000000000199e+01 6.112999999999999545e+01 6.309666666666666401e+01 6.573666666666666458e+01 6.025000000000000000e+01 6.198833333333332973e+01 1.028852005532503444e+00
5.126333333333332831e+01 5.828333333333333144e+01 6.372333333333333627e+01 6.170666666666667055e+01 5.728666666666666885e+01 5.799000000000000199e+01 6.112999999999999545e+01 6.309666666666666401e+01 5.874416666666666487e+01 5.987583333333333258e+01 1.019264324117288290e+00
4.851666666666667282e+01 5.126333333333332831e+01 5.828333333333333144e+01 6.372333333333333627e+01 6.170666666666667055e+01 5.728666666666666885e+01 5.799000000000000199e+01 6.112999999999999545e+01 5.544666666666666544e+01 5.952833333333333599e+01 1.073614283996633390e+00
4.802666666666667084e+01 4.851666666666667282e+01 5.126333333333332831e+01 5.828333333333333144e+01 6.372333333333333627e+01 6.170666666666667055e+01 5.728666666666666885e+01 5.799000000000000199e+01 5.152250000000000085e+01 6.017666666666666941e+01 1.167968686819674362e+00
4.802333333333333343e+01 4.802666666666667084e+01 4.851666666666667282e+01 5.126333333333332831e+01 5.828333333333333144e+01 6.372333333333333627e+01 6.170666666666667055e+01 5.728666666666666885e+01 4.895750000000000313e+01 6.025000000000000000e+01 1.230659245263749035e+00
4.787666666666666515e+01 4.802333333333333343e+01 4.802666666666667084e+01 4.851666666666667282e+01 5.126333333333332831e+01 5.828333333333333144e+01 6.372333333333333627e+01 6.170666666666667055e+01 4.811083333333333911e+01 5.874416666666666487e+01 1.221017442363985683e+00
