-1.000000000000000000e+08 -1.000000000000000000e+08 -1.000000000000000000e+08 -1.000000000000000000e+08 -1.000000000000000000e+08 -1.000000000000000000e+08 -1.000000000000000000e+08 -1.000000000000000000e+08
-1.000000000000000000e+08 -1.000000000000000000e+08 -1.000000000000000000e+08 -1.000000000000000000e+08 -1.000000000000000000e+08 -1.000000000000000000e+08 -1.000000000000000000e+08 -1.000000000000000000e+08
-1.000000000000000000e+08 -1.000000000000000000e+08 -1.000000000000000000e+08 -1.000000000000000000e+08 -1.000000000000000000e+08 -1.000000000000000000e+08 -1.000000000000000000e+08 -1.000000000000000000e+08
-1.000000000000000000e+08 -1.000000000000000000e+08 -1.000000000000000000e+08 -1.000000000000000000e+08 -1.000000000000000000e+08 -1.000000000000000000e+08 -1.000000000000000000e+08 -1.000000000000000000e+08
-1.000000000000000000e+08 -1.000000000000000000e+08 -1.000000000000000000e+08 -1.000000000000000000e+08 -1.000000000000000000e+08 -1.000000000000000000e+08 -1.000000000000000000e+08 -1.000000000000000000e+08
-1.000000000000000000e+08 -1.000000000000000000e+08 -1.000000000000000000e+08 -1.000000000000000000e+08 -1.000000000000000000e+08 -1.000000000000000000e+08 -1.000000000000000000e+08 -1.000000000000000000e+08
-1.000000000000000000e+08 -1.000000000000000000e+08 -1.000000000000000000e+08 -1.000000000000000000e+08 -1.000000000000000000e+08 -1.000000000000000000e+08 -1.000000000000000000e+08 -1.000000000000000000e+08
-1.000000000000000000e+08 -1.000000000000000000e+08 -1.000000000000000000e+08 -1.000000000000000000e+08 -1.000000000000000000e+08 -1.000000000000000000e+08 -1.000000000000000000e+08 -1.000000000000000000e+08
-1.000000000000000000e+08 -1.000000000000000000e+08 -1.000000000000000000e+08 -1.000000000000000000e+08 -1.000000000000000000e+08 -1.000000000000000000e+08 -1.000000000000000000e+08 -1.000000000000000000e+08
-1.000000000000000000e+08 -1.000000000000000000e+08 -1.000000000000000000e+08 -1.000000000000000000e+08 -1.000000000000000000e+08 -1.000000000000000000e+08 -1.000000000000000000e+08 -1.000000000000000000e+08
-1.000000000000000000e+08 -1.000000000000000000e+08 -1.000000000000000000e+08 -1.000000000000000000e+08 -1.000000000000000000e+08 -1.000000000000000000e+08 -1.000000000000000000e+08 -1.000000000000000000e+08
-1.000000000000000000e+08 -1.000000000000000000e+08 -1.000000000000000000e+08 -1.000000000000000000e+08 -1.000000000000000000e+08 -1.000000000000000000e+08 -1.000000000000000000e+08 -1.000000000000000000e+08
-1.000000000000000000e+08 -1.000000000000000000e+08 -1.000000000000000000e+08 -1.000000000000000000e+08 -1.000000000000000000e+08 -1.000000000000000000e+08 -1.000000000000000000e+08 -1.000000000000000000e+08
-1.000000000000000000e+08 -1.000000000000000000e+08 -1.000000000000000000e+08 -1.000000000000000000e+08 -1.000000000000000000e+08 -1.000000000000000000e+08 -1.000000000000000000e+08 -1.000000000000000000e+08
-1.000000000000000000e+08 -1.000000000000000000e+08 -1.000000000000000000e+08 -1.000000000000000000e+08 -1.000000000000000000e+08 -1.000000000000000000e+08 -1.000000000000000000e+08 -1.000000000000000000e+08
-1.000000000000000000e+08 -1.000000000000000000e+08 -1.000000000000000000e+08 -1.000000000000000000e+08 -1.000000000000000000e+08 -1.000000000000000000e+08 -1.000000000000000000e+08 -1.000000000000000000e+08
-1.000000000000000000e+08 -1.000000000000000000e+08 -1.000000000000000000e+08 -1.000000000000000000e+08 -1.000000000000000000e+08 -1.000000000000000000e+08 -1.000000000000000000e+08 -1.000000000000000000e+08
-1.000000000000000000e+08 -1.000000000000000000e+08 -1.000000000000000000e+08 -1.000000000000000000e+08 -1.000000000000000000e+08 -1.000000000000000000e+08 -1.000000000000000000e+08 -1.000000000000000000e+08
-1.000000000000000000e+08 -1.000000000000000000e+08 -1.000000000000000000e+08 -1.000000000000000000e+08 -1.000000000000000000e+08 -1.000000000000000000e+08 -1.000000000000000000e+08 -1.000000000000000000e+08
-1.000000000000000000e+08 -1.000000000000000000e+08 -1.000000000000000000e+08 -1.000000000000000000e+08 -1.000000000000000000e+08 -1.000000000000000000e+08 -1.000000000000000000e+08 -1.000000000000000000e+08
-1.000000000000000000e+08 -1.000000000000000000e+08 -1.000000000000000000e+08 -1.000000000000000000e+08 -1.000000000000000000e+08 -1.000000000000000000e+08 -1.000000000000000000e+08 -1.000000000000000000e+08
-1.000000000000000000e+08 -1.000000000000000000e+08 -1.000000000000000000e+08 -1.000000000000000000e+08 -1.000000000000000000e+08 -1.000000000000000000e+08 -1.000000000000000000e+08 -1.000000000000000000e+08
-1.000000000000000000e+08 -1.000000000000000000e+08 -1.000000000000000000e+08 -1.000000000000000000e+08 -1.000000000000000000e+08 -1.000000000000000000e+08 -1.000000000000000000e+08 -1.000000000000000000e+08
-1.000000000000000000e+08 -1.000000000000000000e+08 -1.000000000000000000e+08 -1.000000000000000000e+08 -1.000000000000000000e+08 -1.000000000000000000e+08 -1.000000000000000000e+08 -1.000000000000000000e+08
-1.000000000000000000e+08 -1.000000000000000000e+08 -1.000000000000000000e+08 -1.000000000000000000e+08 -1.000000000000000000e+08 -1.000000000000000000e+08 -1.000000000000000000e+08 -1.000000000000000000e+08
-1.000000000000000000e+08 -1.000000000000000000e+08 -1.000000000000000000e+08 -1.000000000000000000e+08 -1.000000000000000000e+08 -1.000000000000000000e+08 -1.000000000000000000e+08 -1.000000000000000000e+08
-1.000000000000000000e+08 -1.000000000000000000e+08 -1.000000000000000000e+08 -1.000000000000000000e+08 -1.000000000000000000e+08 -1.000000000000000000e+08 -1.000000000000000000e+08 -1.000000000000000000e+08
-1.000000000000000000e+08 -1.000000000000000000e+08 -1.000000000000000000e+08 -1.000000000000000000e+08 -1.000000000000000000e+08 -1.000000000000000000e+08 -1.000000000000000000e+08 -1.000000000000000000e+08
-1.000000000000000000e+08 -1.000000000000000000e+08 -1.000000000000000000e+08 -1.000000000000000000e+08 -1.000000000000000000e+08 -1.000000000000000000e+08 -1.000000000000000000e+08 -1.000000000000000000e+08
-1.000000000000000000e+08 -1.000000000000000000e+08 -1.000000000000000000e+08 -1.000000000000000000e+08 -1.000000000000000000e+08 -1.000000000000000000e+08 -1.000000000000000000e+08 -1.000000000000000000e+08
-1.000000000000000000e+08 -1.000000000000000000e+08 -1.000000000000000000e+08 -1.000000000000000000e+08 -1.000000000000000000e+08 -1.000000000000000000e+08 -1.000000000000000000e+08 -1.000000000000000000e+08
-1.000000000000000000e+08 -1.000000000000000000e+08 -1.000000000000000000e+08 -1.000000000000000000e+08 -1.000000000000000000e+08 -1.000000000000000000e+08 -1.000000000000000000e+08 -1.000000000000000000e+08
-1.000000000000000000e+08 -1.000000000000000000e+08 -1.000000000000000000e+08 -1.000000000000000000e+08 -1.000000000000000000e+08 -1.000000000000000000e+08 -1.000000000000000000e+08 -1.000000000000000000e+08
-1.000000000000000000e+08 -1.000000000000000000e+08 -1.000000000000000000e+08 -1.000000000000000000e+08 -1.000000000000000000e+08 -1.000000000000000000e+08 -1.000000000000000000e+08 -1.000000000000000000e+08
-1.000000000000000000e+08 -1.000000000000000000e+08 -1.000000000000000000e+08 -1.000000000000000000e+08 -1.000000000000000000e+08 -1.000000000000000000e+08 -1.000000000000000000e+08 -1.000000000000000000e+08
-1.000000000000000000e+08 -1.000000000000000000e+08 -1.000000000000000000e+08 -1.000000000000000000e+08 -1.000000000000000000e+08 -1.000000000000000000e+08 -1.000000000000000000e+08 -1.000000000000000000e+08
4.736000000000000000e+03 -1.000000000000000000e+08 -1.000000000000000000e+08 -1.000000000000000000e+08 -1.000000000000000000e+08 -1.000000000000000000e+08 -1.000000000000000000e+08 -1.000000000000000000e+08
4.868666666666666970e+03 4.736000000000000000e+03 -1.000000000000000000e+08 -1.000000000000000000e+08 -1.000000000000000000e+08 -1.000000000000000000e+08 -1.000000000000000000e+08 -1.000000000000000000e+08
4.577000000000000000e+03 4.868666666666666970e+03 4.736000000000000000e+03 -1.000000000000000000e+08 -1.000000000000000000e+08 -1.000000000000000000e+08 -1.000000000000000000e+08 -1.000000000000000000e+08
4.202666666666666970e+03 4.577000000000000000e+03 4.868666666666666970e+03 4.736000000000000000e+03 -1.000000000000000000e+08 -1.000000000000000000e+08 -1.000000000000000000e+08 -1.000000000000000000e+08
3.459000000000000000e+03 4.202666666666666970e+03 4.577000000000000000e+03 4.868666666666666970e+03 4.736000000000000000e+03 -1.000000000000000000e+08 -1.000000000000000000e+08 -1.000000000000000000e+08
3.560666666666666515e+03 3.459000000000000000e+03 4.202666666666666970e+03 4.577000000000000000e+03 4.868666666666666970e+03 4.736000000000000000e+03 -1.000000000000000000e+08 -1.000000000000000000e+08
3.477666666666666515e+03 3.560666666666666515e+03 3.459000000000000000e+03 4.202666666666666970e+03 4.577000000000000000e+03 4.868666666666666970e+03 4.736000000000000000e+03 -1.000000000000000000e+08
3.403000000000000000e+03 3.477666666666666515e+03 3.560666666666666515e+03 3.459000000000000000e+03 4.202666666666666970e+03 4.577000000000000000e+03 4.868666666666666970e+03 4.736000000000000000e+03
3.297666666666666515e+03 3.403000000000000000e+03 3.477666666666666515e+03 3.560666666666666515e+03 3.459000000000000000e+03 4.202666666666666970e+03 4.577000000000000000e+03 4.868666666666666970e+03
3.419000000000000000e+03 3.297666666666666515e+03 3.403000000000000000e+03 3.477666666666666515e+03 3.560666666666666515e+03 3.459000000000000000e+03 4.202666666666666970e+03 4.577000000000000000e+03
3.302333333333333485e+03 3.419000000000000000e+03 3.297666666666666515e+03 3.403000000000000000e+03 3.477666666666666515e+03 3.560666666666666515e+03 3.459000000000000000e+03 4.202666666666666970e+03
3.209000000000000000e+03 3.302333333333333485e+03 3.419000000000000000e+03 3.297666666666666515e+03 3.403000000000000000e+03 3.477666666666666515e+03 3.560666666666666515e+03 3.459000000000000000e+03
3.192000000000000000e+03 3.209000000000000000e+03 3.302333333333333485e+03 3.419000000000000000e+03 3.297666666666666515e+03 3.403000000000000000e+03 3.477666666666666515e+03 3.560666666666666515e+03
3.413666666666666515e+03 3.192000000000000000e+03 3.209000000000000000e+03 3.302333333333333485e+03 3.419000000000000000e+03 3.297666666666666515e+03 3.403000000000000000e+03 3.477666666666666515e+03
3.571000000000000000e+03 3.413666666666666515e+03 3.192000000000000000e+03 3.209000000000000000e+03 3.302333333333333485e+03 3.419000000000000000e+03 3.297666666666666515e+03 3.403000000000000000e+03
3.765000000000000000e+03 3.571000000000000000e+03 3.413666666666666515e+03 3.192000000000000000e+03 3.209000000000000000e+03 3.302333333333333485e+03 3.419000000000000000e+03 3.297666666666666515e+03
3.560000000000000000e+03 3.765000000000000000e+03 3.571000000000000000e+03 3.413666666666666515e+03 3.192000000000000000e+03 3.209000000000000000e+03 3.302333333333333485e+03 3.419000000000000000e+03
3.782000000000000000e+03 3.560000000000000000e+03 3.765000000000000000e+03 3.571000000000000000e+03 3.413666666666666515e+03 3.192000000000000000e+03 3.209000000000000000e+03 3.302333333333333485e+03
4.049666666666666515e+03 3.782000000000000000e+03 3.560000000000000000e+03 3.765000000000000000e+03 3.571000000000000000e+03 3.413666666666666515e+03 3.192000000000000000e+03 3.209000000000000000e+03
4.209666666666666970e+03 4.049666666666666515e+03 3.782000000000000000e+03 3.560000000000000000e+03 3.765000000000000000e+03 3.571000000000000000e+03 3.413666666666666515e+03 3.192000000000000000e+03
4.187000000000000000e+03 4.209666666666666970e+03 4.049666666666666515e+03 3.782000000000000000e+03 3.560000000000000000e+03 3.765000000000000000e+03 3.571000000000000000e+03 3.413666666666666515e+03
4.340000000000000000e+03 4.187000000000000000e+03 4.209666666666666970e+03 4.049666666666666515e+03 3.782000000000000000e+03 3.560000000000000000e+03 3.765000000000000000e+03 3.571000000000000000e+03
4.472666666666666970e+03 4.340000000000000000e+03 4.187000000000000000e+03 4.209666666666666970e+03 4.049666666666666515e+03 3.782000000000000000e+03 3.560000000000000000e+03 3.765000000000000000e+03
4.410000000000000000e+03 4.472666666666666970e+03 4.340000000000000000e+03 4.187000000000000000e+03 4.209666666666666970e+03 4.049666666666666515e+03 3.782000000000000000e+03 3.560000000000000000e+03
4.363666666666666970e+03 4.410000000000000000e+03 4.472666666666666970e+03 4.340000000000000000e+03 4.187000000000000000e+03 4.209666666666666970e+03 4.049666666666666515e+03 3.782000000000000000e+03
4.587000000000000000e+03 4.363666666666666970e+03 4.410000000000000000e+03 4.472666666666666970e+03 4.340000000000000000e+03 4.187000000000000000e+03 4.209666666666666970e+03 4.049666666666666515e+03
4.660666666666666970e+03 4.587000000000000000e+03 4.363666666666666970e+03 4.410000000000000000e+03 4.472666666666666970e+03 4.340000000000000000e+03 4.187000000000000000e+03 4.209666666666666970e+03
4.522666666666666970e+03 4.660666666666666970e+03 4.587000000000000000e+03 4.363666666666666970e+03 4.410000000000000000e+03 4.472666666666666970e+03 4.340000000000000000e+03 4.187000000000000000e+03
4.193000000000000000e+03 4.522666666666666970e+03 4.660666666666666970e+03 4.587000000000000000e+03 4.363666666666666970e+03 4.410000000000000000e+03 4.472666666666666970e+03 4.340000000000000000e+03
4.101000000000000000e+03 4.193000000000000000e+03 4.522666666666666970e+03 4.660666666666666970e+03 4.587000000000000000e+03 4.363666666666666970e+03 4.410000000000000000e+03 4.472666666666666970e+03
3.941666666666666515e+03 4.101000000000000000e+03 4.193000000000000000e+03 4.522666666666666970e+03 4.660666666666666970e+03 4.587000000000000000e+03 4.363666666666666970e+03 4.410000000000000000e+03
3.583333333333333485e+03 3.941666666666666515e+03 4.101000000000000000e+03 4.193000000000000000e+03 4.522666666666666970e+03 4.660666666666666970e+03 4.587000000000000000e+03 4.363666666666666970e+03
3.026000000000000000e+03 3.583333333333333485e+03 3.941666666666666515e+03 4.101000000000000000e+03 4.193000000000000000e+03 4.522666666666666970e+03 4.660666666666666970e+03 4.587000000000000000e+03
2.683000000000000000e+03 3.026000000000000000e+03 3.583333333333333485e+03 3.941666666666666515e+03 4.101000000000000000e+03 4.193000000000000000e+03 4.522666666666666970e+03 4.660666666666666970e+03
2.404000000000000000e+03 2.683000000000000000e+03 3.026000000000000000e+03 3.583333333333333485e+03 3.941666666666666515e+03 4.101000000000000000e+03 4.193000000000000000e+03 4.522666666666666970e+03
2.326666666666666515e+03 2.404000000000000000e+03 2.683000000000000000e+03 3.026000000000000000e+03 3.583333333333333485e+03 3.941666666666666515e+03 4.101000000000000000e+03 4.193000000000000000e+03
2.385666666666666515e+03 2.326666666666666515e+03 2.404000000000000000e+03 2.683000000000000000e+03 3.026000000000000000e+03 3.583333333333333485e+03 3.941666666666666515e+03 4.101000000000000000e+03
2.626666666666666515e+03 2.385666666666666515e+03 2.326666666666666515e+03 2.404000000000000000e+03 2.683000000000000000e+03 3.026000000000000000e+03 3.583333333333333485e+03 3.941666666666666515e+03
2.925000000000000000e+03 2.626666666666666515e+03 2.385666666666666515e+03 2.326666666666666515e+03 2.404000000000000000e+03 2.683000000000000000e+03 3.026000000000000000e+03 3.583333333333333485e+03
2.884000000000000000e+03 2.925000000000000000e+03 2.626666666666666515e+03 2.385666666666666515e+03 2.326666666666666515e+03 2.404000000000000000e+03 2.683000000000000000e+03 3.026000000000000000e+03
2.934666666666666515e+03 2.884000000000000000e+03 2.925000000000000000e+03 2.626666666666666515e+03 2.385666666666666515e+03 2.326666666666666515e+03 2.404000000000000000e+03 2.683000000000000000e+03
3.041666666666666515e+03 2.934666666666666515e+03 2.884000000000000000e+03 2.925000000000000000e+03 2.626666666666666515e+03 2.385666666666666515e+03 2.326666666666666515e+03 2.404000000000000000e+03
3.208333333333333485e+03 3.041666666666666515e+03 2.934666666666666515e+03 2.884000000000000000e+03 2.925000000000000000e+03 2.626666666666666515e+03 2.385666666666666515e+03 2.326666666666666515e+03
3.379333333333333485e+03 3.208333333333333485e+03 3.041666666666666515e+03 2.934666666666666515e+03 2.884000000000000000e+03 2.925000000000000000e+03 2.626666666666666515e+03 2.385666666666666515e+03
3.314333333333333485e+03 3.379333333333333485e+03 3.208333333333333485e+03 3.041666666666666515e+03 2.934666666666666515e+03 2.884000000000000000e+03 2.925000000000000000e+03 2.626666666666666515e+03
3.685333333333333485e+03 3.314333333333333485e+03 3.379333333333333485e+03 3.208333333333333485e+03 3.041666666666666515e+03 2.934666666666666515e+03 2.884000000000000000e+03 2.925000000000000000e+03
3.712000000000000000e+03 3.685333333333333485e+03 3.314333333333333485e+03 3.379333333333333485e+03 3.208333333333333485e+03 3.041666666666666515e+03 2.934666666666666515e+03 2.884000000000000000e+03
3.632666666666666515e+03 3.712000000000000000e+03 3.685333333333333485e+03 3.314333333333333485e+03 3.379333333333333485e+03 3.208333333333333485e+03 3.041666666666666515e+03 2.934666666666666515e+03
3.599666666666666515e+03 3.632666666666666515e+03 3.712000000000000000e+03 3.685333333333333485e+03 3.314333333333333485e+03 3.379333333333333485e+03 3.208333333333333485e+03 3.041666666666666515e+03
3.878666666666666515e+03 3.599666666666666515e+03 3.632666666666666515e+03 3.712000000000000000e+03 3.685333333333333485e+03 3.314333333333333485e+03 3.379333333333333485e+03 3.208333333333333485e+03
3.916000000000000000e+03 3.878666666666666515e+03 3.599666666666666515e+03 3.632666666666666515e+03 3.712000000000000000e+03 3.685333333333333485e+03 3.314333333333333485e+03 3.379333333333333485e+03
3.941000000000000000e+03 3.916000000000000000e+03 3.878666666666666515e+03 3.599666666666666515e+03 3.632666666666666515e+03 3.712000000000000000e+03 3.685333333333333485e+03 3.314333333333333485e+03
3.894666666666666515e+03 3.941000000000000000e+03 3.916000000000000000e+03 3.878666666666666515e+03 3.599666666666666515e+03 3.632666666666666515e+03 3.712000000000000000e+03 3.685333333333333485e+03
4.082666666666666515e+03 3.894666666666666515e+03 3.941000000000000000e+03 3.916000000000000000e+03 3.878666666666666515e+03 3.599666666666666515e+03 3.632666666666666515e+03 3.712000000000000000e+03
4.614333333333333030e+03 4.082666666666666515e+03 3.894666666666666515e+03 3.941000000000000000e+03 3.916000000000000000e+03 3.878666666666666515e+03 3.599666666666666515e+03 3.632666666666666515e+03
4.766333333333333030e+03 4.614333333333333030e+03 4.082666666666666515e+03 3.894666666666666515e+03 3.941000000000000000e+03 3.916000000000000000e+03 3.878666666666666515e+03 3.599666666666666515e+03
4.795000000000000000e+03 4.766333333333333030e+03 4.614333333333333030e+03 4.082666666666666515e+03 3.894666666666666515e+03 3.941000000000000000e+03 3.916000000000000000e+03 3.878666666666666515e+03
5.117666666666666970e+03 4.795000000000000000e+03 4.766333333333333030e+03 4.614333333333333030e+03 4.082666666666666515e+03 3.894666666666666515e+03 3.941000000000000000e+03 3.916000000000000000e+03
5.414000000000000000e+03 5.117666666666666970e+03 4.795000000000000000e+03 4.766333333333333030e+03 4.614333333333333030e+03 4.082666666666666515e+03 3.894666666666666515e+03 3.941000000000000000e+03
5.583333333333333030e+03 5.414000000000000000e+03 5.117666666666666970e+03 4.795000000000000000e+03 4.766333333333333030e+03 4.614333333333333030e+03 4.082666666666666515e+03 3.894666666666666515e+03
5.359666666666666970e+03 5.583333333333333030e+03 5.414000000000000000e+03 5.117666666666666970e+03 4.795000000000000000e+03 4.766333333333333030e+03 4.614333333333333030e+03 4.082666666666666515e+03
5.710333333333333030e+03 5.359666666666666970e+03 5.583333333333333030e+03 5.414000000000000000e+03 5.117666666666666970e+03 4.795000000000000000e+03 4.766333333333333030e+03 4.614333333333333030e+03
5.586666666666666970e+03 5.710333333333333030e+03 5.359666666666666970e+03 5.583333333333333030e+03 5.414000000000000000e+03 5.117666666666666970e+03 4.795000000000000000e+03 4.766333333333333030e+03
5.710000000000000000e+03 5.586666666666666970e+03 5.710333333333333030e+03 5.359666666666666970e+03 5.583333333333333030e+03 5.414000000000000000e+03 5.117666666666666970e+03 4.795000000000000000e+03
5.585666666666666970e+03 5.710000000000000000e+03 5.586666666666666970e+03 5.710333333333333030e+03 5.359666666666666970e+03 5.583333333333333030e+03 5.414000000000000000e+03 5.117666666666666970e+03
5.697333333333333030e+03 5.585666666666666970e+03 5.710000000000000000e+03 5.586666666666666970e+03 5.710333333333333030e+03 5.359666666666666970e+03 5.583333333333333030e+03 5.414000000000000000e+03
5.928333333333333030e+03 5.697333333333333030e+03 5.585666666666666970e+03 5.710000000000000000e+03 5.586666666666666970e+03 5.710333333333333030e+03 5.359666666666666970e+03 5.583333333333333030e+03
