5.000000000000000000e+00 5.000000000000000000e+00 5.000000000000000000e+00 5.000000000000000000e+00 5.000000000000000000e+00 5.009999999999999787e+00 5.009999999999999787e+00 5.009999999999999787e+00 5.000000000000000000e+00 5.006000000000000227e+00 1.001200000000000090e+00
5.000000000000000000e+00 5.000000000000000000e+00 5.000000000000000000e+00 5.000000000000000000e+00 5.000000000000000000e+00 5.000000000000000000e+00 5.009999999999999787e+00 5.009999999999999787e+00 5.000000000000000000e+00 5.003999999999999559e+00 1.000799999999999912e+00
5.000000000000000000e+00 5.000000000000000000e+00 5.000000000000000000e+00 5.000000000000000000e+00 5.000000000000000000e+00 5.000000000000000000e+00 5.000000000000000000e+00 5.009999999999999787e+00 5.000000000000000000e+00 5.001999999999999780e+00 1.000399999999999956e+00
5.000000000000000000e+00 5.000000000000000000e+00 5.000000000000000000e+00 5.000000000000000000e+00 5.000000000000000000e+00 5.000000000000000000e+00 5.000000000000000000e+00 5.000000000000000000e+00 5.000000000000000000e+00 5.000000000000000000e+00 1.000000000000000000e+00
5.000000000000000000e+00 5.000000000000000000e+00 5.000000000000000000e+00 5.000000000000000000e+00 5.000000000000000000e+00 5.000000000000000000e+00 5.000000000000000000e+00 5.000000000000000000e+00 5.000000000000000000e+00 5.000000000000000000e+00 1.000000000000000000e+00
5.000000000000000000e+00 5.000000000000000000e+00 5.000000000000000000e+00 5.000000000000000000e+00 5.000000000000000000e+00 5.000000000000000000e+00 5.000000000000000000e+00 5.000000000000000000e+00 5.000000000000000000e+00 5.000000000000000000e+00 1.000000000000000000e+00
5.000000000000000000e+00 5.000000000000000000e+00 5.000000000000000000e+00 5.000000000000000000e+00 5.000000000000000000e+00 5.000000000000000000e+00 5.000000000000000000e+00 5.000000000000000000e+00 5.000000000000000000e+00 5.000000000000000000e+00 1.000000000000000000e+00
5.000000000000000000e+00 5.000000000000000000e+00 5.000000000000000000e+00 5.000000000000000000e+00 5.000000000000000000e+00 5.000000000000000000e+00 5.000000000000000000e+00 5.000000000000000000e+00 5.000000000000000000e+00 5.000000000000000000e+00 1.000000000000000000e+00
5.000000000000000000e+00 5.000000000000000000e+00 5.000000000000000000e+00 5.000000000000000000e+00 5.000000000000000000e+00 5.000000000000000000e+00 5.000000000000000000e+00 5.000000000000000000e+00 5.000000000000000000e+00 5.000000000000000000e+00 1.000000000000000000e+00
5.000000000000000000e+00 5.000000000000000000e+00 5.000000000000000000e+00 5.000000000000000000e+00 5.000000000000000000e+00 5.000000000000000000e+00 5.000000000000000000e+00 5.000000000000000000e+00 5.000000000000000000e+00 5.000000000000000000e+00 1.000000000000000000e+00
5.000000000000000000e+00 5.000000000000000000e+00 5.000000000000000000e+00 5.000000000000000000e+00 5.000000000000000000e+00 5.000000000000000000e+00 5.000000000000000000e+00 5.000000000000000000e+00 5.000000000000000000e+00 5.000000000000000000e+00 1.000000000000000000e+00
5.000000000000000000e+00 5.000000000000000000e+00 5.000000000000000000e+00 5.000000000000000000e+00 5.000000000000000000e+00 5.000000000000000000e+00 5.000000000000000000e+00 5.000000000000000000e+00 5.000000000000000000e+00 5.000000000000000000e+00 1.000000000000000000e+00
5.000000000000000000e+00 5.000000000000000000e+00 5.000000000000000000e+00 5.000000000000000000e+00 5.000000000000000000e+00 5.000000000000000000e+00 5.000000000000000000e+00 5.000000000000000000e+00 5.000000000000000000e+00 5.000000000000000000e+00 1.000000000000000000e+00
5.000000000000000000e+00 5.000000000000000000e+00 5.000000000000000000e+00 5.000000000000000000e+00 5.000000000000000000e+00 5.000000000000000000e+00 5.000000000000000000e+00 5.000000000000000000e+00 5.000000000000000000e+00 5.000000000000000000e+00 1.000000000000000000e+00
5.000000000000000000e+00 5.000000000000000000e+00 5.000000000000000000e+00 5.000000000000000000e+00 5.000000000000000000e+00 5.000000000000000000e+00 5.000000000000000000e+00 5.000000000000000000e+00 5.000000000000000000e+00 5.000000000000000000e+00 1.000000000000000000e+00
5.000000000000000000e+00 5.000000000000000000e+00 5.000000000000000000e+00 5.000000000000000000e+00 5.000000000000000000e+00 5.000000000000000000e+00 5.000000000000000000e+00 5.000000000000000000e+00 5.000000000000000000e+00 5.000000000000000000e+00 1.000000000000000000e+00
4.980000000000000426e+00 5.000000000000000000e+00 5.000000000000000000e+00 5.000000000000000000e+00 5.000000000000000000e+00 5.000000000000000000e+00 5.000000000000000000e+00 5.000000000000000000e+00 4.995000000000000107e+00 4.999000000000000554e+00 1.000800800800800916e+00
4.969999999999999751e+00 4.980000000000000426e+00 5.000000000000000000e+00 5.000000000000000000e+00 5.000000000000000000e+00 5.000000000000000000e+00 5.000000000000000000e+00 5.000000000000000000e+00 4.987499999999999822e+00 4.997500000000000497e+00 1.002005012531328454e+00
4.969999999999999751e+00 4.969999999999999751e+00 4.980000000000000426e+00 5.000000000000000000e+00 5.000000000000000000e+00 5.000000000000000000e+00 5.000000000000000000e+00 5.000000000000000000e+00 4.980000000000000426e+00 4.996000000000000441e+00 1.003212851405622441e+00
4.959999999999999964e+00 4.969999999999999751e+00 4.969999999999999751e+00 4.980000000000000426e+00 5.000000000000000000e+00 5.000000000000000000e+00 5.000000000000000000e+00 5.000000000000000000e+00 4.969999999999999751e+00 4.993999999999999773e+00 1.004828973843058249e+00
4.950000000000000178e+00 4.959999999999999964e+00 4.969999999999999751e+00 4.969999999999999751e+00 4.980000000000000426e+00 5.000000000000000000e+00 5.000000000000000000e+00 5.000000000000000000e+00 4.962499999999999467e+00 4.988500000000000156e+00 1.005239294710327691e+00
4.950000000000000178e+00 4.950000000000000178e+00 4.959999999999999964e+00 4.969999999999999751e+00 4.969999999999999751e+00 4.980000000000000426e+00 5.000000000000000000e+00 5.000000000000000000e+00 4.957499999999999574e+00 4.981499999999999595e+00 1.004841149773071152e+00
4.940000000000000391e+00 4.950000000000000178e+00 4.950000000000000178e+00 4.959999999999999964e+00 4.969999999999999751e+00 4.969999999999999751e+00 4.980000000000000426e+00 5.000000000000000000e+00 4.950000000000000178e+00 4.974000000000000199e+00 1.004848484848484880e+00
4.940000000000000391e+00 4.940000000000000391e+00 4.950000000000000178e+00 4.950000000000000178e+00 4.959999999999999964e+00 4.969999999999999751e+00 4.969999999999999751e+00 4.980000000000000426e+00 4.945000000000000284e+00 4.964999999999999858e+00 1.004044489383215222e+00
4.929999999999999716e+00 4.940000000000000391e+00 4.940000000000000391e+00 4.950000000000000178e+00 4.950000000000000178e+00 4.959999999999999964e+00 4.969999999999999751e+00 4.969999999999999751e+00 4.940000000000000391e+00 4.958000000000000185e+00 1.003643724696356321e+00
4.929999999999999716e+00 4.929999999999999716e+00 4.940000000000000391e+00 4.940000000000000391e+00 4.950000000000000178e+00 4.950000000000000178e+00 4.959999999999999964e+00 4.969999999999999751e+00 4.935000000000000497e+00 4.953000000000000291e+00 1.003647416413373739e+00
4.929999999999999716e+00 4.929999999999999716e+00 4.929999999999999716e+00 4.940000000000000391e+00 4.940000000000000391e+00 4.950000000000000178e+00 4.950000000000000178e+00 4.959999999999999964e+00 4.932500000000000107e+00 4.946500000000000341e+00 1.002838317283324843e+00
4.919999999999999929e+00 4.929999999999999716e+00 4.929999999999999716e+00 4.929999999999999716e+00 4.940000000000000391e+00 4.940000000000000391e+00 4.950000000000000178e+00 4.950000000000000178e+00 4.927500000000000213e+00 4.941500000000000448e+00 1.002841197361745262e+00
4.919999999999999929e+00 4.919999999999999929e+00 4.929999999999999716e+00 4.929999999999999716e+00 4.929999999999999716e+00 4.940000000000000391e+00 4.940000000000000391e+00 4.950000000000000178e+00 4.924999999999999822e+00 4.937000000000000277e+00 1.002436548223350377e+00
4.919999999999999929e+00 4.919999999999999929e+00 4.919999999999999929e+00 4.929999999999999716e+00 4.929999999999999716e+00 4.929999999999999716e+00 4.940000000000000391e+00 4.940000000000000391e+00 4.922499999999999432e+00 4.932500000000000107e+00 1.002031488065007858e+00
4.969999999999999751e+00 4.919999999999999929e+00 4.919999999999999929e+00 4.919999999999999929e+00 4.929999999999999716e+00 4.929999999999999716e+00 4.929999999999999716e+00 4.940000000000000391e+00 4.932500000000000107e+00 4.932500000000000107e+00 1.000000000000000000e+00
5.000000000000000000e+00 4.969999999999999751e+00 4.919999999999999929e+00 4.919999999999999929e+00 4.919999999999999929e+00 4.929999999999999716e+00 4.929999999999999716e+00 4.929999999999999716e+00 4.952499999999999680e+00 4.932500000000000107e+00 9.959616355376073038e-01
5.019999999999999574e+00 5.000000000000000000e+00 4.969999999999999751e+00 4.919999999999999929e+00 4.919999999999999929e+00 4.919999999999999929e+00 4.929999999999999716e+00 4.929999999999999716e+00 4.977499999999999147e+00 4.935499999999999332e+00 9.915620291310899281e-01
5.059999999999999609e+00 5.019999999999999574e+00 5.000000000000000000e+00 4.969999999999999751e+00 4.919999999999999929e+00 4.919999999999999929e+00 4.919999999999999929e+00 4.929999999999999716e+00 5.012499999999999289e+00 4.940499999999999226e+00 9.856359102244388604e-01
5.080000000000000071e+00 5.059999999999999609e+00 5.019999999999999574e+00 5.000000000000000000e+00 4.969999999999999751e+00 4.919999999999999929e+00 4.919999999999999929e+00 4.919999999999999929e+00 5.040000000000000036e+00 4.953999999999999737e+00 9.829365079365078861e-01
5.099999999999999645e+00 5.080000000000000071e+00 5.059999999999999609e+00 5.019999999999999574e+00 5.000000000000000000e+00 4.969999999999999751e+00 4.919999999999999929e+00 4.919999999999999929e+00 5.064999999999999503e+00 4.974999999999999645e+00 9.822309970384995870e-01
5.110000000000000320e+00 5.099999999999999645e+00 5.080000000000000071e+00 5.059999999999999609e+00 5.019999999999999574e+00 5.000000000000000000e+00 4.969999999999999751e+00 4.919999999999999929e+00 5.087500000000000355e+00 4.999499999999999389e+00 9.827027027027025463e-01
5.129999999999999893e+00 5.110000000000000320e+00 5.099999999999999645e+00 5.080000000000000071e+00 5.059999999999999609e+00 5.019999999999999574e+00 5.000000000000000000e+00 4.969999999999999751e+00 5.105000000000000426e+00 5.030999999999999694e+00 9.855044074436825063e-01
5.139999999999999680e+00 5.129999999999999893e+00 5.110000000000000320e+00 5.099999999999999645e+00 5.080000000000000071e+00 5.059999999999999609e+00 5.019999999999999574e+00 5.000000000000000000e+00 5.119999999999999218e+00 5.056000000000000050e+00 9.875000000000001554e-01
5.150000000000000355e+00 5.139999999999999680e+00 5.129999999999999893e+00 5.110000000000000320e+00 5.099999999999999645e+00 5.080000000000000071e+00 5.059999999999999609e+00 5.019999999999999574e+00 5.132499999999999396e+00 5.078500000000000014e+00 9.894788114953727565e-01
5.150000000000000355e+00 5.150000000000000355e+00 5.139999999999999680e+00 5.129999999999999893e+00 5.110000000000000320e+00 5.099999999999999645e+00 5.080000000000000071e+00 5.059999999999999609e+00 5.142500000000000071e+00 5.098499999999999588e+00 9.914438502673795783e-01
5.129999999999999893e+00 5.150000000000000355e+00 5.150000000000000355e+00 5.139999999999999680e+00 5.129999999999999893e+00 5.110000000000000320e+00 5.099999999999999645e+00 5.080000000000000071e+00 5.142500000000000071e+00 5.112499999999999822e+00 9.941662615459406771e-01
5.120000000000000107e+00 5.129999999999999893e+00 5.150000000000000355e+00 5.150000000000000355e+00 5.139999999999999680e+00 5.129999999999999893e+00 5.110000000000000320e+00 5.099999999999999645e+00 5.137500000000000178e+00 5.123499999999999055e+00 9.972749391727491197e-01
5.099999999999999645e+00 5.120000000000000107e+00 5.129999999999999893e+00 5.150000000000000355e+00 5.150000000000000355e+00 5.139999999999999680e+00 5.129999999999999893e+00 5.110000000000000320e+00 5.125000000000000000e+00 5.130999999999999339e+00 1.001170731707316852e+00
5.070000000000000284e+00 5.099999999999999645e+00 5.120000000000000107e+00 5.129999999999999893e+00 5.150000000000000355e+00 5.150000000000000355e+00 5.139999999999999680e+00 5.129999999999999893e+00 5.104999999999999538e+00 5.134999999999999787e+00 1.005876591576885470e+00
5.049999999999999822e+00 5.070000000000000284e+00 5.099999999999999645e+00 5.120000000000000107e+00 5.129999999999999893e+00 5.150000000000000355e+00 5.150000000000000355e+00 5.139999999999999680e+00 5.084999999999999964e+00 5.131000000000000227e+00 1.009046214355948878e+00
5.030000000000000249e+00 5.049999999999999822e+00 5.070000000000000284e+00 5.099999999999999645e+00 5.120000000000000107e+00 5.129999999999999893e+00 5.150000000000000355e+00 5.150000000000000355e+00 5.062500000000000000e+00 5.122500000000000497e+00 1.011851851851852002e+00
5.000000000000000000e+00 5.030000000000000249e+00 5.049999999999999822e+00 5.070000000000000284e+00 5.099999999999999645e+00 5.120000000000000107e+00 5.129999999999999893e+00 5.150000000000000355e+00 5.037500000000000533e+00 5.107499999999999929e+00 1.013895781637716986e+00
4.980000000000000426e+00 5.000000000000000000e+00 5.030000000000000249e+00 5.049999999999999822e+00 5.070000000000000284e+00 5.099999999999999645e+00 5.120000000000000107e+00 5.129999999999999893e+00 5.015000000000000568e+00 5.086999999999999744e+00 1.014356929212362646e+00
4.950000000000000178e+00 4.980000000000000426e+00 5.000000000000000000e+00 5.030000000000000249e+00 5.049999999999999822e+00 5.070000000000000284e+00 5.099999999999999645e+00 5.120000000000000107e+00 4.990000000000000213e+00 5.065999999999999837e+00 1.015230460921843658e+00
4.929999999999999716e+00 4.950000000000000178e+00 4.980000000000000426e+00 5.000000000000000000e+00 5.030000000000000249e+00 5.049999999999999822e+00 5.070000000000000284e+00 5.099999999999999645e+00 4.964999999999999858e+00 5.043000000000000149e+00 1.015709969788519684e+00
4.919999999999999929e+00 4.929999999999999716e+00 4.950000000000000178e+00 4.980000000000000426e+00 5.000000000000000000e+00 5.030000000000000249e+00 5.049999999999999822e+00 5.070000000000000284e+00 4.945000000000000284e+00 5.019000000000000128e+00 1.014964610717896898e+00
4.879999999999999893e+00 4.919999999999999929e+00 4.929999999999999716e+00 4.950000000000000178e+00 4.980000000000000426e+00 5.000000000000000000e+00 5.030000000000000249e+00 5.049999999999999822e+00 4.919999999999999929e+00 4.996000000000000441e+00 1.015447154471544877e+00
4.830000000000000071e+00 4.879999999999999893e+00 4.919999999999999929e+00 4.929999999999999716e+00 4.950000000000000178e+00 4.980000000000000426e+00 5.000000000000000000e+00 5.030000000000000249e+00 4.890000000000000568e+00 4.970000000000000639e+00 1.016359918200409052e+00
4.790000000000000036e+00 4.830000000000000071e+00 4.879999999999999893e+00 4.919999999999999929e+00 4.929999999999999716e+00 4.950000000000000178e+00 4.980000000000000426e+00 5.000000000000000000e+00 4.855000000000000426e+00 4.942999999999999616e+00 1.018125643666323299e+00
4.769999999999999574e+00 4.790000000000000036e+00 4.830000000000000071e+00 4.879999999999999893e+00 4.919999999999999929e+00 4.929999999999999716e+00 4.950000000000000178e+00 4.980000000000000426e+00 4.817499999999999893e+00 4.919500000000000206e+00 1.021172807472755739e+00
4.759999999999999787e+00 4.769999999999999574e+00 4.790000000000000036e+00 4.830000000000000071e+00 4.879999999999999893e+00 4.919999999999999929e+00 4.929999999999999716e+00 4.950000000000000178e+00 4.787499999999999645e+00 4.893500000000000405e+00 1.022140992167102080e+00
4.750000000000000000e+00 4.759999999999999787e+00 4.769999999999999574e+00 4.790000000000000036e+00 4.830000000000000071e+00 4.879999999999999893e+00 4.919999999999999929e+00 4.929999999999999716e+00 4.767500000000000071e+00 4.865499999999999936e+00 1.020555846879916073e+00
4.750000000000000000e+00 4.750000000000000000e+00 4.759999999999999787e+00 4.769999999999999574e+00 4.790000000000000036e+00 4.830000000000000071e+00 4.879999999999999893e+00 4.919999999999999929e+00 4.757500000000000284e+00 4.835500000000000576e+00 1.016395165528113598e+00
4.740000000000000213e+00 4.750000000000000000e+00 4.750000000000000000e+00 4.759999999999999787e+00 4.769999999999999574e+00 4.790000000000000036e+00 4.830000000000000071e+00 4.879999999999999893e+00 4.750000000000000000e+00 4.804000000000000270e+00 1.011368421052631694e+00
4.740000000000000213e+00 4.740000000000000213e+00 4.750000000000000000e+00 4.750000000000000000e+00 4.759999999999999787e+00 4.769999999999999574e+00 4.790000000000000036e+00 4.830000000000000071e+00 4.745000000000000107e+00 4.778999999999999915e+00 1.007165437302423472e+00
4.740000000000000213e+00 4.740000000000000213e+00 4.740000000000000213e+00 4.750000000000000000e+00 4.750000000000000000e+00 4.759999999999999787e+00 4.769999999999999574e+00 4.790000000000000036e+00 4.742499999999999716e+00 4.762500000000000178e+00 1.004217185028993153e+00
4.740000000000000213e+00 4.740000000000000213e+00 4.740000000000000213e+00 4.740000000000000213e+00 4.750000000000000000e+00 4.750000000000000000e+00 4.759999999999999787e+00 4.769999999999999574e+00 4.740000000000000213e+00 4.754000000000000448e+00 1.002953586497890237e+00
4.740000000000000213e+00 4.740000000000000213e+00 4.740000000000000213e+00 4.740000000000000213e+00 4.740000000000000213e+00 4.750000000000000000e+00 4.750000000000000000e+00 4.759999999999999787e+00 4.740000000000000213e+00 4.748000000000000220e+00 1.001687763713080104e+00
4.740000000000000213e+00 4.740000000000000213e+00 4.740000000000000213e+00 4.740000000000000213e+00 4.740000000000000213e+00 4.740000000000000213e+00 4.750000000000000000e+00 4.750000000000000000e+00 4.740000000000000213e+00 4.743999999999999773e+00 1.000843881856539941e+00
4.730000000000000426e+00 4.740000000000000213e+00 4.740000000000000213e+00 4.740000000000000213e+00 4.740000000000000213e+00 4.740000000000000213e+00 4.740000000000000213e+00 4.750000000000000000e+00 4.737500000000000711e+00 4.741500000000000270e+00 1.000844327176780846e+00
4.730000000000000426e+00 4.730000000000000426e+00 4.740000000000000213e+00 4.740000000000000213e+00 4.740000000000000213e+00 4.740000000000000213e+00 4.740000000000000213e+00 4.740000000000000213e+00 4.735000000000000320e+00 4.738999999999999879e+00 1.000844772967264928e+00
4.730000000000000426e+00 4.730000000000000426e+00 4.730000000000000426e+00 4.740000000000000213e+00 4.740000000000000213e+00 4.740000000000000213e+00 4.740000000000000213e+00 4.740000000000000213e+00 4.732499999999999929e+00 4.738500000000000156e+00 1.001267828843106278e+00
4.730000000000000426e+00 4.730000000000000426e+00 4.730000000000000426e+00 4.730000000000000426e+00 4.740000000000000213e+00 4.740000000000000213e+00 4.740000000000000213e+00 4.740000000000000213e+00 4.730000000000000426e+00 4.738000000000000433e+00 1.001691331923890038e+00
4.730000000000000426e+00 4.730000000000000426e+00 4.730000000000000426e+00 4.730000000000000426e+00 4.730000000000000426e+00 4.740000000000000213e+00 4.740000000000000213e+00 4.740000000000000213e+00 4.730000000000000426e+00 4.736000000000000654e+00 1.001268498942917695e+00
4.730000000000000426e+00 4.730000000000000426e+00 4.730000000000000426e+00 4.730000000000000426e+00 4.730000000000000426e+00 4.730000000000000426e+00 4.740000000000000213e+00 4.740000000000000213e+00 4.730000000000000426e+00 4.733999999999999986e+00 1.000845665961944908e+00
4.730000000000000426e+00 4.730000000000000426e+00 4.730000000000000426e+00 4.730000000000000426e+00 4.730000000000000426e+00 4.730000000000000426e+00 4.730000000000000426e+00 4.740000000000000213e+00 4.730000000000000426e+00 4.732000000000000206e+00 1.000422832980972565e+00
4.719999999999999751e+00 4.730000000000000426e+00 4.730000000000000426e+00 4.730000000000000426e+00 4.730000000000000426e+00 4.730000000000000426e+00 4.730000000000000426e+00 4.730000000000000426e+00 4.727500000000000036e+00 4.729499999999999815e+00 1.000423056583818138e+00
4.719999999999999751e+00 4.719999999999999751e+00 4.730000000000000426e+00 4.730000000000000426e+00 4.730000000000000426e+00 4.730000000000000426e+00 4.730000000000000426e+00 4.730000000000000426e+00 4.724999999999999645e+00 4.729000000000000981e+00 1.000846560846561095e+00
4.719999999999999751e+00 4.719999999999999751e+00 4.719999999999999751e+00 4.730000000000000426e+00 4.730000000000000426e+00 4.730000000000000426e+00 4.730000000000000426e+00 4.730000000000000426e+00 4.722500000000000142e+00 4.728500000000000369e+00 1.001270513499205927e+00
4.719999999999999751e+00 4.719999999999999751e+00 4.719999999999999751e+00 4.719999999999999751e+00 4.730000000000000426e+00 4.730000000000000426e+00 4.730000000000000426e+00 4.730000000000000426e+00 4.719999999999999751e+00 4.727999999999999758e+00 1.001694915254237372e+00
4.719999999999999751e+00 4.719999999999999751e+00 4.719999999999999751e+00 4.719999999999999751e+00 4.719999999999999751e+00 4.730000000000000426e+00 4.730000000000000426e+00 4.730000000000000426e+00 4.719999999999999751e+00 4.725999999999999979e+00 1.001271186440678029e+00
4.719999999999999751e+00 4.719999999999999751e+00 4.719999999999999751e+00 4.719999999999999751e+00 4.719999999999999751e+00 4.719999999999999751e+00 4.730000000000000426e+00 4.730000000000000426e+00 4.719999999999999751e+00 4.723999999999999311e+00 1.000847457627118464e+00
4.709999999999999964e+00 4.719999999999999751e+00 4.719999999999999751e+00 4.719999999999999751e+00 4.719999999999999751e+00 4.719999999999999751e+00 4.719999999999999751e+00 4.730000000000000426e+00 4.717499999999999361e+00 4.721500000000000696e+00 1.000847906730260028e+00
4.709999999999999964e+00 4.709999999999999964e+00 4.719999999999999751e+00 4.719999999999999751e+00 4.719999999999999751e+00 4.719999999999999751e+00 4.719999999999999751e+00 4.719999999999999751e+00 4.714999999999999858e+00 4.718999999999999417e+00 1.000848356309649967e+00
4.709999999999999964e+00 4.709999999999999964e+00 4.709999999999999964e+00 4.719999999999999751e+00 4.719999999999999751e+00 4.719999999999999751e+00 4.719999999999999751e+00 4.719999999999999751e+00 4.712499999999999467e+00 4.718499999999999694e+00 1.001273209549071730e+00
4.709999999999999964e+00 4.709999999999999964e+00 4.709999999999999964e+00 4.709999999999999964e+00 4.719999999999999751e+00 4.719999999999999751e+00 4.719999999999999751e+00 4.719999999999999751e+00 4.709999999999999964e+00 4.717999999999999972e+00 1.001698513800424628e+00
4.709999999999999964e+00 4.709999999999999964e+00 4.709999999999999964e+00 4.709999999999999964e+00 4.709999999999999964e+00 4.719999999999999751e+00 4.719999999999999751e+00 4.719999999999999751e+00 4.709999999999999964e+00 4.715999999999999304e+00 1.001273885350318249e+00
4.709999999999999964e+00 4.709999999999999964e+00 4.709999999999999964e+00 4.709999999999999964e+00 4.709999999999999964e+00 4.709999999999999964e+00 4.719999999999999751e+00 4.719999999999999751e+00 4.709999999999999964e+00 4.714000000000000412e+00 1.000849256900212314e+00
4.709999999999999964e+00 4.709999999999999964e+00 4.709999999999999964e+00 4.709999999999999964e+00 4.709999999999999964e+00 4.709999999999999964e+00 4.709999999999999964e+00 4.719999999999999751e+00 4.709999999999999964e+00 4.711999999999999744e+00 1.000424628450106157e+00
4.700000000000000178e+00 4.709999999999999964e+00 4.709999999999999964e+00 4.709999999999999964e+00 4.709999999999999964e+00 4.709999999999999964e+00 4.709999999999999964e+00 4.709999999999999964e+00 4.707500000000000462e+00 4.709500000000000242e+00 1.000424853956452420e+00
4.700000000000000178e+00 4.700000000000000178e+00 4.709999999999999964e+00 4.709999999999999964e+00 4.709999999999999964e+00 4.709999999999999964e+00 4.709999999999999964e+00 4.709999999999999964e+00 4.705000000000000071e+00 4.709000000000000519e+00 1.000850159404888418e+00
4.700000000000000178e+00 4.700000000000000178e+00 4.700000000000000178e+00 4.709999999999999964e+00 4.709999999999999964e+00 4.709999999999999964e+00 4.709999999999999964e+00 4.709999999999999964e+00 4.702500000000000568e+00 4.708499999999999908e+00 1.001275917065390653e+00
4.700000000000000178e+00 4.700000000000000178e+00 4.700000000000000178e+00 4.700000000000000178e+00 4.709999999999999964e+00 4.709999999999999964e+00 4.709999999999999964e+00 4.709999999999999964e+00 4.700000000000000178e+00 4.708000000000000185e+00 1.001702127659574559e+00
4.700000000000000178e+00 4.700000000000000178e+00 4.700000000000000178e+00 4.700000000000000178e+00 4.700000000000000178e+00 4.709999999999999964e+00 4.709999999999999964e+00 4.709999999999999964e+00 4.700000000000000178e+00 4.706000000000000405e+00 1.001276595744680975e+00
4.700000000000000178e+00 4.700000000000000178e+00 4.700000000000000178e+00 4.700000000000000178e+00 4.700000000000000178e+00 4.700000000000000178e+00 4.709999999999999964e+00 4.709999999999999964e+00 4.700000000000000178e+00 4.703999999999999737e+00 1.000851063829787169e+00
4.690000000000000391e+00 4.700000000000000178e+00 4.700000000000000178e+00 4.700000000000000178e+00 4.700000000000000178e+00 4.700000000000000178e+00 4.700000000000000178e+00 4.709999999999999964e+00 4.697499999999999787e+00 4.701500000000000234e+00 1.000851516764236449e+00
4.690000000000000391e+00 4.690000000000000391e+00 4.700000000000000178e+00 4.700000000000000178e+00 4.700000000000000178e+00 4.700000000000000178e+00 4.700000000000000178e+00 4.700000000000000178e+00 4.695000000000000284e+00 4.698999999999999844e+00 1.000851970181043660e+00
4.690000000000000391e+00 4.690000000000000391e+00 4.690000000000000391e+00 4.700000000000000178e+00 4.700000000000000178e+00 4.700000000000000178e+00 4.700000000000000178e+00 4.700000000000000178e+00 4.692499999999999893e+00 4.698500000000000121e+00 1.001278636121470500e+00
4.690000000000000391e+00 4.690000000000000391e+00 4.690000000000000391e+00 4.690000000000000391e+00 4.700000000000000178e+00 4.700000000000000178e+00 4.700000000000000178e+00 4.700000000000000178e+00 4.690000000000000391e+00 4.698000000000000398e+00 1.001705756929637481e+00
4.690000000000000391e+00 4.690000000000000391e+00 4.690000000000000391e+00 4.690000000000000391e+00 4.690000000000000391e+00 4.700000000000000178e+00 4.700000000000000178e+00 4.700000000000000178e+00 4.690000000000000391e+00 4.695999999999999730e+00 1.001279317697228111e+00
4.690000000000000391e+00 4.690000000000000391e+00 4.690000000000000391e+00 4.690000000000000391e+00 4.690000000000000391e+00 4.690000000000000391e+00 4.700000000000000178e+00 4.700000000000000178e+00 4.690000000000000391e+00 4.694000000000000838e+00 1.000852878464818962e+00
4.690000000000000391e+00 4.690000000000000391e+00 4.690000000000000391e+00 4.690000000000000391e+00 4.690000000000000391e+00 4.690000000000000391e+00 4.690000000000000391e+00 4.700000000000000178e+00 4.690000000000000391e+00 4.692000000000000171e+00 1.000426439232409370e+00
4.679999999999999716e+00 4.690000000000000391e+00 4.690000000000000391e+00 4.690000000000000391e+00 4.690000000000000391e+00 4.690000000000000391e+00 4.690000000000000391e+00 4.690000000000000391e+00 4.687500000000000888e+00 4.689500000000000668e+00 1.000426666666666575e+00
4.679999999999999716e+00 4.679999999999999716e+00 4.690000000000000391e+00 4.690000000000000391e+00 4.690000000000000391e+00 4.690000000000000391e+00 4.690000000000000391e+00 4.690000000000000391e+00 4.685000000000000497e+00 4.689000000000000057e+00 1.000853788687299906e+00
4.679999999999999716e+00 4.679999999999999716e+00 4.679999999999999716e+00 4.690000000000000391e+00 4.690000000000000391e+00 4.690000000000000391e+00 4.690000000000000391e+00 4.690000000000000391e+00 4.682500000000000107e+00 4.688500000000000334e+00 1.001281366791244132e+00
4.669999999999999929e+00 4.679999999999999716e+00 4.679999999999999716e+00 4.679999999999999716e+00 4.690000000000000391e+00 4.690000000000000391e+00 4.690000000000000391e+00 4.690000000000000391e+00 4.677500000000000213e+00 4.687500000000000000e+00 1.002137894174238264e+00
4.669999999999999929e+00 4.669999999999999929e+00 4.679999999999999716e+00 4.679999999999999716e+00 4.679999999999999716e+00 4.690000000000000391e+00 4.690000000000000391e+00 4.690000000000000391e+00 4.674999999999999822e+00 4.685000000000000497e+00 1.002139037433155133e+00
4.660000000000000142e+00 4.669999999999999929e+00 4.669999999999999929e+00 4.679999999999999716e+00 4.679999999999999716e+00 4.679999999999999716e+00 4.690000000000000391e+00 4.690000000000000391e+00 4.669999999999999929e+00 4.682000000000000384e+00 1.002569593147751625e+00
