4.000000000000000000e+00 4.000000000000000000e+00 4.000000000000000000e+00 3.000000000000000000e+00 8.000000000000000000e+00 7.000000000000000000e+00 6.000000000000000000e+00 5.000000000000000000e+00 3.750000000000000000e+00 6.500000000000000000e+00 1.733333333333333393e+00
5.000000000000000000e+00 4.000000000000000000e+00 4.000000000000000000e+00 4.000000000000000000e+00 3.000000000000000000e+00 8.000000000000000000e+00 7.000000000000000000e+00 6.000000000000000000e+00 4.250000000000000000e+00 6.000000000000000000e+00 1.411764705882353033e+00
4.000000000000000000e+00 5.000000000000000000e+00 4.000000000000000000e+00 4.000000000000000000e+00 4.000000000000000000e+00 3.000000000000000000e+00 8.000000000000000000e+00 7.000000000000000000e+00 4.250000000000000000e+00 5.500000000000000000e+00 1.294117647058823595e+00
3.000000000000000000e+00 4.000000000000000000e+00 5.000000000000000000e+00 4.000000000000000000e+00 4.000000000000000000e+00 4.000000000000000000e+00 3.000000000000000000e+00 8.000000000000000000e+00 4.000000000000000000e+00 4.750000000000000000e+00 1.187500000000000000e+00
3.000000000000000000e+00 3.000000000000000000e+00 4.000000000000000000e+00 5.000000000000000000e+00 4.000000000000000000e+00 4.000000000000000000e+00 4.000000000000000000e+00 3.000000000000000000e+00 3.750000000000000000e+00 3.750000000000000000e+00 1.000000000000000000e+00
2.000000000000000000e+00 3.000000000000000000e+00 3.000000000000000000e+00 4.000000000000000000e+00 5.000000000000000000e+00 4.000000000000000000e+00 4.000000000000000000e+00 4.000000000000000000e+00 3.000000000000000000e+00 4.250000000000000000e+00 1.416666666666666741e+00
2.000000000000000000e+00 2.000000000000000000e+00 3.000000000000000000e+00 3.000000000000000000e+00 4.000000000000000000e+00 5.000000000000000000e+00 4.000000000000000000e+00 4.000000000000000000e+00 2.500000000000000000e+00 4.250000000000000000e+00 1.699999999999999956e+00
4.000000000000000000e+00 2.000000000000000000e+00 2.000000000000000000e+00 3.000000000000000000e+00 3.000000000000000000e+00 4.000000000000000000e+00 5.000000000000000000e+00 4.000000000000000000e+00 2.750000000000000000e+00 4.000000000000000000e+00 1.454545454545454586e+00
3.000000000000000000e+00 4.000000000000000000e+00 2.000000000000000000e+00 2.000000000000000000e+00 3.000000000000000000e+00 3.000000000000000000e+00 4.000000000000000000e+00 5.000000000000000000e+00 2.750000000000000000e+00 3.750000000000000000e+00 1.363636363636363535e+00
3.000000000000000000e+00 3.000000000000000000e+00 4.000000000000000000e+00 2.000000000000000000e+00 2.000000000000000000e+00 3.000000000000000000e+00 3.000000000000000000e+00 4.000000000000000000e+00 3.000000000000000000e+00 3.000000000000000000e+00 1.000000000000000000e+00
4.000000000000000000e+00 3.000000000000000000e+00 3.000000000000000000e+00 4.000000000000000000e+00 2.000000000000000000e+00 2.000000000000000000e+00 3.000000000000000000e+00 3.000000000000000000e+00 3.500000000000000000e+00 2.500000000000000000e+00 7.142857142857143016e-01
5.000000000000000000e+00 4.000000000000000000e+00 3.000000000000000000e+00 3.000000000000000000e+00 4.000000000000000000e+00 2.000000000000000000e+00 2.000000000000000000e+00 3.000000000000000000e+00 3.750000000000000000e+00 2.750000000000000000e+00 7.333333333333332815e-01
4.000000000000000000e+00 5.000000000000000000e+00 4.000000000000000000e+00 3.000000000000000000e+00 3.000000000000000000e+00 4.000000000000000000e+00 2.000000000000000000e+00 2.000000000000000000e+00 4.000000000000000000e+00 2.750000000000000000e+00 6.875000000000000000e-01
3.000000000000000000e+00 4.000000000000000000e+00 5.000000000000000000e+00 4.000000000000000000e+00 3.000000000000000000e+00 3.000000000000000000e+00 4.000000000000000000e+00 2.000000000000000000e+00 4.000000000000000000e+00 3.000000000000000000e+00 7.500000000000000000e-01
6.000000000000000000e+00 3.000000000000000000e+00 4.000000000000000000e+00 5.000000000000000000e+00 4.000000000000000000e+00 3.000000000000000000e+00 3.000000000000000000e+00 4.000000000000000000e+00 4.500000000000000000e+00 3.500000000000000000e+00 7.777777777777777901e-01
3.000000000000000000e+00 6.000000000000000000e+00 3.000000000000000000e+00 4.000000000000000000e+00 5.000000000000000000e+00 4.000000000000000000e+00 3.000000000000000000e+00 3.000000000000000000e+00 4.000000000000000000e+00 3.750000000000000000e+00 9.375000000000000000e-01
4.000000000000000000e+00 3.000000000000000000e+00 6.000000000000000000e+00 3.000000000000000000e+00 4.000000000000000000e+00 5.000000000000000000e+00 4.000000000000000000e+00 3.000000000000000000e+00 4.000000000000000000e+00 4.000000000000000000e+00 1.000000000000000000e+00
3.000000000000000000e+00 4.000000000000000000e+00 3.000000000000000000e+00 6.000000000000000000e+00 3.000000000000000000e+00 4.000000000000000000e+00 5.000000000000000000e+00 4.000000000000000000e+00 4.000000000000000000e+00 4.000000000000000000e+00 1.000000000000000000e+00
6.000000000000000000e+00 3.000000000000000000e+00 4.000000000000000000e+00 3.000000000000000000e+00 6.000000000000000000e+00 3.000000000000000000e+00 4.000000000000000000e+00 5.000000000000000000e+00 4.000000000000000000e+00 4.500000000000000000e+00 1.125000000000000000e+00
5.000000000000000000e+00 6.000000000000000000e+00 3.000000000000000000e+00 4.000000000000000000e+00 3.000000000000000000e+00 6.000000000000000000e+00 3.000000000000000000e+00 4.000000000000000000e+00 4.500000000000000000e+00 4.000000000000000000e+00 8.888888888888888395e-01
6.000000000000000000e+00 5.000000000000000000e+00 6.000000000000000000e+00 3.000000000000000000e+00 4.000000000000000000e+00 3.000000000000000000e+00 6.000000000000000000e+00 3.000000000000000000e+00 5.000000000000000000e+00 4.000000000000000000e+00 8.000000000000000444e-01
6.000000000000000000e+00 6.000000000000000000e+00 5.000000000000000000e+00 6.000000000000000000e+00 3.000000000000000000e+00 4.000000000000000000e+00 3.000000000000000000e+00 6.000000000000000000e+00 5.750000000000000000e+00 4.000000000000000000e+00 6.956521739130434590e-01
6.000000000000000000e+00 6.000000000000000000e+00 6.000000000000000000e+00 5.000000000000000000e+00 6.000000000000000000e+00 3.000000000000000000e+00 4.000000000000000000e+00 3.000000000000000000e+00 5.750000000000000000e+00 4.000000000000000000e+00 6.956521739130434590e-01
7.000000000000000000e+00 6.000000000000000000e+00 6.000000000000000000e+00 6.000000000000000000e+00 5.000000000000000000e+00 6.000000000000000000e+00 3.000000000000000000e+00 4.000000000000000000e+00 6.250000000000000000e+00 4.500000000000000000e+00 7.199999999999999734e-01
7.000000000000000000e+00 7.000000000000000000e+00 6.000000000000000000e+00 6.000000000000000000e+00 6.000000000000000000e+00 5.000000000000000000e+00 6.000000000000000000e+00 3.000000000000000000e+00 6.500000000000000000e+00 5.000000000000000000e+00 7.692307692307692735e-01
6.000000000000000000e+00 7.000000000000000000e+00 7.000000000000000000e+00 6.000000000000000000e+00 6.000000000000000000e+00 6.000000000000000000e+00 5.000000000000000000e+00 6.000000000000000000e+00 6.500000000000000000e+00 5.750000000000000000e+00 8.846153846153845812e-01
6.000000000000000000e+00 6.000000000000000000e+00 7.000000000000000000e+00 7.000000000000000000e+00 6.000000000000000000e+00 6.000000000000000000e+00 6.000000000000000000e+00 5.000000000000000000e+00 6.500000000000000000e+00 5.750000000000000000e+00 8.846153846153845812e-01
7.000000000000000000e+00 6.000000000000000000e+00 6.000000000000000000e+00 7.000000000000000000e+00 7.000000000000000000e+00 6.000000000000000000e+00 6.000000000000000000e+00 6.000000000000000000e+00 6.500000000000000000e+00 6.250000000000000000e+00 9.615384615384615641e-01
8.000000000000000000e+00 7.000000000000000000e+00 6.000000000000000000e+00 6.000000000000000000e+00 7.000000000000000000e+00 7.000000000000000000e+00 6.000000000000000000e+00 6.000000000000000000e+00 6.750000000000000000e+00 6.500000000000000000e+00 9.629629629629629095e-01
6.000000000000000000e+00 8.000000000000000000e+00 7.000000000000000000e+00 6.000000000000000000e+00 6.000000000000000000e+00 7.000000000000000000e+00 7.000000000000000000e+00 6.000000000000000000e+00 6.750000000000000000e+00 6.500000000000000000e+00 9.629629629629629095e-01
6.000000000000000000e+00 6.000000000000000000e+00 8.000000000000000000e+00 7.000000000000000000e+00 6.000000000000000000e+00 6.000000000000000000e+00 7.000000000000000000e+00 7.000000000000000000e+00 6.750000000000000000e+00 6.500000000000000000e+00 9.629629629629629095e-01
1.100000000000000000e+01 6.000000000000000000e+00 6.000000000000000000e+00 8.000000000000000000e+00 7.000000000000000000e+00 6.000000000000000000e+00 6.000000000000000000e+00 7.000000000000000000e+00 7.750000000000000000e+00 6.500000000000000000e+00 8.387096774193548709e-01
6.000000000000000000e+00 1.100000000000000000e+01 6.000000000000000000e+00 6.000000000000000000e+00 8.000000000000000000e+00 7.000000000000000000e+00 6.000000000000000000e+00 6.000000000000000000e+00 7.250000000000000000e+00 6.750000000000000000e+00 9.310344827586206629e-01
9.000000000000000000e+00 6.000000000000000000e+00 1.100000000000000000e+01 6.000000000000000000e+00 6.000000000000000000e+00 8.000000000000000000e+00 7.000000000000000000e+00 6.000000000000000000e+00 8.000000000000000000e+00 6.750000000000000000e+00 8.437500000000000000e-01
7.000000000000000000e+00 9.000000000000000000e+00 6.000000000000000000e+00 1.100000000000000000e+01 6.000000000000000000e+00 6.000000000000000000e+00 8.000000000000000000e+00 7.000000000000000000e+00 8.250000000000000000e+00 6.750000000000000000e+00 8.181818181818182323e-01
9.000000000000000000e+00 7.000000000000000000e+00 9.000000000000000000e+00 6.000000000000000000e+00 1.100000000000000000e+01 6.000000000000000000e+00 6.000000000000000000e+00 8.000000000000000000e+00 7.750000000000000000e+00 7.750000000000000000e+00 1.000000000000000000e+00
1.100000000000000000e+01 9.000000000000000000e+00 7.000000000000000000e+00 9.000000000000000000e+00 6.000000000000000000e+00 1.100000000000000000e+01 6.000000000000000000e+00 6.000000000000000000e+00 9.000000000000000000e+00 7.250000000000000000e+00 8.055555555555555802e-01
8.000000000000000000e+00 1.100000000000000000e+01 9.000000000000000000e+00 7.000000000000000000e+00 9.000000000000000000e+00 6.000000000000000000e+00 1.100000000000000000e+01 6.000000000000000000e+00 8.750000000000000000e+00 8.000000000000000000e+00 9.142857142857142572e-01
1.000000000000000000e+01 8.000000000000000000e+00 1.100000000000000000e+01 9.000000000000000000e+00 7.000000000000000000e+00 9.000000000000000000e+00 6.000000000000000000e+00 1.100000000000000000e+01 9.500000000000000000e+00 8.250000000000000000e+00 8.684210526315789824e-01
1.000000000000000000e+01 1.000000000000000000e+01 8.000000000000000000e+00 1.100000000000000000e+01 9.000000000000000000e+00 7.000000000000000000e+00 9.000000000000000000e+00 6.000000000000000000e+00 9.750000000000000000e+00 7.750000000000000000e+00 7.948717948717948234e-01
1.100000000000000000e+01 1.000000000000000000e+01 1.000000000000000000e+01 8.000000000000000000e+00 1.100000000000000000e+01 9.000000000000000000e+00 7.000000000000000000e+00 9.000000000000000000e+00 9.750000000000000000e+00 9.000000000000000000e+00 9.230769230769231282e-01
7.000000000000000000e+00 1.100000000000000000e+01 1.000000000000000000e+01 1.000000000000000000e+01 8.000000000000000000e+00 1.100000000000000000e+01 9.000000000000000000e+00 7.000000000000000000e+00 9.500000000000000000e+00 8.750000000000000000e+00 9.210526315789473450e-01
9.000000000000000000e+00 7.000000000000000000e+00 1.100000000000000000e+01 1.000000000000000000e+01 1.000000000000000000e+01 8.000000000000000000e+00 1.100000000000000000e+01 9.000000000000000000e+00 9.250000000000000000e+00 9.500000000000000000e+00 1.027027027027026973e+00
1.500000000000000000e+01 9.000000000000000000e+00 7.000000000000000000e+00 1.100000000000000000e+01 1.000000000000000000e+01 1.000000000000000000e+01 8.000000000000000000e+00 1.100000000000000000e+01 1.050000000000000000e+01 9.750000000000000000e+00 9.285714285714286031e-01
9.000000000000000000e+00 1.500000000000000000e+01 9.000000000000000000e+00 7.000000000000000000e+00 1.100000000000000000e+01 1.000000000000000000e+01 1.000000000000000000e+01 8.000000000000000000e+00 1.000000000000000000e+01 9.750000000000000000e+00 9.749999999999999778e-01
8.000000000000000000e+00 9.000000000000000000e+00 1.500000000000000000e+01 9.000000000000000000e+00 7.000000000000000000e+00 1.100000000000000000e+01 1.000000000000000000e+01 1.000000000000000000e+01 1.025000000000000000e+01 9.500000000000000000e+00 9.268292682926829729e-01
1.000000000000000000e+01 8.000000000000000000e+00 9.000000000000000000e+00 1.500000000000000000e+01 9.000000000000000000e+00 7.000000000000000000e+00 1.100000000000000000e+01 1.000000000000000000e+01 1.050000000000000000e+01 9.250000000000000000e+00 8.809523809523809312e-01
1.700000000000000000e+01 1.000000000000000000e+01 8.000000000000000000e+00 9.000000000000000000e+00 1.500000000000000000e+01 9.000000000000000000e+00 7.000000000000000000e+00 1.100000000000000000e+01 1.100000000000000000e+01 1.050000000000000000e+01 9.545454545454545858e-01
1.200000000000000000e+01 1.700000000000000000e+01 1.000000000000000000e+01 8.000000000000000000e+00 9.000000000000000000e+00 1.500000000000000000e+01 9.000000000000000000e+00 7.000000000000000000e+00 1.175000000000000000e+01 1.000000000000000000e+01 8.510638297872340496e-01
1.000000000000000000e+01 1.200000000000000000e+01 1.700000000000000000e+01 1.000000000000000000e+01 8.000000000000000000e+00 9.000000000000000000e+00 1.500000000000000000e+01 9.000000000000000000e+00 1.225000000000000000e+01 1.025000000000000000e+01 8.367346938775510612e-01
1.100000000000000000e+01 1.000000000000000000e+01 1.200000000000000000e+01 1.700000000000000000e+01 1.000000000000000000e+01 8.000000000000000000e+00 9.000000000000000000e+00 1.500000000000000000e+01 1.250000000000000000e+01 1.050000000000000000e+01 8.399999999999999689e-01
1.600000000000000000e+01 1.100000000000000000e+01 1.000000000000000000e+01 1.200000000000000000e+01 1.700000000000000000e+01 1.000000000000000000e+01 8.000000000000000000e+00 9.000000000000000000e+00 1.225000000000000000e+01 1.100000000000000000e+01 8.979591836734693855e-01
1.200000000000000000e+01 1.600000000000000000e+01 1.100000000000000000e+01 1.000000000000000000e+01 1.200000000000000000e+01 1.700000000000000000e+01 1.000000000000000000e+01 8.000000000000000000e+00 1.225000000000000000e+01 1.175000000000000000e+01 9.591836734693877098e-01
1.200000000000000000e+01 1.200000000000000000e+01 1.600000000000000000e+01 1.100000000000000000e+01 1.000000000000000000e+01 1.200000000000000000e+01 1.700000000000000000e+01 1.000000000000000000e+01 1.275000000000000000e+01 1.225000000000000000e+01 9.607843137254902244e-01
1.400000000000000000e+01 1.200000000000000000e+01 1.200000000000000000e+01 1.600000000000000000e+01 1.100000000000000000e+01 1.000000000000000000e+01 1.200000000000000000e+01 1.700000000000000000e+01 1.350000000000000000e+01 1.250000000000000000e+01 9.259259259259259300e-01
1.600000000000000000e+01 1.400000000000000000e+01 1.200000000000000000e+01 1.200000000000000000e+01 1.600000000000000000e+01 1.100000000000000000e+01 1.000000000000000000e+01 1.200000000000000000e+01 1.350000000000000000e+01 1.225000000000000000e+01 9.074074074074074403e-01
1.100000000000000000e+01 1.600000000000000000e+01 1.400000000000000000e+01 1.200000000000000000e+01 1.200000000000000000e+01 1.600000000000000000e+01 1.100000000000000000e+01 1.000000000000000000e+01 1.325000000000000000e+01 1.225000000000000000e+01 9.245283018867924696e-01
1.000000000000000000e+01 1.100000000000000000e+01 1.600000000000000000e+01 1.400000000000000000e+01 1.200000000000000000e+01 1.200000000000000000e+01 1.600000000000000000e+01 1.100000000000000000e+01 1.275000000000000000e+01 1.275000000000000000e+01 1.000000000000000000e+00
1.600000000000000000e+01 1.000000000000000000e+01 1.100000000000000000e+01 1.600000000000000000e+01 1.400000000000000000e+01 1.200000000000000000e+01 1.200000000000000000e+01 1.600000000000000000e+01 1.325000000000000000e+01 1.350000000000000000e+01 1.018867924528301883e+00
1.100000000000000000e+01 1.600000000000000000e+01 1.000000000000000000e+01 1.100000000000000000e+01 1.600000000000000000e+01 1.400000000000000000e+01 1.200000000000000000e+01 1.200000000000000000e+01 1.200000000000000000e+01 1.350000000000000000e+01 1.125000000000000000e+00
1.200000000000000000e+01 1.100000000000000000e+01 1.600000000000000000e+01 1.000000000000000000e+01 1.100000000000000000e+01 1.600000000000000000e+01 1.400000000000000000e+01 1.200000000000000000e+01 1.225000000000000000e+01 1.325000000000000000e+01 1.081632653061224580e+00
1.000000000000000000e+01 1.200000000000000000e+01 1.100000000000000000e+01 1.600000000000000000e+01 1.000000000000000000e+01 1.100000000000000000e+01 1.600000000000000000e+01 1.400000000000000000e+01 1.225000000000000000e+01 1.275000000000000000e+01 1.040816326530612290e+00
1.400000000000000000e+01 1.000000000000000000e+01 1.200000000000000000e+01 1.100000000000000000e+01 1.600000000000000000e+01 1.000000000000000000e+01 1.100000000000000000e+01 1.600000000000000000e+01 1.175000000000000000e+01 1.325000000000000000e+01 1.127659574468085069e+00
1.300000000000000000e+01 1.400000000000000000e+01 1.000000000000000000e+01 1.200000000000000000e+01 1.100000000000000000e+01 1.600000000000000000e+01 1.000000000000000000e+01 1.100000000000000000e+01 1.225000000000000000e+01 1.200000000000000000e+01 9.795918367346938549e-01
1.200000000000000000e+01 1.300000000000000000e+01 1.400000000000000000e+01 1.000000000000000000e+01 1.200000000000000000e+01 1.100000000000000000e+01 1.600000000000000000e+01 1.000000000000000000e+01 1.225000000000000000e+01 1.225000000000000000e+01 1.000000000000000000e+00
1.000000000000000000e+01 1.200000000000000000e+01 1.300000000000000000e+01 1.400000000000000000e+01 1.000000000000000000e+01 1.200000000000000000e+01 1.100000000000000000e+01 1.600000000000000000e+01 1.225000000000000000e+01 1.225000000000000000e+01 1.000000000000000000e+00
2.400000000000000000e+01 1.000000000000000000e+01 1.200000000000000000e+01 1.300000000000000000e+01 1.400000000000000000e+01 1.000000000000000000e+01 1.200000000000000000e+01 1.100000000000000000e+01 1.475000000000000000e+01 1.175000000000000000e+01 7.966101694915254106e-01
2.000000000000000000e+01 2.400000000000000000e+01 1.000000000000000000e+01 1.200000000000000000e+01 1.300000000000000000e+01 1.400000000000000000e+01 1.000000000000000000e+01 1.200000000000000000e+01 1.650000000000000000e+01 1.225000000000000000e+01 7.424242424242424310e-01
4.000000000000000000e+00 2.000000000000000000e+01 2.400000000000000000e+01 1.000000000000000000e+01 1.200000000000000000e+01 1.300000000000000000e+01 1.400000000000000000e+01 1.000000000000000000e+01 1.450000000000000000e+01 1.225000000000000000e+01 8.448275862068965747e-01
4.000000000000000000e+00 4.000000000000000000e+00 2.000000000000000000e+01 2.400000000000000000e+01 1.000000000000000000e+01 1.200000000000000000e+01 1.300000000000000000e+01 1.400000000000000000e+01 1.300000000000000000e+01 1.225000000000000000e+01 9.423076923076922906e-01
6.000000000000000000e+00 4.000000000000000000e+00 4.000000000000000000e+00 2.000000000000000000e+01 2.400000000000000000e+01 1.000000000000000000e+01 1.200000000000000000e+01 1.300000000000000000e+01 8.500000000000000000e+00 1.475000000000000000e+01 1.735294117647058876e+00
4.000000000000000000e+00 6.000000000000000000e+00 4.000000000000000000e+00 4.000000000000000000e+00 2.000000000000000000e+01 2.400000000000000000e+01 1.000000000000000000e+01 1.200000000000000000e+01 4.500000000000000000e+00 1.650000000000000000e+01 3.666666666666666519e+00
3.000000000000000000e+00 4.000000000000000000e+00 6.000000000000000000e+00 4.000000000000000000e+00 4.000000000000000000e+00 2.000000000000000000e+01 2.400000000000000000e+01 1.000000000000000000e+01 4.250000000000000000e+00 1.450000000000000000e+01 3.411764705882352811e+00
3.000000000000000000e+00 3.000000000000000000e+00 4.000000000000000000e+00 6.000000000000000000e+00 4.000000000000000000e+00 4.000000000000000000e+00 2.000000000000000000e+01 2.400000000000000000e+01 4.000000000000000000e+00 1.300000000000000000e+01 3.250000000000000000e+00
5.000000000000000000e+00 3.000000000000000000e+00 3.000000000000000000e+00 4.000000000000000000e+00 6.000000000000000000e+00 4.000000000000000000e+00 4.000000000000000000e+00 2.000000000000000000e+01 3.750000000000000000e+00 8.500000000000000000e+00 2.266666666666666607e+00
7.000000000000000000e+00 5.000000000000000000e+00 3.000000000000000000e+00 3.000000000000000000e+00 4.000000000000000000e+00 6.000000000000000000e+00 4.000000000000000000e+00 4.000000000000000000e+00 4.500000000000000000e+00 4.500000000000000000e+00 1.000000000000000000e+00
5.000000000000000000e+00 7.000000000000000000e+00 5.000000000000000000e+00 3.000000000000000000e+00 3.000000000000000000e+00 4.000000000000000000e+00 6.000000000000000000e+00 4.000000000000000000e+00 5.000000000000000000e+00 4.250000000000000000e+00 8.499999999999999778e-01
6.000000000000000000e+00 5.000000000000000000e+00 7.000000000000000000e+00 5.000000000000000000e+00 3.000000000000000000e+00 3.000000000000000000e+00 4.000000000000000000e+00 6.000000000000000000e+00 5.750000000000000000e+00 4.000000000000000000e+00 6.956521739130434590e-01
6.000000000000000000e+00 6.000000000000000000e+00 5.000000000000000000e+00 7.000000000000000000e+00 5.000000000000000000e+00 3.000000000000000000e+00 3.000000000000000000e+00 4.000000000000000000e+00 6.000000000000000000e+00 3.750000000000000000e+00 6.250000000000000000e-01
8.000000000000000000e+00 6.000000000000000000e+00 6.000000000000000000e+00 5.000000000000000000e+00 7.000000000000000000e+00 5.000000000000000000e+00 3.000000000000000000e+00 3.000000000000000000e+00 6.250000000000000000e+00 4.500000000000000000e+00 7.199999999999999734e-01
7.000000000000000000e+00 8.000000000000000000e+00 6.000000000000000000e+00 6.000000000000000000e+00 5.000000000000000000e+00 7.000000000000000000e+00 5.000000000000000000e+00 3.000000000000000000e+00 6.750000000000000000e+00 5.000000000000000000e+00 7.407407407407406996e-01
6.000000000000000000e+00 7.000000000000000000e+00 8.000000000000000000e+00 6.000000000000000000e+00 6.000000000000000000e+00 5.000000000000000000e+00 7.000000000000000000e+00 5.000000000000000000e+00 6.750000000000000000e+00 5.750000000000000000e+00 8.518518518518518601e-01
8.000000000000000000e+00 6.000000000000000000e+00 7.000000000000000000e+00 8.000000000000000000e+00 6.000000000000000000e+00 6.000000000000000000e+00 5.000000000000000000e+00 7.000000000000000000e+00 7.250000000000000000e+00 6.000000000000000000e+00 8.275862068965517127e-01
9.000000000000000000e+00 8.000000000000000000e+00 6.000000000000000000e+00 7.000000000000000000e+00 8.000000000000000000e+00 6.000000000000000000e+00 6.000000000000000000e+00 5.000000000000000000e+00 7.500000000000000000e+00 6.250000000000000000e+00 8.333333333333333703e-01
9.000000000000000000e+00 9.000000000000000000e+00 8.000000000000000000e+00 6.000000000000000000e+00 7.000000000000000000e+00 8.000000000000000000e+00 6.000000000000000000e+00 6.000000000000000000e+00 8.000000000000000000e+00 6.750000000000000000e+00 8.437500000000000000e-01
9.000000000000000000e+00 9.000000000000000000e+00 9.000000000000000000e+00 8.000000000000000000e+00 6.000000000000000000e+00 7.000000000000000000e+00 8.000000000000000000e+00 6.000000000000000000e+00 8.750000000000000000e+00 6.750000000000000000e+00 7.714285714285714635e-01
9.000000000000000000e+00 9.000000000000000000e+00 9.000000000000000000e+00 9.000000000000000000e+00 8.000000000000000000e+00 6.000000000000000000e+00 7.000000000000000000e+00 8.000000000000000000e+00 9.000000000000000000e+00 7.250000000000000000e+00 8.055555555555555802e-01
1.300000000000000000e+01 9.000000000000000000e+00 9.000000000000000000e+00 9.000000000000000000e+00 9.000000000000000000e+00 8.000000000000000000e+00 6.000000000000000000e+00 7.000000000000000000e+00 1.000000000000000000e+01 7.500000000000000000e+00 7.500000000000000000e-01
1.000000000000000000e+01 1.300000000000000000e+01 9.000000000000000000e+00 9.000000000000000000e+00 9.000000000000000000e+00 9.000000000000000000e+00 8.000000000000000000e+00 6.000000000000000000e+00 1.025000000000000000e+01 8.000000000000000000e+00 7.804878048780488076e-01
1.400000000000000000e+01 1.000000000000000000e+01 1.300000000000000000e+01 9.000000000000000000e+00 9.000000000000000000e+00 9.000000000000000000e+00 9.000000000000000000e+00 8.000000000000000000e+00 1.150000000000000000e+01 8.750000000000000000e+00 7.608695652173913526e-01
1.300000000000000000e+01 1.400000000000000000e+01 1.000000000000000000e+01 1.300000000000000000e+01 9.000000000000000000e+00 9.000000000000000000e+00 9.000000000000000000e+00 9.000000000000000000e+00 1.250000000000000000e+01 9.000000000000000000e+00 7.199999999999999734e-01
1.800000000000000000e+01 1.300000000000000000e+01 1.400000000000000000e+01 1.000000000000000000e+01 1.300000000000000000e+01 9.000000000000000000e+00 9.000000000000000000e+00 9.000000000000000000e+00 1.375000000000000000e+01 1.000000000000000000e+01 7.272727272727272929e-01
1.300000000000000000e+01 1.800000000000000000e+01 1.300000000000000000e+01 1.400000000000000000e+01 1.000000000000000000e+01 1.300000000000000000e+01 9.000000000000000000e+00 9.000000000000000000e+00 1.450000000000000000e+01 1.025000000000000000e+01 7.068965517241379004e-01
1.000000000000000000e+01 1.300000000000000000e+01 1.800000000000000000e+01 1.300000000000000000e+01 1.400000000000000000e+01 1.000000000000000000e+01 1.300000000000000000e+01 9.000000000000000000e+00 1.350000000000000000e+01 1.150000000000000000e+01 8.518518518518518601e-01
3.500000000000000000e+01 1.000000000000000000e+01 1.300000000000000000e+01 1.800000000000000000e+01 1.300000000000000000e+01 1.400000000000000000e+01 1.000000000000000000e+01 1.300000000000000000e+01 1.900000000000000000e+01 1.250000000000000000e+01 6.578947368421053099e-01
2.000000000000000000e+01 3.500000000000000000e+01 1.000000000000000000e+01 1.300000000000000000e+01 1.800000000000000000e+01 1.300000000000000000e+01 1.400000000000000000e+01 1.000000000000000000e+01 1.950000000000000000e+01 1.375000000000000000e+01 7.051282051282051766e-01
1.900000000000000000e+01 2.000000000000000000e+01 3.500000000000000000e+01 1.000000000000000000e+01 1.300000000000000000e+01 1.800000000000000000e+01 1.300000000000000000e+01 1.400000000000000000e+01 2.100000000000000000e+01 1.450000000000000000e+01 6.904761904761904656e-01
1.500000000000000000e+01 1.900000000000000000e+01 2.000000000000000000e+01 3.500000000000000000e+01 1.000000000000000000e+01 1.300000000000000000e+01 1.800000000000000000e+01 1.300000000000000000e+01 2.225000000000000000e+01 1.350000000000000000e+01 6.067415730337079038e-01
1.100000000000000000e+01 1.500000000000000000e+01 1.900000000000000000e+01 2.000000000000000000e+01 3.500000000000000000e+01 1.000000000000000000e+01 1.300000000000000000e+01 1.800000000000000000e+01 1.625000000000000000e+01 1.900000000000000000e+01 1.169230769230769296e+00
1.700000000000000000e+01 1.100000000000000000e+01 1.500000000000000000e+01 1.900000000000000000e+01 2.000000000000000000e+01 3.500000000000000000e+01 1.000000000000000000e+01 1.300000000000000000e+01 1.550000000000000000e+01 1.950000000000000000e+01 1.258064516129032251e+00
1.300000000000000000e+01 1.700000000000000000e+01 1.100000000000000000e+01 1.500000000000000000e+01 1.900000000000000000e+01 2.000000000000000000e+01 3.500000000000000000e+01 1.000000000000000000e+01 1.400000000000000000e+01 2.100000000000000000e+01 1.500000000000000000e+00
1.200000000000000000e+01 1.300000000000000000e+01 1.700000000000000000e+01 1.100000000000000000e+01 1.500000000000000000e+01 1.900000000000000000e+01 2.000000000000000000e+01 3.500000000000000000e+01 1.325000000000000000e+01 2.225000000000000000e+01 1.679245283018867996e+00
1.500000000000000000e+01 1.200000000000000000e+01 1.300000000000000000e+01 1.700000000000000000e+01 1.100000000000000000e+01 1.500000000000000000e+01 1.900000000000000000e+01 2.000000000000000000e+01 1.425000000000000000e+01 1.625000000000000000e+01 1.140350877192982448e+00
1.100000000000000000e+01 1.500000000000000000e+01 1.200000000000000000e+01 1.300000000000000000e+01 1.700000000000000000e+01 1.100000000000000000e+01 1.500000000000000000e+01 1.900000000000000000e+01 1.275000000000000000e+01 1.550000000000000000e+01 1.215686274509803821e+00
