-1.000000000000000000e+08 -1.000000000000000000e+08 -1.000000000000000000e+08 -1.000000000000000000e+08 -1.000000000000000000e+08 -1.000000000000000000e+08 -1.000000000000000000e+08 -1.000000000000000000e+08
-1.000000000000000000e+08 -1.000000000000000000e+08 -1.000000000000000000e+08 -1.000000000000000000e+08 -1.000000000000000000e+08 -1.000000000000000000e+08 -1.000000000000000000e+08 -1.000000000000000000e+08
-1.000000000000000000e+08 -1.000000000000000000e+08 -1.000000000000000000e+08 -1.000000000000000000e+08 -1.000000000000000000e+08 -1.000000000000000000e+08 -1.000000000000000000e+08 -1.000000000000000000e+08
-1.000000000000000000e+08 -1.000000000000000000e+08 -1.000000000000000000e+08 -1.000000000000000000e+08 -1.000000000000000000e+08 -1.000000000000000000e+08 -1.000000000000000000e+08 -1.000000000000000000e+08
-1.000000000000000000e+08 -1.000000000000000000e+08 -1.000000000000000000e+08 -1.000000000000000000e+08 -1.000000000000000000e+08 -1.000000000000000000e+08 -1.000000000000000000e+08 -1.000000000000000000e+08
-1.000000000000000000e+08 -1.000000000000000000e+08 -1.000000000000000000e+08 -1.000000000000000000e+08 -1.000000000000000000e+08 -1.000000000000000000e+08 -1.000000000000000000e+08 -1.000000000000000000e+08
-1.000000000000000000e+08 -1.000000000000000000e+08 -1.000000000000000000e+08 -1.000000000000000000e+08 -1.000000000000000000e+08 -1.000000000000000000e+08 -1.000000000000000000e+08 -1.000000000000000000e+08
-1.000000000000000000e+08 -1.000000000000000000e+08 -1.000000000000000000e+08 -1.000000000000000000e+08 -1.000000000000000000e+08 -1.000000000000000000e+08 -1.000000000000000000e+08 -1.000000000000000000e+08
-1.000000000000000000e+08 -1.000000000000000000e+08 -1.000000000000000000e+08 -1.000000000000000000e+08 -1.000000000000000000e+08 -1.000000000000000000e+08 -1.000000000000000000e+08 -1.000000000000000000e+08
-1.000000000000000000e+08 -1.000000000000000000e+08 -1.000000000000000000e+08 -1.000000000000000000e+08 -1.000000000000000000e+08 -1.000000000000000000e+08 -1.000000000000000000e+08 -1.000000000000000000e+08
-1.000000000000000000e+08 -1.000000000000000000e+08 -1.000000000000000000e+08 -1.000000000000000000e+08 -1.000000000000000000e+08 -1.000000000000000000e+08 -1.000000000000000000e+08 -1.000000000000000000e+08
-1.000000000000000000e+08 -1.000000000000000000e+08 -1.000000000000000000e+08 -1.000000000000000000e+08 -1.000000000000000000e+08 -1.000000000000000000e+08 -1.000000000000000000e+08 -1.000000000000000000e+08
-1.000000000000000000e+08 -1.000000000000000000e+08 -1.000000000000000000e+08 -1.000000000000000000e+08 -1.000000000000000000e+08 -1.000000000000000000e+08 -1.000000000000000000e+08 -1.000000000000000000e+08
-1.000000000000000000e+08 -1.000000000000000000e+08 -1.000000000000000000e+08 -1.000000000000000000e+08 -1.000000000000000000e+08 -1.000000000000000000e+08 -1.000000000000000000e+08 -1.000000000000000000e+08
-1.000000000000000000e+08 -1.000000000000000000e+08 -1.000000000000000000e+08 -1.000000000000000000e+08 -1.000000000000000000e+08 -1.000000000000000000e+08 -1.000000000000000000e+08 -1.000000000000000000e+08
-1.000000000000000000e+08 -1.000000000000000000e+08 -1.000000000000000000e+08 -1.000000000000000000e+08 -1.000000000000000000e+08 -1.000000000000000000e+08 -1.000000000000000000e+08 -1.000000000000000000e+08
-1.000000000000000000e+08 -1.000000000000000000e+08 -1.000000000000000000e+08 -1.000000000000000000e+08 -1.000000000000000000e+08 -1.000000000000000000e+08 -1.000000000000000000e+08 -1.000000000000000000e+08
-1.000000000000000000e+08 -1.000000000000000000e+08 -1.000000000000000000e+08 -1.000000000000000000e+08 -1.000000000000000000e+08 -1.000000000000000000e+08 -1.000000000000000000e+08 -1.000000000000000000e+08
-1.000000000000000000e+08 -1.000000000000000000e+08 -1.000000000000000000e+08 -1.000000000000000000e+08 -1.000000000000000000e+08 -1.000000000000000000e+08 -1.000000000000000000e+08 -1.000000000000000000e+08
-1.000000000000000000e+08 -1.000000000000000000e+08 -1.000000000000000000e+08 -1.000000000000000000e+08 -1.000000000000000000e+08 -1.000000000000000000e+08 -1.000000000000000000e+08 -1.000000000000000000e+08
-1.000000000000000000e+08 -1.000000000000000000e+08 -1.000000000000000000e+08 -1.000000000000000000e+08 -1.000000000000000000e+08 -1.000000000000000000e+08 -1.000000000000000000e+08 -1.000000000000000000e+08
-1.000000000000000000e+08 -1.000000000000000000e+08 -1.000000000000000000e+08 -1.000000000000000000e+08 -1.000000000000000000e+08 -1.000000000000000000e+08 -1.000000000000000000e+08 -1.000000000000000000e+08
-1.000000000000000000e+08 -1.000000000000000000e+08 -1.000000000000000000e+08 -1.000000000000000000e+08 -1.000000000000000000e+08 -1.000000000000000000e+08 -1.000000000000000000e+08 -1.000000000000000000e+08
-1.000000000000000000e+08 -1.000000000000000000e+08 -1.000000000000000000e+08 -1.000000000000000000e+08 -1.000000000000000000e+08 -1.000000000000000000e+08 -1.000000000000000000e+08 -1.000000000000000000e+08
-1.000000000000000000e+08 -1.000000000000000000e+08 -1.000000000000000000e+08 -1.000000000000000000e+08 -1.000000000000000000e+08 -1.000000000000000000e+08 -1.000000000000000000e+08 -1.000000000000000000e+08
-1.000000000000000000e+08 -1.000000000000000000e+08 -1.000000000000000000e+08 -1.000000000000000000e+08 -1.000000000000000000e+08 -1.000000000000000000e+08 -1.000000000000000000e+08 -1.000000000000000000e+08
-1.000000000000000000e+08 -1.000000000000000000e+08 -1.000000000000000000e+08 -1.000000000000000000e+08 -1.000000000000000000e+08 -1.000000000000000000e+08 -1.000000000000000000e+08 -1.000000000000000000e+08
-1.000000000000000000e+08 -1.000000000000000000e+08 -1.000000000000000000e+08 -1.000000000000000000e+08 -1.000000000000000000e+08 -1.000000000000000000e+08 -1.000000000000000000e+08 -1.000000000000000000e+08
-1.000000000000000000e+08 -1.000000000000000000e+08 -1.000000000000000000e+08 -1.000000000000000000e+08 -1.000000000000000000e+08 -1.000000000000000000e+08 -1.000000000000000000e+08 -1.000000000000000000e+08
-1.000000000000000000e+08 -1.000000000000000000e+08 -1.000000000000000000e+08 -1.000000000000000000e+08 -1.000000000000000000e+08 -1.000000000000000000e+08 -1.000000000000000000e+08 -1.000000000000000000e+08
-1.000000000000000000e+08 -1.000000000000000000e+08 -1.000000000000000000e+08 -1.000000000000000000e+08 -1.000000000000000000e+08 -1.000000000000000000e+08 -1.000000000000000000e+08 -1.000000000000000000e+08
-1.000000000000000000e+08 -1.000000000000000000e+08 -1.000000000000000000e+08 -1.000000000000000000e+08 -1.000000000000000000e+08 -1.000000000000000000e+08 -1.000000000000000000e+08 -1.000000000000000000e+08
-1.000000000000000000e+08 -1.000000000000000000e+08 -1.000000000000000000e+08 -1.000000000000000000e+08 -1.000000000000000000e+08 -1.000000000000000000e+08 -1.000000000000000000e+08 -1.000000000000000000e+08
-1.000000000000000000e+08 -1.000000000000000000e+08 -1.000000000000000000e+08 -1.000000000000000000e+08 -1.000000000000000000e+08 -1.000000000000000000e+08 -1.000000000000000000e+08 -1.000000000000000000e+08
-1.000000000000000000e+08 -1.000000000000000000e+08 -1.000000000000000000e+08 -1.000000000000000000e+08 -1.000000000000000000e+08 -1.000000000000000000e+08 -1.000000000000000000e+08 -1.000000000000000000e+08
-1.000000000000000000e+08 -1.000000000000000000e+08 -1.000000000000000000e+08 -1.000000000000000000e+08 -1.000000000000000000e+08 -1.000000000000000000e+08 -1.000000000000000000e+08 -1.000000000000000000e+08
-1.000000000000000000e+08 -1.000000000000000000e+08 -1.000000000000000000e+08 -1.000000000000000000e+08 -1.000000000000000000e+08 -1.000000000000000000e+08 -1.000000000000000000e+08 -1.000000000000000000e+08
-1.000000000000000000e+08 -1.000000000000000000e+08 -1.000000000000000000e+08 -1.000000000000000000e+08 -1.000000000000000000e+08 -1.000000000000000000e+08 -1.000000000000000000e+08 -1.000000000000000000e+08
-1.000000000000000000e+08 -1.000000000000000000e+08 -1.000000000000000000e+08 -1.000000000000000000e+08 -1.000000000000000000e+08 -1.000000000000000000e+08 -1.000000000000000000e+08 -1.000000000000000000e+08
-1.000000000000000000e+08 -1.000000000000000000e+08 -1.000000000000000000e+08 -1.000000000000000000e+08 -1.000000000000000000e+08 -1.000000000000000000e+08 -1.000000000000000000e+08 -1.000000000000000000e+08
-1.000000000000000000e+08 -1.000000000000000000e+08 -1.000000000000000000e+08 -1.000000000000000000e+08 -1.000000000000000000e+08 -1.000000000000000000e+08 -1.000000000000000000e+08 -1.000000000000000000e+08
-1.000000000000000000e+08 -1.000000000000000000e+08 -1.000000000000000000e+08 -1.000000000000000000e+08 -1.000000000000000000e+08 -1.000000000000000000e+08 -1.000000000000000000e+08 -1.000000000000000000e+08
-1.000000000000000000e+08 -1.000000000000000000e+08 -1.000000000000000000e+08 -1.000000000000000000e+08 -1.000000000000000000e+08 -1.000000000000000000e+08 -1.000000000000000000e+08 -1.000000000000000000e+08
-1.000000000000000000e+08 -1.000000000000000000e+08 -1.000000000000000000e+08 -1.000000000000000000e+08 -1.000000000000000000e+08 -1.000000000000000000e+08 -1.000000000000000000e+08 -1.000000000000000000e+08
-1.000000000000000000e+08 -1.000000000000000000e+08 -1.000000000000000000e+08 -1.000000000000000000e+08 -1.000000000000000000e+08 -1.000000000000000000e+08 -1.000000000000000000e+08 -1.000000000000000000e+08
-1.000000000000000000e+08 -1.000000000000000000e+08 -1.000000000000000000e+08 -1.000000000000000000e+08 -1.000000000000000000e+08 -1.000000000000000000e+08 -1.000000000000000000e+08 -1.000000000000000000e+08
-1.000000000000000000e+08 -1.000000000000000000e+08 -1.000000000000000000e+08 -1.000000000000000000e+08 -1.000000000000000000e+08 -1.000000000000000000e+08 -1.000000000000000000e+08 -1.000000000000000000e+08
-1.000000000000000000e+08 -1.000000000000000000e+08 -1.000000000000000000e+08 -1.000000000000000000e+08 -1.000000000000000000e+08 -1.000000000000000000e+08 -1.000000000000000000e+08 -1.000000000000000000e+08
-1.000000000000000000e+08 -1.000000000000000000e+08 -1.000000000000000000e+08 -1.000000000000000000e+08 -1.000000000000000000e+08 -1.000000000000000000e+08 -1.000000000000000000e+08 -1.000000000000000000e+08
-1.000000000000000000e+08 -1.000000000000000000e+08 -1.000000000000000000e+08 -1.000000000000000000e+08 -1.000000000000000000e+08 -1.000000000000000000e+08 -1.000000000000000000e+08 -1.000000000000000000e+08
-1.000000000000000000e+08 -1.000000000000000000e+08 -1.000000000000000000e+08 -1.000000000000000000e+08 -1.000000000000000000e+08 -1.000000000000000000e+08 -1.000000000000000000e+08 -1.000000000000000000e+08
-1.000000000000000000e+08 -1.000000000000000000e+08 -1.000000000000000000e+08 -1.000000000000000000e+08 -1.000000000000000000e+08 -1.000000000000000000e+08 -1.000000000000000000e+08 -1.000000000000000000e+08
-1.000000000000000000e+08 -1.000000000000000000e+08 -1.000000000000000000e+08 -1.000000000000000000e+08 -1.000000000000000000e+08 -1.000000000000000000e+08 -1.000000000000000000e+08 -1.000000000000000000e+08
-1.000000000000000000e+08 -1.000000000000000000e+08 -1.000000000000000000e+08 -1.000000000000000000e+08 -1.000000000000000000e+08 -1.000000000000000000e+08 -1.000000000000000000e+08 -1.000000000000000000e+08
-1.000000000000000000e+08 -1.000000000000000000e+08 -1.000000000000000000e+08 -1.000000000000000000e+08 -1.000000000000000000e+08 -1.000000000000000000e+08 -1.000000000000000000e+08 -1.000000000000000000e+08
-1.000000000000000000e+08 -1.000000000000000000e+08 -1.000000000000000000e+08 -1.000000000000000000e+08 -1.000000000000000000e+08 -1.000000000000000000e+08 -1.000000000000000000e+08 -1.000000000000000000e+08
-1.000000000000000000e+08 -1.000000000000000000e+08 -1.000000000000000000e+08 -1.000000000000000000e+08 -1.000000000000000000e+08 -1.000000000000000000e+08 -1.000000000000000000e+08 -1.000000000000000000e+08
-1.000000000000000000e+08 -1.000000000000000000e+08 -1.000000000000000000e+08 -1.000000000000000000e+08 -1.000000000000000000e+08 -1.000000000000000000e+08 -1.000000000000000000e+08 -1.000000000000000000e+08
-1.000000000000000000e+08 -1.000000000000000000e+08 -1.000000000000000000e+08 -1.000000000000000000e+08 -1.000000000000000000e+08 -1.000000000000000000e+08 -1.000000000000000000e+08 -1.000000000000000000e+08
-1.000000000000000000e+08 -1.000000000000000000e+08 -1.000000000000000000e+08 -1.000000000000000000e+08 -1.000000000000000000e+08 -1.000000000000000000e+08 -1.000000000000000000e+08 -1.000000000000000000e+08
-1.000000000000000000e+08 -1.000000000000000000e+08 -1.000000000000000000e+08 -1.000000000000000000e+08 -1.000000000000000000e+08 -1.000000000000000000e+08 -1.000000000000000000e+08 -1.000000000000000000e+08
-1.000000000000000000e+08 -1.000000000000000000e+08 -1.000000000000000000e+08 -1.000000000000000000e+08 -1.000000000000000000e+08 -1.000000000000000000e+08 -1.000000000000000000e+08 -1.000000000000000000e+08
-1.000000000000000000e+08 -1.000000000000000000e+08 -1.000000000000000000e+08 -1.000000000000000000e+08 -1.000000000000000000e+08 -1.000000000000000000e+08 -1.000000000000000000e+08 -1.000000000000000000e+08
-1.000000000000000000e+08 -1.000000000000000000e+08 -1.000000000000000000e+08 -1.000000000000000000e+08 -1.000000000000000000e+08 -1.000000000000000000e+08 -1.000000000000000000e+08 -1.000000000000000000e+08
-1.000000000000000000e+08 -1.000000000000000000e+08 -1.000000000000000000e+08 -1.000000000000000000e+08 -1.000000000000000000e+08 -1.000000000000000000e+08 -1.000000000000000000e+08 -1.000000000000000000e+08
4.810000000000000142e+01 -1.000000000000000000e+08 -1.000000000000000000e+08 -1.000000000000000000e+08 -1.000000000000000000e+08 -1.000000000000000000e+08 -1.000000000000000000e+08 -1.000000000000000000e+08
5.050000000000000000e+01 4.810000000000000142e+01 -1.000000000000000000e+08 -1.000000000000000000e+08 -1.000000000000000000e+08 -1.000000000000000000e+08 -1.000000000000000000e+08 -1.000000000000000000e+08
5.000000000000000000e+01 5.050000000000000000e+01 4.810000000000000142e+01 -1.000000000000000000e+08 -1.000000000000000000e+08 -1.000000000000000000e+08 -1.000000000000000000e+08 -1.000000000000000000e+08
4.076666666666667282e+01 5.000000000000000000e+01 5.050000000000000000e+01 4.810000000000000142e+01 -1.000000000000000000e+08 -1.000000000000000000e+08 -1.000000000000000000e+08 -1.000000000000000000e+08
4.153333333333333144e+01 4.076666666666667282e+01 5.000000000000000000e+01 5.050000000000000000e+01 4.810000000000000142e+01 -1.000000000000000000e+08 -1.000000000000000000e+08 -1.000000000000000000e+08
4.479999999999999005e+01 4.153333333333333144e+01 4.076666666666667282e+01 5.000000000000000000e+01 5.050000000000000000e+01 4.810000000000000142e+01 -1.000000000000000000e+08 -1.000000000000000000e+08
4.886666666666666714e+01 4.479999999999999005e+01 4.153333333333333144e+01 4.076666666666667282e+01 5.000000000000000000e+01 5.050000000000000000e+01 4.810000000000000142e+01 -1.000000000000000000e+08
5.003333333333333144e+01 4.886666666666666714e+01 4.479999999999999005e+01 4.153333333333333144e+01 4.076666666666667282e+01 5.000000000000000000e+01 5.050000000000000000e+01 4.810000000000000142e+01
5.120000000000000995e+01 5.003333333333333144e+01 4.886666666666666714e+01 4.479999999999999005e+01 4.153333333333333144e+01 4.076666666666667282e+01 5.000000000000000000e+01 5.050000000000000000e+01
5.523333333333332718e+01 5.120000000000000995e+01 5.003333333333333144e+01 4.886666666666666714e+01 4.479999999999999005e+01 4.153333333333333144e+01 4.076666666666667282e+01 5.000000000000000000e+01
5.369999999999999574e+01 5.523333333333332718e+01 5.120000000000000995e+01 5.003333333333333144e+01 4.886666666666666714e+01 4.479999999999999005e+01 4.153333333333333144e+01 4.076666666666667282e+01
5.633333333333333570e+01 5.369999999999999574e+01 5.523333333333332718e+01 5.120000000000000995e+01 5.003333333333333144e+01 4.886666666666666714e+01 4.479999999999999005e+01 4.153333333333333144e+01
5.650000000000000000e+01 5.633333333333333570e+01 5.369999999999999574e+01 5.523333333333332718e+01 5.120000000000000995e+01 5.003333333333333144e+01 4.886666666666666714e+01 4.479999999999999005e+01
5.483333333333333570e+01 5.650000000000000000e+01 5.633333333333333570e+01 5.369999999999999574e+01 5.523333333333332718e+01 5.120000000000000995e+01 5.003333333333333144e+01 4.886666666666666714e+01
5.353333333333333854e+01 5.483333333333333570e+01 5.650000000000000000e+01 5.633333333333333570e+01 5.369999999999999574e+01 5.523333333333332718e+01 5.120000000000000995e+01 5.003333333333333144e+01
5.289999999999999858e+01 5.353333333333333854e+01 5.483333333333333570e+01 5.650000000000000000e+01 5.633333333333333570e+01 5.369999999999999574e+01 5.523333333333332718e+01 5.120000000000000995e+01
5.519999999999999574e+01 5.289999999999999858e+01 5.353333333333333854e+01 5.483333333333333570e+01 5.650000000000000000e+01 5.633333333333333570e+01 5.369999999999999574e+01 5.523333333333332718e+01
5.406666666666666288e+01 5.519999999999999574e+01 5.289999999999999858e+01 5.353333333333333854e+01 5.483333333333333570e+01 5.650000000000000000e+01 5.633333333333333570e+01 5.369999999999999574e+01
5.400000000000000000e+01 5.406666666666666288e+01 5.519999999999999574e+01 5.289999999999999858e+01 5.353333333333333854e+01 5.483333333333333570e+01 5.650000000000000000e+01 5.633333333333333570e+01
5.510000000000000142e+01 5.400000000000000000e+01 5.406666666666666288e+01 5.519999999999999574e+01 5.289999999999999858e+01 5.353333333333333854e+01 5.483333333333333570e+01 5.650000000000000000e+01
5.473333333333332718e+01 5.510000000000000142e+01 5.400000000000000000e+01 5.406666666666666288e+01 5.519999999999999574e+01 5.289999999999999858e+01 5.353333333333333854e+01 5.483333333333333570e+01
5.373333333333332718e+01 5.473333333333332718e+01 5.510000000000000142e+01 5.400000000000000000e+01 5.406666666666666288e+01 5.519999999999999574e+01 5.289999999999999858e+01 5.353333333333333854e+01
5.610000000000000142e+01 5.373333333333332718e+01 5.473333333333332718e+01 5.510000000000000142e+01 5.400000000000000000e+01 5.406666666666666288e+01 5.519999999999999574e+01 5.289999999999999858e+01
5.406666666666666288e+01 5.610000000000000142e+01 5.373333333333332718e+01 5.473333333333332718e+01 5.510000000000000142e+01 5.400000000000000000e+01 5.406666666666666288e+01 5.519999999999999574e+01
5.289999999999999858e+01 5.406666666666666288e+01 5.610000000000000142e+01 5.373333333333332718e+01 5.473333333333332718e+01 5.510000000000000142e+01 5.400000000000000000e+01 5.406666666666666288e+01
5.583333333333333570e+01 5.289999999999999858e+01 5.406666666666666288e+01 5.610000000000000142e+01 5.373333333333332718e+01 5.473333333333332718e+01 5.510000000000000142e+01 5.400000000000000000e+01
5.896666666666666856e+01 5.583333333333333570e+01 5.289999999999999858e+01 5.406666666666666288e+01 5.610000000000000142e+01 5.373333333333332718e+01 5.473333333333332718e+01 5.510000000000000142e+01
5.753333333333333854e+01 5.896666666666666856e+01 5.583333333333333570e+01 5.289999999999999858e+01 5.406666666666666288e+01 5.610000000000000142e+01 5.373333333333332718e+01 5.473333333333332718e+01
5.669999999999999574e+01 5.753333333333333854e+01 5.896666666666666856e+01 5.583333333333333570e+01 5.289999999999999858e+01 5.406666666666666288e+01 5.610000000000000142e+01 5.373333333333332718e+01
5.650000000000000000e+01 5.669999999999999574e+01 5.753333333333333854e+01 5.896666666666666856e+01 5.583333333333333570e+01 5.289999999999999858e+01 5.406666666666666288e+01 5.610000000000000142e+01
5.873333333333332718e+01 5.650000000000000000e+01 5.669999999999999574e+01 5.753333333333333854e+01 5.896666666666666856e+01 5.583333333333333570e+01 5.289999999999999858e+01 5.406666666666666288e+01
5.676666666666667282e+01 5.873333333333332718e+01 5.650000000000000000e+01 5.669999999999999574e+01 5.753333333333333854e+01 5.896666666666666856e+01 5.583333333333333570e+01 5.289999999999999858e+01
5.423333333333332718e+01 5.676666666666667282e+01 5.873333333333332718e+01 5.650000000000000000e+01 5.669999999999999574e+01 5.753333333333333854e+01 5.896666666666666856e+01 5.583333333333333570e+01
5.513333333333333286e+01 5.423333333333332718e+01 5.676666666666667282e+01 5.873333333333332718e+01 5.650000000000000000e+01 5.669999999999999574e+01 5.753333333333333854e+01 5.896666666666666856e+01
5.439999999999999858e+01 5.513333333333333286e+01 5.423333333333332718e+01 5.676666666666667282e+01 5.873333333333332718e+01 5.650000000000000000e+01 5.669999999999999574e+01 5.753333333333333854e+01
5.580000000000000426e+01 5.439999999999999858e+01 5.513333333333333286e+01 5.423333333333332718e+01 5.676666666666667282e+01 5.873333333333332718e+01 5.650000000000000000e+01 5.669999999999999574e+01
5.643333333333333712e+01 5.580000000000000426e+01 5.439999999999999858e+01 5.513333333333333286e+01 5.423333333333332718e+01 5.676666666666667282e+01 5.873333333333332718e+01 5.650000000000000000e+01
5.726666666666667282e+01 5.643333333333333712e+01 5.580000000000000426e+01 5.439999999999999858e+01 5.513333333333333286e+01 5.423333333333332718e+01 5.676666666666667282e+01 5.873333333333332718e+01
