7.783000000000000000e+03 2.110000000000000000e+02 -4.508000000000000000e+03 -3.880000000000000000e+03 -2.834000000000000000e+03 5.467000000000000000e+03 8.425000000000000000e+03 3.489000000000000000e+03 -9.850000000000000000e+01 2.889699999999999818e+03 -2.933705583756345092e+01
6.200000000000000000e+01 7.783000000000000000e+03 2.110000000000000000e+02 -4.508000000000000000e+03 -3.880000000000000000e+03 -2.834000000000000000e+03 5.467000000000000000e+03 8.425000000000000000e+03 8.870000000000000000e+02 1.613000000000000000e+03 1.818489289740699011e+00
5.802000000000000000e+03 6.200000000000000000e+01 7.783000000000000000e+03 2.110000000000000000e+02 -4.508000000000000000e+03 -3.880000000000000000e+03 -2.834000000000000000e+03 5.467000000000000000e+03 3.464500000000000000e+03 -4.581000000000000227e+02 -1.322268725645836529e-01
5.128000000000000000e+03 5.802000000000000000e+03 6.200000000000000000e+01 7.783000000000000000e+03 2.110000000000000000e+02 -4.508000000000000000e+03 -3.880000000000000000e+03 -2.834000000000000000e+03 4.693750000000000000e+03 -1.263450000000000045e+03 -2.691770972037283993e-01
5.336000000000000000e+03 5.128000000000000000e+03 5.802000000000000000e+03 6.200000000000000000e+01 7.783000000000000000e+03 2.110000000000000000e+02 -4.508000000000000000e+03 -3.880000000000000000e+03 4.082000000000000000e+03 7.376000000000000227e+02 1.806957373836354797e-01
8.985000000000000000e+03 5.336000000000000000e+03 5.128000000000000000e+03 5.802000000000000000e+03 6.200000000000000000e+01 7.783000000000000000e+03 2.110000000000000000e+02 -4.508000000000000000e+03 6.312750000000000000e+03 1.972150000000000091e+03 3.124074294087362813e-01
6.026000000000000000e+03 8.985000000000000000e+03 5.336000000000000000e+03 5.128000000000000000e+03 5.802000000000000000e+03 6.200000000000000000e+01 7.783000000000000000e+03 2.110000000000000000e+02 6.368750000000000000e+03 4.045349999999999909e+03 6.351874386653582061e-01
1.650000000000000000e+03 6.026000000000000000e+03 8.985000000000000000e+03 5.336000000000000000e+03 5.128000000000000000e+03 5.802000000000000000e+03 6.200000000000000000e+01 7.783000000000000000e+03 5.499250000000000000e+03 4.854850000000000364e+03 8.828203845978997988e-01
4.153000000000000000e+03 1.650000000000000000e+03 6.026000000000000000e+03 8.985000000000000000e+03 5.336000000000000000e+03 5.128000000000000000e+03 5.802000000000000000e+03 6.200000000000000000e+01 5.203500000000000000e+03 4.306300000000000182e+03 8.275775920053810575e-01
1.134100000000000000e+04 4.153000000000000000e+03 1.650000000000000000e+03 6.026000000000000000e+03 8.985000000000000000e+03 5.336000000000000000e+03 5.128000000000000000e+03 5.802000000000000000e+03 5.792500000000000000e+03 6.208699999999999818e+03 1.071851532153647035e+00
2.035300000000000000e+04 1.134100000000000000e+04 4.153000000000000000e+03 1.650000000000000000e+03 6.026000000000000000e+03 8.985000000000000000e+03 5.336000000000000000e+03 5.128000000000000000e+03 9.374250000000000000e+03 6.969850000000000364e+03 7.435101474784650000e-01
1.330600000000000000e+04 2.035300000000000000e+04 1.134100000000000000e+04 4.153000000000000000e+03 1.650000000000000000e+03 6.026000000000000000e+03 8.985000000000000000e+03 5.336000000000000000e+03 1.228825000000000000e+04 6.857050000000000182e+03 5.580168046711289076e-01
1.878600000000000000e+04 1.330600000000000000e+04 2.035300000000000000e+04 1.134100000000000000e+04 4.153000000000000000e+03 1.650000000000000000e+03 6.026000000000000000e+03 8.985000000000000000e+03 1.594650000000000000e+04 7.352100000000000364e+03 4.610478788448876264e-01
1.529500000000000000e+04 1.878600000000000000e+04 1.330600000000000000e+04 2.035300000000000000e+04 1.134100000000000000e+04 4.153000000000000000e+03 1.650000000000000000e+03 6.026000000000000000e+03 1.693500000000000000e+04 8.021000000000000000e+03 4.736344847948036341e-01
8.440000000000000000e+03 1.529500000000000000e+04 1.878600000000000000e+04 1.330600000000000000e+04 2.035300000000000000e+04 1.134100000000000000e+04 4.153000000000000000e+03 1.650000000000000000e+03 1.395675000000000000e+04 1.029075000000000000e+04 7.373313987855338869e-01
2.832000000000000000e+03 8.440000000000000000e+03 1.529500000000000000e+04 1.878600000000000000e+04 1.330600000000000000e+04 2.035300000000000000e+04 1.134100000000000000e+04 4.153000000000000000e+03 1.133825000000000000e+04 1.209825000000000000e+04 1.067029744449099260e+00
4.608000000000000000e+03 2.832000000000000000e+03 8.440000000000000000e+03 1.529500000000000000e+04 1.878600000000000000e+04 1.330600000000000000e+04 2.035300000000000000e+04 1.134100000000000000e+04 7.793750000000000000e+03 1.431595000000000073e+04 1.836850040096231096e+00
1.720000000000000000e+03 4.608000000000000000e+03 2.832000000000000000e+03 8.440000000000000000e+03 1.529500000000000000e+04 1.878600000000000000e+04 1.330600000000000000e+04 2.035300000000000000e+04 4.400000000000000000e+03 1.442800000000000000e+04 3.279090909090909278e+00
7.630000000000000000e+03 1.720000000000000000e+03 4.608000000000000000e+03 2.832000000000000000e+03 8.440000000000000000e+03 1.529500000000000000e+04 1.878600000000000000e+04 1.330600000000000000e+04 4.197500000000000000e+03 1.200489999999999964e+04 2.860011911852292865e+00
1.276800000000000000e+04 7.630000000000000000e+03 1.720000000000000000e+03 4.608000000000000000e+03 2.832000000000000000e+03 8.440000000000000000e+03 1.529500000000000000e+04 1.878600000000000000e+04 6.681500000000000000e+03 1.040689999999999964e+04 1.557569408067050798e+00
8.681000000000000000e+03 1.276800000000000000e+04 7.630000000000000000e+03 1.720000000000000000e+03 4.608000000000000000e+03 2.832000000000000000e+03 8.440000000000000000e+03 1.529500000000000000e+04 7.699750000000000000e+03 7.774949999999999818e+03 1.009766550862041035e+00
1.244000000000000000e+04 8.681000000000000000e+03 1.276800000000000000e+04 7.630000000000000000e+03 1.720000000000000000e+03 4.608000000000000000e+03 2.832000000000000000e+03 8.440000000000000000e+03 1.037975000000000000e+04 5.595949999999999818e+03 5.391218478287048699e-01
2.209700000000000000e+04 1.244000000000000000e+04 8.681000000000000000e+03 1.276800000000000000e+04 7.630000000000000000e+03 1.720000000000000000e+03 4.608000000000000000e+03 2.832000000000000000e+03 1.399650000000000000e+04 6.157300000000000182e+03 4.399171221376773078e-01
1.698700000000000000e+04 2.209700000000000000e+04 1.244000000000000000e+04 8.681000000000000000e+03 1.276800000000000000e+04 7.630000000000000000e+03 1.720000000000000000e+03 4.608000000000000000e+03 1.505125000000000000e+04 8.355450000000000728e+03 5.551332945768624461e-01
1.941600000000000000e+04 1.698700000000000000e+04 2.209700000000000000e+04 1.244000000000000000e+04 8.681000000000000000e+03 1.276800000000000000e+04 7.630000000000000000e+03 1.720000000000000000e+03 1.773500000000000000e+04 9.706799999999999272e+03 5.473244995771073818e-01
2.627500000000000000e+04 1.941600000000000000e+04 1.698700000000000000e+04 2.209700000000000000e+04 1.244000000000000000e+04 8.681000000000000000e+03 1.276800000000000000e+04 7.630000000000000000e+03 2.119375000000000000e+04 1.254254999999999927e+04 5.918041875552934039e-01
9.335000000000000000e+03 2.627500000000000000e+04 1.941600000000000000e+04 1.698700000000000000e+04 2.209700000000000000e+04 1.244000000000000000e+04 8.681000000000000000e+03 1.276800000000000000e+04 1.800325000000000000e+04 1.479785000000000036e+04 8.219543693499784531e-01
1.310500000000000000e+04 9.335000000000000000e+03 2.627500000000000000e+04 1.941600000000000000e+04 1.698700000000000000e+04 2.209700000000000000e+04 1.244000000000000000e+04 8.681000000000000000e+03 1.703275000000000000e+04 1.544754999999999927e+04 9.069322334913622052e-01
1.500400000000000000e+04 1.310500000000000000e+04 9.335000000000000000e+03 2.627500000000000000e+04 1.941600000000000000e+04 1.698700000000000000e+04 2.209700000000000000e+04 1.244000000000000000e+04 1.592975000000000000e+04 1.737395000000000073e+04 1.090660556505908874e+00
2.084900000000000000e+04 1.500400000000000000e+04 1.310500000000000000e+04 9.335000000000000000e+03 2.627500000000000000e+04 1.941600000000000000e+04 1.698700000000000000e+04 2.209700000000000000e+04 1.457325000000000000e+04 1.986965000000000146e+04 1.363433002247268266e+00
8.778000000000000000e+03 2.084900000000000000e+04 1.500400000000000000e+04 1.310500000000000000e+04 9.335000000000000000e+03 2.627500000000000000e+04 1.941600000000000000e+04 1.698700000000000000e+04 1.443400000000000000e+04 1.728940000000000146e+04 1.197824580850769038e+00
1.012900000000000000e+04 8.778000000000000000e+03 2.084900000000000000e+04 1.500400000000000000e+04 1.310500000000000000e+04 9.335000000000000000e+03 2.627500000000000000e+04 1.941600000000000000e+04 1.369000000000000000e+04 1.636420000000000073e+04 1.195339663988312706e+00
2.106000000000000000e+04 1.012900000000000000e+04 8.778000000000000000e+03 2.084900000000000000e+04 1.500400000000000000e+04 1.310500000000000000e+04 9.335000000000000000e+03 2.627500000000000000e+04 1.520400000000000000e+04 1.578460000000000036e+04 1.038187319126545605e+00
4.039000000000000000e+03 2.106000000000000000e+04 1.012900000000000000e+04 8.778000000000000000e+03 2.084900000000000000e+04 1.500400000000000000e+04 1.310500000000000000e+04 9.335000000000000000e+03 1.100150000000000000e+04 1.385889999999999964e+04 1.259728218879243800e+00
2.261100000000000000e+04 4.039000000000000000e+03 2.106000000000000000e+04 1.012900000000000000e+04 8.778000000000000000e+03 2.084900000000000000e+04 1.500400000000000000e+04 1.310500000000000000e+04 1.445975000000000000e+04 1.443914999999999964e+04 9.985753557288334914e-01
1.430800000000000000e+04 2.261100000000000000e+04 4.039000000000000000e+03 2.106000000000000000e+04 1.012900000000000000e+04 8.778000000000000000e+03 2.084900000000000000e+04 1.500400000000000000e+04 1.550450000000000000e+04 1.405289999999999964e+04 9.063755683833725207e-01
1.358600000000000000e+04 1.430800000000000000e+04 2.261100000000000000e+04 4.039000000000000000e+03 2.106000000000000000e+04 1.012900000000000000e+04 8.778000000000000000e+03 2.084900000000000000e+04 1.363600000000000000e+04 1.489039999999999964e+04 1.091991786447638502e+00
-7.658000000000000000e+03 1.358600000000000000e+04 1.430800000000000000e+04 2.261100000000000000e+04 4.039000000000000000e+03 2.106000000000000000e+04 1.012900000000000000e+04 8.778000000000000000e+03 1.071175000000000000e+04 1.094354999999999927e+04 1.021639788083179567e+00
-2.890000000000000000e+03 -7.658000000000000000e+03 1.358600000000000000e+04 1.430800000000000000e+04 2.261100000000000000e+04 4.039000000000000000e+03 2.106000000000000000e+04 1.012900000000000000e+04 4.336500000000000000e+03 1.243510000000000036e+04 2.867542949383143025e+00
-7.529000000000000000e+03 -2.890000000000000000e+03 -7.658000000000000000e+03 1.358600000000000000e+04 1.430800000000000000e+04 2.261100000000000000e+04 4.039000000000000000e+03 2.106000000000000000e+04 -1.122750000000000000e+03 1.217904999999999927e+04 -1.084751725673569211e+01
-2.020700000000000000e+04 -7.529000000000000000e+03 -2.890000000000000000e+03 -7.658000000000000000e+03 1.358600000000000000e+04 1.430800000000000000e+04 2.261100000000000000e+04 4.039000000000000000e+03 -9.571000000000000000e+03 8.994600000000000364e+03 -9.397764078988611880e-01
-5.400000000000000000e+01 -2.020700000000000000e+04 -7.529000000000000000e+03 -2.890000000000000000e+03 -7.658000000000000000e+03 1.358600000000000000e+04 1.430800000000000000e+04 2.261100000000000000e+04 -7.670000000000000000e+03 7.035399999999999636e+03 -9.172620599739242930e-01
4.780000000000000000e+03 -5.400000000000000000e+01 -2.020700000000000000e+04 -7.529000000000000000e+03 -2.890000000000000000e+03 -7.658000000000000000e+03 1.358600000000000000e+04 1.430800000000000000e+04 -5.752500000000000000e+03 2.318699999999999818e+03 -4.030769230769230549e-01
6.323000000000000000e+03 4.780000000000000000e+03 -5.400000000000000000e+01 -2.020700000000000000e+04 -7.529000000000000000e+03 -2.890000000000000000e+03 -7.658000000000000000e+03 1.358600000000000000e+04 -2.289500000000000000e+03 -1.356099999999999909e+03 5.923127320375627392e-01
7.451000000000000000e+03 6.323000000000000000e+03 4.780000000000000000e+03 -5.400000000000000000e+01 -2.020700000000000000e+04 -7.529000000000000000e+03 -2.890000000000000000e+03 -7.658000000000000000e+03 4.625000000000000000e+03 -6.731800000000000182e+03 -1.455524324324324326e+00
7.751000000000000000e+03 7.451000000000000000e+03 6.323000000000000000e+03 4.780000000000000000e+03 -5.400000000000000000e+01 -2.020700000000000000e+04 -7.529000000000000000e+03 -2.890000000000000000e+03 6.576250000000000000e+03 -4.820750000000000000e+03 -7.330545523664702134e-01
-9.700000000000000000e+01 7.751000000000000000e+03 7.451000000000000000e+03 6.323000000000000000e+03 4.780000000000000000e+03 -5.400000000000000000e+01 -2.020700000000000000e+04 -7.529000000000000000e+03 5.357000000000000000e+03 -3.530599999999999909e+03 -6.590629083442225422e-01
2.032000000000000000e+03 -9.700000000000000000e+01 7.751000000000000000e+03 7.451000000000000000e+03 6.323000000000000000e+03 4.780000000000000000e+03 -5.400000000000000000e+01 -2.020700000000000000e+04 4.284250000000000000e+03 -9.747500000000000000e+02 -2.275194024625080136e-01
9.600000000000000000e+03 2.032000000000000000e+03 -9.700000000000000000e+01 7.751000000000000000e+03 7.451000000000000000e+03 6.323000000000000000e+03 4.780000000000000000e+03 -5.400000000000000000e+01 4.821500000000000000e+03 4.664300000000000182e+03 9.673960385772063519e-01
1.221800000000000000e+04 9.600000000000000000e+03 2.032000000000000000e+03 -9.700000000000000000e+01 7.751000000000000000e+03 7.451000000000000000e+03 6.323000000000000000e+03 4.780000000000000000e+03 5.938250000000000000e+03 6.448649999999999636e+03 1.085951248263377300e+00
1.905900000000000000e+04 1.221800000000000000e+04 9.600000000000000000e+03 2.032000000000000000e+03 -9.700000000000000000e+01 7.751000000000000000e+03 7.451000000000000000e+03 6.323000000000000000e+03 1.072725000000000000e+04 6.431050000000000182e+03 5.995059311566338645e-01
1.557100000000000000e+04 1.905900000000000000e+04 1.221800000000000000e+04 9.600000000000000000e+03 2.032000000000000000e+03 -9.700000000000000000e+01 7.751000000000000000e+03 7.451000000000000000e+03 1.411200000000000000e+04 6.249800000000000182e+03 4.428713151927437530e-01
1.701200000000000000e+04 1.557100000000000000e+04 1.905900000000000000e+04 1.221800000000000000e+04 9.600000000000000000e+03 2.032000000000000000e+03 -9.700000000000000000e+01 7.751000000000000000e+03 1.596500000000000000e+04 7.050199999999999818e+03 4.416035076730347453e-01
2.487600000000000000e+04 1.701200000000000000e+04 1.557100000000000000e+04 1.905900000000000000e+04 1.221800000000000000e+04 9.600000000000000000e+03 2.032000000000000000e+03 -9.700000000000000000e+01 1.912950000000000000e+04 8.576500000000000000e+03 4.483389529261088691e-01
7.657000000000000000e+03 2.487600000000000000e+04 1.701200000000000000e+04 1.557100000000000000e+04 1.905900000000000000e+04 1.221800000000000000e+04 9.600000000000000000e+03 2.032000000000000000e+03 1.627900000000000000e+04 1.183760000000000036e+04 7.271699735856010927e-01
4.485000000000000000e+03 7.657000000000000000e+03 2.487600000000000000e+04 1.701200000000000000e+04 1.557100000000000000e+04 1.905900000000000000e+04 1.221800000000000000e+04 9.600000000000000000e+03 1.350750000000000000e+04 1.399110000000000036e+04 1.035802332037756734e+00
2.256200000000000000e+04 4.485000000000000000e+03 7.657000000000000000e+03 2.487600000000000000e+04 1.701200000000000000e+04 1.557100000000000000e+04 1.905900000000000000e+04 1.221800000000000000e+04 1.489500000000000000e+04 1.575100000000000000e+04 1.057468949311849649e+00
1.860600000000000000e+04 2.256200000000000000e+04 4.485000000000000000e+03 7.657000000000000000e+03 2.487600000000000000e+04 1.701200000000000000e+04 1.557100000000000000e+04 1.905900000000000000e+04 1.332750000000000000e+04 1.796909999999999854e+04 1.348272369161507944e+00
1.932100000000000000e+04 1.860600000000000000e+04 2.256200000000000000e+04 4.485000000000000000e+03 7.657000000000000000e+03 2.487600000000000000e+04 1.701200000000000000e+04 1.557100000000000000e+04 1.624350000000000000e+04 1.627189999999999964e+04 1.001748391664357918e+00
1.927300000000000000e+04 1.932100000000000000e+04 1.860600000000000000e+04 2.256200000000000000e+04 4.485000000000000000e+03 7.657000000000000000e+03 2.487600000000000000e+04 1.701200000000000000e+04 1.994050000000000000e+04 1.479410000000000036e+04 7.419121887615657274e-01
9.772000000000000000e+03 1.927300000000000000e+04 1.932100000000000000e+04 1.860600000000000000e+04 2.256200000000000000e+04 4.485000000000000000e+03 7.657000000000000000e+03 2.487600000000000000e+04 1.674300000000000000e+04 1.526460000000000036e+04 9.117004121125246163e-01
5.040000000000000000e+03 9.772000000000000000e+03 1.927300000000000000e+04 1.932100000000000000e+04 1.860600000000000000e+04 2.256200000000000000e+04 4.485000000000000000e+03 7.657000000000000000e+03 1.335150000000000000e+04 1.333229999999999927e+04 9.985619593304122521e-01
1.176600000000000000e+04 5.040000000000000000e+03 9.772000000000000000e+03 1.927300000000000000e+04 1.932100000000000000e+04 1.860600000000000000e+04 2.256200000000000000e+04 4.485000000000000000e+03 1.146275000000000000e+04 1.528735000000000036e+04 1.333654664020413882e+00
1.216200000000000000e+04 1.176600000000000000e+04 5.040000000000000000e+03 9.772000000000000000e+03 1.927300000000000000e+04 1.932100000000000000e+04 1.860600000000000000e+04 2.256200000000000000e+04 9.685000000000000000e+03 1.788940000000000146e+04 1.847124419204956292e+00
5.484000000000000000e+03 1.216200000000000000e+04 1.176600000000000000e+04 5.040000000000000000e+03 9.772000000000000000e+03 1.927300000000000000e+04 1.932100000000000000e+04 1.860600000000000000e+04 8.613000000000000000e+03 1.511700000000000000e+04 1.755137582723789613e+00
-5.034000000000000000e+03 5.484000000000000000e+03 1.216200000000000000e+04 1.176600000000000000e+04 5.040000000000000000e+03 9.772000000000000000e+03 1.927300000000000000e+04 1.932100000000000000e+04 6.094500000000000000e+03 1.190010000000000036e+04 1.952596603494954453e+00
-5.980000000000000000e+03 -5.034000000000000000e+03 5.484000000000000000e+03 1.216200000000000000e+04 1.176600000000000000e+04 5.040000000000000000e+03 9.772000000000000000e+03 1.927300000000000000e+04 1.658000000000000000e+03 9.501799999999999272e+03 5.730880579010856124e+00
-4.695000000000000000e+03 -5.980000000000000000e+03 -5.034000000000000000e+03 5.484000000000000000e+03 1.216200000000000000e+04 1.176600000000000000e+04 5.040000000000000000e+03 9.772000000000000000e+03 -2.556250000000000000e+03 7.236750000000000000e+03 -2.831002444987774869e+00
-1.628700000000000000e+04 -4.695000000000000000e+03 -5.980000000000000000e+03 -5.034000000000000000e+03 5.484000000000000000e+03 1.216200000000000000e+04 1.176600000000000000e+04 5.040000000000000000e+03 -7.999000000000000000e+03 5.290600000000000364e+03 -6.614076759594950117e-01
-3.640500000000000000e+04 -1.628700000000000000e+04 -4.695000000000000000e+03 -5.980000000000000000e+03 -5.034000000000000000e+03 5.484000000000000000e+03 1.216200000000000000e+04 1.176600000000000000e+04 -1.584175000000000000e+04 1.707250000000000000e+03 -1.077690280429876718e-01
-4.698000000000000000e+04 -3.640500000000000000e+04 -1.628700000000000000e+04 -4.695000000000000000e+03 -5.980000000000000000e+03 -5.034000000000000000e+03 5.484000000000000000e+03 1.216200000000000000e+04 -2.609175000000000000e+04 -3.891949999999999818e+03 1.491640077802370290e-01
-5.148300000000000000e+04 -4.698000000000000000e+04 -3.640500000000000000e+04 -1.628700000000000000e+04 -4.695000000000000000e+03 -5.980000000000000000e+03 -5.034000000000000000e+03 5.484000000000000000e+03 -3.778875000000000000e+04 -9.602750000000000000e+03 2.541166352419701457e-01
-1.270100000000000000e+04 -5.148300000000000000e+04 -4.698000000000000000e+04 -3.640500000000000000e+04 -1.628700000000000000e+04 -4.695000000000000000e+03 -5.980000000000000000e+03 -5.034000000000000000e+03 -3.689225000000000000e+04 -1.377764999999999964e+04 3.734564847630599815e-01
3.015000000000000000e+03 -1.270100000000000000e+04 -5.148300000000000000e+04 -4.698000000000000000e+04 -3.640500000000000000e+04 -1.628700000000000000e+04 -4.695000000000000000e+03 -5.980000000000000000e+03 -2.703725000000000000e+04 -1.808084999999999854e+04 6.687384996625026501e-01
1.252900000000000000e+04 3.015000000000000000e+03 -1.270100000000000000e+04 -5.148300000000000000e+04 -4.698000000000000000e+04 -3.640500000000000000e+04 -1.628700000000000000e+04 -4.695000000000000000e+03 -1.216000000000000000e+04 -2.330540000000000146e+04 1.916562500000000169e+00
3.038600000000000000e+04 1.252900000000000000e+04 3.015000000000000000e+03 -1.270100000000000000e+04 -5.148300000000000000e+04 -4.698000000000000000e+04 -3.640500000000000000e+04 -1.628700000000000000e+04 8.307250000000000000e+03 -2.856954999999999927e+04 -3.439110415600830528e+00
1.560000000000000000e+04 3.038600000000000000e+04 1.252900000000000000e+04 3.015000000000000000e+03 -1.270100000000000000e+04 -5.148300000000000000e+04 -4.698000000000000000e+04 -3.640500000000000000e+04 1.538250000000000000e+04 -2.643729999999999927e+04 -1.718660815862181002e+00
6.568000000000000000e+03 1.560000000000000000e+04 3.038600000000000000e+04 1.252900000000000000e+04 3.015000000000000000e+03 -1.270100000000000000e+04 -5.148300000000000000e+04 -4.698000000000000000e+04 1.627075000000000000e+04 -1.837565000000000146e+04 -1.129367115836700908e+00
1.576000000000000000e+04 6.568000000000000000e+03 1.560000000000000000e+04 3.038600000000000000e+04 1.252900000000000000e+04 3.015000000000000000e+03 -1.270100000000000000e+04 -5.148300000000000000e+04 1.707850000000000000e+04 -6.312300000000000182e+03 -3.696050589923002838e-01
-3.728000000000000000e+03 1.576000000000000000e+04 6.568000000000000000e+03 1.560000000000000000e+04 3.038600000000000000e+04 1.252900000000000000e+04 3.015000000000000000e+03 -1.270100000000000000e+04 8.550000000000000000e+03 8.355799999999999272e+03 9.772865497076022034e-01
2.316200000000000000e+04 -3.728000000000000000e+03 1.576000000000000000e+04 6.568000000000000000e+03 1.560000000000000000e+04 3.038600000000000000e+04 1.252900000000000000e+04 3.015000000000000000e+03 1.044050000000000000e+04 1.439410000000000036e+04 1.378679182031511852e+00
1.636000000000000000e+04 2.316200000000000000e+04 -3.728000000000000000e+03 1.576000000000000000e+04 6.568000000000000000e+03 1.560000000000000000e+04 3.038600000000000000e+04 1.252900000000000000e+04 1.288850000000000000e+04 1.559429999999999927e+04 1.209939092989874565e+00
2.231300000000000000e+04 1.636000000000000000e+04 2.316200000000000000e+04 -3.728000000000000000e+03 1.576000000000000000e+04 6.568000000000000000e+03 1.560000000000000000e+04 3.038600000000000000e+04 1.452675000000000000e+04 1.656815000000000146e+04 1.140526958886192821e+00
1.851700000000000000e+04 2.231300000000000000e+04 1.636000000000000000e+04 2.316200000000000000e+04 -3.728000000000000000e+03 1.576000000000000000e+04 6.568000000000000000e+03 1.560000000000000000e+04 2.008800000000000000e+04 1.085760000000000036e+04 5.405017921146954007e-01
4.603000000000000000e+03 1.851700000000000000e+04 2.231300000000000000e+04 1.636000000000000000e+04 2.316200000000000000e+04 -3.728000000000000000e+03 1.576000000000000000e+04 6.568000000000000000e+03 1.544825000000000000e+04 1.144204999999999927e+04 7.406696551389315708e-01
1.590700000000000000e+04 4.603000000000000000e+03 1.851700000000000000e+04 2.231300000000000000e+04 1.636000000000000000e+04 2.316200000000000000e+04 -3.728000000000000000e+03 1.576000000000000000e+04 1.533500000000000000e+04 1.337779999999999927e+04 8.723703945223344469e-01
1.613600000000000000e+04 1.590700000000000000e+04 4.603000000000000000e+03 1.851700000000000000e+04 2.231300000000000000e+04 1.636000000000000000e+04 2.316200000000000000e+04 -3.728000000000000000e+03 1.379075000000000000e+04 1.437954999999999927e+04 1.042695284882983131e+00
3.137700000000000000e+04 1.613600000000000000e+04 1.590700000000000000e+04 4.603000000000000000e+03 1.851700000000000000e+04 2.231300000000000000e+04 1.636000000000000000e+04 2.316200000000000000e+04 1.700575000000000000e+04 1.947154999999999927e+04 1.144998015377151734e+00
2.898600000000000000e+04 3.137700000000000000e+04 1.613600000000000000e+04 1.590700000000000000e+04 4.603000000000000000e+03 1.851700000000000000e+04 2.231300000000000000e+04 1.636000000000000000e+04 2.310150000000000000e+04 1.697890000000000146e+04 7.349695907192174138e-01
8.844000000000000000e+03 2.898600000000000000e+04 3.137700000000000000e+04 1.613600000000000000e+04 1.590700000000000000e+04 4.603000000000000000e+03 1.851700000000000000e+04 2.231300000000000000e+04 2.133575000000000000e+04 1.653515000000000146e+04 7.749973635799070060e-01
1.623300000000000000e+04 8.844000000000000000e+03 2.898600000000000000e+04 3.137700000000000000e+04 1.613600000000000000e+04 1.590700000000000000e+04 4.603000000000000000e+03 1.851700000000000000e+04 2.136000000000000000e+04 1.530460000000000036e+04 7.165074906367041585e-01
1.906000000000000000e+04 1.623300000000000000e+04 8.844000000000000000e+03 2.898600000000000000e+04 3.137700000000000000e+04 1.613600000000000000e+04 1.590700000000000000e+04 4.603000000000000000e+03 1.828075000000000000e+04 1.726075000000000000e+04 9.442036021498023679e-01
2.131300000000000000e+04 1.906000000000000000e+04 1.623300000000000000e+04 8.844000000000000000e+03 2.898600000000000000e+04 3.137700000000000000e+04 1.613600000000000000e+04 1.590700000000000000e+04 1.636250000000000000e+04 2.175370000000000073e+04 1.329485103132161949e+00
3.715100000000000000e+04 2.131300000000000000e+04 1.906000000000000000e+04 1.623300000000000000e+04 8.844000000000000000e+03 2.898600000000000000e+04 3.137700000000000000e+04 1.613600000000000000e+04 2.343925000000000000e+04 2.175645000000000073e+04 9.282058939599177050e-01
2.953000000000000000e+04 3.715100000000000000e+04 2.131300000000000000e+04 1.906000000000000000e+04 1.623300000000000000e+04 8.844000000000000000e+03 2.898600000000000000e+04 3.137700000000000000e+04 2.676350000000000000e+04 2.244070000000000073e+04 8.384815140022792157e-01
2.641300000000000000e+04 2.953000000000000000e+04 3.715100000000000000e+04 2.131300000000000000e+04 1.906000000000000000e+04 1.623300000000000000e+04 8.844000000000000000e+03 2.898600000000000000e+04 2.860175000000000000e+04 2.034495000000000073e+04 7.113183633868557232e-01
1.885000000000000000e+04 2.641300000000000000e+04 2.953000000000000000e+04 3.715100000000000000e+04 2.131300000000000000e+04 1.906000000000000000e+04 1.623300000000000000e+04 8.844000000000000000e+03 2.798600000000000000e+04 1.868720000000000073e+04 6.677338669334668131e-01
1.054900000000000000e+04 1.885000000000000000e+04 2.641300000000000000e+04 2.953000000000000000e+04 3.715100000000000000e+04 2.131300000000000000e+04 1.906000000000000000e+04 1.623300000000000000e+04 2.133550000000000000e+04 2.301850000000000000e+04 1.078882613484567932e+00
3.047000000000000000e+03 1.054900000000000000e+04 1.885000000000000000e+04 2.641300000000000000e+04 2.953000000000000000e+04 3.715100000000000000e+04 2.131300000000000000e+04 1.906000000000000000e+04 1.471475000000000000e+04 2.435375000000000000e+04 1.655057000628620933e+00
4.119000000000000000e+03 3.047000000000000000e+03 1.054900000000000000e+04 1.885000000000000000e+04 2.641300000000000000e+04 2.953000000000000000e+04 3.715100000000000000e+04 2.131300000000000000e+04 9.141250000000000000e+03 2.470965000000000146e+04 2.703093121837823354e+00
1.736300000000000000e+04 4.119000000000000000e+03 3.047000000000000000e+03 1.054900000000000000e+04 1.885000000000000000e+04 2.641300000000000000e+04 2.953000000000000000e+04 3.715100000000000000e+04 8.769500000000000000e+03 2.414270000000000073e+04 2.753030389417868928e+00
-3.500000000000000000e+01 1.736300000000000000e+04 4.119000000000000000e+03 3.047000000000000000e+03 1.054900000000000000e+04 1.885000000000000000e+04 2.641300000000000000e+04 2.953000000000000000e+04 6.123500000000000000e+03 1.829309999999999854e+04 2.987360169837510959e+00
1.280000000000000000e+02 -3.500000000000000000e+01 1.736300000000000000e+04 4.119000000000000000e+03 3.047000000000000000e+03 1.054900000000000000e+04 1.885000000000000000e+04 2.641300000000000000e+04 5.393750000000000000e+03 1.285054999999999927e+04 2.382488991888759955e+00
9.083116504854368031e+03 1.280000000000000000e+02 -3.500000000000000000e+01 1.736300000000000000e+04 4.119000000000000000e+03 3.047000000000000000e+03 1.054900000000000000e+04 1.885000000000000000e+04 5.818666666666666970e+03 8.476733333333333576e+03 1.456817140238313435e+00
