4.017070000000000000e+06 3.989639333333333489e+06 3.943691000000000000e+06 3.890219000000000000e+06 3.884448000000000000e+06 3.863401333333333489e+06 3.800162666666666511e+06 3.754497000000000000e+06
4.117667666666666511e+06 4.017070000000000000e+06 3.989639333333333489e+06 3.943691000000000000e+06 3.890219000000000000e+06 3.884448000000000000e+06 3.863401333333333489e+06 3.800162666666666511e+06
4.173357000000000000e+06 4.117667666666666511e+06 4.017070000000000000e+06 3.989639333333333489e+06 3.943691000000000000e+06 3.890219000000000000e+06 3.884448000000000000e+06 3.863401333333333489e+06
4.245408000000000000e+06 4.173357000000000000e+06 4.117667666666666511e+06 4.017070000000000000e+06 3.989639333333333489e+06 3.943691000000000000e+06 3.890219000000000000e+06 3.884448000000000000e+06
4.326189000000000000e+06 4.245408000000000000e+06 4.173357000000000000e+06 4.117667666666666511e+06 4.017070000000000000e+06 3.989639333333333489e+06 3.943691000000000000e+06 3.890219000000000000e+06
4.368488333333333023e+06 4.326189000000000000e+06 4.245408000000000000e+06 4.173357000000000000e+06 4.117667666666666511e+06 4.017070000000000000e+06 3.989639333333333489e+06 3.943691000000000000e+06
4.437454666666666977e+06 4.368488333333333023e+06 4.326189000000000000e+06 4.245408000000000000e+06 4.173357000000000000e+06 4.117667666666666511e+06 4.017070000000000000e+06 3.989639333333333489e+06
4.506031333333333023e+06 4.437454666666666977e+06 4.368488333333333023e+06 4.326189000000000000e+06 4.245408000000000000e+06 4.173357000000000000e+06 4.117667666666666511e+06 4.017070000000000000e+06
4.572022000000000000e+06 4.506031333333333023e+06 4.437454666666666977e+06 4.368488333333333023e+06 4.326189000000000000e+06 4.245408000000000000e+06 4.173357000000000000e+06 4.117667666666666511e+06
4.640853000000000000e+06 4.572022000000000000e+06 4.506031333333333023e+06 4.437454666666666977e+06 4.368488333333333023e+06 4.326189000000000000e+06 4.245408000000000000e+06 4.173357000000000000e+06
4.702880666666666977e+06 4.640853000000000000e+06 4.572022000000000000e+06 4.506031333333333023e+06 4.437454666666666977e+06 4.368488333333333023e+06 4.326189000000000000e+06 4.245408000000000000e+06
4.773112333333333023e+06 4.702880666666666977e+06 4.640853000000000000e+06 4.572022000000000000e+06 4.506031333333333023e+06 4.437454666666666977e+06 4.368488333333333023e+06 4.326189000000000000e+06
4.847224666666666977e+06 4.773112333333333023e+06 4.702880666666666977e+06 4.640853000000000000e+06 4.572022000000000000e+06 4.506031333333333023e+06 4.437454666666666977e+06 4.368488333333333023e+06
4.883351333333333023e+06 4.847224666666666977e+06 4.773112333333333023e+06 4.702880666666666977e+06 4.640853000000000000e+06 4.572022000000000000e+06 4.506031333333333023e+06 4.437454666666666977e+06
4.954956666666666977e+06 4.883351333333333023e+06 4.847224666666666977e+06 4.773112333333333023e+06 4.702880666666666977e+06 4.640853000000000000e+06 4.572022000000000000e+06 4.506031333333333023e+06
5.020463000000000000e+06 4.954956666666666977e+06 4.883351333333333023e+06 4.847224666666666977e+06 4.773112333333333023e+06 4.702880666666666977e+06 4.640853000000000000e+06 4.572022000000000000e+06
5.077936000000000000e+06 5.020463000000000000e+06 4.954956666666666977e+06 4.883351333333333023e+06 4.847224666666666977e+06 4.773112333333333023e+06 4.702880666666666977e+06 4.640853000000000000e+06
5.153790333333333023e+06 5.077936000000000000e+06 5.020463000000000000e+06 4.954956666666666977e+06 4.883351333333333023e+06 4.847224666666666977e+06 4.773112333333333023e+06 4.702880666666666977e+06
5.244134666666666977e+06 5.153790333333333023e+06 5.077936000000000000e+06 5.020463000000000000e+06 4.954956666666666977e+06 4.883351333333333023e+06 4.847224666666666977e+06 4.773112333333333023e+06
5.298285000000000000e+06 5.244134666666666977e+06 5.153790333333333023e+06 5.077936000000000000e+06 5.020463000000000000e+06 4.954956666666666977e+06 4.883351333333333023e+06 4.847224666666666977e+06
5.376067000000000000e+06 5.298285000000000000e+06 5.244134666666666977e+06 5.153790333333333023e+06 5.077936000000000000e+06 5.020463000000000000e+06 4.954956666666666977e+06 4.883351333333333023e+06
5.456726333333333023e+06 5.376067000000000000e+06 5.298285000000000000e+06 5.244134666666666977e+06 5.153790333333333023e+06 5.077936000000000000e+06 5.020463000000000000e+06 4.954956666666666977e+06
5.495076666666666977e+06 5.456726333333333023e+06 5.376067000000000000e+06 5.298285000000000000e+06 5.244134666666666977e+06 5.153790333333333023e+06 5.077936000000000000e+06 5.020463000000000000e+06
5.603460000000000000e+06 5.495076666666666977e+06 5.456726333333333023e+06 5.376067000000000000e+06 5.298285000000000000e+06 5.244134666666666977e+06 5.153790333333333023e+06 5.077936000000000000e+06
5.687613666666666977e+06 5.603460000000000000e+06 5.495076666666666977e+06 5.456726333333333023e+06 5.376067000000000000e+06 5.298285000000000000e+06 5.244134666666666977e+06 5.153790333333333023e+06
5.745925333333333023e+06 5.687613666666666977e+06 5.603460000000000000e+06 5.495076666666666977e+06 5.456726333333333023e+06 5.376067000000000000e+06 5.298285000000000000e+06 5.244134666666666977e+06
5.857830666666666977e+06 5.745925333333333023e+06 5.687613666666666977e+06 5.603460000000000000e+06 5.495076666666666977e+06 5.456726333333333023e+06 5.376067000000000000e+06 5.298285000000000000e+06
5.952814333333333023e+06 5.857830666666666977e+06 5.745925333333333023e+06 5.687613666666666977e+06 5.603460000000000000e+06 5.495076666666666977e+06 5.456726333333333023e+06 5.376067000000000000e+06
6.055545000000000000e+06 5.952814333333333023e+06 5.857830666666666977e+06 5.745925333333333023e+06 5.687613666666666977e+06 5.603460000000000000e+06 5.495076666666666977e+06 5.456726333333333023e+06
6.129003333333333023e+06 6.055545000000000000e+06 5.952814333333333023e+06 5.857830666666666977e+06 5.745925333333333023e+06 5.687613666666666977e+06 5.603460000000000000e+06 5.495076666666666977e+06
6.252977666666666977e+06 6.129003333333333023e+06 6.055545000000000000e+06 5.952814333333333023e+06 5.857830666666666977e+06 5.745925333333333023e+06 5.687613666666666977e+06 5.603460000000000000e+06
6.357220666666666977e+06 6.252977666666666977e+06 6.129003333333333023e+06 6.055545000000000000e+06 5.952814333333333023e+06 5.857830666666666977e+06 5.745925333333333023e+06 5.687613666666666977e+06
6.488888666666666977e+06 6.357220666666666977e+06 6.252977666666666977e+06 6.129003333333333023e+06 6.055545000000000000e+06 5.952814333333333023e+06 5.857830666666666977e+06 5.745925333333333023e+06
6.642744333333333023e+06 6.488888666666666977e+06 6.357220666666666977e+06 6.252977666666666977e+06 6.129003333333333023e+06 6.055545000000000000e+06 5.952814333333333023e+06 5.857830666666666977e+06
6.737273333333333023e+06 6.642744333333333023e+06 6.488888666666666977e+06 6.357220666666666977e+06 6.252977666666666977e+06 6.129003333333333023e+06 6.055545000000000000e+06 5.952814333333333023e+06
6.845140333333333023e+06 6.737273333333333023e+06 6.642744333333333023e+06 6.488888666666666977e+06 6.357220666666666977e+06 6.252977666666666977e+06 6.129003333333333023e+06 6.055545000000000000e+06
6.944403333333333023e+06 6.845140333333333023e+06 6.737273333333333023e+06 6.642744333333333023e+06 6.488888666666666977e+06 6.357220666666666977e+06 6.252977666666666977e+06 6.129003333333333023e+06
7.020381666666666977e+06 6.944403333333333023e+06 6.845140333333333023e+06 6.737273333333333023e+06 6.642744333333333023e+06 6.488888666666666977e+06 6.357220666666666977e+06 6.252977666666666977e+06
7.072098666666666977e+06 7.020381666666666977e+06 6.944403333333333023e+06 6.845140333333333023e+06 6.737273333333333023e+06 6.642744333333333023e+06 6.488888666666666977e+06 6.357220666666666977e+06
7.103358666666666977e+06 7.072098666666666977e+06 7.020381666666666977e+06 6.944403333333333023e+06 6.845140333333333023e+06 6.737273333333333023e+06 6.642744333333333023e+06 6.488888666666666977e+06
7.216593666666666977e+06 7.103358666666666977e+06 7.072098666666666977e+06 7.020381666666666977e+06 6.944403333333333023e+06 6.845140333333333023e+06 6.737273333333333023e+06 6.642744333333333023e+06
7.251355333333333023e+06 7.216593666666666977e+06 7.103358666666666977e+06 7.072098666666666977e+06 7.020381666666666977e+06 6.944403333333333023e+06 6.845140333333333023e+06 6.737273333333333023e+06
7.344497666666666977e+06 7.251355333333333023e+06 7.216593666666666977e+06 7.103358666666666977e+06 7.072098666666666977e+06 7.020381666666666977e+06 6.944403333333333023e+06 6.845140333333333023e+06
7.433118000000000000e+06 7.344497666666666977e+06 7.251355333333333023e+06 7.216593666666666977e+06 7.103358666666666977e+06 7.072098666666666977e+06 7.020381666666666977e+06 6.944403333333333023e+06
7.507236333333333023e+06 7.433118000000000000e+06 7.344497666666666977e+06 7.251355333333333023e+06 7.216593666666666977e+06 7.103358666666666977e+06 7.072098666666666977e+06 7.020381666666666977e+06
7.593531333333333023e+06 7.507236333333333023e+06 7.433118000000000000e+06 7.344497666666666977e+06 7.251355333333333023e+06 7.216593666666666977e+06 7.103358666666666977e+06 7.072098666666666977e+06
7.684578000000000000e+06 7.593531333333333023e+06 7.507236333333333023e+06 7.433118000000000000e+06 7.344497666666666977e+06 7.251355333333333023e+06 7.216593666666666977e+06 7.103358666666666977e+06
7.845544666666666977e+06 7.684578000000000000e+06 7.593531333333333023e+06 7.507236333333333023e+06 7.433118000000000000e+06 7.344497666666666977e+06 7.251355333333333023e+06 7.216593666666666977e+06
7.938459666666666977e+06 7.845544666666666977e+06 7.684578000000000000e+06 7.593531333333333023e+06 7.507236333333333023e+06 7.433118000000000000e+06 7.344497666666666977e+06 7.251355333333333023e+06
8.076798333333333023e+06 7.938459666666666977e+06 7.845544666666666977e+06 7.684578000000000000e+06 7.593531333333333023e+06 7.507236333333333023e+06 7.433118000000000000e+06 7.344497666666666977e+06
8.186343333333333023e+06 8.076798333333333023e+06 7.938459666666666977e+06 7.845544666666666977e+06 7.684578000000000000e+06 7.593531333333333023e+06 7.507236333333333023e+06 7.433118000000000000e+06
8.312675666666666977e+06 8.186343333333333023e+06 8.076798333333333023e+06 7.938459666666666977e+06 7.845544666666666977e+06 7.684578000000000000e+06 7.593531333333333023e+06 7.507236333333333023e+06
8.464247666666666046e+06 8.312675666666666977e+06 8.186343333333333023e+06 8.076798333333333023e+06 7.938459666666666977e+06 7.845544666666666977e+06 7.684578000000000000e+06 7.593531333333333023e+06
8.573120000000000000e+06 8.464247666666666046e+06 8.312675666666666977e+06 8.186343333333333023e+06 8.076798333333333023e+06 7.938459666666666977e+06 7.845544666666666977e+06 7.684578000000000000e+06
8.723927000000000000e+06 8.573120000000000000e+06 8.464247666666666046e+06 8.312675666666666977e+06 8.186343333333333023e+06 8.076798333333333023e+06 7.938459666666666977e+06 7.845544666666666977e+06
8.888051333333333954e+06 8.723927000000000000e+06 8.573120000000000000e+06 8.464247666666666046e+06 8.312675666666666977e+06 8.186343333333333023e+06 8.076798333333333023e+06 7.938459666666666977e+06
8.991336666666666046e+06 8.888051333333333954e+06 8.723927000000000000e+06 8.573120000000000000e+06 8.464247666666666046e+06 8.312675666666666977e+06 8.186343333333333023e+06 8.076798333333333023e+06
9.134283000000000000e+06 8.991336666666666046e+06 8.888051333333333954e+06 8.723927000000000000e+06 8.573120000000000000e+06 8.464247666666666046e+06 8.312675666666666977e+06 8.186343333333333023e+06
9.253743666666666046e+06 9.134283000000000000e+06 8.991336666666666046e+06 8.888051333333333954e+06 8.723927000000000000e+06 8.573120000000000000e+06 8.464247666666666046e+06 8.312675666666666977e+06
9.374318000000000000e+06 9.253743666666666046e+06 9.134283000000000000e+06 8.991336666666666046e+06 8.888051333333333954e+06 8.723927000000000000e+06 8.573120000000000000e+06 8.464247666666666046e+06
9.453635666666666046e+06 9.374318000000000000e+06 9.253743666666666046e+06 9.134283000000000000e+06 8.991336666666666046e+06 8.888051333333333954e+06 8.723927000000000000e+06 8.573120000000000000e+06
9.591850333333333954e+06 9.453635666666666046e+06 9.374318000000000000e+06 9.253743666666666046e+06 9.134283000000000000e+06 8.991336666666666046e+06 8.888051333333333954e+06 8.723927000000000000e+06
9.700918666666666046e+06 9.591850333333333954e+06 9.453635666666666046e+06 9.374318000000000000e+06 9.253743666666666046e+06 9.134283000000000000e+06 8.991336666666666046e+06 8.888051333333333954e+06
9.799230000000000000e+06 9.700918666666666046e+06 9.591850333333333954e+06 9.453635666666666046e+06 9.374318000000000000e+06 9.253743666666666046e+06 9.134283000000000000e+06 8.991336666666666046e+06
9.910024333333333954e+06 9.799230000000000000e+06 9.700918666666666046e+06 9.591850333333333954e+06 9.453635666666666046e+06 9.374318000000000000e+06 9.253743666666666046e+06 9.134283000000000000e+06
9.974371333333333954e+06 9.910024333333333954e+06 9.799230000000000000e+06 9.700918666666666046e+06 9.591850333333333954e+06 9.453635666666666046e+06 9.374318000000000000e+06 9.253743666666666046e+06
1.009577033333333395e+07 9.974371333333333954e+06 9.910024333333333954e+06 9.799230000000000000e+06 9.700918666666666046e+06 9.591850333333333954e+06 9.453635666666666046e+06 9.374318000000000000e+06
1.012485933333333395e+07 1.009577033333333395e+07 9.974371333333333954e+06 9.910024333333333954e+06 9.799230000000000000e+06 9.700918666666666046e+06 9.591850333333333954e+06 9.453635666666666046e+06
9.859591333333333954e+06 1.012485933333333395e+07 1.009577033333333395e+07 9.974371333333333954e+06 9.910024333333333954e+06 9.799230000000000000e+06 9.700918666666666046e+06 9.591850333333333954e+06
9.770223333333333954e+06 9.859591333333333954e+06 1.012485933333333395e+07 1.009577033333333395e+07 9.974371333333333954e+06 9.910024333333333954e+06 9.799230000000000000e+06 9.700918666666666046e+06
9.769753666666666046e+06 9.770223333333333954e+06 9.859591333333333954e+06 1.012485933333333395e+07 1.009577033333333395e+07 9.974371333333333954e+06 9.910024333333333954e+06 9.799230000000000000e+06
9.890809000000000000e+06 9.769753666666666046e+06 9.770223333333333954e+06 9.859591333333333954e+06 1.012485933333333395e+07 1.009577033333333395e+07 9.974371333333333954e+06 9.910024333333333954e+06
9.957092000000000000e+06 9.890809000000000000e+06 9.769753666666666046e+06 9.770223333333333954e+06 9.859591333333333954e+06 1.012485933333333395e+07 1.009577033333333395e+07 9.974371333333333954e+06
1.004452333333333395e+07 9.957092000000000000e+06 9.890809000000000000e+06 9.769753666666666046e+06 9.770223333333333954e+06 9.859591333333333954e+06 1.012485933333333395e+07 1.009577033333333395e+07
1.013764966666666605e+07 1.004452333333333395e+07 9.957092000000000000e+06 9.890809000000000000e+06 9.769753666666666046e+06 9.770223333333333954e+06 9.859591333333333954e+06 1.012485933333333395e+07
1.023342266666666605e+07 1.013764966666666605e+07 1.004452333333333395e+07 9.957092000000000000e+06 9.890809000000000000e+06 9.769753666666666046e+06 9.770223333333333954e+06 9.859591333333333954e+06
1.039318533333333395e+07 1.023342266666666605e+07 1.013764966666666605e+07 1.004452333333333395e+07 9.957092000000000000e+06 9.890809000000000000e+06 9.769753666666666046e+06 9.770223333333333954e+06
1.052354300000000000e+07 1.039318533333333395e+07 1.023342266666666605e+07 1.013764966666666605e+07 1.004452333333333395e+07 9.957092000000000000e+06 9.890809000000000000e+06 9.769753666666666046e+06
1.065135666666666605e+07 1.052354300000000000e+07 1.039318533333333395e+07 1.023342266666666605e+07 1.013764966666666605e+07 1.004452333333333395e+07 9.957092000000000000e+06 9.890809000000000000e+06
1.075445600000000000e+07 1.065135666666666605e+07 1.052354300000000000e+07 1.039318533333333395e+07 1.023342266666666605e+07 1.013764966666666605e+07 1.004452333333333395e+07 9.957092000000000000e+06
1.082784833333333395e+07 1.075445600000000000e+07 1.065135666666666605e+07 1.052354300000000000e+07 1.039318533333333395e+07 1.023342266666666605e+07 1.013764966666666605e+07 1.004452333333333395e+07
1.095623000000000000e+07 1.082784833333333395e+07 1.075445600000000000e+07 1.065135666666666605e+07 1.052354300000000000e+07 1.039318533333333395e+07 1.023342266666666605e+07 1.013764966666666605e+07
1.100834666666666605e+07 1.095623000000000000e+07 1.082784833333333395e+07 1.075445600000000000e+07 1.065135666666666605e+07 1.052354300000000000e+07 1.039318533333333395e+07 1.023342266666666605e+07
1.107360266666666605e+07 1.100834666666666605e+07 1.095623000000000000e+07 1.082784833333333395e+07 1.075445600000000000e+07 1.065135666666666605e+07 1.052354300000000000e+07 1.039318533333333395e+07
1.116432866666666605e+07 1.107360266666666605e+07 1.100834666666666605e+07 1.095623000000000000e+07 1.082784833333333395e+07 1.075445600000000000e+07 1.065135666666666605e+07 1.052354300000000000e+07
1.125665466666666605e+07 1.116432866666666605e+07 1.107360266666666605e+07 1.100834666666666605e+07 1.095623000000000000e+07 1.082784833333333395e+07 1.075445600000000000e+07 1.065135666666666605e+07
1.128454133333333395e+07 1.125665466666666605e+07 1.116432866666666605e+07 1.107360266666666605e+07 1.100834666666666605e+07 1.095623000000000000e+07 1.082784833333333395e+07 1.075445600000000000e+07
1.137910266666666605e+07 1.128454133333333395e+07 1.125665466666666605e+07 1.116432866666666605e+07 1.107360266666666605e+07 1.100834666666666605e+07 1.095623000000000000e+07 1.082784833333333395e+07
1.152439833333333395e+07 1.137910266666666605e+07 1.128454133333333395e+07 1.125665466666666605e+07 1.116432866666666605e+07 1.107360266666666605e+07 1.100834666666666605e+07 1.095623000000000000e+07
1.164016700000000000e+07 1.152439833333333395e+07 1.137910266666666605e+07 1.128454133333333395e+07 1.125665466666666605e+07 1.116432866666666605e+07 1.107360266666666605e+07 1.100834666666666605e+07
1.179194433333333395e+07 1.164016700000000000e+07 1.152439833333333395e+07 1.137910266666666605e+07 1.128454133333333395e+07 1.125665466666666605e+07 1.116432866666666605e+07 1.107360266666666605e+07
1.194114300000000000e+07 1.179194433333333395e+07 1.164016700000000000e+07 1.152439833333333395e+07 1.137910266666666605e+07 1.128454133333333395e+07 1.125665466666666605e+07 1.116432866666666605e+07
1.208142133333333395e+07 1.194114300000000000e+07 1.179194433333333395e+07 1.164016700000000000e+07 1.152439833333333395e+07 1.137910266666666605e+07 1.128454133333333395e+07 1.125665466666666605e+07
1.214216333333333395e+07 1.208142133333333395e+07 1.194114300000000000e+07 1.179194433333333395e+07 1.164016700000000000e+07 1.152439833333333395e+07 1.137910266666666605e+07 1.128454133333333395e+07
1.228419900000000000e+07 1.214216333333333395e+07 1.208142133333333395e+07 1.194114300000000000e+07 1.179194433333333395e+07 1.164016700000000000e+07 1.152439833333333395e+07 1.137910266666666605e+07
1.240777533333333395e+07 1.228419900000000000e+07 1.214216333333333395e+07 1.208142133333333395e+07 1.194114300000000000e+07 1.179194433333333395e+07 1.164016700000000000e+07 1.152439833333333395e+07
1.249488933333333395e+07 1.240777533333333395e+07 1.228419900000000000e+07 1.214216333333333395e+07 1.208142133333333395e+07 1.194114300000000000e+07 1.179194433333333395e+07 1.164016700000000000e+07
1.257146266666666605e+07 1.249488933333333395e+07 1.240777533333333395e+07 1.228419900000000000e+07 1.214216333333333395e+07 1.208142133333333395e+07 1.194114300000000000e+07 1.179194433333333395e+07
1.275499366666666605e+07 1.257146266666666605e+07 1.249488933333333395e+07 1.240777533333333395e+07 1.228419900000000000e+07 1.214216333333333395e+07 1.208142133333333395e+07 1.194114300000000000e+07
1.289941766666666605e+07 1.275499366666666605e+07 1.257146266666666605e+07 1.249488933333333395e+07 1.240777533333333395e+07 1.228419900000000000e+07 1.214216333333333395e+07 1.208142133333333395e+07
1.305690033333333395e+07 1.289941766666666605e+07 1.275499366666666605e+07 1.257146266666666605e+07 1.249488933333333395e+07 1.240777533333333395e+07 1.228419900000000000e+07 1.214216333333333395e+07
1.319156200000000000e+07 1.305690033333333395e+07 1.289941766666666605e+07 1.275499366666666605e+07 1.257146266666666605e+07 1.249488933333333395e+07 1.240777533333333395e+07 1.228419900000000000e+07
1.330702133333333395e+07 1.319156200000000000e+07 1.305690033333333395e+07 1.289941766666666605e+07 1.275499366666666605e+07 1.257146266666666605e+07 1.249488933333333395e+07 1.240777533333333395e+07
1.343471200000000000e+07 1.330702133333333395e+07 1.319156200000000000e+07 1.305690033333333395e+07 1.289941766666666605e+07 1.275499366666666605e+07 1.257146266666666605e+07 1.249488933333333395e+07
