-1.000000000000000000e+08 -1.000000000000000000e+08 -1.000000000000000000e+08
-1.000000000000000000e+08 -1.000000000000000000e+08 -1.000000000000000000e+08
-1.000000000000000000e+08 -1.000000000000000000e+08 -1.000000000000000000e+08
-1.000000000000000000e+08 -1.000000000000000000e+08 -1.000000000000000000e+08
-1.000000000000000000e+08 -1.000000000000000000e+08 -1.000000000000000000e+08
-1.000000000000000000e+08 -1.000000000000000000e+08 -1.000000000000000000e+08
-1.000000000000000000e+08 -1.000000000000000000e+08 -1.000000000000000000e+08
-1.000000000000000000e+08 -1.000000000000000000e+08 -1.000000000000000000e+08
-1.000000000000000000e+08 -1.000000000000000000e+08 -1.000000000000000000e+08
-1.000000000000000000e+08 -1.000000000000000000e+08 -1.000000000000000000e+08
-1.000000000000000000e+08 -1.000000000000000000e+08 -1.000000000000000000e+08
-1.000000000000000000e+08 -1.000000000000000000e+08 -1.000000000000000000e+08
1.239999999999999991e+00 -1.000000000000000000e+08 -1.000000000000000000e+08
1.244499999999999940e+00 -1.000000000000000000e+08 -1.000000000000000000e+08
1.284285714285714253e+00 -1.000000000000000000e+08 -1.000000000000000000e+08
1.292199999999999793e+00 -1.000000000000000000e+08 -1.000000000000000000e+08
1.286083333333333245e+00 1.239999999999999991e+00 1.037163978494623606e+00
1.294250000000000123e+00 1.244499999999999940e+00 1.039975893933306805e+00
1.315083333333333604e+00 1.284285714285714253e+00 1.023980348535409979e+00
1.332833333333333314e+00 1.292199999999999793e+00 1.031445080740855502e+00
1.371083333333333210e+00 1.286083333333333245e+00 1.066092140219011108e+00
1.401333333333333320e+00 1.294250000000000123e+00 1.082737750305839741e+00
1.387749999999999817e+00 1.315083333333333604e+00 1.055256320892211885e+00
1.386166666666666769e+00 1.332833333333333314e+00 1.040015005627110245e+00
1.369250000000000078e+00 1.371083333333333210e+00 9.986628578374765475e-01
1.326666666666666661e+00 1.401333333333333320e+00 9.467174119885822803e-01
1.290333333333333332e+00 1.387749999999999817e+00 9.298024379991594035e-01
1.244666666666666588e+00 1.386166666666666769e+00 8.979199230491762274e-01
1.199249999999999927e+00 1.369250000000000078e+00 8.758444403870730977e-01
1.169249999999999901e+00 1.326666666666666661e+00 8.813442211055275699e-01
1.183000000000000052e+00 1.290333333333333332e+00 9.168173598553346348e-01
1.227416666666666822e+00 1.244666666666666588e+00 9.861408677021962221e-01
1.295916666666666606e+00 1.199249999999999927e+00 1.080605934264470935e+00
1.408750000000000169e+00 1.169249999999999901e+00 1.204832157365833156e+00
1.508499999999999952e+00 1.183000000000000052e+00 1.275147928994082802e+00
1.585166666666666835e+00 1.227416666666666822e+00 1.291465815737660394e+00
1.640916666666666579e+00 1.295916666666666606e+00 1.266220821812102049e+00
1.649833333333333485e+00 1.408750000000000169e+00 1.171132800946465435e+00
1.667999999999999927e+00 1.508499999999999952e+00 1.105734173019555788e+00
1.644249999999999767e+00 1.585166666666666835e+00 1.037272631689622360e+00
1.566916666666666735e+00 1.640916666666666579e+00 9.549032552942969820e-01
1.496833333333333238e+00 1.649833333333333485e+00 9.072633599353469025e-01
1.444083333333333163e+00 1.667999999999999927e+00 8.657573940847321792e-01
1.434500000000000108e+00 1.644249999999999767e+00 8.724342405351985796e-01
1.491916666666666558e+00 1.566916666666666735e+00 9.521352975589000289e-01
1.595750000000000002e+00 1.496833333333333238e+00 1.066083955016145168e+00
1.624166666666666758e+00 1.444083333333333163e+00 1.124704252986323594e+00
1.673166666666666913e+00 1.434500000000000108e+00 1.166376205414197731e+00
1.695583333333333220e+00 1.491916666666666558e+00 1.136513433502764903e+00
1.714416666666666478e+00 1.595750000000000002e+00 1.074364196563789120e+00
1.814250000000000140e+00 1.624166666666666758e+00 1.117034376603386336e+00
1.887416666666666520e+00 1.673166666666666913e+00 1.128050602649665946e+00
1.994333333333333513e+00 1.695583333333333220e+00 1.176193050572566179e+00
2.070083333333333719e+00 1.714416666666666478e+00 1.207456374860254034e+00
2.142416666666666636e+00 1.814250000000000140e+00 1.180882825777410217e+00
2.313333333333333020e+00 1.887416666666666520e+00 1.225661177093911425e+00
2.433583333333333432e+00 1.994333333333333513e+00 1.220249038943673758e+00
2.536666666666666625e+00 2.070083333333333719e+00 1.225393502677025737e+00
2.698166666666666824e+00 2.142416666666666636e+00 1.259403321793924446e+00
2.765000000000000124e+00 2.313333333333333020e+00 1.195244956772334444e+00
2.732833333333333226e+00 2.433583333333333432e+00 1.122966818477553641e+00
2.730916666666666881e+00 2.536666666666666625e+00 1.076576872536136875e+00
2.778249999999999886e+00 2.698166666666666824e+00 1.029680647353141021e+00
2.794833333333333059e+00 2.765000000000000124e+00 1.010789632308619401e+00
2.977166666666666739e+00 2.732833333333333226e+00 1.089406598768067447e+00
3.176333333333333453e+00 2.730916666666666881e+00 1.163101522687742140e+00
3.368750000000000355e+00 2.778249999999999886e+00 1.212543867542517972e+00
3.620083333333333098e+00 2.794833333333333059e+00 1.295276999224759917e+00
3.456250000000000266e+00 2.977166666666666739e+00 1.160919218496333283e+00
3.153916666666666924e+00 3.176333333333333453e+00 9.929425962850246812e-01
2.797499999999999876e+00 3.368750000000000355e+00 8.304267161410017195e-01
2.470916666666666206e+00 3.620083333333333098e+00 6.825579521650053660e-01
2.542916666666666714e+00 3.456250000000000266e+00 7.357444243520192551e-01
2.747666666666666035e+00 3.153916666666666924e+00 8.711919042460429807e-01
2.869416666666666060e+00 2.797499999999999876e+00 1.025707476913910954e+00
2.910500000000000309e+00 2.470916666666666206e+00 1.177902937506323910e+00
2.981916666666666771e+00 2.542916666666666714e+00 1.172636408323775248e+00
3.124750000000000139e+00 2.747666666666666035e+00 1.137237656193133883e+00
3.369166666666666643e+00 2.869416666666666060e+00 1.174164319112479538e+00
3.602416666666667044e+00 2.910500000000000309e+00 1.237731203115157719e+00
3.725250000000000838e+00 2.981916666666666771e+00 1.249280384540145006e+00
3.805583333333333318e+00 3.124750000000000139e+00 1.217884097394458243e+00
3.786083333333333911e+00 3.369166666666666643e+00 1.123744744001978990e+00
3.795749999999999957e+00 3.602416666666667044e+00 1.053667676791042895e+00
3.833750000000000213e+00 3.725250000000000838e+00 1.029125562042815689e+00
3.834833333333332650e+00 3.805583333333333318e+00 1.007686075284121907e+00
3.817416666666666014e+00 3.786083333333333911e+00 1.008275922787400969e+00
3.802583333333333204e+00 3.795749999999999957e+00 1.001800259061669918e+00
3.766083333333333005e+00 3.833750000000000213e+00 9.823497445929788574e-01
3.737000000000000099e+00 3.834833333333332650e+00 9.744882437307142986e-01
3.768333333333333091e+00 3.817416666666666014e+00 9.871422646204894846e-01
3.761500000000000288e+00 3.802583333333333204e+00 9.891959413556574710e-01
3.669416666666666771e+00 3.766083333333333005e+00 9.743323081008121722e-01
3.389583333333333837e+00 3.737000000000000099e+00 9.070332708946571287e-01
3.134333333333332750e+00 3.768333333333333091e+00 8.317558602388323008e-01
2.909750000000000281e+00 3.761500000000000288e+00 7.735610793566396470e-01
2.744333333333333513e+00 3.669416666666666771e+00 7.478936252356187531e-01
2.672666666666666746e+00 3.389583333333333837e+00 7.884941610325751915e-01
2.601416666666666710e+00 3.134333333333332750e+00 8.299744762309902990e-01
2.537833333333333830e+00 2.909750000000000281e+00 8.721826044620100138e-01
2.569416666666666682e+00 2.744333333333333513e+00 9.362626017247661636e-01
2.688083333333333158e+00 2.672666666666666746e+00 1.005768271389373858e+00
2.729999999999999982e+00 2.601416666666666710e+00 1.049428196175161032e+00
2.793583333333332863e+00 2.537833333333333830e+00 1.100774939252642914e+00
