-1.000000000000000000e+08 6.218425000000000000e+06 6.143612000000000000e+06 6.054867000000000000e+06 6.023332000000000000e+06 6.029504000000000000e+06 5.974665000000000000e+06 5.890835000000000000e+06
-1.000000000000000000e+08 6.279296000000000000e+06 6.218425000000000000e+06 6.143612000000000000e+06 6.054867000000000000e+06 6.023332000000000000e+06 6.029504000000000000e+06 5.974665000000000000e+06
-1.000000000000000000e+08 6.380798000000000000e+06 6.279296000000000000e+06 6.218425000000000000e+06 6.143612000000000000e+06 6.054867000000000000e+06 6.023332000000000000e+06 6.029504000000000000e+06
-1.000000000000000000e+08 6.492299000000000000e+06 6.380798000000000000e+06 6.279296000000000000e+06 6.218425000000000000e+06 6.143612000000000000e+06 6.054867000000000000e+06 6.023332000000000000e+06
-1.000000000000000000e+08 6.586548000000000000e+06 6.492299000000000000e+06 6.380798000000000000e+06 6.279296000000000000e+06 6.218425000000000000e+06 6.143612000000000000e+06 6.054867000000000000e+06
-1.000000000000000000e+08 6.697553000000000000e+06 6.586548000000000000e+06 6.492299000000000000e+06 6.380798000000000000e+06 6.279296000000000000e+06 6.218425000000000000e+06 6.143612000000000000e+06
-1.000000000000000000e+08 6.748182000000000000e+06 6.697553000000000000e+06 6.586548000000000000e+06 6.492299000000000000e+06 6.380798000000000000e+06 6.279296000000000000e+06 6.218425000000000000e+06
-1.000000000000000000e+08 6.829594000000000000e+06 6.748182000000000000e+06 6.697553000000000000e+06 6.586548000000000000e+06 6.492299000000000000e+06 6.380798000000000000e+06 6.279296000000000000e+06
-1.000000000000000000e+08 6.904222000000000000e+06 6.829594000000000000e+06 6.748182000000000000e+06 6.697553000000000000e+06 6.586548000000000000e+06 6.492299000000000000e+06 6.380798000000000000e+06
-1.000000000000000000e+08 7.032844000000000000e+06 6.904222000000000000e+06 6.829594000000000000e+06 6.748182000000000000e+06 6.697553000000000000e+06 6.586548000000000000e+06 6.492299000000000000e+06
-1.000000000000000000e+08 7.136259000000000000e+06 7.032844000000000000e+06 6.904222000000000000e+06 6.829594000000000000e+06 6.748182000000000000e+06 6.697553000000000000e+06 6.586548000000000000e+06
-1.000000000000000000e+08 7.269847000000000000e+06 7.136259000000000000e+06 7.032844000000000000e+06 6.904222000000000000e+06 6.829594000000000000e+06 6.748182000000000000e+06 6.697553000000000000e+06
-1.000000000000000000e+08 7.352255000000000000e+06 7.269847000000000000e+06 7.136259000000000000e+06 7.032844000000000000e+06 6.904222000000000000e+06 6.829594000000000000e+06 6.748182000000000000e+06
-1.000000000000000000e+08 7.476661000000000000e+06 7.352255000000000000e+06 7.269847000000000000e+06 7.136259000000000000e+06 7.032844000000000000e+06 6.904222000000000000e+06 6.829594000000000000e+06
-1.000000000000000000e+08 7.545296000000000000e+06 7.476661000000000000e+06 7.352255000000000000e+06 7.269847000000000000e+06 7.136259000000000000e+06 7.032844000000000000e+06 6.904222000000000000e+06
-1.000000000000000000e+08 7.604923000000000000e+06 7.545296000000000000e+06 7.476661000000000000e+06 7.352255000000000000e+06 7.269847000000000000e+06 7.136259000000000000e+06 7.032844000000000000e+06
-1.000000000000000000e+08 7.706531000000000000e+06 7.604923000000000000e+06 7.545296000000000000e+06 7.476661000000000000e+06 7.352255000000000000e+06 7.269847000000000000e+06 7.136259000000000000e+06
-1.000000000000000000e+08 7.799493000000000000e+06 7.706531000000000000e+06 7.604923000000000000e+06 7.545296000000000000e+06 7.476661000000000000e+06 7.352255000000000000e+06 7.269847000000000000e+06
-1.000000000000000000e+08 7.893146000000000000e+06 7.799493000000000000e+06 7.706531000000000000e+06 7.604923000000000000e+06 7.545296000000000000e+06 7.476661000000000000e+06 7.352255000000000000e+06
-1.000000000000000000e+08 8.061535000000000000e+06 7.893146000000000000e+06 7.799493000000000000e+06 7.706531000000000000e+06 7.604923000000000000e+06 7.545296000000000000e+06 7.476661000000000000e+06
-1.000000000000000000e+08 8.159043000000000000e+06 8.061535000000000000e+06 7.893146000000000000e+06 7.799493000000000000e+06 7.706531000000000000e+06 7.604923000000000000e+06 7.545296000000000000e+06
-1.000000000000000000e+08 8.287078000000000000e+06 8.159043000000000000e+06 8.061535000000000000e+06 7.893146000000000000e+06 7.799493000000000000e+06 7.706531000000000000e+06 7.604923000000000000e+06
-1.000000000000000000e+08 8.402060000000000000e+06 8.287078000000000000e+06 8.159043000000000000e+06 8.061535000000000000e+06 7.893146000000000000e+06 7.799493000000000000e+06 7.706531000000000000e+06
-1.000000000000000000e+08 8.551940000000000000e+06 8.402060000000000000e+06 8.287078000000000000e+06 8.159043000000000000e+06 8.061535000000000000e+06 7.893146000000000000e+06 7.799493000000000000e+06
-1.000000000000000000e+08 8.691756000000000000e+06 8.551940000000000000e+06 8.402060000000000000e+06 8.287078000000000000e+06 8.159043000000000000e+06 8.061535000000000000e+06 7.893146000000000000e+06
-1.000000000000000000e+08 8.788320000000000000e+06 8.691756000000000000e+06 8.551940000000000000e+06 8.402060000000000000e+06 8.287078000000000000e+06 8.159043000000000000e+06 8.061535000000000000e+06
-1.000000000000000000e+08 8.889732000000000000e+06 8.788320000000000000e+06 8.691756000000000000e+06 8.551940000000000000e+06 8.402060000000000000e+06 8.287078000000000000e+06 8.159043000000000000e+06
-1.000000000000000000e+08 8.994738000000000000e+06 8.889732000000000000e+06 8.788320000000000000e+06 8.691756000000000000e+06 8.551940000000000000e+06 8.402060000000000000e+06 8.287078000000000000e+06
-1.000000000000000000e+08 9.146521000000000000e+06 8.994738000000000000e+06 8.889732000000000000e+06 8.788320000000000000e+06 8.691756000000000000e+06 8.551940000000000000e+06 8.402060000000000000e+06
-1.000000000000000000e+08 9.325650000000000000e+06 9.146521000000000000e+06 8.994738000000000000e+06 8.889732000000000000e+06 8.788320000000000000e+06 8.691756000000000000e+06 8.551940000000000000e+06
-1.000000000000000000e+08 9.447103000000000000e+06 9.325650000000000000e+06 9.146521000000000000e+06 8.994738000000000000e+06 8.889732000000000000e+06 8.788320000000000000e+06 8.691756000000000000e+06
-1.000000000000000000e+08 9.557005000000000000e+06 9.447103000000000000e+06 9.325650000000000000e+06 9.146521000000000000e+06 8.994738000000000000e+06 8.889732000000000000e+06 8.788320000000000000e+06
-1.000000000000000000e+08 9.712280000000000000e+06 9.557005000000000000e+06 9.447103000000000000e+06 9.325650000000000000e+06 9.146521000000000000e+06 8.994738000000000000e+06 8.889732000000000000e+06
-1.000000000000000000e+08 9.926101000000000000e+06 9.712280000000000000e+06 9.557005000000000000e+06 9.447103000000000000e+06 9.325650000000000000e+06 9.146521000000000000e+06 8.994738000000000000e+06
-1.000000000000000000e+08 1.003103100000000000e+07 9.926101000000000000e+06 9.712280000000000000e+06 9.557005000000000000e+06 9.447103000000000000e+06 9.325650000000000000e+06 9.146521000000000000e+06
-1.000000000000000000e+08 1.027834000000000000e+07 1.003103100000000000e+07 9.926101000000000000e+06 9.712280000000000000e+06 9.557005000000000000e+06 9.447103000000000000e+06 9.325650000000000000e+06
-1.000000000000000000e+08 1.035744500000000000e+07 1.027834000000000000e+07 1.003103100000000000e+07 9.926101000000000000e+06 9.712280000000000000e+06 9.557005000000000000e+06 9.447103000000000000e+06
-1.000000000000000000e+08 1.047228500000000000e+07 1.035744500000000000e+07 1.027834000000000000e+07 1.003103100000000000e+07 9.926101000000000000e+06 9.712280000000000000e+06 9.557005000000000000e+06
-1.000000000000000000e+08 1.050812100000000000e+07 1.047228500000000000e+07 1.035744500000000000e+07 1.027834000000000000e+07 1.003103100000000000e+07 9.926101000000000000e+06 9.712280000000000000e+06
-1.000000000000000000e+08 1.063838400000000000e+07 1.050812100000000000e+07 1.047228500000000000e+07 1.035744500000000000e+07 1.027834000000000000e+07 1.003103100000000000e+07 9.926101000000000000e+06
-1.000000000000000000e+08 1.063948600000000000e+07 1.063838400000000000e+07 1.050812100000000000e+07 1.047228500000000000e+07 1.035744500000000000e+07 1.027834000000000000e+07 1.003103100000000000e+07
-1.000000000000000000e+08 1.070131700000000000e+07 1.063948600000000000e+07 1.063838400000000000e+07 1.050812100000000000e+07 1.047228500000000000e+07 1.035744500000000000e+07 1.027834000000000000e+07
-1.000000000000000000e+08 1.083444500000000000e+07 1.070131700000000000e+07 1.063948600000000000e+07 1.063838400000000000e+07 1.050812100000000000e+07 1.047228500000000000e+07 1.035744500000000000e+07
-1.000000000000000000e+08 1.093475200000000000e+07 1.083444500000000000e+07 1.070131700000000000e+07 1.063948600000000000e+07 1.063838400000000000e+07 1.050812100000000000e+07 1.047228500000000000e+07
-1.000000000000000000e+08 1.103705700000000000e+07 1.093475200000000000e+07 1.083444500000000000e+07 1.070131700000000000e+07 1.063948600000000000e+07 1.063838400000000000e+07 1.050812100000000000e+07
-1.000000000000000000e+08 1.110383400000000000e+07 1.103705700000000000e+07 1.093475200000000000e+07 1.083444500000000000e+07 1.070131700000000000e+07 1.063948600000000000e+07 1.063838400000000000e+07
-1.000000000000000000e+08 1.123007800000000000e+07 1.110383400000000000e+07 1.103705700000000000e+07 1.093475200000000000e+07 1.083444500000000000e+07 1.070131700000000000e+07 1.063948600000000000e+07
-1.000000000000000000e+08 1.137065300000000000e+07 1.123007800000000000e+07 1.110383400000000000e+07 1.103705700000000000e+07 1.093475200000000000e+07 1.083444500000000000e+07 1.070131700000000000e+07
-1.000000000000000000e+08 1.162513700000000000e+07 1.137065300000000000e+07 1.123007800000000000e+07 1.110383400000000000e+07 1.103705700000000000e+07 1.093475200000000000e+07 1.083444500000000000e+07
-1.000000000000000000e+08 1.181682700000000000e+07 1.162513700000000000e+07 1.137065300000000000e+07 1.123007800000000000e+07 1.110383400000000000e+07 1.103705700000000000e+07 1.093475200000000000e+07
-1.000000000000000000e+08 1.198840300000000000e+07 1.181682700000000000e+07 1.162513700000000000e+07 1.137065300000000000e+07 1.123007800000000000e+07 1.110383400000000000e+07 1.103705700000000000e+07
-1.000000000000000000e+08 1.218139800000000000e+07 1.198840300000000000e+07 1.181682700000000000e+07 1.162513700000000000e+07 1.137065300000000000e+07 1.123007800000000000e+07 1.110383400000000000e+07
-1.000000000000000000e+08 1.236774400000000000e+07 1.218139800000000000e+07 1.198840300000000000e+07 1.181682700000000000e+07 1.162513700000000000e+07 1.137065300000000000e+07 1.123007800000000000e+07
-1.000000000000000000e+08 1.256216300000000000e+07 1.236774400000000000e+07 1.218139800000000000e+07 1.198840300000000000e+07 1.181682700000000000e+07 1.162513700000000000e+07 1.137065300000000000e+07
-1.000000000000000000e+08 1.281372900000000000e+07 1.256216300000000000e+07 1.236774400000000000e+07 1.218139800000000000e+07 1.198840300000000000e+07 1.181682700000000000e+07 1.162513700000000000e+07
-1.000000000000000000e+08 1.297408300000000000e+07 1.281372900000000000e+07 1.256216300000000000e+07 1.236774400000000000e+07 1.218139800000000000e+07 1.198840300000000000e+07 1.181682700000000000e+07
-1.000000000000000000e+08 1.320544500000000000e+07 1.297408300000000000e+07 1.281372900000000000e+07 1.256216300000000000e+07 1.236774400000000000e+07 1.218139800000000000e+07 1.198840300000000000e+07
-1.000000000000000000e+08 1.338162900000000000e+07 1.320544500000000000e+07 1.297408300000000000e+07 1.281372900000000000e+07 1.256216300000000000e+07 1.236774400000000000e+07 1.218139800000000000e+07
-1.000000000000000000e+08 1.364890400000000000e+07 1.338162900000000000e+07 1.320544500000000000e+07 1.297408300000000000e+07 1.281372900000000000e+07 1.256216300000000000e+07 1.236774400000000000e+07
-1.000000000000000000e+08 1.379979400000000000e+07 1.364890400000000000e+07 1.338162900000000000e+07 1.320544500000000000e+07 1.297408300000000000e+07 1.281372900000000000e+07 1.256216300000000000e+07
-1.000000000000000000e+08 1.390849800000000000e+07 1.379979400000000000e+07 1.364890400000000000e+07 1.338162900000000000e+07 1.320544500000000000e+07 1.297408300000000000e+07 1.281372900000000000e+07
-1.000000000000000000e+08 1.406637000000000000e+07 1.390849800000000000e+07 1.379979400000000000e+07 1.364890400000000000e+07 1.338162900000000000e+07 1.320544500000000000e+07 1.297408300000000000e+07
-1.000000000000000000e+08 1.423322600000000000e+07 1.406637000000000000e+07 1.390849800000000000e+07 1.379979400000000000e+07 1.364890400000000000e+07 1.338162900000000000e+07 1.320544500000000000e+07
-1.000000000000000000e+08 1.442231300000000000e+07 1.423322600000000000e+07 1.406637000000000000e+07 1.390849800000000000e+07 1.379979400000000000e+07 1.364890400000000000e+07 1.338162900000000000e+07
-1.000000000000000000e+08 1.456967500000000000e+07 1.442231300000000000e+07 1.423322600000000000e+07 1.406637000000000000e+07 1.390849800000000000e+07 1.379979400000000000e+07 1.364890400000000000e+07
-1.000000000000000000e+08 1.468533000000000000e+07 1.456967500000000000e+07 1.442231300000000000e+07 1.423322600000000000e+07 1.406637000000000000e+07 1.390849800000000000e+07 1.379979400000000000e+07
-1.000000000000000000e+08 1.466844500000000000e+07 1.468533000000000000e+07 1.456967500000000000e+07 1.442231300000000000e+07 1.423322600000000000e+07 1.406637000000000000e+07 1.390849800000000000e+07
-1.000000000000000000e+08 1.481297400000000000e+07 1.466844500000000000e+07 1.468533000000000000e+07 1.456967500000000000e+07 1.442231300000000000e+07 1.423322600000000000e+07 1.406637000000000000e+07
-1.000000000000000000e+08 1.484298300000000000e+07 1.481297400000000000e+07 1.466844500000000000e+07 1.468533000000000000e+07 1.456967500000000000e+07 1.442231300000000000e+07 1.423322600000000000e+07
-1.000000000000000000e+08 1.454994900000000000e+07 1.484298300000000000e+07 1.481297400000000000e+07 1.466844500000000000e+07 1.468533000000000000e+07 1.456967500000000000e+07 1.442231300000000000e+07
-1.000000000000000000e+08 1.438388500000000000e+07 1.454994900000000000e+07 1.484298300000000000e+07 1.481297400000000000e+07 1.466844500000000000e+07 1.468533000000000000e+07 1.456967500000000000e+07
-1.000000000000000000e+08 1.434041700000000000e+07 1.438388500000000000e+07 1.454994900000000000e+07 1.484298300000000000e+07 1.481297400000000000e+07 1.466844500000000000e+07 1.468533000000000000e+07
-1.000000000000000000e+08 1.438414500000000000e+07 1.434041700000000000e+07 1.438388500000000000e+07 1.454994900000000000e+07 1.484298300000000000e+07 1.481297400000000000e+07 1.466844500000000000e+07
-1.000000000000000000e+08 1.456651100000000000e+07 1.438414500000000000e+07 1.434041700000000000e+07 1.438388500000000000e+07 1.454994900000000000e+07 1.484298300000000000e+07 1.481297400000000000e+07
-1.000000000000000000e+08 1.468106300000000000e+07 1.456651100000000000e+07 1.438414500000000000e+07 1.434041700000000000e+07 1.438388500000000000e+07 1.454994900000000000e+07 1.484298300000000000e+07
-1.000000000000000000e+08 1.488860000000000000e+07 1.468106300000000000e+07 1.456651100000000000e+07 1.438414500000000000e+07 1.434041700000000000e+07 1.438388500000000000e+07 1.454994900000000000e+07
-1.000000000000000000e+08 1.505766000000000000e+07 1.488860000000000000e+07 1.468106300000000000e+07 1.456651100000000000e+07 1.438414500000000000e+07 1.434041700000000000e+07 1.438388500000000000e+07
-1.000000000000000000e+08 1.523020800000000000e+07 1.505766000000000000e+07 1.488860000000000000e+07 1.468106300000000000e+07 1.456651100000000000e+07 1.438414500000000000e+07 1.434041700000000000e+07
-1.000000000000000000e+08 1.523837100000000000e+07 1.523020800000000000e+07 1.505766000000000000e+07 1.488860000000000000e+07 1.468106300000000000e+07 1.456651100000000000e+07 1.438414500000000000e+07
-1.000000000000000000e+08 1.546092600000000000e+07 1.523837100000000000e+07 1.523020800000000000e+07 1.505766000000000000e+07 1.488860000000000000e+07 1.468106300000000000e+07 1.456651100000000000e+07
-1.000000000000000000e+08 1.558712500000000000e+07 1.546092600000000000e+07 1.523837100000000000e+07 1.523020800000000000e+07 1.505766000000000000e+07 1.488860000000000000e+07 1.468106300000000000e+07
-1.000000000000000000e+08 1.578531200000000000e+07 1.558712500000000000e+07 1.546092600000000000e+07 1.523837100000000000e+07 1.523020800000000000e+07 1.505766000000000000e+07 1.488860000000000000e+07
-1.000000000000000000e+08 1.597388100000000000e+07 1.578531200000000000e+07 1.558712500000000000e+07 1.546092600000000000e+07 1.523837100000000000e+07 1.523020800000000000e+07 1.505766000000000000e+07
-1.000000000000000000e+08 1.612185100000000000e+07 1.597388100000000000e+07 1.578531200000000000e+07 1.558712500000000000e+07 1.546092600000000000e+07 1.523837100000000000e+07 1.523020800000000000e+07
-1.000000000000000000e+08 1.622793900000000000e+07 1.612185100000000000e+07 1.597388100000000000e+07 1.578531200000000000e+07 1.558712500000000000e+07 1.546092600000000000e+07 1.523837100000000000e+07
-1.000000000000000000e+08 1.629734900000000000e+07 1.622793900000000000e+07 1.612185100000000000e+07 1.597388100000000000e+07 1.578531200000000000e+07 1.558712500000000000e+07 1.546092600000000000e+07
-1.000000000000000000e+08 1.647544000000000000e+07 1.629734900000000000e+07 1.622793900000000000e+07 1.612185100000000000e+07 1.597388100000000000e+07 1.578531200000000000e+07 1.558712500000000000e+07
-1.000000000000000000e+08 1.654139000000000000e+07 1.647544000000000000e+07 1.629734900000000000e+07 1.622793900000000000e+07 1.612185100000000000e+07 1.597388100000000000e+07 1.578531200000000000e+07
-1.000000000000000000e+08 1.674934900000000000e+07 1.654139000000000000e+07 1.647544000000000000e+07 1.629734900000000000e+07 1.622793900000000000e+07 1.612185100000000000e+07 1.597388100000000000e+07
-1.000000000000000000e+08 1.699988800000000000e+07 1.674934900000000000e+07 1.654139000000000000e+07 1.647544000000000000e+07 1.629734900000000000e+07 1.622793900000000000e+07 1.612185100000000000e+07
-1.000000000000000000e+08 1.703132400000000000e+07 1.699988800000000000e+07 1.674934900000000000e+07 1.654139000000000000e+07 1.647544000000000000e+07 1.629734900000000000e+07 1.622793900000000000e+07
-1.000000000000000000e+08 1.732092100000000000e+07 1.703132400000000000e+07 1.699988800000000000e+07 1.674934900000000000e+07 1.654139000000000000e+07 1.647544000000000000e+07 1.629734900000000000e+07
-1.000000000000000000e+08 1.762225700000000000e+07 1.732092100000000000e+07 1.703132400000000000e+07 1.699988800000000000e+07 1.674934900000000000e+07 1.654139000000000000e+07 1.647544000000000000e+07
-1.000000000000000000e+08 1.773593300000000000e+07 1.762225700000000000e+07 1.732092100000000000e+07 1.703132400000000000e+07 1.699988800000000000e+07 1.674934900000000000e+07 1.654139000000000000e+07
-1.000000000000000000e+08 1.787471500000000000e+07 1.773593300000000000e+07 1.762225700000000000e+07 1.732092100000000000e+07 1.703132400000000000e+07 1.699988800000000000e+07 1.674934900000000000e+07
-1.000000000000000000e+08 1.809322400000000000e+07 1.787471500000000000e+07 1.773593300000000000e+07 1.762225700000000000e+07 1.732092100000000000e+07 1.703132400000000000e+07 1.699988800000000000e+07
-1.000000000000000000e+08 1.822768900000000000e+07 1.809322400000000000e+07 1.787471500000000000e+07 1.773593300000000000e+07 1.762225700000000000e+07 1.732092100000000000e+07 1.703132400000000000e+07
-1.000000000000000000e+08 1.828722600000000000e+07 1.822768900000000000e+07 1.809322400000000000e+07 1.787471500000000000e+07 1.773593300000000000e+07 1.762225700000000000e+07 1.732092100000000000e+07
-1.000000000000000000e+08 1.832518700000000000e+07 1.828722600000000000e+07 1.822768900000000000e+07 1.809322400000000000e+07 1.787471500000000000e+07 1.773593300000000000e+07 1.762225700000000000e+07
-1.000000000000000000e+08 1.853803900000000000e+07 1.832518700000000000e+07 1.828722600000000000e+07 1.822768900000000000e+07 1.809322400000000000e+07 1.787471500000000000e+07 1.773593300000000000e+07
-1.000000000000000000e+08 1.872913000000000000e+07 1.853803900000000000e+07 1.832518700000000000e+07 1.828722600000000000e+07 1.822768900000000000e+07 1.809322400000000000e+07 1.787471500000000000e+07
-1.000000000000000000e+08 1.890554500000000000e+07 1.872913000000000000e+07 1.853803900000000000e+07 1.832518700000000000e+07 1.828722600000000000e+07 1.822768900000000000e+07 1.809322400000000000e+07
-1.000000000000000000e+08 1.905770500000000000e+07 1.890554500000000000e+07 1.872913000000000000e+07 1.853803900000000000e+07 1.832518700000000000e+07 1.828722600000000000e+07 1.822768900000000000e+07
