7.674207453599800033e+01 -1.000000000000000000e+08 -1.000000000000000000e+08 -1.000000000000000000e+08 7.963498843103000979e+01 -1.000000000000000000e+08 -1.000000000000000000e+08 -1.000000000000000000e+08
-1.000000000000000000e+08 7.674207453599800033e+01 -1.000000000000000000e+08 -1.000000000000000000e+08 -1.000000000000000000e+08 7.963498843103000979e+01 -1.000000000000000000e+08 -1.000000000000000000e+08
-1.000000000000000000e+08 -1.000000000000000000e+08 7.674207453599800033e+01 -1.000000000000000000e+08 -1.000000000000000000e+08 -1.000000000000000000e+08 7.963498843103000979e+01 -1.000000000000000000e+08
-1.000000000000000000e+08 -1.000000000000000000e+08 -1.000000000000000000e+08 7.674207453599800033e+01 -1.000000000000000000e+08 -1.000000000000000000e+08 -1.000000000000000000e+08 7.963498843103000979e+01
7.705381962620799641e+01 -1.000000000000000000e+08 -1.000000000000000000e+08 -1.000000000000000000e+08 7.674207453599800033e+01 -1.000000000000000000e+08 -1.000000000000000000e+08 -1.000000000000000000e+08
-1.000000000000000000e+08 7.705381962620799641e+01 -1.000000000000000000e+08 -1.000000000000000000e+08 -1.000000000000000000e+08 7.674207453599800033e+01 -1.000000000000000000e+08 -1.000000000000000000e+08
-1.000000000000000000e+08 -1.000000000000000000e+08 7.705381962620799641e+01 -1.000000000000000000e+08 -1.000000000000000000e+08 -1.000000000000000000e+08 7.674207453599800033e+01 -1.000000000000000000e+08
-1.000000000000000000e+08 -1.000000000000000000e+08 -1.000000000000000000e+08 7.705381962620799641e+01 -1.000000000000000000e+08 -1.000000000000000000e+08 -1.000000000000000000e+08 7.674207453599800033e+01
7.888788053790899824e+01 -1.000000000000000000e+08 -1.000000000000000000e+08 -1.000000000000000000e+08 7.705381962620799641e+01 -1.000000000000000000e+08 -1.000000000000000000e+08 -1.000000000000000000e+08
-1.000000000000000000e+08 7.888788053790899824e+01 -1.000000000000000000e+08 -1.000000000000000000e+08 -1.000000000000000000e+08 7.705381962620799641e+01 -1.000000000000000000e+08 -1.000000000000000000e+08
-1.000000000000000000e+08 -1.000000000000000000e+08 7.888788053790899824e+01 -1.000000000000000000e+08 -1.000000000000000000e+08 -1.000000000000000000e+08 7.705381962620799641e+01 -1.000000000000000000e+08
-1.000000000000000000e+08 -1.000000000000000000e+08 -1.000000000000000000e+08 7.888788053790899824e+01 -1.000000000000000000e+08 -1.000000000000000000e+08 -1.000000000000000000e+08 7.705381962620799641e+01
7.989887108940500582e+01 -1.000000000000000000e+08 -1.000000000000000000e+08 -1.000000000000000000e+08 7.888788053790899824e+01 -1.000000000000000000e+08 -1.000000000000000000e+08 -1.000000000000000000e+08
-1.000000000000000000e+08 7.989887108940500582e+01 -1.000000000000000000e+08 -1.000000000000000000e+08 -1.000000000000000000e+08 7.888788053790899824e+01 -1.000000000000000000e+08 -1.000000000000000000e+08
-1.000000000000000000e+08 -1.000000000000000000e+08 7.989887108940500582e+01 -1.000000000000000000e+08 -1.000000000000000000e+08 -1.000000000000000000e+08 7.888788053790899824e+01 -1.000000000000000000e+08
-1.000000000000000000e+08 -1.000000000000000000e+08 -1.000000000000000000e+08 7.989887108940500582e+01 -1.000000000000000000e+08 -1.000000000000000000e+08 -1.000000000000000000e+08 7.888788053790899824e+01
7.774430980443401040e+01 -1.000000000000000000e+08 -1.000000000000000000e+08 -1.000000000000000000e+08 7.989887108940500582e+01 -1.000000000000000000e+08 -1.000000000000000000e+08 -1.000000000000000000e+08
-1.000000000000000000e+08 7.774430980443401040e+01 -1.000000000000000000e+08 -1.000000000000000000e+08 -1.000000000000000000e+08 7.989887108940500582e+01 -1.000000000000000000e+08 -1.000000000000000000e+08
-1.000000000000000000e+08 -1.000000000000000000e+08 7.774430980443401040e+01 -1.000000000000000000e+08 -1.000000000000000000e+08 -1.000000000000000000e+08 7.989887108940500582e+01 -1.000000000000000000e+08
-1.000000000000000000e+08 -1.000000000000000000e+08 -1.000000000000000000e+08 7.774430980443401040e+01 -1.000000000000000000e+08 -1.000000000000000000e+08 -1.000000000000000000e+08 7.989887108940500582e+01
7.789285948266299897e+01 -1.000000000000000000e+08 -1.000000000000000000e+08 -1.000000000000000000e+08 7.774430980443401040e+01 -1.000000000000000000e+08 -1.000000000000000000e+08 -1.000000000000000000e+08
-1.000000000000000000e+08 7.789285948266299897e+01 -1.000000000000000000e+08 -1.000000000000000000e+08 -1.000000000000000000e+08 7.774430980443401040e+01 -1.000000000000000000e+08 -1.000000000000000000e+08
-1.000000000000000000e+08 -1.000000000000000000e+08 7.789285948266299897e+01 -1.000000000000000000e+08 -1.000000000000000000e+08 -1.000000000000000000e+08 7.774430980443401040e+01 -1.000000000000000000e+08
-1.000000000000000000e+08 -1.000000000000000000e+08 -1.000000000000000000e+08 7.789285948266299897e+01 -1.000000000000000000e+08 -1.000000000000000000e+08 -1.000000000000000000e+08 7.774430980443401040e+01
7.939146428733100436e+01 -1.000000000000000000e+08 -1.000000000000000000e+08 -1.000000000000000000e+08 7.789285948266299897e+01 -1.000000000000000000e+08 -1.000000000000000000e+08 -1.000000000000000000e+08
-1.000000000000000000e+08 7.939146428733100436e+01 -1.000000000000000000e+08 -1.000000000000000000e+08 -1.000000000000000000e+08 7.789285948266299897e+01 -1.000000000000000000e+08 -1.000000000000000000e+08
-1.000000000000000000e+08 -1.000000000000000000e+08 7.939146428733100436e+01 -1.000000000000000000e+08 -1.000000000000000000e+08 -1.000000000000000000e+08 7.789285948266299897e+01 -1.000000000000000000e+08
-1.000000000000000000e+08 -1.000000000000000000e+08 -1.000000000000000000e+08 7.939146428733100436e+01 -1.000000000000000000e+08 -1.000000000000000000e+08 -1.000000000000000000e+08 7.789285948266299897e+01
7.879060548990599955e+01 -1.000000000000000000e+08 -1.000000000000000000e+08 -1.000000000000000000e+08 7.939146428733100436e+01 -1.000000000000000000e+08 -1.000000000000000000e+08 -1.000000000000000000e+08
-1.000000000000000000e+08 7.879060548990599955e+01 -1.000000000000000000e+08 -1.000000000000000000e+08 -1.000000000000000000e+08 7.939146428733100436e+01 -1.000000000000000000e+08 -1.000000000000000000e+08
-1.000000000000000000e+08 -1.000000000000000000e+08 7.879060548990599955e+01 -1.000000000000000000e+08 -1.000000000000000000e+08 -1.000000000000000000e+08 7.939146428733100436e+01 -1.000000000000000000e+08
-1.000000000000000000e+08 -1.000000000000000000e+08 -1.000000000000000000e+08 7.879060548990599955e+01 -1.000000000000000000e+08 -1.000000000000000000e+08 -1.000000000000000000e+08 7.939146428733100436e+01
7.898128130837800143e+01 -1.000000000000000000e+08 -1.000000000000000000e+08 -1.000000000000000000e+08 7.879060548990599955e+01 -1.000000000000000000e+08 -1.000000000000000000e+08 -1.000000000000000000e+08
-1.000000000000000000e+08 7.898128130837800143e+01 -1.000000000000000000e+08 -1.000000000000000000e+08 -1.000000000000000000e+08 7.879060548990599955e+01 -1.000000000000000000e+08 -1.000000000000000000e+08
-1.000000000000000000e+08 -1.000000000000000000e+08 7.898128130837800143e+01 -1.000000000000000000e+08 -1.000000000000000000e+08 -1.000000000000000000e+08 7.879060548990599955e+01 -1.000000000000000000e+08
-1.000000000000000000e+08 -1.000000000000000000e+08 -1.000000000000000000e+08 7.898128130837800143e+01 -1.000000000000000000e+08 -1.000000000000000000e+08 -1.000000000000000000e+08 7.879060548990599955e+01
7.872200104739600590e+01 -1.000000000000000000e+08 -1.000000000000000000e+08 -1.000000000000000000e+08 7.898128130837800143e+01 -1.000000000000000000e+08 -1.000000000000000000e+08 -1.000000000000000000e+08
-1.000000000000000000e+08 7.872200104739600590e+01 -1.000000000000000000e+08 -1.000000000000000000e+08 -1.000000000000000000e+08 7.898128130837800143e+01 -1.000000000000000000e+08 -1.000000000000000000e+08
-1.000000000000000000e+08 -1.000000000000000000e+08 7.872200104739600590e+01 -1.000000000000000000e+08 -1.000000000000000000e+08 -1.000000000000000000e+08 7.898128130837800143e+01 -1.000000000000000000e+08
-1.000000000000000000e+08 -1.000000000000000000e+08 -1.000000000000000000e+08 7.872200104739600590e+01 -1.000000000000000000e+08 -1.000000000000000000e+08 -1.000000000000000000e+08 7.898128130837800143e+01
7.664016069981499868e+01 -1.000000000000000000e+08 -1.000000000000000000e+08 -1.000000000000000000e+08 7.872200104739600590e+01 -1.000000000000000000e+08 -1.000000000000000000e+08 -1.000000000000000000e+08
-1.000000000000000000e+08 7.664016069981499868e+01 -1.000000000000000000e+08 -1.000000000000000000e+08 -1.000000000000000000e+08 7.872200104739600590e+01 -1.000000000000000000e+08 -1.000000000000000000e+08
-1.000000000000000000e+08 -1.000000000000000000e+08 7.664016069981499868e+01 -1.000000000000000000e+08 -1.000000000000000000e+08 -1.000000000000000000e+08 7.872200104739600590e+01 -1.000000000000000000e+08
-1.000000000000000000e+08 -1.000000000000000000e+08 -1.000000000000000000e+08 7.664016069981499868e+01 -1.000000000000000000e+08 -1.000000000000000000e+08 -1.000000000000000000e+08 7.872200104739600590e+01
7.681353949728800501e+01 -1.000000000000000000e+08 -1.000000000000000000e+08 -1.000000000000000000e+08 7.664016069981499868e+01 -1.000000000000000000e+08 -1.000000000000000000e+08 -1.000000000000000000e+08
-1.000000000000000000e+08 7.681353949728800501e+01 -1.000000000000000000e+08 -1.000000000000000000e+08 -1.000000000000000000e+08 7.664016069981499868e+01 -1.000000000000000000e+08 -1.000000000000000000e+08
-1.000000000000000000e+08 -1.000000000000000000e+08 7.681353949728800501e+01 -1.000000000000000000e+08 -1.000000000000000000e+08 -1.000000000000000000e+08 7.664016069981499868e+01 -1.000000000000000000e+08
-1.000000000000000000e+08 -1.000000000000000000e+08 -1.000000000000000000e+08 7.681353949728800501e+01 -1.000000000000000000e+08 -1.000000000000000000e+08 -1.000000000000000000e+08 7.664016069981499868e+01
7.631543515929699595e+01 -1.000000000000000000e+08 -1.000000000000000000e+08 -1.000000000000000000e+08 7.681353949728800501e+01 -1.000000000000000000e+08 -1.000000000000000000e+08 -1.000000000000000000e+08
-1.000000000000000000e+08 7.631543515929699595e+01 -1.000000000000000000e+08 -1.000000000000000000e+08 -1.000000000000000000e+08 7.681353949728800501e+01 -1.000000000000000000e+08 -1.000000000000000000e+08
-1.000000000000000000e+08 -1.000000000000000000e+08 7.631543515929699595e+01 -1.000000000000000000e+08 -1.000000000000000000e+08 -1.000000000000000000e+08 7.681353949728800501e+01 -1.000000000000000000e+08
-1.000000000000000000e+08 -1.000000000000000000e+08 -1.000000000000000000e+08 7.631543515929699595e+01 -1.000000000000000000e+08 -1.000000000000000000e+08 -1.000000000000000000e+08 7.681353949728800501e+01
8.077302578850299142e+01 -1.000000000000000000e+08 -1.000000000000000000e+08 -1.000000000000000000e+08 7.631543515929699595e+01 -1.000000000000000000e+08 -1.000000000000000000e+08 -1.000000000000000000e+08
-1.000000000000000000e+08 8.077302578850299142e+01 -1.000000000000000000e+08 -1.000000000000000000e+08 -1.000000000000000000e+08 7.631543515929699595e+01 -1.000000000000000000e+08 -1.000000000000000000e+08
-1.000000000000000000e+08 -1.000000000000000000e+08 8.077302578850299142e+01 -1.000000000000000000e+08 -1.000000000000000000e+08 -1.000000000000000000e+08 7.631543515929699595e+01 -1.000000000000000000e+08
-1.000000000000000000e+08 -1.000000000000000000e+08 -1.000000000000000000e+08 8.077302578850299142e+01 -1.000000000000000000e+08 -1.000000000000000000e+08 -1.000000000000000000e+08 7.631543515929699595e+01
8.279484771968000700e+01 -1.000000000000000000e+08 -1.000000000000000000e+08 -1.000000000000000000e+08 8.077302578850299142e+01 -1.000000000000000000e+08 -1.000000000000000000e+08 -1.000000000000000000e+08
-1.000000000000000000e+08 8.279484771968000700e+01 -1.000000000000000000e+08 -1.000000000000000000e+08 -1.000000000000000000e+08 8.077302578850299142e+01 -1.000000000000000000e+08 -1.000000000000000000e+08
-1.000000000000000000e+08 -1.000000000000000000e+08 8.279484771968000700e+01 -1.000000000000000000e+08 -1.000000000000000000e+08 -1.000000000000000000e+08 8.077302578850299142e+01 -1.000000000000000000e+08
-1.000000000000000000e+08 -1.000000000000000000e+08 -1.000000000000000000e+08 8.279484771968000700e+01 -1.000000000000000000e+08 -1.000000000000000000e+08 -1.000000000000000000e+08 8.077302578850299142e+01
8.272701137236599322e+01 -1.000000000000000000e+08 -1.000000000000000000e+08 -1.000000000000000000e+08 8.279484771968000700e+01 -1.000000000000000000e+08 -1.000000000000000000e+08 -1.000000000000000000e+08
-1.000000000000000000e+08 8.272701137236599322e+01 -1.000000000000000000e+08 -1.000000000000000000e+08 -1.000000000000000000e+08 8.279484771968000700e+01 -1.000000000000000000e+08 -1.000000000000000000e+08
-1.000000000000000000e+08 -1.000000000000000000e+08 8.272701137236599322e+01 -1.000000000000000000e+08 -1.000000000000000000e+08 -1.000000000000000000e+08 8.279484771968000700e+01 -1.000000000000000000e+08
-1.000000000000000000e+08 -1.000000000000000000e+08 -1.000000000000000000e+08 8.272701137236599322e+01 -1.000000000000000000e+08 -1.000000000000000000e+08 -1.000000000000000000e+08 8.279484771968000700e+01
8.319660676053599957e+01 -1.000000000000000000e+08 -1.000000000000000000e+08 -1.000000000000000000e+08 8.272701137236599322e+01 -1.000000000000000000e+08 -1.000000000000000000e+08 -1.000000000000000000e+08
-1.000000000000000000e+08 8.319660676053599957e+01 -1.000000000000000000e+08 -1.000000000000000000e+08 -1.000000000000000000e+08 8.272701137236599322e+01 -1.000000000000000000e+08 -1.000000000000000000e+08
-1.000000000000000000e+08 -1.000000000000000000e+08 8.319660676053599957e+01 -1.000000000000000000e+08 -1.000000000000000000e+08 -1.000000000000000000e+08 8.272701137236599322e+01 -1.000000000000000000e+08
-1.000000000000000000e+08 -1.000000000000000000e+08 -1.000000000000000000e+08 8.319660676053599957e+01 -1.000000000000000000e+08 -1.000000000000000000e+08 -1.000000000000000000e+08 8.272701137236599322e+01
8.344615919614599875e+01 -1.000000000000000000e+08 -1.000000000000000000e+08 -1.000000000000000000e+08 8.319660676053599957e+01 -1.000000000000000000e+08 -1.000000000000000000e+08 -1.000000000000000000e+08
-1.000000000000000000e+08 8.344615919614599875e+01 -1.000000000000000000e+08 -1.000000000000000000e+08 -1.000000000000000000e+08 8.319660676053599957e+01 -1.000000000000000000e+08 -1.000000000000000000e+08
-1.000000000000000000e+08 -1.000000000000000000e+08 8.344615919614599875e+01 -1.000000000000000000e+08 -1.000000000000000000e+08 -1.000000000000000000e+08 8.319660676053599957e+01 -1.000000000000000000e+08
-1.000000000000000000e+08 -1.000000000000000000e+08 -1.000000000000000000e+08 8.344615919614599875e+01 -1.000000000000000000e+08 -1.000000000000000000e+08 -1.000000000000000000e+08 8.319660676053599957e+01
8.480835495034099836e+01 -1.000000000000000000e+08 -1.000000000000000000e+08 -1.000000000000000000e+08 8.344615919614599875e+01 -1.000000000000000000e+08 -1.000000000000000000e+08 -1.000000000000000000e+08
-1.000000000000000000e+08 8.480835495034099836e+01 -1.000000000000000000e+08 -1.000000000000000000e+08 -1.000000000000000000e+08 8.344615919614599875e+01 -1.000000000000000000e+08 -1.000000000000000000e+08
-1.000000000000000000e+08 -1.000000000000000000e+08 8.480835495034099836e+01 -1.000000000000000000e+08 -1.000000000000000000e+08 -1.000000000000000000e+08 8.344615919614599875e+01 -1.000000000000000000e+08
-1.000000000000000000e+08 -1.000000000000000000e+08 -1.000000000000000000e+08 8.480835495034099836e+01 -1.000000000000000000e+08 -1.000000000000000000e+08 -1.000000000000000000e+08 8.344615919614599875e+01
8.461393100421199165e+01 -1.000000000000000000e+08 -1.000000000000000000e+08 -1.000000000000000000e+08 8.480835495034099836e+01 -1.000000000000000000e+08 -1.000000000000000000e+08 -1.000000000000000000e+08
-1.000000000000000000e+08 8.461393100421199165e+01 -1.000000000000000000e+08 -1.000000000000000000e+08 -1.000000000000000000e+08 8.480835495034099836e+01 -1.000000000000000000e+08 -1.000000000000000000e+08
-1.000000000000000000e+08 -1.000000000000000000e+08 8.461393100421199165e+01 -1.000000000000000000e+08 -1.000000000000000000e+08 -1.000000000000000000e+08 8.480835495034099836e+01 -1.000000000000000000e+08
-1.000000000000000000e+08 -1.000000000000000000e+08 -1.000000000000000000e+08 8.461393100421199165e+01 -1.000000000000000000e+08 -1.000000000000000000e+08 -1.000000000000000000e+08 8.480835495034099836e+01
8.623908799805499825e+01 -1.000000000000000000e+08 -1.000000000000000000e+08 -1.000000000000000000e+08 8.461393100421199165e+01 -1.000000000000000000e+08 -1.000000000000000000e+08 -1.000000000000000000e+08
-1.000000000000000000e+08 8.623908799805499825e+01 -1.000000000000000000e+08 -1.000000000000000000e+08 -1.000000000000000000e+08 8.461393100421199165e+01 -1.000000000000000000e+08 -1.000000000000000000e+08
-1.000000000000000000e+08 -1.000000000000000000e+08 8.623908799805499825e+01 -1.000000000000000000e+08 -1.000000000000000000e+08 -1.000000000000000000e+08 8.461393100421199165e+01 -1.000000000000000000e+08
-1.000000000000000000e+08 -1.000000000000000000e+08 -1.000000000000000000e+08 8.623908799805499825e+01 -1.000000000000000000e+08 -1.000000000000000000e+08 -1.000000000000000000e+08 8.461393100421199165e+01
8.570969790261500521e+01 -1.000000000000000000e+08 -1.000000000000000000e+08 -1.000000000000000000e+08 8.623908799805499825e+01 -1.000000000000000000e+08 -1.000000000000000000e+08 -1.000000000000000000e+08
-1.000000000000000000e+08 8.570969790261500521e+01 -1.000000000000000000e+08 -1.000000000000000000e+08 -1.000000000000000000e+08 8.623908799805499825e+01 -1.000000000000000000e+08 -1.000000000000000000e+08
-1.000000000000000000e+08 -1.000000000000000000e+08 8.570969790261500521e+01 -1.000000000000000000e+08 -1.000000000000000000e+08 -1.000000000000000000e+08 8.623908799805499825e+01 -1.000000000000000000e+08
-1.000000000000000000e+08 -1.000000000000000000e+08 -1.000000000000000000e+08 8.570969790261500521e+01 -1.000000000000000000e+08 -1.000000000000000000e+08 -1.000000000000000000e+08 8.623908799805499825e+01
8.605996591094499593e+01 -1.000000000000000000e+08 -1.000000000000000000e+08 -1.000000000000000000e+08 8.570969790261500521e+01 -1.000000000000000000e+08 -1.000000000000000000e+08 -1.000000000000000000e+08
-1.000000000000000000e+08 8.605996591094499593e+01 -1.000000000000000000e+08 -1.000000000000000000e+08 -1.000000000000000000e+08 8.570969790261500521e+01 -1.000000000000000000e+08 -1.000000000000000000e+08
-1.000000000000000000e+08 -1.000000000000000000e+08 8.605996591094499593e+01 -1.000000000000000000e+08 -1.000000000000000000e+08 -1.000000000000000000e+08 8.570969790261500521e+01 -1.000000000000000000e+08
-1.000000000000000000e+08 -1.000000000000000000e+08 -1.000000000000000000e+08 8.605996591094499593e+01 -1.000000000000000000e+08 -1.000000000000000000e+08 -1.000000000000000000e+08 8.570969790261500521e+01
8.647190999999999406e+01 -1.000000000000000000e+08 -1.000000000000000000e+08 -1.000000000000000000e+08 8.605996591094499593e+01 -1.000000000000000000e+08 -1.000000000000000000e+08 -1.000000000000000000e+08
-1.000000000000000000e+08 8.647190999999999406e+01 -1.000000000000000000e+08 -1.000000000000000000e+08 -1.000000000000000000e+08 8.605996591094499593e+01 -1.000000000000000000e+08 -1.000000000000000000e+08
-1.000000000000000000e+08 -1.000000000000000000e+08 8.647190999999999406e+01 -1.000000000000000000e+08 -1.000000000000000000e+08 -1.000000000000000000e+08 8.605996591094499593e+01 -1.000000000000000000e+08
-1.000000000000000000e+08 -1.000000000000000000e+08 -1.000000000000000000e+08 8.647190999999999406e+01 -1.000000000000000000e+08 -1.000000000000000000e+08 -1.000000000000000000e+08 8.605996591094499593e+01
8.852540000000000475e+01 -1.000000000000000000e+08 -1.000000000000000000e+08 -1.000000000000000000e+08 8.647190999999999406e+01 -1.000000000000000000e+08 -1.000000000000000000e+08 -1.000000000000000000e+08
-1.000000000000000000e+08 8.852540000000000475e+01 -1.000000000000000000e+08 -1.000000000000000000e+08 -1.000000000000000000e+08 8.647190999999999406e+01 -1.000000000000000000e+08 -1.000000000000000000e+08
-1.000000000000000000e+08 -1.000000000000000000e+08 8.852540000000000475e+01 -1.000000000000000000e+08 -1.000000000000000000e+08 -1.000000000000000000e+08 8.647190999999999406e+01 -1.000000000000000000e+08
-1.000000000000000000e+08 -1.000000000000000000e+08 -1.000000000000000000e+08 8.852540000000000475e+01 -1.000000000000000000e+08 -1.000000000000000000e+08 -1.000000000000000000e+08 8.647190999999999406e+01
-1.000000000000000000e+08 -1.000000000000000000e+08 -1.000000000000000000e+08 -1.000000000000000000e+08 8.852540000000000475e+01 -1.000000000000000000e+08 -1.000000000000000000e+08 -1.000000000000000000e+08
-1.000000000000000000e+08 -1.000000000000000000e+08 -1.000000000000000000e+08 -1.000000000000000000e+08 -1.000000000000000000e+08 8.852540000000000475e+01 -1.000000000000000000e+08 -1.000000000000000000e+08
-1.000000000000000000e+08 -1.000000000000000000e+08 -1.000000000000000000e+08 -1.000000000000000000e+08 -1.000000000000000000e+08 -1.000000000000000000e+08 8.852540000000000475e+01 -1.000000000000000000e+08
