2.340957928802587958e+03 2.341872549019607050e+03 2.342033003300329256e+03 2.344143333333332521e+03 2.346808080808079922e+03 2.348163265306121502e+03 2.349013745704466601e+03 2.351677083333332575e+03 2.335823894282630135e+03 2.330478519417476491e+03 9.993347557959129102e-01
1.803000000000000000e+03 2.341872549019607050e+03 2.342033003300329256e+03 2.344143333333332521e+03 2.346808080808079922e+03 2.348163265306121502e+03 2.349013745704466601e+03 2.351677083333332575e+03 1.803000000000000000e+03 1.803000000000000000e+03 1.000000000000000000e+00
2.157666666666666515e+03 1.803000000000000000e+03 2.342033003300329256e+03 2.344143333333332521e+03 2.346808080808079922e+03 2.348163265306121502e+03 2.349013745704466601e+03 2.351677083333332575e+03 1.980333333333333258e+03 1.980333333333333258e+03 1.000000000000000000e+00
2.160666666666666515e+03 2.157666666666666515e+03 1.803000000000000000e+03 2.344143333333332521e+03 2.346808080808079922e+03 2.348163265306121502e+03 2.349013745704466601e+03 2.351677083333332575e+03 2.040444444444444343e+03 2.040444444444444343e+03 1.000000000000000000e+00
2.133000000000000000e+03 2.160666666666666515e+03 2.157666666666666515e+03 1.803000000000000000e+03 2.346808080808079922e+03 2.348163265306121502e+03 2.349013745704466601e+03 2.351677083333332575e+03 2.063583333333333030e+03 2.063583333333333030e+03 1.000000000000000000e+00
1.989000000000000000e+03 2.133000000000000000e+03 2.160666666666666515e+03 2.157666666666666515e+03 1.803000000000000000e+03 2.348163265306121502e+03 2.349013745704466601e+03 2.351677083333332575e+03 2.110083333333333030e+03 1.956541666666666515e+03 9.272343114410963594e-01
2.196333333333333485e+03 1.989000000000000000e+03 2.133000000000000000e+03 2.160666666666666515e+03 2.157666666666666515e+03 1.803000000000000000e+03 2.349013745704466601e+03 2.351677083333332575e+03 2.119750000000000000e+03 2.026805555555555429e+03 9.561531102986462471e-01
2.229333333333333485e+03 2.196333333333333485e+03 1.989000000000000000e+03 2.133000000000000000e+03 2.160666666666666515e+03 2.157666666666666515e+03 1.803000000000000000e+03 2.351677083333332575e+03 2.136916666666666970e+03 2.064562500000000000e+03 9.661408571539989998e-01
2.126333333333333485e+03 2.229333333333333485e+03 2.196333333333333485e+03 1.989000000000000000e+03 2.133000000000000000e+03 2.160666666666666515e+03 2.157666666666666515e+03 1.803000000000000000e+03 2.135250000000000000e+03 2.077916666666666515e+03 9.731491238340552741e-01
2.073333333333333485e+03 2.126333333333333485e+03 2.229333333333333485e+03 2.196333333333333485e+03 1.989000000000000000e+03 2.133000000000000000e+03 2.160666666666666515e+03 2.157666666666666515e+03 2.156333333333333485e+03 2.119333333333333030e+03 9.828412428505176601e-01
2.345333333333333485e+03 2.073333333333333485e+03 2.126333333333333485e+03 2.229333333333333485e+03 2.196333333333333485e+03 1.989000000000000000e+03 2.133000000000000000e+03 2.160666666666666515e+03 2.193583333333333485e+03 2.134516666666666879e+03 9.730729780040269228e-01
2.368000000000000000e+03 2.345333333333333485e+03 2.073333333333333485e+03 2.126333333333333485e+03 2.229333333333333485e+03 2.196333333333333485e+03 1.989000000000000000e+03 2.133000000000000000e+03 2.228250000000000455e+03 2.155183333333333394e+03 9.672089457346945141e-01
2.291000000000000000e+03 2.368000000000000000e+03 2.345333333333333485e+03 2.073333333333333485e+03 2.126333333333333485e+03 2.229333333333333485e+03 2.196333333333333485e+03 1.989000000000000000e+03 2.269416666666666970e+03 2.162083333333333485e+03 9.527044394668232608e-01
2.253000000000000000e+03 2.291000000000000000e+03 2.368000000000000000e+03 2.345333333333333485e+03 2.073333333333333485e+03 2.126333333333333485e+03 2.229333333333333485e+03 2.196333333333333485e+03 2.314333333333333485e+03 2.187933333333333394e+03 9.453838398386864572e-01
2.418333333333333485e+03 2.253000000000000000e+03 2.291000000000000000e+03 2.368000000000000000e+03 2.345333333333333485e+03 2.073333333333333485e+03 2.126333333333333485e+03 2.229333333333333485e+03 2.332583333333333485e+03 2.221383333333333667e+03 9.523275338501662191e-01
2.420333333333333485e+03 2.418333333333333485e+03 2.253000000000000000e+03 2.291000000000000000e+03 2.368000000000000000e+03 2.345333333333333485e+03 2.073333333333333485e+03 2.126333333333333485e+03 2.345666666666666970e+03 2.251733333333333576e+03 9.599545260764530408e-01
2.233666666666666515e+03 2.420333333333333485e+03 2.418333333333333485e+03 2.253000000000000000e+03 2.291000000000000000e+03 2.368000000000000000e+03 2.345333333333333485e+03 2.073333333333333485e+03 2.331333333333333485e+03 2.281800000000000182e+03 9.787532170431798573e-01
2.152000000000000000e+03 2.233666666666666515e+03 2.420333333333333485e+03 2.418333333333333485e+03 2.253000000000000000e+03 2.291000000000000000e+03 2.368000000000000000e+03 2.345333333333333485e+03 2.306083333333333485e+03 2.312683333333333394e+03 1.002861995446825416e+00
2.446333333333333485e+03 2.152000000000000000e+03 2.233666666666666515e+03 2.420333333333333485e+03 2.418333333333333485e+03 2.253000000000000000e+03 2.291000000000000000e+03 2.368000000000000000e+03 2.313083333333333485e+03 2.328683333333333394e+03 1.006744244695031876e+00
2.493333333333333485e+03 2.446333333333333485e+03 2.152000000000000000e+03 2.233666666666666515e+03 2.420333333333333485e+03 2.418333333333333485e+03 2.253000000000000000e+03 2.291000000000000000e+03 2.331333333333333485e+03 2.342800000000000182e+03 1.004918501572776623e+00
2.413333333333333485e+03 2.493333333333333485e+03 2.446333333333333485e+03 2.152000000000000000e+03 2.233666666666666515e+03 2.420333333333333485e+03 2.418333333333333485e+03 2.253000000000000000e+03 2.376250000000000000e+03 2.340316666666666606e+03 9.848781343152726020e-01
2.402000000000000000e+03 2.413333333333333485e+03 2.493333333333333485e+03 2.446333333333333485e+03 2.152000000000000000e+03 2.233666666666666515e+03 2.420333333333333485e+03 2.418333333333333485e+03 2.438750000000000455e+03 2.332616666666666788e+03 9.564804373825387396e-01
2.637333333333333485e+03 2.402000000000000000e+03 2.413333333333333485e+03 2.493333333333333485e+03 2.446333333333333485e+03 2.152000000000000000e+03 2.233666666666666515e+03 2.420333333333333485e+03 2.486500000000000455e+03 2.347766666666666879e+03 9.442053756954218446e-01
2.727000000000000000e+03 2.637333333333333485e+03 2.402000000000000000e+03 2.413333333333333485e+03 2.493333333333333485e+03 2.446333333333333485e+03 2.152000000000000000e+03 2.233666666666666515e+03 2.544916666666666970e+03 2.374050000000000182e+03 9.328596221225318175e-01
2.584333333333333485e+03 2.727000000000000000e+03 2.637333333333333485e+03 2.402000000000000000e+03 2.413333333333333485e+03 2.493333333333333485e+03 2.446333333333333485e+03 2.152000000000000000e+03 2.587666666666666970e+03 2.418533333333333758e+03 9.346386706170295433e-01
2.506666666666666515e+03 2.584333333333333485e+03 2.727000000000000000e+03 2.637333333333333485e+03 2.402000000000000000e+03 2.413333333333333485e+03 2.493333333333333485e+03 2.446333333333333485e+03 2.613833333333333485e+03 2.473766666666667334e+03 9.464133137792516415e-01
2.667333333333333485e+03 2.506666666666666515e+03 2.584333333333333485e+03 2.727000000000000000e+03 2.637333333333333485e+03 2.402000000000000000e+03 2.413333333333333485e+03 2.493333333333333485e+03 2.621333333333333485e+03 2.513466666666667152e+03 9.588504577822991592e-01
2.680000000000000000e+03 2.667333333333333485e+03 2.506666666666666515e+03 2.584333333333333485e+03 2.727000000000000000e+03 2.637333333333333485e+03 2.402000000000000000e+03 2.413333333333333485e+03 2.609583333333333485e+03 2.557850000000000364e+03 9.801756346798660147e-01
2.525000000000000000e+03 2.680000000000000000e+03 2.667333333333333485e+03 2.506666666666666515e+03 2.584333333333333485e+03 2.727000000000000000e+03 2.637333333333333485e+03 2.402000000000000000e+03 2.594750000000000000e+03 2.589083333333333485e+03 9.978161030285512823e-01
2.537000000000000000e+03 2.525000000000000000e+03 2.680000000000000000e+03 2.667333333333333485e+03 2.506666666666666515e+03 2.584333333333333485e+03 2.727000000000000000e+03 2.637333333333333485e+03 2.602333333333333485e+03 2.611533333333333758e+03 1.003535288843345752e+00
2.793000000000000000e+03 2.537000000000000000e+03 2.525000000000000000e+03 2.680000000000000000e+03 2.667333333333333485e+03 2.506666666666666515e+03 2.584333333333333485e+03 2.727000000000000000e+03 2.633750000000000000e+03 2.623816666666666606e+03 9.962284448663185632e-01
2.868333333333333485e+03 2.793000000000000000e+03 2.537000000000000000e+03 2.525000000000000000e+03 2.680000000000000000e+03 2.667333333333333485e+03 2.506666666666666515e+03 2.584333333333333485e+03 2.680833333333333485e+03 2.623833333333333485e+03 9.787379546161019128e-01
2.698000000000000000e+03 2.868333333333333485e+03 2.793000000000000000e+03 2.537000000000000000e+03 2.525000000000000000e+03 2.680000000000000000e+03 2.667333333333333485e+03 2.506666666666666515e+03 2.724083333333333485e+03 2.620616666666666788e+03 9.620178041543027136e-01
2.795666666666666515e+03 2.698000000000000000e+03 2.868333333333333485e+03 2.793000000000000000e+03 2.537000000000000000e+03 2.525000000000000000e+03 2.680000000000000000e+03 2.667333333333333485e+03 2.788750000000000000e+03 2.639616666666666788e+03 9.465232332287465411e-01
2.953333333333333485e+03 2.795666666666666515e+03 2.698000000000000000e+03 2.868333333333333485e+03 2.793000000000000000e+03 2.537000000000000000e+03 2.525000000000000000e+03 2.680000000000000000e+03 2.828833333333333485e+03 2.672766666666666879e+03 9.448300241560124713e-01
2.902000000000000000e+03 2.953333333333333485e+03 2.795666666666666515e+03 2.698000000000000000e+03 2.868333333333333485e+03 2.793000000000000000e+03 2.537000000000000000e+03 2.525000000000000000e+03 2.837250000000000000e+03 2.712116666666666788e+03 9.558962610509003088e-01
2.567000000000000000e+03 2.902000000000000000e+03 2.953333333333333485e+03 2.795666666666666515e+03 2.698000000000000000e+03 2.868333333333333485e+03 2.793000000000000000e+03 2.537000000000000000e+03 2.804500000000000000e+03 2.740166666666666970e+03 9.770606762940513557e-01
2.590000000000000000e+03 2.567000000000000000e+03 2.902000000000000000e+03 2.953333333333333485e+03 2.795666666666666515e+03 2.698000000000000000e+03 2.868333333333333485e+03 2.793000000000000000e+03 2.753083333333333485e+03 2.781616666666666788e+03 1.010364137179526001e+00
2.736000000000000000e+03 2.590000000000000000e+03 2.567000000000000000e+03 2.902000000000000000e+03 2.953333333333333485e+03 2.795666666666666515e+03 2.698000000000000000e+03 2.868333333333333485e+03 2.698750000000000000e+03 2.802816666666666606e+03 1.038561062220163533e+00
2.808333333333333485e+03 2.736000000000000000e+03 2.590000000000000000e+03 2.567000000000000000e+03 2.902000000000000000e+03 2.953333333333333485e+03 2.795666666666666515e+03 2.698000000000000000e+03 2.675333333333333485e+03 2.804866666666666788e+03 1.048417642661350513e+00
2.522666666666666515e+03 2.808333333333333485e+03 2.736000000000000000e+03 2.590000000000000000e+03 2.567000000000000000e+03 2.902000000000000000e+03 2.953333333333333485e+03 2.795666666666666515e+03 2.664250000000000000e+03 2.776449999999999818e+03 1.042113165055831736e+00
2.553333333333333485e+03 2.522666666666666515e+03 2.808333333333333485e+03 2.736000000000000000e+03 2.590000000000000000e+03 2.567000000000000000e+03 2.902000000000000000e+03 2.953333333333333485e+03 2.655083333333333485e+03 2.733483333333333576e+03 1.029528263394118293e+00
2.859000000000000000e+03 2.553333333333333485e+03 2.522666666666666515e+03 2.808333333333333485e+03 2.736000000000000000e+03 2.590000000000000000e+03 2.567000000000000000e+03 2.902000000000000000e+03 2.685833333333333485e+03 2.696166666666666970e+03 1.003847347192057038e+00
2.749333333333333485e+03 2.859000000000000000e+03 2.553333333333333485e+03 2.522666666666666515e+03 2.808333333333333485e+03 2.736000000000000000e+03 2.590000000000000000e+03 2.567000000000000000e+03 2.671083333333333485e+03 2.674483333333333576e+03 1.001272891773000939e+00
2.532333333333333485e+03 2.749333333333333485e+03 2.859000000000000000e+03 2.553333333333333485e+03 2.522666666666666515e+03 2.808333333333333485e+03 2.736000000000000000e+03 2.590000000000000000e+03 2.673500000000000000e+03 2.666099999999999909e+03 9.972320927622966291e-01
2.413333333333333485e+03 2.532333333333333485e+03 2.749333333333333485e+03 2.859000000000000000e+03 2.553333333333333485e+03 2.522666666666666515e+03 2.808333333333333485e+03 2.736000000000000000e+03 2.638500000000000000e+03 2.651766666666666879e+03 1.005028109405596615e+00
2.617333333333333485e+03 2.413333333333333485e+03 2.532333333333333485e+03 2.749333333333333485e+03 2.859000000000000000e+03 2.553333333333333485e+03 2.522666666666666515e+03 2.808333333333333485e+03 2.578083333333333485e+03 2.664283333333333758e+03 1.033435691889970087e+00
2.704000000000000000e+03 2.617333333333333485e+03 2.413333333333333485e+03 2.532333333333333485e+03 2.749333333333333485e+03 2.859000000000000000e+03 2.553333333333333485e+03 2.522666666666666515e+03 2.566750000000000455e+03 2.650216666666666697e+03 1.032518424726469819e+00
2.684000000000000000e+03 2.704000000000000000e+03 2.617333333333333485e+03 2.413333333333333485e+03 2.532333333333333485e+03 2.749333333333333485e+03 2.859000000000000000e+03 2.553333333333333485e+03 2.604666666666666970e+03 2.659733333333333576e+03 1.021141540824161753e+00
2.737000000000000000e+03 2.684000000000000000e+03 2.704000000000000000e+03 2.617333333333333485e+03 2.413333333333333485e+03 2.532333333333333485e+03 2.749333333333333485e+03 2.859000000000000000e+03 2.685583333333333485e+03 2.647916666666666970e+03 9.859744934371800218e-01
2.827333333333333485e+03 2.737000000000000000e+03 2.684000000000000000e+03 2.704000000000000000e+03 2.617333333333333485e+03 2.413333333333333485e+03 2.532333333333333485e+03 2.749333333333333485e+03 2.738083333333333485e+03 2.610083333333333485e+03 9.532519706607419652e-01
2.897333333333333485e+03 2.827333333333333485e+03 2.737000000000000000e+03 2.684000000000000000e+03 2.704000000000000000e+03 2.617333333333333485e+03 2.413333333333333485e+03 2.532333333333333485e+03 2.786416666666666970e+03 2.610683333333333394e+03 9.369321410413612439e-01
2.750333333333333485e+03 2.897333333333333485e+03 2.827333333333333485e+03 2.737000000000000000e+03 2.684000000000000000e+03 2.704000000000000000e+03 2.617333333333333485e+03 2.413333333333333485e+03 2.803000000000000000e+03 2.644333333333333485e+03 9.433939826376501747e-01
2.781666666666666515e+03 2.750333333333333485e+03 2.897333333333333485e+03 2.827333333333333485e+03 2.737000000000000000e+03 2.684000000000000000e+03 2.704000000000000000e+03 2.617333333333333485e+03 2.814166666666666970e+03 2.711300000000000182e+03 9.634468463132958016e-01
2.958000000000000000e+03 2.781666666666666515e+03 2.750333333333333485e+03 2.897333333333333485e+03 2.827333333333333485e+03 2.737000000000000000e+03 2.684000000000000000e+03 2.704000000000000000e+03 2.846833333333333485e+03 2.759833333333333485e+03 9.694397283531409615e-01
3.065000000000000000e+03 2.958000000000000000e+03 2.781666666666666515e+03 2.750333333333333485e+03 2.897333333333333485e+03 2.827333333333333485e+03 2.737000000000000000e+03 2.684000000000000000e+03 2.888750000000000000e+03 2.806883333333333667e+03 9.716601759699986518e-01
2.869333333333333485e+03 3.065000000000000000e+03 2.958000000000000000e+03 2.781666666666666515e+03 2.750333333333333485e+03 2.897333333333333485e+03 2.827333333333333485e+03 2.737000000000000000e+03 2.918500000000000000e+03 2.826099999999999909e+03 9.683399006338871962e-01
2.843666666666666515e+03 2.869333333333333485e+03 3.065000000000000000e+03 2.958000000000000000e+03 2.781666666666666515e+03 2.750333333333333485e+03 2.897333333333333485e+03 2.827333333333333485e+03 2.934000000000000000e+03 2.838133333333333667e+03 9.673256078164055305e-01
2.925666666666666515e+03 2.843666666666666515e+03 2.869333333333333485e+03 3.065000000000000000e+03 2.958000000000000000e+03 2.781666666666666515e+03 2.750333333333333485e+03 2.897333333333333485e+03 2.925916666666666515e+03 2.862650000000000091e+03 9.783771467631227070e-01
2.821000000000000000e+03 2.925666666666666515e+03 2.843666666666666515e+03 2.869333333333333485e+03 3.065000000000000000e+03 2.958000000000000000e+03 2.781666666666666515e+03 2.750333333333333485e+03 2.864916666666666515e+03 2.883983333333333121e+03 1.006655225573751311e+00
2.497666666666666515e+03 2.821000000000000000e+03 2.925666666666666515e+03 2.843666666666666515e+03 2.869333333333333485e+03 3.065000000000000000e+03 2.958000000000000000e+03 2.781666666666666515e+03 2.771999999999999545e+03 2.889199999999999818e+03 1.042279942279942473e+00
2.385333333333333485e+03 2.497666666666666515e+03 2.821000000000000000e+03 2.925666666666666515e+03 2.843666666666666515e+03 2.869333333333333485e+03 3.065000000000000000e+03 2.958000000000000000e+03 2.657416666666666515e+03 2.878683333333333394e+03 1.083263821380413328e+00
2.486666666666666515e+03 2.385333333333333485e+03 2.497666666666666515e+03 2.821000000000000000e+03 2.925666666666666515e+03 2.843666666666666515e+03 2.869333333333333485e+03 3.065000000000000000e+03 2.547666666666666515e+03 2.850266666666666424e+03 1.118775349993458068e+00
2.437333333333333485e+03 2.486666666666666515e+03 2.385333333333333485e+03 2.497666666666666515e+03 2.821000000000000000e+03 2.925666666666666515e+03 2.843666666666666515e+03 2.869333333333333485e+03 2.451750000000000000e+03 2.782283333333333303e+03 1.134815268005846089e+00
2.251333333333333485e+03 2.437333333333333485e+03 2.486666666666666515e+03 2.385333333333333485e+03 2.497666666666666515e+03 2.821000000000000000e+03 2.925666666666666515e+03 2.843666666666666515e+03 2.390166666666666970e+03 2.695633333333332757e+03 1.127801408548915418e+00
2.243333333333333485e+03 2.251333333333333485e+03 2.437333333333333485e+03 2.486666666666666515e+03 2.385333333333333485e+03 2.497666666666666515e+03 2.821000000000000000e+03 2.925666666666666515e+03 2.354666666666666515e+03 2.596866666666666333e+03 1.102859569648924065e+00
2.461666666666666515e+03 2.243333333333333485e+03 2.251333333333333485e+03 2.437333333333333485e+03 2.486666666666666515e+03 2.385333333333333485e+03 2.497666666666666515e+03 2.821000000000000000e+03 2.348416666666666970e+03 2.507816666666666606e+03 1.067875518966679538e+00
2.345333333333333485e+03 2.461666666666666515e+03 2.243333333333333485e+03 2.251333333333333485e+03 2.437333333333333485e+03 2.486666666666666515e+03 2.385333333333333485e+03 2.497666666666666515e+03 2.325416666666666970e+03 2.426483333333333576e+03 1.043461745206952118e+00
1.940333333333333258e+03 2.345333333333333485e+03 2.461666666666666515e+03 2.243333333333333485e+03 2.251333333333333485e+03 2.437333333333333485e+03 2.486666666666666515e+03 2.385333333333333485e+03 2.247666666666666970e+03 2.361666666666666970e+03 1.050719264422363963e+00
1.806333333333333258e+03 1.940333333333333258e+03 2.345333333333333485e+03 2.461666666666666515e+03 2.243333333333333485e+03 2.251333333333333485e+03 2.437333333333333485e+03 2.486666666666666515e+03 2.138416666666666515e+03 2.311416666666666515e+03 1.080900978138030544e+00
1.869666666666666742e+03 1.806333333333333258e+03 1.940333333333333258e+03 2.345333333333333485e+03 2.461666666666666515e+03 2.243333333333333485e+03 2.251333333333333485e+03 2.437333333333333485e+03 1.990416666666666515e+03 2.276816666666666606e+03 1.143889470378898876e+00
1.837333333333333258e+03 1.869666666666666742e+03 1.806333333333333258e+03 1.940333333333333258e+03 2.345333333333333485e+03 2.461666666666666515e+03 2.243333333333333485e+03 2.251333333333333485e+03 1.863416666666666515e+03 2.233016666666666879e+03 1.198345333392961232e+00
1.706333333333333258e+03 1.837333333333333258e+03 1.869666666666666742e+03 1.806333333333333258e+03 1.940333333333333258e+03 2.345333333333333485e+03 2.461666666666666515e+03 2.243333333333333485e+03 1.804916666666666515e+03 2.159116666666666788e+03 1.196241747079736184e+00
1.741666666666666742e+03 1.706333333333333258e+03 1.837333333333333258e+03 1.869666666666666742e+03 1.806333333333333258e+03 1.940333333333333258e+03 2.345333333333333485e+03 2.461666666666666515e+03 1.788750000000000000e+03 2.068483333333333121e+03 1.156384812485441227e+00
1.882333333333333258e+03 1.741666666666666742e+03 1.706333333333333258e+03 1.837333333333333258e+03 1.869666666666666742e+03 1.806333333333333258e+03 1.940333333333333258e+03 2.345333333333333485e+03 1.791916666666666515e+03 1.950716666666666470e+03 1.088620192531274622e+00
1.795000000000000000e+03 1.882333333333333258e+03 1.741666666666666742e+03 1.706333333333333258e+03 1.837333333333333258e+03 1.869666666666666742e+03 1.806333333333333258e+03 1.940333333333333258e+03 1.781333333333333258e+03 1.847000000000000000e+03 1.036863772455089761e+00
1.706666666666666742e+03 1.795000000000000000e+03 1.882333333333333258e+03 1.741666666666666742e+03 1.706333333333333258e+03 1.837333333333333258e+03 1.869666666666666742e+03 1.806333333333333258e+03 1.781416666666666742e+03 1.800216666666666470e+03 1.010553398512419765e+00
1.822000000000000000e+03 1.706666666666666742e+03 1.795000000000000000e+03 1.882333333333333258e+03 1.741666666666666742e+03 1.706333333333333258e+03 1.837333333333333258e+03 1.869666666666666742e+03 1.801500000000000000e+03 1.791299999999999955e+03 9.943380516236469679e-01
2.022666666666666742e+03 1.822000000000000000e+03 1.706666666666666742e+03 1.795000000000000000e+03 1.882333333333333258e+03 1.741666666666666742e+03 1.706333333333333258e+03 1.837333333333333258e+03 1.836583333333333485e+03 1.800849999999999909e+03 9.805435818322064678e-01
1.959000000000000000e+03 2.022666666666666742e+03 1.822000000000000000e+03 1.706666666666666742e+03 1.795000000000000000e+03 1.882333333333333258e+03 1.741666666666666742e+03 1.706333333333333258e+03 1.877583333333333485e+03 1.800583333333333258e+03 9.589898362256445985e-01
1.826000000000000000e+03 1.959000000000000000e+03 2.022666666666666742e+03 1.822000000000000000e+03 1.706666666666666742e+03 1.795000000000000000e+03 1.882333333333333258e+03 1.741666666666666742e+03 1.907416666666666742e+03 1.806616666666666788e+03 9.471536545939097662e-01
1.850666666666666742e+03 1.826000000000000000e+03 1.959000000000000000e+03 2.022666666666666742e+03 1.822000000000000000e+03 1.706666666666666742e+03 1.795000000000000000e+03 1.882333333333333258e+03 1.914583333333333485e+03 1.824116666666666788e+03 9.527486398258977474e-01
1.941666666666666742e+03 1.850666666666666742e+03 1.826000000000000000e+03 1.959000000000000000e+03 2.022666666666666742e+03 1.822000000000000000e+03 1.706666666666666742e+03 1.795000000000000000e+03 1.894333333333333485e+03 1.848133333333333667e+03 9.756114728136549008e-01
1.852666666666666742e+03 1.941666666666666742e+03 1.850666666666666742e+03 1.826000000000000000e+03 1.959000000000000000e+03 2.022666666666666742e+03 1.822000000000000000e+03 1.706666666666666742e+03 1.867750000000000000e+03 1.875616666666666788e+03 1.004211841342078415e+00
1.721666666666666742e+03 1.852666666666666742e+03 1.941666666666666742e+03 1.850666666666666742e+03 1.826000000000000000e+03 1.959000000000000000e+03 2.022666666666666742e+03 1.822000000000000000e+03 1.841666666666666742e+03 1.894266666666666879e+03 1.028561085972850675e+00
1.785000000000000000e+03 1.721666666666666742e+03 1.852666666666666742e+03 1.941666666666666742e+03 1.850666666666666742e+03 1.826000000000000000e+03 1.959000000000000000e+03 2.022666666666666742e+03 1.825250000000000227e+03 1.896716666666666697e+03 1.039154453727799687e+00
1.960333333333333258e+03 1.785000000000000000e+03 1.721666666666666742e+03 1.852666666666666742e+03 1.941666666666666742e+03 1.850666666666666742e+03 1.826000000000000000e+03 1.959000000000000000e+03 1.829916666666666742e+03 1.881450000000000045e+03 1.028161573842160337e+00
1.958666666666666742e+03 1.960333333333333258e+03 1.785000000000000000e+03 1.721666666666666742e+03 1.852666666666666742e+03 1.941666666666666742e+03 1.850666666666666742e+03 1.826000000000000000e+03 1.856416666666666742e+03 1.865483333333333121e+03 1.004883961036046047e+00
1.925666666666666742e+03 1.958666666666666742e+03 1.960333333333333258e+03 1.785000000000000000e+03 1.721666666666666742e+03 1.852666666666666742e+03 1.941666666666666742e+03 1.850666666666666742e+03 1.907416666666666742e+03 1.854816666666666833e+03 9.724234348376949999e-01
1.945000000000000000e+03 1.925666666666666742e+03 1.958666666666666742e+03 1.960333333333333258e+03 1.785000000000000000e+03 1.721666666666666742e+03 1.852666666666666742e+03 1.941666666666666742e+03 1.947416666666666742e+03 1.849683333333333621e+03 9.498138559630280309e-01
2.203000000000000000e+03 1.945000000000000000e+03 1.925666666666666742e+03 1.958666666666666742e+03 1.960333333333333258e+03 1.785000000000000000e+03 1.721666666666666742e+03 1.852666666666666742e+03 2.008083333333333485e+03 1.865549999999999955e+03 9.290202099846452954e-01
2.192666666666666515e+03 2.203000000000000000e+03 1.945000000000000000e+03 1.925666666666666742e+03 1.958666666666666742e+03 1.960333333333333258e+03 1.785000000000000000e+03 1.721666666666666742e+03 2.066583333333333030e+03 1.898450000000000045e+03 9.186418807209969506e-01
2.063000000000000000e+03 2.192666666666666515e+03 2.203000000000000000e+03 1.945000000000000000e+03 1.925666666666666742e+03 1.958666666666666742e+03 1.960333333333333258e+03 1.785000000000000000e+03 2.100916666666666515e+03 1.946116666666666788e+03 9.263178771171315384e-01
2.112666666666666515e+03 2.063000000000000000e+03 2.192666666666666515e+03 2.203000000000000000e+03 1.945000000000000000e+03 1.925666666666666742e+03 1.958666666666666742e+03 1.960333333333333258e+03 2.142833333333333030e+03 1.986500000000000000e+03 9.270436338181536895e-01
2.222333333333333485e+03 2.112666666666666515e+03 2.063000000000000000e+03 2.192666666666666515e+03 2.203000000000000000e+03 1.945000000000000000e+03 1.925666666666666742e+03 1.958666666666666742e+03 2.147666666666666515e+03 2.036000000000000000e+03 9.480055874592582255e-01
2.194000000000000000e+03 2.222333333333333485e+03 2.112666666666666515e+03 2.063000000000000000e+03 2.192666666666666515e+03 2.203000000000000000e+03 1.945000000000000000e+03 1.925666666666666742e+03 2.148000000000000000e+03 2.082866666666666333e+03 9.696772191185597523e-01
2.014666666666666742e+03 2.194000000000000000e+03 2.222333333333333485e+03 2.112666666666666515e+03 2.063000000000000000e+03 2.192666666666666515e+03 2.203000000000000000e+03 1.945000000000000000e+03 2.135916666666666515e+03 2.107916666666666515e+03 9.868908743318637322e-01
2.093333333333333485e+03 2.014666666666666742e+03 2.194000000000000000e+03 2.222333333333333485e+03 2.112666666666666515e+03 2.063000000000000000e+03 2.192666666666666515e+03 2.203000000000000000e+03 2.131083333333333485e+03 2.140483333333333121e+03 1.004410902123332949e+00
2.265666666666666515e+03 2.093333333333333485e+03 2.014666666666666742e+03 2.194000000000000000e+03 2.222333333333333485e+03 2.112666666666666515e+03 2.063000000000000000e+03 2.192666666666666515e+03 2.141916666666666970e+03 2.146516666666666424e+03 1.002147609228494440e+00
2.214000000000000000e+03 2.265666666666666515e+03 2.093333333333333485e+03 2.014666666666666742e+03 2.194000000000000000e+03 2.222333333333333485e+03 2.112666666666666515e+03 2.063000000000000000e+03 2.146916666666666515e+03 2.147783333333333303e+03 1.000403679695687664e+00
2.080333333333333485e+03 2.214000000000000000e+03 2.265666666666666515e+03 2.093333333333333485e+03 2.014666666666666742e+03 2.194000000000000000e+03 2.222333333333333485e+03 2.112666666666666515e+03 2.163333333333333485e+03 2.141400000000000091e+03 9.898613251155623516e-01
2.131000000000000000e+03 2.080333333333333485e+03 2.214000000000000000e+03 2.265666666666666515e+03 2.093333333333333485e+03 2.014666666666666742e+03 2.194000000000000000e+03 2.222333333333333485e+03 2.172750000000000000e+03 2.139416666666666970e+03 9.846584589422008316e-01
2.325666666666666515e+03 2.131000000000000000e+03 2.080333333333333485e+03 2.214000000000000000e+03 2.265666666666666515e+03 2.093333333333333485e+03 2.014666666666666742e+03 2.194000000000000000e+03 2.187750000000000000e+03 2.151083333333333485e+03 9.832400106654478611e-01
2.247666666666666515e+03 2.325666666666666515e+03 2.131000000000000000e+03 2.080333333333333485e+03 2.214000000000000000e+03 2.265666666666666515e+03 2.093333333333333485e+03 2.014666666666666742e+03 2.196166666666666515e+03 2.156766666666666424e+03 9.820596493890869638e-01
