-1.000000000000000000e+09 -1.000000000000000000e+09 -1.000000000000000000e+09 -1.000000000000000000e+09 -1.000000000000000000e+09 -1.000000000000000000e+09 -1.000000000000000000e+09 -1.000000000000000000e+09 -1.000000000000000000e+09 -1.000000000000000000e+09 -1.000000000000000000e+09
3.338000000000000000e+03 -1.000000000000000000e+09 -1.000000000000000000e+09 -1.000000000000000000e+09 -1.000000000000000000e+09 -1.000000000000000000e+09 -1.000000000000000000e+09 -1.000000000000000000e+09 3.338000000000000000e+03 -1.000000000000000000e+09 -1.000000000000000000e+09
3.490000000000000000e+03 3.338000000000000000e+03 -1.000000000000000000e+09 -1.000000000000000000e+09 -1.000000000000000000e+09 -1.000000000000000000e+09 -1.000000000000000000e+09 -1.000000000000000000e+09 3.414000000000000000e+03 -1.000000000000000000e+09 -1.000000000000000000e+09
3.522666666666666515e+03 3.490000000000000000e+03 3.338000000000000000e+03 -1.000000000000000000e+09 -1.000000000000000000e+09 -1.000000000000000000e+09 -1.000000000000000000e+09 -1.000000000000000000e+09 3.450222222222222172e+03 -1.000000000000000000e+09 -1.000000000000000000e+09
3.356333333333333485e+03 3.522666666666666515e+03 3.490000000000000000e+03 3.338000000000000000e+03 -1.000000000000000000e+09 -1.000000000000000000e+09 -1.000000000000000000e+09 -1.000000000000000000e+09 3.426750000000000000e+03 -1.000000000000000000e+09 -1.000000000000000000e+09
3.574666666666666515e+03 3.356333333333333485e+03 3.522666666666666515e+03 3.490000000000000000e+03 3.338000000000000000e+03 -1.000000000000000000e+09 -1.000000000000000000e+09 -1.000000000000000000e+09 3.485916666666666515e+03 3.338000000000000000e+03 9.575673543544261923e-01
3.527666666666666515e+03 3.574666666666666515e+03 3.356333333333333485e+03 3.522666666666666515e+03 3.490000000000000000e+03 3.338000000000000000e+03 -1.000000000000000000e+09 -1.000000000000000000e+09 3.495333333333333030e+03 3.414000000000000000e+03 9.767308792675949425e-01
3.543333333333333485e+03 3.527666666666666515e+03 3.574666666666666515e+03 3.356333333333333485e+03 3.522666666666666515e+03 3.490000000000000000e+03 3.338000000000000000e+03 -1.000000000000000000e+09 3.500500000000000000e+03 3.450222222222222172e+03 9.856369724959925804e-01
3.490000000000000000e+03 3.543333333333333485e+03 3.527666666666666515e+03 3.574666666666666515e+03 3.356333333333333485e+03 3.522666666666666515e+03 3.490000000000000000e+03 3.338000000000000000e+03 3.533916666666666515e+03 3.426750000000000000e+03 9.696748178366779713e-01
3.735333333333333485e+03 3.490000000000000000e+03 3.543333333333333485e+03 3.527666666666666515e+03 3.574666666666666515e+03 3.356333333333333485e+03 3.522666666666666515e+03 3.490000000000000000e+03 3.574083333333333485e+03 3.485916666666666515e+03 9.753316701252068288e-01
3.860666666666666515e+03 3.735333333333333485e+03 3.490000000000000000e+03 3.543333333333333485e+03 3.527666666666666515e+03 3.574666666666666515e+03 3.356333333333333485e+03 3.522666666666666515e+03 3.657333333333333485e+03 3.495333333333333030e+03 9.557054320087494670e-01
3.867666666666666515e+03 3.860666666666666515e+03 3.735333333333333485e+03 3.490000000000000000e+03 3.543333333333333485e+03 3.527666666666666515e+03 3.574666666666666515e+03 3.356333333333333485e+03 3.738416666666666515e+03 3.500500000000000000e+03 9.363589755021065608e-01
3.834666666666666515e+03 3.867666666666666515e+03 3.860666666666666515e+03 3.735333333333333485e+03 3.490000000000000000e+03 3.543333333333333485e+03 3.527666666666666515e+03 3.574666666666666515e+03 3.824583333333333485e+03 3.533916666666666515e+03 9.240004357773177190e-01
4.016000000000000000e+03 3.834666666666666515e+03 3.867666666666666515e+03 3.860666666666666515e+03 3.735333333333333485e+03 3.490000000000000000e+03 3.543333333333333485e+03 3.527666666666666515e+03 3.894749999999999545e+03 3.574083333333333485e+03 9.176669448188802258e-01
4.127666666666666970e+03 4.016000000000000000e+03 3.834666666666666515e+03 3.867666666666666515e+03 3.860666666666666515e+03 3.735333333333333485e+03 3.490000000000000000e+03 3.543333333333333485e+03 3.961500000000000000e+03 3.657333333333333485e+03 9.232193192814169835e-01
4.080666666666666515e+03 4.127666666666666970e+03 4.016000000000000000e+03 3.834666666666666515e+03 3.867666666666666515e+03 3.860666666666666515e+03 3.735333333333333485e+03 3.490000000000000000e+03 4.014750000000000000e+03 3.738416666666666515e+03 9.311704755381198240e-01
3.994333333333333485e+03 4.080666666666666515e+03 4.127666666666666970e+03 4.016000000000000000e+03 3.834666666666666515e+03 3.867666666666666515e+03 3.860666666666666515e+03 3.735333333333333485e+03 4.054666666666666970e+03 3.824583333333333485e+03 9.432546859585662080e-01
4.114333333333333030e+03 3.994333333333333485e+03 4.080666666666666515e+03 4.127666666666666970e+03 4.016000000000000000e+03 3.834666666666666515e+03 3.867666666666666515e+03 3.860666666666666515e+03 4.079250000000000000e+03 3.894749999999999545e+03 9.547710976282404172e-01
4.095000000000000000e+03 4.114333333333333030e+03 3.994333333333333485e+03 4.080666666666666515e+03 4.127666666666666970e+03 4.016000000000000000e+03 3.834666666666666515e+03 3.867666666666666515e+03 4.071083333333333030e+03 3.961500000000000000e+03 9.730825128446565220e-01
4.047666666666666515e+03 4.095000000000000000e+03 4.114333333333333030e+03 3.994333333333333485e+03 4.080666666666666515e+03 4.127666666666666970e+03 4.016000000000000000e+03 3.834666666666666515e+03 4.062833333333333485e+03 4.014750000000000000e+03 9.881650736349837372e-01
3.958666666666666515e+03 4.047666666666666515e+03 4.095000000000000000e+03 4.114333333333333030e+03 3.994333333333333485e+03 4.080666666666666515e+03 4.127666666666666970e+03 4.016000000000000000e+03 4.053916666666666060e+03 4.054666666666666970e+03 1.000185006269657118e+00
4.161666666666666970e+03 3.958666666666666515e+03 4.047666666666666515e+03 4.095000000000000000e+03 4.114333333333333030e+03 3.994333333333333485e+03 4.080666666666666515e+03 4.127666666666666970e+03 4.065750000000000000e+03 4.079250000000000000e+03 1.003320420586607531e+00
4.395666666666666970e+03 4.161666666666666970e+03 3.958666666666666515e+03 4.047666666666666515e+03 4.095000000000000000e+03 4.114333333333333030e+03 3.994333333333333485e+03 4.080666666666666515e+03 4.140916666666666970e+03 4.071083333333333030e+03 9.831357791149301084e-01
4.456000000000000000e+03 4.395666666666666970e+03 4.161666666666666970e+03 3.958666666666666515e+03 4.047666666666666515e+03 4.095000000000000000e+03 4.114333333333333030e+03 3.994333333333333485e+03 4.243000000000000909e+03 4.062833333333333485e+03 9.575379055699582143e-01
4.390333333333333030e+03 4.456000000000000000e+03 4.395666666666666970e+03 4.161666666666666970e+03 3.958666666666666515e+03 4.047666666666666515e+03 4.095000000000000000e+03 4.114333333333333030e+03 4.350916666666666970e+03 4.053916666666666060e+03 9.317385225335654830e-01
4.549000000000000000e+03 4.390333333333333030e+03 4.456000000000000000e+03 4.395666666666666970e+03 4.161666666666666970e+03 3.958666666666666515e+03 4.047666666666666515e+03 4.095000000000000000e+03 4.447750000000000000e+03 4.065750000000000000e+03 9.141138778033837120e-01
4.564666666666666970e+03 4.549000000000000000e+03 4.390333333333333030e+03 4.456000000000000000e+03 4.395666666666666970e+03 4.161666666666666970e+03 3.958666666666666515e+03 4.047666666666666515e+03 4.490000000000000000e+03 4.140916666666666970e+03 9.222531551596140353e-01
4.390666666666666970e+03 4.564666666666666970e+03 4.549000000000000000e+03 4.390333333333333030e+03 4.456000000000000000e+03 4.395666666666666970e+03 4.161666666666666970e+03 3.958666666666666515e+03 4.473666666666666970e+03 4.243000000000000909e+03 9.484390134863275312e-01
4.129333333333333030e+03 4.390666666666666970e+03 4.564666666666666970e+03 4.549000000000000000e+03 4.390333333333333030e+03 4.456000000000000000e+03 4.395666666666666970e+03 4.161666666666666970e+03 4.408416666666666970e+03 4.350916666666666970e+03 9.869567683030566752e-01
4.169000000000000000e+03 4.129333333333333030e+03 4.390666666666666970e+03 4.564666666666666970e+03 4.549000000000000000e+03 4.390333333333333030e+03 4.456000000000000000e+03 4.395666666666666970e+03 4.313416666666666970e+03 4.447750000000000000e+03 1.031143138656517300e+00
4.402333333333333030e+03 4.169000000000000000e+03 4.129333333333333030e+03 4.390666666666666970e+03 4.564666666666666970e+03 4.549000000000000000e+03 4.390333333333333030e+03 4.456000000000000000e+03 4.272833333333333030e+03 4.490000000000000000e+03 1.050824979521784996e+00
4.372000000000000000e+03 4.402333333333333030e+03 4.169000000000000000e+03 4.129333333333333030e+03 4.390666666666666970e+03 4.564666666666666970e+03 4.549000000000000000e+03 4.390333333333333030e+03 4.268166666666666060e+03 4.473666666666666970e+03 1.048147135772580230e+00
4.294666666666666970e+03 4.372000000000000000e+03 4.402333333333333030e+03 4.169000000000000000e+03 4.129333333333333030e+03 4.390666666666666970e+03 4.564666666666666970e+03 4.549000000000000000e+03 4.309500000000000000e+03 4.408416666666666970e+03 1.022953165487102245e+00
4.477000000000000000e+03 4.294666666666666970e+03 4.372000000000000000e+03 4.402333333333333030e+03 4.169000000000000000e+03 4.129333333333333030e+03 4.390666666666666970e+03 4.564666666666666970e+03 4.386500000000000000e+03 4.313416666666666970e+03 9.833390326380182511e-01
4.776666666666666970e+03 4.477000000000000000e+03 4.294666666666666970e+03 4.372000000000000000e+03 4.402333333333333030e+03 4.169000000000000000e+03 4.129333333333333030e+03 4.390666666666666970e+03 4.480083333333333940e+03 4.272833333333333030e+03 9.537396997823699429e-01
4.845000000000000000e+03 4.776666666666666970e+03 4.477000000000000000e+03 4.294666666666666970e+03 4.372000000000000000e+03 4.402333333333333030e+03 4.169000000000000000e+03 4.129333333333333030e+03 4.598333333333333940e+03 4.268166666666666060e+03 9.281986226893799152e-01
4.765333333333333030e+03 4.845000000000000000e+03 4.776666666666666970e+03 4.477000000000000000e+03 4.294666666666666970e+03 4.372000000000000000e+03 4.402333333333333030e+03 4.169000000000000000e+03 4.716000000000000000e+03 4.309500000000000000e+03 9.138040712468193938e-01
4.845333333333333030e+03 4.765333333333333030e+03 4.845000000000000000e+03 4.776666666666666970e+03 4.477000000000000000e+03 4.294666666666666970e+03 4.372000000000000000e+03 4.402333333333333030e+03 4.808083333333333030e+03 4.386500000000000000e+03 9.123177981524169811e-01
4.871000000000000000e+03 4.845333333333333030e+03 4.765333333333333030e+03 4.845000000000000000e+03 4.776666666666666970e+03 4.477000000000000000e+03 4.294666666666666970e+03 4.372000000000000000e+03 4.831666666666666060e+03 4.480083333333333940e+03 9.272335288030357781e-01
4.682666666666666970e+03 4.871000000000000000e+03 4.845333333333333030e+03 4.765333333333333030e+03 4.845000000000000000e+03 4.776666666666666970e+03 4.477000000000000000e+03 4.294666666666666970e+03 4.791083333333333030e+03 4.598333333333333940e+03 9.597690153583916528e-01
4.458666666666666970e+03 4.682666666666666970e+03 4.871000000000000000e+03 4.845333333333333030e+03 4.765333333333333030e+03 4.845000000000000000e+03 4.776666666666666970e+03 4.477000000000000000e+03 4.714416666666666970e+03 4.716000000000000000e+03 1.000335849256712484e+00
4.273666666666666970e+03 4.458666666666666970e+03 4.682666666666666970e+03 4.871000000000000000e+03 4.845333333333333030e+03 4.765333333333333030e+03 4.845000000000000000e+03 4.776666666666666970e+03 4.571500000000000000e+03 4.808083333333333030e+03 1.051751795544861201e+00
4.172000000000000000e+03 4.273666666666666970e+03 4.458666666666666970e+03 4.682666666666666970e+03 4.871000000000000000e+03 4.845333333333333030e+03 4.765333333333333030e+03 4.845000000000000000e+03 4.396750000000000909e+03 4.831666666666666060e+03 1.098917761225147061e+00
3.943333333333333485e+03 4.172000000000000000e+03 4.273666666666666970e+03 4.458666666666666970e+03 4.682666666666666970e+03 4.871000000000000000e+03 4.845333333333333030e+03 4.765333333333333030e+03 4.211916666666666970e+03 4.791083333333333030e+03 1.137506677482539530e+00
3.548666666666666515e+03 3.943333333333333485e+03 4.172000000000000000e+03 4.273666666666666970e+03 4.458666666666666970e+03 4.682666666666666970e+03 4.871000000000000000e+03 4.845333333333333030e+03 3.984416666666666970e+03 4.714416666666666970e+03 1.183213770313513047e+00
3.563000000000000000e+03 3.548666666666666515e+03 3.943333333333333485e+03 4.172000000000000000e+03 4.273666666666666970e+03 4.458666666666666970e+03 4.682666666666666970e+03 4.871000000000000000e+03 3.806750000000000000e+03 4.571500000000000000e+03 1.200893150325080372e+00
3.588666666666666515e+03 3.563000000000000000e+03 3.548666666666666515e+03 3.943333333333333485e+03 4.172000000000000000e+03 4.273666666666666970e+03 4.458666666666666970e+03 4.682666666666666970e+03 3.660916666666666515e+03 4.396750000000000909e+03 1.200997018051034981e+00
3.444333333333333485e+03 3.588666666666666515e+03 3.563000000000000000e+03 3.548666666666666515e+03 3.943333333333333485e+03 4.172000000000000000e+03 4.273666666666666970e+03 4.458666666666666970e+03 3.536166666666666515e+03 4.211916666666666970e+03 1.191096762030447342e+00
3.264666666666666515e+03 3.444333333333333485e+03 3.588666666666666515e+03 3.563000000000000000e+03 3.548666666666666515e+03 3.943333333333333485e+03 4.172000000000000000e+03 4.273666666666666970e+03 3.465166666666666515e+03 3.984416666666666970e+03 1.149848492136020583e+00
3.307000000000000000e+03 3.264666666666666515e+03 3.444333333333333485e+03 3.588666666666666515e+03 3.563000000000000000e+03 3.548666666666666515e+03 3.943333333333333485e+03 4.172000000000000000e+03 3.401166666666666515e+03 3.806750000000000000e+03 1.119248297152937832e+00
3.394333333333333485e+03 3.307000000000000000e+03 3.264666666666666515e+03 3.444333333333333485e+03 3.588666666666666515e+03 3.563000000000000000e+03 3.548666666666666515e+03 3.943333333333333485e+03 3.352583333333333485e+03 3.660916666666666515e+03 1.091968879719619201e+00
3.401666666666666515e+03 3.394333333333333485e+03 3.307000000000000000e+03 3.264666666666666515e+03 3.444333333333333485e+03 3.588666666666666515e+03 3.563000000000000000e+03 3.548666666666666515e+03 3.341916666666666515e+03 3.536166666666666515e+03 1.058125327282248174e+00
3.321000000000000000e+03 3.401666666666666515e+03 3.394333333333333485e+03 3.307000000000000000e+03 3.264666666666666515e+03 3.444333333333333485e+03 3.588666666666666515e+03 3.563000000000000000e+03 3.356000000000000000e+03 3.465166666666666515e+03 1.032528804131902955e+00
3.481000000000000000e+03 3.321000000000000000e+03 3.401666666666666515e+03 3.394333333333333485e+03 3.307000000000000000e+03 3.264666666666666515e+03 3.444333333333333485e+03 3.588666666666666515e+03 3.399500000000000000e+03 3.401166666666666515e+03 1.000490268176692510e+00
3.502333333333333485e+03 3.481000000000000000e+03 3.321000000000000000e+03 3.401666666666666515e+03 3.394333333333333485e+03 3.307000000000000000e+03 3.264666666666666515e+03 3.444333333333333485e+03 3.426500000000000000e+03 3.352583333333333485e+03 9.784279391020964667e-01
3.410333333333333485e+03 3.502333333333333485e+03 3.481000000000000000e+03 3.321000000000000000e+03 3.401666666666666515e+03 3.394333333333333485e+03 3.307000000000000000e+03 3.264666666666666515e+03 3.428666666666666970e+03 3.341916666666666515e+03 9.746986194827920169e-01
3.339000000000000000e+03 3.410333333333333485e+03 3.502333333333333485e+03 3.481000000000000000e+03 3.321000000000000000e+03 3.401666666666666515e+03 3.394333333333333485e+03 3.307000000000000000e+03 3.433166666666666970e+03 3.356000000000000000e+03 9.775231807369288983e-01
3.411000000000000000e+03 3.339000000000000000e+03 3.410333333333333485e+03 3.502333333333333485e+03 3.481000000000000000e+03 3.321000000000000000e+03 3.401666666666666515e+03 3.394333333333333485e+03 3.415666666666666970e+03 3.399500000000000000e+03 9.952669073875279881e-01
3.424666666666666515e+03 3.411000000000000000e+03 3.339000000000000000e+03 3.410333333333333485e+03 3.502333333333333485e+03 3.481000000000000000e+03 3.321000000000000000e+03 3.401666666666666515e+03 3.396250000000000000e+03 3.426500000000000000e+03 1.008906882591093179e+00
3.440000000000000000e+03 3.424666666666666515e+03 3.411000000000000000e+03 3.339000000000000000e+03 3.410333333333333485e+03 3.502333333333333485e+03 3.481000000000000000e+03 3.321000000000000000e+03 3.403666666666666515e+03 3.428666666666666970e+03 1.007345020076388264e+00
3.253000000000000000e+03 3.440000000000000000e+03 3.424666666666666515e+03 3.411000000000000000e+03 3.339000000000000000e+03 3.410333333333333485e+03 3.502333333333333485e+03 3.481000000000000000e+03 3.382166666666666515e+03 3.433166666666666970e+03 1.015079091312275361e+00
3.210666666666666515e+03 3.253000000000000000e+03 3.440000000000000000e+03 3.424666666666666515e+03 3.411000000000000000e+03 3.339000000000000000e+03 3.410333333333333485e+03 3.502333333333333485e+03 3.332083333333333030e+03 3.415666666666666970e+03 1.025084406652494895e+00
3.229666666666666515e+03 3.210666666666666515e+03 3.253000000000000000e+03 3.440000000000000000e+03 3.424666666666666515e+03 3.411000000000000000e+03 3.339000000000000000e+03 3.410333333333333485e+03 3.283333333333333030e+03 3.396250000000000000e+03 1.034390862944162492e+00
3.242666666666666515e+03 3.229666666666666515e+03 3.210666666666666515e+03 3.253000000000000000e+03 3.440000000000000000e+03 3.424666666666666515e+03 3.411000000000000000e+03 3.339000000000000000e+03 3.234000000000000000e+03 3.403666666666666515e+03 1.052463409606266609e+00
3.187666666666666515e+03 3.242666666666666515e+03 3.229666666666666515e+03 3.210666666666666515e+03 3.253000000000000000e+03 3.440000000000000000e+03 3.424666666666666515e+03 3.411000000000000000e+03 3.217666666666666515e+03 3.382166666666666515e+03 1.051124002900652554e+00
3.276000000000000000e+03 3.187666666666666515e+03 3.242666666666666515e+03 3.229666666666666515e+03 3.210666666666666515e+03 3.253000000000000000e+03 3.440000000000000000e+03 3.424666666666666515e+03 3.233999999999999545e+03 3.332083333333333030e+03 1.030328798185941030e+00
3.278000000000000000e+03 3.276000000000000000e+03 3.187666666666666515e+03 3.242666666666666515e+03 3.229666666666666515e+03 3.210666666666666515e+03 3.253000000000000000e+03 3.440000000000000000e+03 3.246083333333333030e+03 3.283333333333333030e+03 1.011475367750879206e+00
3.348666666666666515e+03 3.278000000000000000e+03 3.276000000000000000e+03 3.187666666666666515e+03 3.242666666666666515e+03 3.229666666666666515e+03 3.210666666666666515e+03 3.253000000000000000e+03 3.272583333333333030e+03 3.234000000000000000e+03 9.882101296121821310e-01
3.293000000000000000e+03 3.348666666666666515e+03 3.278000000000000000e+03 3.276000000000000000e+03 3.187666666666666515e+03 3.242666666666666515e+03 3.229666666666666515e+03 3.210666666666666515e+03 3.298916666666666515e+03 3.217666666666666515e+03 9.753707025033470090e-01
2.963666666666666515e+03 3.293000000000000000e+03 3.348666666666666515e+03 3.278000000000000000e+03 3.276000000000000000e+03 3.187666666666666515e+03 3.242666666666666515e+03 3.229666666666666515e+03 3.220833333333333030e+03 3.233999999999999545e+03 1.004087968952134480e+00
2.753666666666666515e+03 2.963666666666666515e+03 3.293000000000000000e+03 3.348666666666666515e+03 3.278000000000000000e+03 3.276000000000000000e+03 3.187666666666666515e+03 3.242666666666666515e+03 3.089749999999999545e+03 3.246083333333333030e+03 1.050597405399573914e+00
2.648333333333333485e+03 2.753666666666666515e+03 2.963666666666666515e+03 3.293000000000000000e+03 3.348666666666666515e+03 3.278000000000000000e+03 3.276000000000000000e+03 3.187666666666666515e+03 2.914666666666666515e+03 3.272583333333333030e+03 1.122798490393412507e+00
2.553333333333333485e+03 2.648333333333333485e+03 2.753666666666666515e+03 2.963666666666666515e+03 3.293000000000000000e+03 3.348666666666666515e+03 3.278000000000000000e+03 3.276000000000000000e+03 2.729750000000000000e+03 3.298916666666666515e+03 1.208505052355221654e+00
2.605000000000000000e+03 2.553333333333333485e+03 2.648333333333333485e+03 2.753666666666666515e+03 2.963666666666666515e+03 3.293000000000000000e+03 3.348666666666666515e+03 3.278000000000000000e+03 2.640083333333333485e+03 3.220833333333333030e+03 1.219974116978630452e+00
2.730000000000000000e+03 2.605000000000000000e+03 2.553333333333333485e+03 2.648333333333333485e+03 2.753666666666666515e+03 2.963666666666666515e+03 3.293000000000000000e+03 3.348666666666666515e+03 2.634166666666666970e+03 3.089749999999999545e+03 1.172951597595697226e+00
2.857333333333333485e+03 2.730000000000000000e+03 2.605000000000000000e+03 2.553333333333333485e+03 2.648333333333333485e+03 2.753666666666666515e+03 2.963666666666666515e+03 3.293000000000000000e+03 2.686416666666666970e+03 2.914666666666666515e+03 1.084964481806619530e+00
2.898666666666666515e+03 2.857333333333333485e+03 2.730000000000000000e+03 2.605000000000000000e+03 2.553333333333333485e+03 2.648333333333333485e+03 2.753666666666666515e+03 2.963666666666666515e+03 2.772750000000000000e+03 2.729750000000000000e+03 9.844919303940131705e-01
3.031000000000000000e+03 2.898666666666666515e+03 2.857333333333333485e+03 2.730000000000000000e+03 2.605000000000000000e+03 2.553333333333333485e+03 2.648333333333333485e+03 2.753666666666666515e+03 2.879250000000000000e+03 2.640083333333333485e+03 9.169343868484269855e-01
3.080000000000000000e+03 3.031000000000000000e+03 2.898666666666666515e+03 2.857333333333333485e+03 2.730000000000000000e+03 2.605000000000000000e+03 2.553333333333333485e+03 2.648333333333333485e+03 2.966750000000000000e+03 2.634166666666666970e+03 8.878964074042865473e-01
3.043666666666666515e+03 3.080000000000000000e+03 3.031000000000000000e+03 2.898666666666666515e+03 2.857333333333333485e+03 2.730000000000000000e+03 2.605000000000000000e+03 2.553333333333333485e+03 3.013333333333333030e+03 2.686416666666666970e+03 8.915099557522125906e-01
2.918000000000000000e+03 3.043666666666666515e+03 3.080000000000000000e+03 3.031000000000000000e+03 2.898666666666666515e+03 2.857333333333333485e+03 2.730000000000000000e+03 2.605000000000000000e+03 3.018166666666666515e+03 2.772750000000000000e+03 9.186868407973936002e-01
2.884000000000000000e+03 2.918000000000000000e+03 3.043666666666666515e+03 3.080000000000000000e+03 3.031000000000000000e+03 2.898666666666666515e+03 2.857333333333333485e+03 2.730000000000000000e+03 2.981416666666666515e+03 2.879250000000000000e+03 9.657321743019258165e-01
2.901666666666666515e+03 2.884000000000000000e+03 2.918000000000000000e+03 3.043666666666666515e+03 3.080000000000000000e+03 3.031000000000000000e+03 2.898666666666666515e+03 2.857333333333333485e+03 2.936833333333333030e+03 2.966750000000000000e+03 1.010186709040349795e+00
2.864666666666666515e+03 2.901666666666666515e+03 2.884000000000000000e+03 2.918000000000000000e+03 3.043666666666666515e+03 3.080000000000000000e+03 3.031000000000000000e+03 2.898666666666666515e+03 2.892083333333333030e+03 3.013333333333333030e+03 1.041924794698170231e+00
2.847333333333333485e+03 2.864666666666666515e+03 2.901666666666666515e+03 2.884000000000000000e+03 2.918000000000000000e+03 3.043666666666666515e+03 3.080000000000000000e+03 3.031000000000000000e+03 2.874416666666666515e+03 3.018166666666666515e+03 1.050010146986344983e+00
2.950666666666666515e+03 2.847333333333333485e+03 2.864666666666666515e+03 2.901666666666666515e+03 2.884000000000000000e+03 2.918000000000000000e+03 3.043666666666666515e+03 3.080000000000000000e+03 2.891083333333333030e+03 2.981416666666666515e+03 1.031245496209610035e+00
3.025000000000000000e+03 2.950666666666666515e+03 2.847333333333333485e+03 2.864666666666666515e+03 2.901666666666666515e+03 2.884000000000000000e+03 2.918000000000000000e+03 3.043666666666666515e+03 2.921916666666666515e+03 2.936833333333333030e+03 1.005105096540512832e+00
3.069666666666666515e+03 3.025000000000000000e+03 2.950666666666666515e+03 2.847333333333333485e+03 2.864666666666666515e+03 2.901666666666666515e+03 2.884000000000000000e+03 2.918000000000000000e+03 2.973166666666666515e+03 2.892083333333333030e+03 9.727282919446156306e-01
3.100333333333333485e+03 3.069666666666666515e+03 3.025000000000000000e+03 2.950666666666666515e+03 2.847333333333333485e+03 2.864666666666666515e+03 2.901666666666666515e+03 2.884000000000000000e+03 3.036416666666666515e+03 2.874416666666666515e+03 9.466476383895491287e-01
3.215666666666666515e+03 3.100333333333333485e+03 3.069666666666666515e+03 3.025000000000000000e+03 2.950666666666666515e+03 2.847333333333333485e+03 2.864666666666666515e+03 2.901666666666666515e+03 3.102666666666666515e+03 2.891083333333333030e+03 9.318059733562525926e-01
3.302000000000000000e+03 3.215666666666666515e+03 3.100333333333333485e+03 3.069666666666666515e+03 3.025000000000000000e+03 2.950666666666666515e+03 2.847333333333333485e+03 2.864666666666666515e+03 3.171916666666666515e+03 2.921916666666666515e+03 9.211833013687833471e-01
3.299666666666666515e+03 3.302000000000000000e+03 3.215666666666666515e+03 3.100333333333333485e+03 3.069666666666666515e+03 3.025000000000000000e+03 2.950666666666666515e+03 2.847333333333333485e+03 3.229416666666666515e+03 2.973166666666666515e+03 9.206513044151420910e-01
3.256000000000000000e+03 3.299666666666666515e+03 3.302000000000000000e+03 3.215666666666666515e+03 3.100333333333333485e+03 3.069666666666666515e+03 3.025000000000000000e+03 2.950666666666666515e+03 3.268333333333333030e+03 3.036416666666666515e+03 9.290413054563998463e-01
3.320000000000000000e+03 3.256000000000000000e+03 3.299666666666666515e+03 3.302000000000000000e+03 3.215666666666666515e+03 3.100333333333333485e+03 3.069666666666666515e+03 3.025000000000000000e+03 3.294416666666666515e+03 3.102666666666666515e+03 9.417954620190727155e-01
3.280666666666666515e+03 3.320000000000000000e+03 3.256000000000000000e+03 3.299666666666666515e+03 3.302000000000000000e+03 3.215666666666666515e+03 3.100333333333333485e+03 3.069666666666666515e+03 3.289083333333333030e+03 3.171916666666666515e+03 9.643771060832552200e-01
3.334333333333333485e+03 3.280666666666666515e+03 3.320000000000000000e+03 3.256000000000000000e+03 3.299666666666666515e+03 3.302000000000000000e+03 3.215666666666666515e+03 3.100333333333333485e+03 3.297750000000000000e+03 3.229416666666666515e+03 9.792788012028402767e-01
3.328333333333333485e+03 3.334333333333333485e+03 3.280666666666666515e+03 3.320000000000000000e+03 3.256000000000000000e+03 3.299666666666666515e+03 3.302000000000000000e+03 3.215666666666666515e+03 3.315833333333333485e+03 3.268333333333333030e+03 9.856747926614726207e-01
3.381000000000000000e+03 3.328333333333333485e+03 3.334333333333333485e+03 3.280666666666666515e+03 3.320000000000000000e+03 3.256000000000000000e+03 3.299666666666666515e+03 3.302000000000000000e+03 3.331083333333333485e+03 3.294416666666666515e+03 9.889925699847396112e-01
3.338333333333333485e+03 3.381000000000000000e+03 3.328333333333333485e+03 3.334333333333333485e+03 3.280666666666666515e+03 3.320000000000000000e+03 3.256000000000000000e+03 3.299666666666666515e+03 3.345500000000000455e+03 3.289083333333333030e+03 9.831365515867083182e-01
3.304666666666666515e+03 3.338333333333333485e+03 3.381000000000000000e+03 3.328333333333333485e+03 3.334333333333333485e+03 3.280666666666666515e+03 3.320000000000000000e+03 3.256000000000000000e+03 3.338083333333333485e+03 3.297750000000000000e+03 9.879172179644006846e-01
3.301666666666666515e+03 3.304666666666666515e+03 3.338333333333333485e+03 3.381000000000000000e+03 3.328333333333333485e+03 3.334333333333333485e+03 3.280666666666666515e+03 3.320000000000000000e+03 3.331416666666666515e+03 3.315833333333333485e+03 9.953223103284389861e-01
3.399666666666666515e+03 3.301666666666666515e+03 3.304666666666666515e+03 3.338333333333333485e+03 3.381000000000000000e+03 3.328333333333333485e+03 3.334333333333333485e+03 3.280666666666666515e+03 3.336083333333333485e+03 3.331083333333333485e+03 9.985012364799040752e-01
3.417333333333333485e+03 3.399666666666666515e+03 3.301666666666666515e+03 3.304666666666666515e+03 3.338333333333333485e+03 3.381000000000000000e+03 3.328333333333333485e+03 3.334333333333333485e+03 3.355833333333333030e+03 3.345500000000000455e+03 9.969207847032532932e-01
3.425333333333333485e+03 3.417333333333333485e+03 3.399666666666666515e+03 3.301666666666666515e+03 3.304666666666666515e+03 3.338333333333333485e+03 3.381000000000000000e+03 3.328333333333333485e+03 3.386000000000000000e+03 3.338083333333333485e+03 9.858485922425674897e-01
