8.493666666666666060e+03 8.500333333333333940e+03 8.551000000000000000e+03 8.967666666666666060e+03 7.271000000000000000e+03 7.049333333333333030e+03 6.679000000000000000e+03 7.187000000000000000e+03 8.628166666666666060e+03 7.362899999999999636e+03 8.533562556742452232e-01
1.016666666666666606e+04 8.493666666666666060e+03 8.500333333333333940e+03 8.551000000000000000e+03 8.967666666666666060e+03 7.271000000000000000e+03 7.049333333333333030e+03 6.679000000000000000e+03 8.927916666666666060e+03 7.778983333333332666e+03 8.713100294021561831e-01
9.630000000000000000e+03 1.016666666666666606e+04 8.493666666666666060e+03 8.500333333333333940e+03 8.551000000000000000e+03 8.967666666666666060e+03 7.271000000000000000e+03 7.049333333333333030e+03 9.197666666666666060e+03 8.207333333333332121e+03 8.923277642880439453e-01
9.673333333333333940e+03 9.630000000000000000e+03 1.016666666666666606e+04 8.493666666666666060e+03 8.500333333333333940e+03 8.551000000000000000e+03 8.967666666666666060e+03 7.271000000000000000e+03 9.490916666666666060e+03 8.556183333333332484e+03 9.015128500057071337e-01
8.981333333333333940e+03 9.673333333333333940e+03 9.630000000000000000e+03 1.016666666666666606e+04 8.493666666666666060e+03 8.500333333333333940e+03 8.551000000000000000e+03 8.967666666666666060e+03 9.612833333333333940e+03 8.825100000000000364e+03 9.180539903254330003e-01
9.880000000000000000e+03 8.981333333333333940e+03 9.673333333333333940e+03 9.630000000000000000e+03 1.016666666666666606e+04 8.493666666666666060e+03 8.500333333333333940e+03 8.551000000000000000e+03 9.541166666666667879e+03 9.050566666666665697e+03 9.485807116530121652e-01
9.038333333333333940e+03 9.880000000000000000e+03 8.981333333333333940e+03 9.673333333333333940e+03 9.630000000000000000e+03 1.016666666666666606e+04 8.493666666666666060e+03 8.500333333333333940e+03 9.393250000000001819e+03 9.236783333333332848e+03 9.833426485330776234e-01
8.726666666666666060e+03 9.038333333333333940e+03 9.880000000000000000e+03 8.981333333333333940e+03 9.673333333333333940e+03 9.630000000000000000e+03 1.016666666666666606e+04 8.493666666666666060e+03 9.156583333333333940e+03 9.424049999999999272e+03 1.029210313162660650e+00
8.116333333333333030e+03 8.726666666666666060e+03 9.038333333333333940e+03 9.880000000000000000e+03 8.981333333333333940e+03 9.673333333333333940e+03 9.630000000000000000e+03 1.016666666666666606e+04 8.940333333333333940e+03 9.478333333333333940e+03 1.060176727191379786e+00
9.209333333333333940e+03 8.116333333333333030e+03 8.726666666666666060e+03 9.038333333333333940e+03 9.880000000000000000e+03 8.981333333333333940e+03 9.673333333333333940e+03 9.630000000000000000e+03 8.772666666666667879e+03 9.387466666666668971e+03 1.070081313169693793e+00
7.995000000000000000e+03 9.209333333333333940e+03 8.116333333333333030e+03 8.726666666666666060e+03 9.038333333333333940e+03 9.880000000000000000e+03 8.981333333333333940e+03 9.673333333333333940e+03 8.511833333333333940e+03 9.216966666666668971e+03 1.082841534334554101e+00
7.842666666666666970e+03 7.995000000000000000e+03 9.209333333333333940e+03 8.116333333333333030e+03 8.726666666666666060e+03 9.038333333333333940e+03 9.880000000000000000e+03 8.981333333333333940e+03 8.290833333333333940e+03 8.983433333333334303e+03 1.083538044024525027e+00
6.939333333333333030e+03 7.842666666666666970e+03 7.995000000000000000e+03 9.209333333333333940e+03 8.116333333333333030e+03 8.726666666666666060e+03 9.038333333333333940e+03 9.880000000000000000e+03 7.996583333333333940e+03 8.751583333333333940e+03 1.094415323210954583e+00
7.755333333333333030e+03 6.939333333333333030e+03 7.842666666666666970e+03 7.995000000000000000e+03 9.209333333333333940e+03 8.116333333333333030e+03 8.726666666666666060e+03 9.038333333333333940e+03 7.633083333333333030e+03 8.544750000000001819e+03 1.119436226077273666e+00
7.430000000000000000e+03 7.755333333333333030e+03 6.939333333333333030e+03 7.842666666666666970e+03 7.995000000000000000e+03 9.209333333333333940e+03 8.116333333333333030e+03 8.726666666666666060e+03 7.491833333333333030e+03 8.307833333333333940e+03 1.108918600253609554e+00
7.505333333333333030e+03 7.430000000000000000e+03 7.755333333333333030e+03 6.939333333333333030e+03 7.842666666666666970e+03 7.995000000000000000e+03 9.209333333333333940e+03 8.116333333333333030e+03 7.407499999999999091e+03 8.114166666666666970e+03 1.095398807514906148e+00
6.926666666666666970e+03 7.505333333333333030e+03 7.430000000000000000e+03 7.755333333333333030e+03 6.939333333333333030e+03 7.842666666666666970e+03 7.995000000000000000e+03 9.209333333333333940e+03 7.404333333333333030e+03 7.878133333333334122e+03 1.063989555665601383e+00
7.942666666666666970e+03 6.926666666666666970e+03 7.505333333333333030e+03 7.430000000000000000e+03 7.755333333333333030e+03 6.939333333333333030e+03 7.842666666666666970e+03 7.995000000000000000e+03 7.451166666666666970e+03 7.596699999999999818e+03 1.019531616972733534e+00
7.222333333333333030e+03 7.942666666666666970e+03 6.926666666666666970e+03 7.505333333333333030e+03 7.430000000000000000e+03 7.755333333333333030e+03 6.939333333333333030e+03 7.842666666666666970e+03 7.399250000000000000e+03 7.473316666666665697e+03 1.010010023538421509e+00
7.087000000000000000e+03 7.222333333333333030e+03 7.942666666666666970e+03 6.926666666666666970e+03 7.505333333333333030e+03 7.430000000000000000e+03 7.755333333333333030e+03 6.939333333333333030e+03 7.294666666666666970e+03 7.384933333333332484e+03 1.012374337415463232e+00
6.691000000000000000e+03 7.087000000000000000e+03 7.222333333333333030e+03 7.942666666666666970e+03 6.926666666666666970e+03 7.505333333333333030e+03 7.430000000000000000e+03 7.755333333333333030e+03 7.235750000000000000e+03 7.370616666666665878e+03 1.018638933996706131e+00
7.659666666666666970e+03 6.691000000000000000e+03 7.087000000000000000e+03 7.222333333333333030e+03 7.942666666666666970e+03 6.926666666666666970e+03 7.505333333333333030e+03 7.430000000000000000e+03 7.165000000000000000e+03 7.393933333333334303e+03 1.031951616655036208e+00
6.681000000000000000e+03 7.659666666666666970e+03 6.691000000000000000e+03 7.087000000000000000e+03 7.222333333333333030e+03 7.942666666666666970e+03 6.926666666666666970e+03 7.505333333333333030e+03 7.029666666666666970e+03 7.325333333333333030e+03 1.042059841623595107e+00
6.659333333333333030e+03 6.681000000000000000e+03 7.659666666666666970e+03 6.691000000000000000e+03 7.087000000000000000e+03 7.222333333333333030e+03 7.942666666666666970e+03 6.926666666666666970e+03 6.922750000000000000e+03 7.220283333333334667e+03 1.042979066604071248e+00
5.955333333333333030e+03 6.659333333333333030e+03 6.681000000000000000e+03 7.659666666666666970e+03 6.691000000000000000e+03 7.087000000000000000e+03 7.222333333333333030e+03 7.942666666666666970e+03 6.738833333333333030e+03 7.136366666666666788e+03 1.058991417901219423e+00
6.896333333333333030e+03 5.955333333333333030e+03 6.659333333333333030e+03 6.681000000000000000e+03 7.659666666666666970e+03 6.691000000000000000e+03 7.087000000000000000e+03 7.222333333333333030e+03 6.548000000000000000e+03 7.041600000000000364e+03 1.075381795968234577e+00
5.980333333333333030e+03 6.896333333333333030e+03 5.955333333333333030e+03 6.659333333333333030e+03 6.681000000000000000e+03 7.659666666666666970e+03 6.691000000000000000e+03 7.087000000000000000e+03 6.372833333333333030e+03 6.898300000000000182e+03 1.082454167429453218e+00
6.259666666666666970e+03 5.980333333333333030e+03 6.896333333333333030e+03 5.955333333333333030e+03 6.659333333333333030e+03 6.681000000000000000e+03 7.659666666666666970e+03 6.691000000000000000e+03 6.272916666666666060e+03 6.792783333333332848e+03 1.082874792427764854e+00
5.702333333333333030e+03 6.259666666666666970e+03 5.980333333333333030e+03 6.896333333333333030e+03 5.955333333333333030e+03 6.659333333333333030e+03 6.681000000000000000e+03 7.659666666666666970e+03 6.209666666666666060e+03 6.633000000000000000e+03 1.068173278222126932e+00
6.428666666666666970e+03 5.702333333333333030e+03 6.259666666666666970e+03 5.980333333333333030e+03 6.896333333333333030e+03 5.955333333333333030e+03 6.659333333333333030e+03 6.681000000000000000e+03 6.092750000000000000e+03 6.456949999999999818e+03 1.059775963234992346e+00
5.822000000000000000e+03 6.428666666666666970e+03 5.702333333333333030e+03 6.259666666666666970e+03 5.980333333333333030e+03 6.896333333333333030e+03 5.955333333333333030e+03 6.659333333333333030e+03 6.053166666666666970e+03 6.308899999999999636e+03 1.042247859247225961e+00
5.935333333333333030e+03 5.822000000000000000e+03 6.428666666666666970e+03 5.702333333333333030e+03 6.259666666666666970e+03 5.980333333333333030e+03 6.896333333333333030e+03 5.955333333333333030e+03 5.972083333333333030e+03 6.212749999999999091e+03 1.040298611595618317e+00
5.332333333333333030e+03 5.935333333333333030e+03 5.822000000000000000e+03 6.428666666666666970e+03 5.702333333333333030e+03 6.259666666666666970e+03 5.980333333333333030e+03 6.896333333333333030e+03 5.879583333333333030e+03 6.143649999999999636e+03 1.044912479625823787e+00
6.223000000000000000e+03 5.332333333333333030e+03 5.935333333333333030e+03 5.822000000000000000e+03 6.428666666666666970e+03 5.702333333333333030e+03 6.259666666666666970e+03 5.980333333333333030e+03 5.828166666666666060e+03 6.039833333333333030e+03 1.036317881552232034e+00
5.543666666666666970e+03 6.223000000000000000e+03 5.332333333333333030e+03 5.935333333333333030e+03 5.822000000000000000e+03 6.428666666666666970e+03 5.702333333333333030e+03 6.259666666666666970e+03 5.758583333333333030e+03 5.994250000000000000e+03 1.040924417174363015e+00
5.750000000000000000e+03 5.543666666666666970e+03 6.223000000000000000e+03 5.332333333333333030e+03 5.935333333333333030e+03 5.822000000000000000e+03 6.428666666666666970e+03 5.702333333333333030e+03 5.712250000000000000e+03 5.920116666666666788e+03 1.036389630472522416e+00
5.251000000000000000e+03 5.750000000000000000e+03 5.543666666666666970e+03 6.223000000000000000e+03 5.332333333333333030e+03 5.935333333333333030e+03 5.822000000000000000e+03 6.428666666666666970e+03 5.691916666666666970e+03 5.842050000000000182e+03 1.026376586679940806e+00
6.559666666666666970e+03 5.251000000000000000e+03 5.750000000000000000e+03 5.543666666666666970e+03 6.223000000000000000e+03 5.332333333333333030e+03 5.935333333333333030e+03 5.822000000000000000e+03 5.776083333333333940e+03 5.817750000000000000e+03 1.007213654004299297e+00
6.240333333333333030e+03 6.559666666666666970e+03 5.251000000000000000e+03 5.750000000000000000e+03 5.543666666666666970e+03 6.223000000000000000e+03 5.332333333333333030e+03 5.935333333333333030e+03 5.950250000000000000e+03 5.796916666666666060e+03 9.742307746173128891e-01
6.880333333333333030e+03 6.240333333333333030e+03 6.559666666666666970e+03 5.251000000000000000e+03 5.750000000000000000e+03 5.543666666666666970e+03 6.223000000000000000e+03 5.332333333333333030e+03 6.232833333333333030e+03 5.816366666666666788e+03 9.331818060272214499e-01
7.521666666666666970e+03 6.880333333333333030e+03 6.240333333333333030e+03 6.559666666666666970e+03 5.251000000000000000e+03 5.750000000000000000e+03 5.543666666666666970e+03 6.223000000000000000e+03 6.800500000000000000e+03 5.913633333333333212e+03 8.695880204886895504e-01
8.883333333333333940e+03 7.521666666666666970e+03 6.880333333333333030e+03 6.240333333333333030e+03 6.559666666666666970e+03 5.251000000000000000e+03 5.750000000000000000e+03 5.543666666666666970e+03 7.381416666666666060e+03 6.097149999999999636e+03 8.260135249556882497e-01
8.327333333333333940e+03 8.883333333333333940e+03 7.521666666666666970e+03 6.880333333333333030e+03 6.240333333333333030e+03 6.559666666666666970e+03 5.251000000000000000e+03 5.750000000000000000e+03 7.903166666666666970e+03 6.340833333333333940e+03 8.023155275311584234e-01
8.251333333333333940e+03 8.327333333333333940e+03 8.883333333333333940e+03 7.521666666666666970e+03 6.880333333333333030e+03 6.240333333333333030e+03 6.559666666666666970e+03 5.251000000000000000e+03 8.245916666666666060e+03 6.635449999999999818e+03 8.046952532061323327e-01
8.049333333333333030e+03 8.251333333333333940e+03 8.327333333333333940e+03 8.883333333333333940e+03 7.521666666666666970e+03 6.880333333333333030e+03 6.240333333333333030e+03 6.559666666666666970e+03 8.377833333333333940e+03 7.115966666666667152e+03 8.493803091491435309e-01
9.224333333333333940e+03 8.049333333333333030e+03 8.251333333333333940e+03 8.327333333333333940e+03 8.883333333333333940e+03 7.521666666666666970e+03 6.880333333333333030e+03 6.240333333333333030e+03 8.463083333333333940e+03 7.597750000000000000e+03 8.977520013391493414e-01
8.883333333333333940e+03 9.224333333333333940e+03 8.049333333333333030e+03 8.251333333333333940e+03 8.327333333333333940e+03 8.883333333333333940e+03 7.521666666666666970e+03 6.880333333333333030e+03 8.602083333333333940e+03 8.042949999999999818e+03 9.350002421893920390e-01
8.861666666666666060e+03 8.883333333333333940e+03 9.224333333333333940e+03 8.049333333333333030e+03 8.251333333333333940e+03 8.327333333333333940e+03 8.883333333333333940e+03 7.521666666666666970e+03 8.754666666666667879e+03 8.347666666666666060e+03 9.535105086810842234e-01
8.127666666666666970e+03 8.861666666666666060e+03 8.883333333333333940e+03 9.224333333333333940e+03 8.049333333333333030e+03 8.251333333333333940e+03 8.327333333333333940e+03 8.883333333333333940e+03 8.774250000000000000e+03 8.457116666666666788e+03 9.638563599927819636e-01
8.916000000000000000e+03 8.127666666666666970e+03 8.861666666666666060e+03 8.883333333333333940e+03 9.224333333333333940e+03 8.049333333333333030e+03 8.251333333333333940e+03 8.327333333333333940e+03 8.697166666666667879e+03 8.509899999999999636e+03 9.784680834754612144e-01
8.081666666666666970e+03 8.916000000000000000e+03 8.127666666666666970e+03 8.861666666666666060e+03 8.883333333333333940e+03 9.224333333333333940e+03 8.049333333333333030e+03 8.251333333333333940e+03 8.496750000000000000e+03 8.581016666666666424e+03 1.009917517482174620e+00
8.001000000000000000e+03 8.081666666666666970e+03 8.916000000000000000e+03 8.127666666666666970e+03 8.861666666666666060e+03 8.883333333333333940e+03 9.224333333333333940e+03 8.049333333333333030e+03 8.281583333333333940e+03 8.660050000000001091e+03 1.045699795731492632e+00
7.598333333333333030e+03 8.001000000000000000e+03 8.081666666666666970e+03 8.916000000000000000e+03 8.127666666666666970e+03 8.861666666666666060e+03 8.883333333333333940e+03 9.224333333333333940e+03 8.149250000000000000e+03 8.649250000000000000e+03 1.061355339448415425e+00
8.326333333333333940e+03 7.598333333333333030e+03 8.001000000000000000e+03 8.081666666666666970e+03 8.916000000000000000e+03 8.127666666666666970e+03 8.861666666666666060e+03 8.883333333333333940e+03 8.001833333333333940e+03 8.558100000000002183e+03 1.069517402261981776e+00
7.497333333333333030e+03 8.326333333333333940e+03 7.598333333333333030e+03 8.001000000000000000e+03 8.081666666666666970e+03 8.916000000000000000e+03 8.127666666666666970e+03 8.861666666666666060e+03 7.855750000000000000e+03 8.368549999999999272e+03 1.065277026381949543e+00
7.475000000000000000e+03 7.497333333333333030e+03 8.326333333333333940e+03 7.598333333333333030e+03 8.001000000000000000e+03 8.081666666666666970e+03 8.916000000000000000e+03 8.127666666666666970e+03 7.724249999999999091e+03 8.170116666666666788e+03 1.057722972025331609e+00
7.063666666666666970e+03 7.475000000000000000e+03 7.497333333333333030e+03 8.326333333333333940e+03 7.598333333333333030e+03 8.001000000000000000e+03 8.081666666666666970e+03 8.916000000000000000e+03 7.590583333333333940e+03 8.037516666666667334e+03 1.058879971895001493e+00
7.518333333333333030e+03 7.063666666666666970e+03 7.475000000000000000e+03 7.497333333333333030e+03 8.326333333333333940e+03 7.598333333333333030e+03 8.001000000000000000e+03 8.081666666666666970e+03 7.388583333333333030e+03 7.879183333333334303e+03 1.066399738335044090e+00
6.933333333333333030e+03 7.518333333333333030e+03 7.063666666666666970e+03 7.475000000000000000e+03 7.497333333333333030e+03 8.326333333333333940e+03 7.598333333333333030e+03 8.001000000000000000e+03 7.247583333333333030e+03 7.734116666666666788e+03 1.067130422784606347e+00
7.104333333333333030e+03 6.933333333333333030e+03 7.518333333333333030e+03 7.063666666666666970e+03 7.475000000000000000e+03 7.497333333333333030e+03 8.326333333333333940e+03 7.598333333333333030e+03 7.154916666666666970e+03 7.610383333333333212e+03 1.063657857650333716e+00
6.446333333333333030e+03 7.104333333333333030e+03 6.933333333333333030e+03 7.518333333333333030e+03 7.063666666666666970e+03 7.475000000000000000e+03 7.497333333333333030e+03 8.326333333333333940e+03 7.000583333333333030e+03 7.472583333333333940e+03 1.067422952849167439e+00
7.320666666666666970e+03 6.446333333333333030e+03 7.104333333333333030e+03 6.933333333333333030e+03 7.518333333333333030e+03 7.063666666666666970e+03 7.475000000000000000e+03 7.497333333333333030e+03 6.951166666666666060e+03 7.301100000000000364e+03 1.050341669264152511e+00
6.771000000000000000e+03 7.320666666666666970e+03 6.446333333333333030e+03 7.104333333333333030e+03 6.933333333333333030e+03 7.518333333333333030e+03 7.063666666666666970e+03 7.475000000000000000e+03 6.910583333333333030e+03 7.180183333333332484e+03 1.039012625562241388e+00
7.198666666666666970e+03 6.771000000000000000e+03 7.320666666666666970e+03 6.446333333333333030e+03 7.104333333333333030e+03 6.933333333333333030e+03 7.518333333333333030e+03 7.063666666666666970e+03 6.934166666666666970e+03 7.110766666666667334e+03 1.025468092777310547e+00
7.020333333333333030e+03 7.198666666666666970e+03 6.771000000000000000e+03 7.320666666666666970e+03 6.446333333333333030e+03 7.104333333333333030e+03 6.933333333333333030e+03 7.518333333333333030e+03 7.077666666666666970e+03 7.016000000000000000e+03 9.912871473649507159e-01
8.067000000000000000e+03 7.020333333333333030e+03 7.198666666666666970e+03 6.771000000000000000e+03 7.320666666666666970e+03 6.446333333333333030e+03 7.104333333333333030e+03 6.933333333333333030e+03 7.264250000000000000e+03 7.013783333333332848e+03 9.655206433332185201e-01
8.098666666666666970e+03 8.067000000000000000e+03 7.020333333333333030e+03 7.198666666666666970e+03 6.771000000000000000e+03 7.320666666666666970e+03 6.446333333333333030e+03 7.104333333333333030e+03 7.596166666666666970e+03 7.047699999999999818e+03 9.277969151106917334e-01
9.370333333333333940e+03 8.098666666666666970e+03 8.067000000000000000e+03 7.020333333333333030e+03 7.198666666666666970e+03 6.771000000000000000e+03 7.320666666666666970e+03 6.446333333333333030e+03 8.139083333333333030e+03 7.175149999999999636e+03 8.815673345687986551e-01
1.016100000000000000e+04 9.370333333333333940e+03 8.098666666666666970e+03 8.067000000000000000e+03 7.020333333333333030e+03 7.198666666666666970e+03 6.771000000000000000e+03 7.320666666666666970e+03 8.924250000000000000e+03 7.446983333333334485e+03 8.344660148845375325e-01
1.353433333333333394e+04 1.016100000000000000e+04 9.370333333333333940e+03 8.098666666666666970e+03 8.067000000000000000e+03 7.020333333333333030e+03 7.198666666666666970e+03 6.771000000000000000e+03 1.029108333333333394e+04 7.869616666666666788e+03 7.647024527706023367e-01
1.410533333333333394e+04 1.353433333333333394e+04 1.016100000000000000e+04 9.370333333333333940e+03 8.098666666666666970e+03 8.067000000000000000e+03 7.020333333333333030e+03 7.198666666666666970e+03 1.179275000000000182e+04 8.435483333333333576e+03 7.153109608304536460e-01
1.485400000000000000e+04 1.410533333333333394e+04 1.353433333333333394e+04 1.016100000000000000e+04 9.370333333333333940e+03 8.098666666666666970e+03 8.067000000000000000e+03 7.020333333333333030e+03 1.316366666666666788e+04 9.144000000000000000e+03 6.946392849003569792e-01
1.456466666666666606e+04 1.485400000000000000e+04 1.410533333333333394e+04 1.353433333333333394e+04 1.016100000000000000e+04 9.370333333333333940e+03 8.098666666666666970e+03 8.067000000000000000e+03 1.426458333333333394e+04 9.992316666666667516e+03 7.004983204323061985e-01
1.593866666666666606e+04 1.456466666666666606e+04 1.485400000000000000e+04 1.410533333333333394e+04 1.353433333333333394e+04 1.016100000000000000e+04 9.370333333333333940e+03 8.098666666666666970e+03 1.486566666666666606e+04 1.120600000000000000e+04 7.538175213579388911e-01
1.462100000000000000e+04 1.593866666666666606e+04 1.456466666666666606e+04 1.485400000000000000e+04 1.410533333333333394e+04 1.353433333333333394e+04 1.016100000000000000e+04 9.370333333333333940e+03 1.499458333333333212e+04 1.243311666666666861e+04 8.291738683413456545e-01
1.467866666666666606e+04 1.462100000000000000e+04 1.593866666666666606e+04 1.456466666666666606e+04 1.485400000000000000e+04 1.410533333333333394e+04 1.353433333333333394e+04 1.016100000000000000e+04 1.495074999999999818e+04 1.352108333333333394e+04 9.043749198758146424e-01
1.406066666666666606e+04 1.467866666666666606e+04 1.462100000000000000e+04 1.593866666666666606e+04 1.456466666666666606e+04 1.485400000000000000e+04 1.410533333333333394e+04 1.353433333333333394e+04 1.482474999999999818e+04 1.437661666666666497e+04 9.697712721406207548e-01
1.451300000000000000e+04 1.406066666666666606e+04 1.467866666666666606e+04 1.462100000000000000e+04 1.593866666666666606e+04 1.456466666666666606e+04 1.485400000000000000e+04 1.410533333333333394e+04 1.446833333333333212e+04 1.478620000000000073e+04 1.021969819145259972e+00
1.368900000000000000e+04 1.451300000000000000e+04 1.406066666666666606e+04 1.467866666666666606e+04 1.462100000000000000e+04 1.593866666666666606e+04 1.456466666666666606e+04 1.485400000000000000e+04 1.423533333333333212e+04 1.484273333333333176e+04 1.042668477497307178e+00
1.398533333333333394e+04 1.368900000000000000e+04 1.451300000000000000e+04 1.406066666666666606e+04 1.467866666666666606e+04 1.462100000000000000e+04 1.593866666666666606e+04 1.456466666666666606e+04 1.406200000000000000e+04 1.477300000000000000e+04 1.050561797752809001e+00
1.280233333333333394e+04 1.398533333333333394e+04 1.368900000000000000e+04 1.451300000000000000e+04 1.406066666666666606e+04 1.467866666666666606e+04 1.462100000000000000e+04 1.593866666666666606e+04 1.374741666666666788e+04 1.460928333333333103e+04 1.062692990804332771e+00
1.329166666666666606e+04 1.280233333333333394e+04 1.398533333333333394e+04 1.368900000000000000e+04 1.451300000000000000e+04 1.406066666666666606e+04 1.467866666666666606e+04 1.462100000000000000e+04 1.344208333333333394e+04 1.426308333333333212e+04 1.061076842007377286e+00
1.245500000000000000e+04 1.329166666666666606e+04 1.280233333333333394e+04 1.398533333333333394e+04 1.368900000000000000e+04 1.451300000000000000e+04 1.406066666666666606e+04 1.467866666666666606e+04 1.313358333333333394e+04 1.401498333333333176e+04 1.067110397644714714e+00
1.261266666666666606e+04 1.245500000000000000e+04 1.329166666666666606e+04 1.280233333333333394e+04 1.398533333333333394e+04 1.368900000000000000e+04 1.451300000000000000e+04 1.406066666666666606e+04 1.279041666666666606e+04 1.380768333333333430e+04 1.079533504902759455e+00
1.166300000000000000e+04 1.261266666666666606e+04 1.245500000000000000e+04 1.329166666666666606e+04 1.280233333333333394e+04 1.398533333333333394e+04 1.368900000000000000e+04 1.451300000000000000e+04 1.250558333333333212e+04 1.349904999999999927e+04 1.079441849307309464e+00
1.249866666666666606e+04 1.166300000000000000e+04 1.261266666666666606e+04 1.245500000000000000e+04 1.329166666666666606e+04 1.280233333333333394e+04 1.398533333333333394e+04 1.368900000000000000e+04 1.230733333333333212e+04 1.321513333333333503e+04 1.073760901359623210e+00
1.152133333333333394e+04 1.249866666666666606e+04 1.166300000000000000e+04 1.261266666666666606e+04 1.245500000000000000e+04 1.329166666666666606e+04 1.280233333333333394e+04 1.398533333333333394e+04 1.207391666666666606e+04 1.292164999999999964e+04 1.070211958284732257e+00
1.147666666666666606e+04 1.152133333333333394e+04 1.249866666666666606e+04 1.166300000000000000e+04 1.261266666666666606e+04 1.245500000000000000e+04 1.329166666666666606e+04 1.280233333333333394e+04 1.178991666666666606e+04 1.259031666666666570e+04 1.067888520557821241e+00
1.034266666666666606e+04 1.147666666666666606e+04 1.152133333333333394e+04 1.249866666666666606e+04 1.166300000000000000e+04 1.261266666666666606e+04 1.245500000000000000e+04 1.329166666666666606e+04 1.145983333333333212e+04 1.229643333333333067e+04 1.073002806905277717e+00
1.076166666666666606e+04 1.034266666666666606e+04 1.147666666666666606e+04 1.152133333333333394e+04 1.249866666666666606e+04 1.166300000000000000e+04 1.261266666666666606e+04 1.245500000000000000e+04 1.102558333333333394e+04 1.205098333333333358e+04 1.093001881986591650e+00
9.471666666666666060e+03 1.076166666666666606e+04 1.034266666666666606e+04 1.147666666666666606e+04 1.152133333333333394e+04 1.249866666666666606e+04 1.166300000000000000e+04 1.261266666666666606e+04 1.051316666666666606e+04 1.176176666666666642e+04 1.118765357726026144e+00
9.685333333333333940e+03 9.471666666666666060e+03 1.076166666666666606e+04 1.034266666666666606e+04 1.147666666666666606e+04 1.152133333333333394e+04 1.249866666666666606e+04 1.166300000000000000e+04 1.006533333333333212e+04 1.144500000000000000e+04 1.137071135249702047e+00
8.547000000000000000e+03 9.685333333333333940e+03 9.471666666666666060e+03 1.076166666666666606e+04 1.034266666666666606e+04 1.147666666666666606e+04 1.152133333333333394e+04 1.249866666666666606e+04 9.616416666666666060e+03 1.109114999999999782e+04 1.153355806476771273e+00
9.091666666666666060e+03 8.547000000000000000e+03 9.685333333333333940e+03 9.471666666666666060e+03 1.076166666666666606e+04 1.034266666666666606e+04 1.147666666666666606e+04 1.152133333333333394e+04 9.198916666666666060e+03 1.066025000000000000e+04 1.158859285966644670e+00
8.324666666666666060e+03 9.091666666666666060e+03 8.547000000000000000e+03 9.685333333333333940e+03 9.471666666666666060e+03 1.076166666666666606e+04 1.034266666666666606e+04 1.147666666666666606e+04 8.912166666666666060e+03 1.019296666666666533e+04 1.143713649879378291e+00
8.198333333333333940e+03 8.324666666666666060e+03 9.091666666666666060e+03 8.547000000000000000e+03 9.685333333333333940e+03 9.471666666666666060e+03 1.076166666666666606e+04 1.034266666666666606e+04 8.540416666666666060e+03 9.760349999999998545e+03 1.142842367175684215e+00
7.570666666666666970e+03 8.198333333333333940e+03 8.324666666666666060e+03 9.091666666666666060e+03 8.547000000000000000e+03 9.685333333333333940e+03 9.471666666666666060e+03 1.076166666666666606e+04 8.296333333333332121e+03 9.352399999999999636e+03 1.127293181726867433e+00
8.214666666666666060e+03 7.570666666666666970e+03 8.198333333333333940e+03 8.324666666666666060e+03 9.091666666666666060e+03 8.547000000000000000e+03 9.685333333333333940e+03 9.471666666666666060e+03 8.077083333333332121e+03 8.974549999999999272e+03 1.111112716017539359e+00
7.588000000000000000e+03 8.214666666666666060e+03 7.570666666666666970e+03 8.198333333333333940e+03 8.324666666666666060e+03 9.091666666666666060e+03 8.547000000000000000e+03 9.685333333333333940e+03 7.892916666666666060e+03 8.708316666666665697e+03 1.103307818191416212e+00
7.973666666666666970e+03 7.588000000000000000e+03 8.214666666666666060e+03 7.570666666666666970e+03 8.198333333333333940e+03 8.324666666666666060e+03 9.091666666666666060e+03 8.547000000000000000e+03 7.836750000000000909e+03 8.399683333333332484e+03 1.071832498591039906e+00
7.227666666666666970e+03 7.973666666666666970e+03 7.588000000000000000e+03 8.214666666666666060e+03 7.570666666666666970e+03 8.198333333333333940e+03 8.324666666666666060e+03 9.091666666666666060e+03 7.751000000000000000e+03 8.187266666666665515e+03 1.056285210510471639e+00
7.773333333333333030e+03 7.227666666666666970e+03 7.973666666666666970e+03 7.588000000000000000e+03 8.214666666666666060e+03 7.570666666666666970e+03 8.198333333333333940e+03 8.324666666666666060e+03 7.640666666666666970e+03 7.989799999999998363e+03 1.045694093011080739e+00
6.792333333333333030e+03 7.773333333333333030e+03 7.227666666666666970e+03 7.973666666666666970e+03 7.588000000000000000e+03 8.214666666666666060e+03 7.570666666666666970e+03 8.198333333333333940e+03 7.441750000000000000e+03 7.802683333333332484e+03 1.048501136605413109e+00
7.094666666666666970e+03 6.792333333333333030e+03 7.773333333333333030e+03 7.227666666666666970e+03 7.973666666666666970e+03 7.588000000000000000e+03 8.214666666666666060e+03 7.570666666666666970e+03 7.222000000000000000e+03 7.713800000000000182e+03 1.068097479922459181e+00
