1.692636363636363939e+01 1.613015151515151402e+01 1.688323076923077082e+01 2.110859374999999716e+01 2.532196969696969546e+01 2.442030769230769138e+01 1.814600000000000080e+01 2.182812500000000000e+01 1.776208491768647946e+01 2.242910059731934780e+01 1.262751568932412694e+00
1.702384615384615429e+01 1.692636363636363939e+01 1.613015151515151402e+01 1.688323076923077082e+01 2.110859374999999716e+01 2.532196969696969546e+01 2.442030769230769138e+01 1.814600000000000080e+01 1.674089801864801785e+01 2.224921778481934709e+01 1.329033708946527392e+00
1.513584615384615439e+01 1.702384615384615429e+01 1.692636363636363939e+01 1.613015151515151402e+01 1.688323076923077082e+01 2.110859374999999716e+01 2.532196969696969546e+01 2.442030769230769138e+01 1.630405186480186686e+01 2.193352547712703782e+01 1.345280649191162414e+00
1.348075757575757549e+01 1.513584615384615439e+01 1.702384615384615429e+01 1.692636363636363939e+01 1.613015151515151402e+01 1.688323076923077082e+01 2.110859374999999716e+01 2.532196969696969546e+01 1.564170337995338222e+01 1.986098643283799703e+01 1.269745752773454583e+00
1.431378787878787939e+01 1.348075757575757549e+01 1.513584615384615439e+01 1.702384615384615429e+01 1.692636363636363939e+01 1.613015151515151402e+01 1.688323076923077082e+01 2.110859374999999716e+01 1.498855944055944178e+01 1.776208491768647946e+01 1.185042831375896277e+00
1.284109374999999886e+01 1.431378787878787939e+01 1.348075757575757549e+01 1.513584615384615439e+01 1.702384615384615429e+01 1.692636363636363939e+01 1.613015151515151402e+01 1.688323076923077082e+01 1.394287133959790204e+01 1.674089801864801785e+01 1.200677938632603636e+00
1.257399999999999984e+01 1.284109374999999886e+01 1.431378787878787939e+01 1.348075757575757549e+01 1.513584615384615439e+01 1.702384615384615429e+01 1.692636363636363939e+01 1.613015151515151402e+01 1.330240980113636340e+01 1.630405186480186686e+01 1.225646488759434272e+00
1.175000000000000000e+01 1.257399999999999984e+01 1.284109374999999886e+01 1.431378787878787939e+01 1.348075757575757549e+01 1.513584615384615439e+01 1.702384615384615429e+01 1.692636363636363939e+01 1.286972040719696864e+01 1.564170337995338222e+01 1.215387971537149614e+00
1.204515151515151672e+01 1.175000000000000000e+01 1.257399999999999984e+01 1.284109374999999886e+01 1.431378787878787939e+01 1.348075757575757549e+01 1.513584615384615439e+01 1.702384615384615429e+01 1.230256131628787841e+01 1.498855944055944178e+01 1.218328367176309657e+00
1.322625000000000028e+01 1.204515151515151672e+01 1.175000000000000000e+01 1.257399999999999984e+01 1.284109374999999886e+01 1.431378787878787939e+01 1.348075757575757549e+01 1.513584615384615439e+01 1.239885037878787877e+01 1.394287133959790204e+01 1.124529364710421531e+00
1.384276923076923005e+01 1.322625000000000028e+01 1.204515151515151672e+01 1.175000000000000000e+01 1.257399999999999984e+01 1.284109374999999886e+01 1.431378787878787939e+01 1.348075757575757549e+01 1.271604268648018632e+01 1.330240980113636340e+01 1.046112389609985094e+00
1.213696969696969674e+01 1.384276923076923005e+01 1.322625000000000028e+01 1.204515151515151672e+01 1.175000000000000000e+01 1.257399999999999984e+01 1.284109374999999886e+01 1.431378787878787939e+01 1.281278511072261139e+01 1.286972040719696864e+01 1.004443631574427176e+00
1.479892307692307796e+01 1.213696969696969674e+01 1.384276923076923005e+01 1.322625000000000028e+01 1.204515151515151672e+01 1.175000000000000000e+01 1.257399999999999984e+01 1.284109374999999886e+01 1.350122800116550081e+01 1.230256131628787841e+01 9.112179510801426963e-01
1.162338461538461587e+01 1.479892307692307796e+01 1.213696969696969674e+01 1.384276923076923005e+01 1.322625000000000028e+01 1.204515151515151672e+01 1.175000000000000000e+01 1.257399999999999984e+01 1.310051165501165471e+01 1.239885037878787877e+01 9.464401624378271372e-01
1.181523076923076765e+01 1.162338461538461587e+01 1.479892307692307796e+01 1.213696969696969674e+01 1.384276923076923005e+01 1.322625000000000028e+01 1.204515151515151672e+01 1.175000000000000000e+01 1.259362703962704089e+01 1.271604268648018632e+01 1.009720444036332987e+00
1.208892307692307710e+01 1.181523076923076765e+01 1.162338461538461587e+01 1.479892307692307796e+01 1.213696969696969674e+01 1.384276923076923005e+01 1.322625000000000028e+01 1.204515151515151672e+01 1.258161538461538598e+01 1.281278511072261139e+01 1.018373612532290196e+00
1.250276923076923197e+01 1.208892307692307710e+01 1.181523076923076765e+01 1.162338461538461587e+01 1.479892307692307796e+01 1.213696969696969674e+01 1.384276923076923005e+01 1.322625000000000028e+01 1.200757692307692359e+01 1.350122800116550081e+01 1.124392380549150028e+00
1.492446153846153933e+01 1.250276923076923197e+01 1.208892307692307710e+01 1.181523076923076765e+01 1.162338461538461587e+01 1.479892307692307796e+01 1.213696969696969674e+01 1.384276923076923005e+01 1.283284615384615357e+01 1.310051165501165471e+01 1.020857843845130120e+00
1.586461538461538545e+01 1.492446153846153933e+01 1.250276923076923197e+01 1.208892307692307710e+01 1.181523076923076765e+01 1.162338461538461587e+01 1.479892307692307796e+01 1.213696969696969674e+01 1.384519230769230802e+01 1.259362703962704089e+01 9.096028975076131395e-01
1.626999999999999957e+01 1.586461538461538545e+01 1.492446153846153933e+01 1.250276923076923197e+01 1.208892307692307710e+01 1.181523076923076765e+01 1.162338461538461587e+01 1.479892307692307796e+01 1.489046153846154041e+01 1.258161538461538598e+01 8.449446212340372409e-01
1.668484848484848726e+01 1.626999999999999957e+01 1.586461538461538545e+01 1.492446153846153933e+01 1.250276923076923197e+01 1.208892307692307710e+01 1.181523076923076765e+01 1.162338461538461587e+01 1.593598135198135068e+01 1.200757692307692359e+01 7.534883894416705141e-01
1.867171875000000014e+01 1.668484848484848726e+01 1.626999999999999957e+01 1.586461538461538545e+01 1.492446153846153933e+01 1.250276923076923197e+01 1.208892307692307710e+01 1.181523076923076765e+01 1.687279565486596766e+01 1.283284615384615357e+01 7.605643081527673210e-01
1.961646153846153595e+01 1.867171875000000014e+01 1.668484848484848726e+01 1.626999999999999957e+01 1.586461538461538545e+01 1.492446153846153933e+01 1.250276923076923197e+01 1.208892307692307710e+01 1.781075719332750396e+01 1.384519230769230802e+01 7.773500114233869995e-01
2.176484848484848555e+01 1.961646153846153595e+01 1.867171875000000014e+01 1.668484848484848726e+01 1.626999999999999957e+01 1.586461538461538545e+01 1.492446153846153933e+01 1.250276923076923197e+01 1.918446931453962634e+01 1.489046153846154041e+01 7.761727100356264897e-01
2.586090909090909307e+01 2.176484848484848555e+01 1.961646153846153595e+01 1.867171875000000014e+01 1.668484848484848726e+01 1.626999999999999957e+01 1.586461538461538545e+01 1.492446153846153933e+01 2.147848446605477690e+01 1.593598135198135068e+01 7.419509219641190478e-01
2.032499999999999574e+01 2.586090909090909307e+01 2.176484848484848555e+01 1.961646153846153595e+01 1.867171875000000014e+01 1.668484848484848726e+01 1.626999999999999957e+01 1.586461538461538545e+01 2.189180477855477847e+01 1.687279565486596766e+01 7.707357079757337637e-01
2.087169230769231021e+01 2.032499999999999574e+01 2.586090909090909307e+01 2.176484848484848555e+01 1.961646153846153595e+01 1.867171875000000014e+01 1.668484848484848726e+01 1.626999999999999957e+01 2.220561247086246937e+01 1.781075719332750396e+01 8.020835820988156950e-01
2.885015151515151288e+01 2.087169230769231021e+01 2.032499999999999574e+01 2.586090909090909307e+01 2.176484848484848555e+01 1.961646153846153595e+01 1.867171875000000014e+01 1.668484848484848726e+01 2.397693822843822531e+01 1.918446931453962634e+01 8.001217307965361458e-01
2.864212121212121431e+01 2.885015151515151288e+01 2.087169230769231021e+01 2.032499999999999574e+01 2.586090909090909307e+01 2.176484848484848555e+01 1.961646153846153595e+01 1.867171875000000014e+01 2.467224125874125917e+01 2.147848446605477690e+01 8.705526279840932746e-01
2.597531250000000114e+01 2.864212121212121431e+01 2.885015151515151288e+01 2.087169230769231021e+01 2.032499999999999574e+01 2.586090909090909307e+01 2.176484848484848555e+01 1.961646153846153595e+01 2.608481938374125875e+01 2.189180477855477847e+01 8.392546046226412315e-01
2.364492307692307449e+01 2.597531250000000114e+01 2.864212121212121431e+01 2.885015151515151288e+01 2.087169230769231021e+01 2.032499999999999574e+01 2.586090909090909307e+01 2.176484848484848555e+01 2.677812707604894982e+01 2.220561247086246937e+01 8.292444205600825180e-01
2.261393939393939689e+01 2.364492307692307449e+01 2.597531250000000114e+01 2.864212121212121431e+01 2.885015151515151288e+01 2.087169230769231021e+01 2.032499999999999574e+01 2.586090909090909307e+01 2.521907404574591993e+01 2.397693822843822531e+01 9.507461766814065962e-01
2.197166666666666757e+01 2.261393939393939689e+01 2.364492307692307449e+01 2.597531250000000114e+01 2.864212121212121431e+01 2.885015151515151288e+01 2.087169230769231021e+01 2.032499999999999574e+01 2.355146040938228680e+01 2.467224125874125917e+01 1.047588592379285366e+00
2.243799999999999883e+01 2.197166666666666757e+01 2.261393939393939689e+01 2.364492307692307449e+01 2.597531250000000114e+01 2.864212121212121431e+01 2.885015151515151288e+01 2.087169230769231021e+01 2.266713228438228356e+01 2.608481938374125875e+01 1.150777215947769827e+00
2.415707692307692511e+01 2.243799999999999883e+01 2.197166666666666757e+01 2.261393939393939689e+01 2.364492307692307449e+01 2.597531250000000114e+01 2.864212121212121431e+01 2.885015151515151288e+01 2.279517074592074977e+01 2.677812707604894982e+01 1.174728076158015222e+00
1.857923076923076877e+01 2.415707692307692511e+01 2.243799999999999883e+01 2.197166666666666757e+01 2.261393939393939689e+01 2.364492307692307449e+01 2.597531250000000114e+01 2.864212121212121431e+01 2.178649358974358918e+01 2.521907404574591993e+01 1.157555434143761719e+00
2.521615384615384059e+01 1.857923076923076877e+01 2.415707692307692511e+01 2.243799999999999883e+01 2.197166666666666757e+01 2.261393939393939689e+01 2.364492307692307449e+01 2.597531250000000114e+01 2.259761538461538422e+01 2.355146040938228680e+01 1.042209985811878514e+00
2.453907692307692656e+01 2.521615384615384059e+01 1.857923076923076877e+01 2.415707692307692511e+01 2.243799999999999883e+01 2.197166666666666757e+01 2.261393939393939689e+01 2.364492307692307449e+01 2.312288461538461704e+01 2.266713228438228356e+01 9.802899880969391244e-01
2.318769230769230916e+01 2.453907692307692656e+01 2.521615384615384059e+01 1.857923076923076877e+01 2.415707692307692511e+01 2.243799999999999883e+01 2.197166666666666757e+01 2.261393939393939689e+01 2.288053846153846393e+01 2.279517074592074977e+01 9.962689813545596573e-01
2.303753846153846396e+01 2.318769230769230916e+01 2.453907692307692656e+01 2.521615384615384059e+01 1.857923076923076877e+01 2.415707692307692511e+01 2.243799999999999883e+01 2.197166666666666757e+01 2.399511538461538862e+01 2.178649358974358918e+01 9.079553584356643281e-01
2.706424242424242266e+01 2.303753846153846396e+01 2.318769230769230916e+01 2.453907692307692656e+01 2.521615384615384059e+01 1.857923076923076877e+01 2.415707692307692511e+01 2.243799999999999883e+01 2.445713752913752614e+01 2.259761538461538422e+01 9.239681200505676095e-01
2.002578125000000142e+01 2.706424242424242266e+01 2.303753846153846396e+01 2.318769230769230916e+01 2.453907692307692656e+01 2.521615384615384059e+01 1.857923076923076877e+01 2.415707692307692511e+01 2.332881361086830196e+01 2.312288461538461704e+01 9.911727617649725985e-01
2.131015384615384889e+01 2.002578125000000142e+01 2.706424242424242266e+01 2.303753846153846396e+01 2.318769230769230916e+01 2.453907692307692656e+01 2.521615384615384059e+01 1.857923076923076877e+01 2.285942899548368246e+01 2.288053846153846393e+01 1.000923446778086756e+00
3.400575757575757763e+01 2.131015384615384889e+01 2.002578125000000142e+01 2.706424242424242266e+01 2.303753846153846396e+01 2.318769230769230916e+01 2.453907692307692656e+01 2.521615384615384059e+01 2.560148377403846354e+01 2.399511538461538862e+01 9.372548714910018397e-01
2.979560606060605821e+01 3.400575757575757763e+01 2.131015384615384889e+01 2.002578125000000142e+01 2.706424242424242266e+01 2.303753846153846396e+01 2.318769230769230916e+01 2.453907692307692656e+01 2.628432468312936976e+01 2.445713752913752614e+01 9.304837702311360426e-01
2.861531249999999815e+01 2.979560606060605821e+01 3.400575757575757763e+01 2.131015384615384889e+01 2.002578125000000142e+01 2.706424242424242266e+01 2.303753846153846396e+01 2.318769230769230916e+01 2.843170749562937161e+01 2.332881361086830196e+01 8.205210191633581784e-01
2.086876923076922807e+01 2.861531249999999815e+01 2.979560606060605821e+01 3.400575757575757763e+01 2.131015384615384889e+01 2.002578125000000142e+01 2.706424242424242266e+01 2.303753846153846396e+01 2.832136134178321640e+01 2.285942899548368246e+01 8.071444278265886840e-01
1.873469696969696940e+01 2.086876923076922807e+01 2.861531249999999815e+01 2.979560606060605821e+01 3.400575757575757763e+01 2.131015384615384889e+01 2.002578125000000142e+01 2.706424242424242266e+01 2.450359619026806612e+01 2.560148377403846354e+01 1.044805161464684939e+00
1.689909090909090850e+01 1.873469696969696940e+01 2.086876923076922807e+01 2.861531249999999815e+01 2.979560606060605821e+01 3.400575757575757763e+01 2.131015384615384889e+01 2.002578125000000142e+01 2.127946740238927603e+01 2.628432468312936976e+01 1.235196548207693645e+00
1.588923076923076927e+01 1.689909090909090850e+01 1.873469696969696940e+01 2.086876923076922807e+01 2.861531249999999815e+01 2.979560606060605821e+01 3.400575757575757763e+01 2.131015384615384889e+01 1.809794696969697014e+01 2.843170749562937161e+01 1.570990761727567797e+00
1.548107692307692318e+01 1.588923076923076927e+01 1.689909090909090850e+01 1.873469696969696940e+01 2.086876923076922807e+01 2.861531249999999815e+01 2.979560606060605821e+01 3.400575757575757763e+01 1.675102389277389392e+01 2.832136134178321640e+01 1.690724192328360909e+00
1.497424242424242458e+01 1.548107692307692318e+01 1.588923076923076927e+01 1.689909090909090850e+01 1.873469696969696940e+01 2.086876923076922807e+01 2.861531249999999815e+01 2.979560606060605821e+01 1.581091025641025638e+01 2.450359619026806612e+01 1.549790353172962432e+00
1.323757575757575644e+01 1.497424242424242458e+01 1.548107692307692318e+01 1.588923076923076927e+01 1.689909090909090850e+01 1.873469696969696940e+01 2.086876923076922807e+01 2.861531249999999815e+01 1.489553146853146792e+01 2.127946740238927603e+01 1.428580608039707212e+00
1.218765624999999986e+01 1.323757575757575644e+01 1.497424242424242458e+01 1.548107692307692318e+01 1.588923076923076927e+01 1.689909090909090850e+01 1.873469696969696940e+01 2.086876923076922807e+01 1.397013783872377601e+01 1.809794696969697014e+01 1.295473758285428989e+00
1.320107692307692204e+01 1.218765624999999986e+01 1.323757575757575644e+01 1.497424242424242458e+01 1.548107692307692318e+01 1.588923076923076927e+01 1.689909090909090850e+01 1.873469696969696940e+01 1.340013783872377573e+01 1.675102389277389392e+01 1.250063551164877884e+00
1.187954545454545574e+01 1.320107692307692204e+01 1.218765624999999986e+01 1.323757575757575644e+01 1.497424242424242458e+01 1.548107692307692318e+01 1.588923076923076927e+01 1.689909090909090850e+01 1.262646359629953352e+01 1.581091025641025638e+01 1.252204161190786369e+00
1.238846153846153797e+01 1.187954545454545574e+01 1.320107692307692204e+01 1.218765624999999986e+01 1.323757575757575644e+01 1.497424242424242458e+01 1.548107692307692318e+01 1.588923076923076927e+01 1.241418504152098023e+01 1.489553146853146792e+01 1.199879929186755012e+00
1.148661538461538534e+01 1.238846153846153797e+01 1.187954545454545574e+01 1.320107692307692204e+01 1.218765624999999986e+01 1.323757575757575644e+01 1.497424242424242458e+01 1.548107692307692318e+01 1.223892482517482705e+01 1.397013783872377601e+01 1.141451396938719220e+00
1.408169230769230929e+01 1.148661538461538534e+01 1.238846153846153797e+01 1.187954545454545574e+01 1.320107692307692204e+01 1.218765624999999986e+01 1.323757575757575644e+01 1.497424242424242458e+01 1.245907867132867253e+01 1.340013783872377573e+01 1.075532002985156943e+00
1.318923076923076820e+01 1.408169230769230929e+01 1.148661538461538534e+01 1.238846153846153797e+01 1.187954545454545574e+01 1.320107692307692204e+01 1.218765624999999986e+01 1.323757575757575644e+01 1.278650000000000020e+01 1.262646359629953352e+01 9.874839554451596557e-01
1.069538461538461505e+01 1.318923076923076820e+01 1.408169230769230929e+01 1.148661538461538534e+01 1.238846153846153797e+01 1.187954545454545574e+01 1.320107692307692204e+01 1.218765624999999986e+01 1.236323076923076947e+01 1.241418504152098023e+01 1.004121436640738274e+00
1.179046153846153899e+01 1.069538461538461505e+01 1.318923076923076820e+01 1.408169230769230929e+01 1.148661538461538534e+01 1.238846153846153797e+01 1.187954545454545574e+01 1.320107692307692204e+01 1.243919230769230744e+01 1.223892482517482705e+01 9.839002824649928369e-01
1.330938461538461759e+01 1.179046153846153899e+01 1.069538461538461505e+01 1.318923076923076820e+01 1.408169230769230929e+01 1.148661538461538534e+01 1.238846153846153797e+01 1.187954545454545574e+01 1.224611538461538451e+01 1.245907867132867253e+01 1.017390272753826208e+00
2.092492307692307563e+01 1.330938461538461759e+01 1.179046153846153899e+01 1.069538461538461505e+01 1.318923076923076820e+01 1.408169230769230929e+01 1.148661538461538534e+01 1.238846153846153797e+01 1.418003846153846226e+01 1.278650000000000020e+01 9.017253397923949976e-01
2.136227272727272819e+01 2.092492307692307563e+01 1.330938461538461759e+01 1.179046153846153899e+01 1.069538461538461505e+01 1.318923076923076820e+01 1.408169230769230929e+01 1.148661538461538534e+01 1.684676048951049054e+01 1.236323076923076947e+01 7.338639839349910821e-01
2.451276923076922643e+01 2.136227272727272819e+01 2.092492307692307563e+01 1.330938461538461759e+01 1.179046153846153899e+01 1.069538461538461505e+01 1.318923076923076820e+01 1.408169230769230929e+01 2.002733741258741063e+01 1.243919230769230744e+01 6.211106374966316457e-01
2.035492307692307534e+01 2.451276923076922643e+01 2.136227272727272819e+01 2.092492307692307563e+01 1.330938461538461759e+01 1.179046153846153899e+01 1.069538461538461505e+01 1.318923076923076820e+01 2.178872202797202817e+01 1.224611538461538451e+01 5.620391764553244185e-01
2.431348484848484759e+01 2.035492307692307534e+01 2.451276923076922643e+01 2.136227272727272819e+01 2.092492307692307563e+01 1.330938461538461759e+01 1.179046153846153899e+01 1.069538461538461505e+01 2.263586247086246672e+01 1.418003846153846226e+01 6.264412712257558802e-01
5.682030303030303031e+01 2.431348484848484759e+01 2.035492307692307534e+01 2.451276923076922643e+01 2.136227272727272819e+01 2.092492307692307563e+01 1.330938461538461759e+01 1.179046153846153899e+01 3.150037004662004136e+01 1.684676048951049054e+01 5.348115106132897978e-01
4.289062500000000000e+01 5.682030303030303031e+01 2.431348484848484759e+01 2.035492307692307534e+01 2.451276923076922643e+01 2.136227272727272819e+01 2.092492307692307563e+01 1.330938461538461759e+01 3.609483398892773920e+01 2.002733741258741063e+01 5.548532906047134450e-01
3.199984615384615694e+01 4.289062500000000000e+01 5.682030303030303031e+01 2.431348484848484759e+01 2.035492307692307534e+01 2.451276923076922643e+01 2.136227272727272819e+01 2.092492307692307563e+01 3.900606475815850871e+01 2.178872202797202817e+01 5.585983144688980717e-01
2.471393939393939476e+01 3.199984615384615694e+01 4.289062500000000000e+01 5.682030303030303031e+01 2.431348484848484759e+01 2.035492307692307534e+01 2.451276923076922643e+01 2.136227272727272819e+01 3.910617839452214639e+01 2.263586247086246672e+01 5.788308497573165790e-01
2.237106060606060609e+01 2.471393939393939476e+01 3.199984615384615694e+01 4.289062500000000000e+01 5.682030303030303031e+01 2.431348484848484759e+01 2.035492307692307534e+01 2.451276923076922643e+01 3.049386778846153945e+01 3.150037004662004136e+01 1.033006710238946857e+00
1.920515625000000171e+01 2.237106060606060609e+01 2.471393939393939476e+01 3.199984615384615694e+01 4.289062500000000000e+01 5.682030303030303031e+01 2.431348484848484759e+01 2.035492307692307534e+01 2.457250060096153987e+01 3.609483398892773920e+01 1.468911714565807047e+00
2.557938461538461183e+01 1.920515625000000171e+01 2.237106060606060609e+01 2.471393939393939476e+01 3.199984615384615694e+01 4.289062500000000000e+01 5.682030303030303031e+01 2.431348484848484759e+01 2.296738521634615537e+01 3.900606475815850871e+01 1.698324140546806360e+00
2.354772727272727906e+01 2.557938461538461183e+01 1.920515625000000171e+01 2.237106060606060609e+01 2.471393939393939476e+01 3.199984615384615694e+01 4.289062500000000000e+01 5.682030303030303031e+01 2.267583218604312378e+01 3.910617839452214639e+01 1.724575225009463031e+00
1.873303030303030425e+01 2.354772727272727906e+01 2.557938461538461183e+01 1.920515625000000171e+01 2.237106060606060609e+01 2.471393939393939476e+01 3.199984615384615694e+01 4.289062500000000000e+01 2.176632461028554744e+01 3.049386778846153945e+01 1.400965405709875489e+00
1.803312499999999829e+01 1.873303030303030425e+01 2.354772727272727906e+01 2.557938461538461183e+01 1.920515625000000171e+01 2.237106060606060609e+01 2.471393939393939476e+01 3.199984615384615694e+01 2.147331679778555014e+01 2.457250060096153987e+01 1.144327205357283050e+00
1.694446153846153891e+01 1.803312499999999829e+01 1.873303030303030425e+01 2.354772727272727906e+01 2.557938461538461183e+01 1.920515625000000171e+01 2.237106060606060609e+01 2.471393939393939476e+01 1.931458602855477835e+01 2.296738521634615537e+01 1.189121277690915024e+00
2.965681818181818130e+01 1.694446153846153891e+01 1.803312499999999829e+01 1.873303030303030425e+01 2.354772727272727906e+01 2.557938461538461183e+01 1.920515625000000171e+01 2.237106060606060609e+01 2.084185875582750569e+01 2.267583218604312378e+01 1.087994715428288295e+00
2.901830769230769391e+01 2.965681818181818130e+01 1.694446153846153891e+01 1.803312499999999829e+01 1.873303030303030425e+01 2.354772727272727906e+01 2.557938461538461183e+01 1.920515625000000171e+01 2.341317810314685133e+01 2.176632461028554744e+01 9.296612580485192900e-01
1.736384615384615415e+01 2.901830769230769391e+01 2.965681818181818130e+01 1.694446153846153891e+01 1.803312499999999829e+01 1.873303030303030425e+01 2.354772727272727906e+01 2.557938461538461183e+01 2.324585839160839029e+01 2.147331679778555014e+01 9.237480688403953977e-01
1.941923076923076863e+01 1.736384615384615415e+01 2.901830769230769391e+01 2.965681818181818130e+01 1.694446153846153891e+01 1.803312499999999829e+01 1.873303030303030425e+01 2.354772727272727906e+01 2.386455069930070039e+01 1.931458602855477835e+01 8.093421188575216085e-01
1.569446153846153713e+01 1.941923076923076863e+01 1.736384615384615415e+01 2.901830769230769391e+01 2.965681818181818130e+01 1.694446153846153891e+01 1.803312499999999829e+01 1.873303030303030425e+01 2.037396153846153624e+01 2.084185875582750569e+01 1.022965451097111567e+00
1.573757575757575822e+01 1.569446153846153713e+01 1.941923076923076863e+01 1.736384615384615415e+01 2.901830769230769391e+01 2.965681818181818130e+01 1.694446153846153891e+01 1.803312499999999829e+01 1.705377855477855320e+01 2.341317810314685133e+01 1.372902669513458740e+00
1.268156250000000007e+01 1.573757575757575822e+01 1.569446153846153713e+01 1.941923076923076863e+01 1.736384615384615415e+01 2.901830769230769391e+01 2.965681818181818130e+01 1.694446153846153891e+01 1.588320764131701779e+01 2.324585839160839029e+01 1.463549360844398572e+00
1.460876923076923184e+01 1.268156250000000007e+01 1.573757575757575822e+01 1.569446153846153713e+01 1.941923076923076863e+01 1.736384615384615415e+01 2.901830769230769391e+01 2.965681818181818130e+01 1.468059225670163315e+01 2.386455069930070039e+01 1.625585009242840773e+00
1.384696969696969582e+01 1.460876923076923184e+01 1.268156250000000007e+01 1.573757575757575822e+01 1.569446153846153713e+01 1.941923076923076863e+01 1.736384615384615415e+01 2.901830769230769391e+01 1.421871929632867193e+01 2.037396153846153624e+01 1.432897092477391610e+00
1.380151515151515085e+01 1.384696969696969582e+01 1.460876923076923184e+01 1.268156250000000007e+01 1.573757575757575822e+01 1.569446153846153713e+01 1.941923076923076863e+01 1.736384615384615415e+01 1.373470414481352009e+01 1.705377855477855320e+01 1.241656054252786801e+00
1.413374999999999915e+01 1.380151515151515085e+01 1.384696969696969582e+01 1.460876923076923184e+01 1.268156250000000007e+01 1.573757575757575822e+01 1.569446153846153713e+01 1.941923076923076863e+01 1.409775101981352030e+01 1.588320764131701779e+01 1.126648329864398113e+00
1.234630769230769332e+01 1.413374999999999915e+01 1.380151515151515085e+01 1.384696969696969582e+01 1.460876923076923184e+01 1.268156250000000007e+01 1.573757575757575822e+01 1.569446153846153713e+01 1.353213563519813434e+01 1.468059225670163315e+01 1.084868837592513735e+00
1.267651515151515262e+01 1.234630769230769332e+01 1.413374999999999915e+01 1.380151515151515085e+01 1.384696969696969582e+01 1.460876923076923184e+01 1.268156250000000007e+01 1.573757575757575822e+01 1.323952199883449765e+01 1.421871929632867193e+01 1.073960169980485269e+00
1.558530303030302910e+01 1.267651515151515262e+01 1.234630769230769332e+01 1.413374999999999915e+01 1.380151515151515085e+01 1.384696969696969582e+01 1.460876923076923184e+01 1.268156250000000007e+01 1.368546896853146855e+01 1.373470414481352009e+01 1.003597624341209249e+00
1.578828125000000071e+01 1.558530303030302910e+01 1.267651515151515262e+01 1.234630769230769332e+01 1.413374999999999915e+01 1.380151515151515085e+01 1.384696969696969582e+01 1.460876923076923184e+01 1.409910178103146805e+01 1.409775101981352030e+01 9.999041952289637880e-01
1.331738461538461493e+01 1.578828125000000071e+01 1.558530303030302910e+01 1.267651515151515262e+01 1.234630769230769332e+01 1.413374999999999915e+01 1.380151515151515085e+01 1.384696969696969582e+01 1.434187101180070023e+01 1.353213563519813434e+01 9.435404644250179329e-01
1.872227272727272762e+01 1.331738461538461493e+01 1.578828125000000071e+01 1.558530303030302910e+01 1.267651515151515262e+01 1.234630769230769332e+01 1.413374999999999915e+01 1.380151515151515085e+01 1.585331040574009442e+01 1.323952199883449765e+01 8.351266492606359559e-01
1.651712121212121431e+01 1.872227272727272762e+01 1.331738461538461493e+01 1.578828125000000071e+01 1.558530303030302910e+01 1.267651515151515262e+01 1.234630769230769332e+01 1.413374999999999915e+01 1.608626495119463939e+01 1.368546896853146855e+01 8.507549148328010791e-01
1.922553846153846280e+01 1.651712121212121431e+01 1.872227272727272762e+01 1.331738461538461493e+01 1.578828125000000071e+01 1.558530303030302910e+01 1.267651515151515262e+01 1.234630769230769332e+01 1.694557925407925225e+01 1.409910178103146805e+01 8.320224153823150282e-01
1.543476923076923235e+01 1.922553846153846280e+01 1.651712121212121431e+01 1.872227272727272762e+01 1.331738461538461493e+01 1.578828125000000071e+01 1.558530303030302910e+01 1.267651515151515262e+01 1.747492540792540794e+01 1.434187101180070023e+01 8.207114294917806641e-01
1.283287878787878711e+01 1.543476923076923235e+01 1.922553846153846280e+01 1.651712121212121431e+01 1.872227272727272762e+01 1.331738461538461493e+01 1.578828125000000071e+01 1.558530303030302910e+01 1.600257692307692281e+01 1.585331040574009442e+01 9.906723449570440376e-01
1.366415384615384809e+01 1.283287878787878711e+01 1.543476923076923235e+01 1.922553846153846280e+01 1.651712121212121431e+01 1.872227272727272762e+01 1.331738461538461493e+01 1.578828125000000071e+01 1.528933508158508303e+01 1.608626495119463939e+01 1.052123252277294974e+00
1.115230769230769248e+01 1.366415384615384809e+01 1.283287878787878711e+01 1.543476923076923235e+01 1.922553846153846280e+01 1.651712121212121431e+01 1.872227272727272762e+01 1.331738461538461493e+01 1.327102738927738912e+01 1.694557925407925225e+01 1.276885259672570383e+00
1.107476923076923114e+01 1.115230769230769248e+01 1.366415384615384809e+01 1.283287878787878711e+01 1.543476923076923235e+01 1.922553846153846280e+01 1.651712121212121431e+01 1.872227272727272762e+01 1.218102738927738926e+01 1.747492540792540794e+01 1.434601930483145216e+00
1.060753846153846247e+01 1.107476923076923114e+01 1.115230769230769248e+01 1.366415384615384809e+01 1.283287878787878711e+01 1.543476923076923235e+01 1.922553846153846280e+01 1.651712121212121431e+01 1.162469230769231032e+01 1.600257692307692281e+01 1.376602192944726077e+00
