1.400000000000000000e+01 1.600000000000000000e+01 1.700000000000000000e+01 1.000000000000000000e+01 1.700000000000000000e+01 2.900000000000000000e+01 2.600000000000000000e+01 3.000000000000000000e+01 1.425000000000000000e+01 2.550000000000000000e+01 1.789473684210526327e+00
1.100000000000000000e+01 1.400000000000000000e+01 1.600000000000000000e+01 1.700000000000000000e+01 1.000000000000000000e+01 1.700000000000000000e+01 2.900000000000000000e+01 2.600000000000000000e+01 1.450000000000000000e+01 2.050000000000000000e+01 1.413793103448275801e+00
1.100000000000000000e+01 1.100000000000000000e+01 1.400000000000000000e+01 1.600000000000000000e+01 1.700000000000000000e+01 1.000000000000000000e+01 1.700000000000000000e+01 2.900000000000000000e+01 1.300000000000000000e+01 1.825000000000000000e+01 1.403846153846153744e+00
1.300000000000000000e+01 1.100000000000000000e+01 1.100000000000000000e+01 1.400000000000000000e+01 1.600000000000000000e+01 1.700000000000000000e+01 1.000000000000000000e+01 1.700000000000000000e+01 1.225000000000000000e+01 1.500000000000000000e+01 1.224489795918367374e+00
9.000000000000000000e+00 1.300000000000000000e+01 1.100000000000000000e+01 1.100000000000000000e+01 1.400000000000000000e+01 1.600000000000000000e+01 1.700000000000000000e+01 1.000000000000000000e+01 1.100000000000000000e+01 1.425000000000000000e+01 1.295454545454545414e+00
8.000000000000000000e+00 9.000000000000000000e+00 1.300000000000000000e+01 1.100000000000000000e+01 1.100000000000000000e+01 1.400000000000000000e+01 1.600000000000000000e+01 1.700000000000000000e+01 1.025000000000000000e+01 1.450000000000000000e+01 1.414634146341463339e+00
1.100000000000000000e+01 8.000000000000000000e+00 9.000000000000000000e+00 1.300000000000000000e+01 1.100000000000000000e+01 1.100000000000000000e+01 1.400000000000000000e+01 1.600000000000000000e+01 1.025000000000000000e+01 1.300000000000000000e+01 1.268292682926829285e+00
1.300000000000000000e+01 1.100000000000000000e+01 8.000000000000000000e+00 9.000000000000000000e+00 1.300000000000000000e+01 1.100000000000000000e+01 1.100000000000000000e+01 1.400000000000000000e+01 1.025000000000000000e+01 1.225000000000000000e+01 1.195121951219512146e+00
9.000000000000000000e+00 1.300000000000000000e+01 1.100000000000000000e+01 8.000000000000000000e+00 9.000000000000000000e+00 1.300000000000000000e+01 1.100000000000000000e+01 1.100000000000000000e+01 1.025000000000000000e+01 1.100000000000000000e+01 1.073170731707317138e+00
1.100000000000000000e+01 9.000000000000000000e+00 1.300000000000000000e+01 1.100000000000000000e+01 8.000000000000000000e+00 9.000000000000000000e+00 1.300000000000000000e+01 1.100000000000000000e+01 1.100000000000000000e+01 1.025000000000000000e+01 9.318181818181817677e-01
1.400000000000000000e+01 1.100000000000000000e+01 9.000000000000000000e+00 1.300000000000000000e+01 1.100000000000000000e+01 8.000000000000000000e+00 9.000000000000000000e+00 1.300000000000000000e+01 1.175000000000000000e+01 1.025000000000000000e+01 8.723404255319149314e-01
2.100000000000000000e+01 1.400000000000000000e+01 1.100000000000000000e+01 9.000000000000000000e+00 1.300000000000000000e+01 1.100000000000000000e+01 8.000000000000000000e+00 9.000000000000000000e+00 1.375000000000000000e+01 1.025000000000000000e+01 7.454545454545454808e-01
1.900000000000000000e+01 2.100000000000000000e+01 1.400000000000000000e+01 1.100000000000000000e+01 9.000000000000000000e+00 1.300000000000000000e+01 1.100000000000000000e+01 8.000000000000000000e+00 1.625000000000000000e+01 1.025000000000000000e+01 6.307692307692307487e-01
1.600000000000000000e+01 1.900000000000000000e+01 2.100000000000000000e+01 1.400000000000000000e+01 1.100000000000000000e+01 9.000000000000000000e+00 1.300000000000000000e+01 1.100000000000000000e+01 1.750000000000000000e+01 1.100000000000000000e+01 6.285714285714285587e-01
2.100000000000000000e+01 1.600000000000000000e+01 1.900000000000000000e+01 2.100000000000000000e+01 1.400000000000000000e+01 1.100000000000000000e+01 9.000000000000000000e+00 1.300000000000000000e+01 1.925000000000000000e+01 1.175000000000000000e+01 6.103896103896103709e-01
2.200000000000000000e+01 2.100000000000000000e+01 1.600000000000000000e+01 1.900000000000000000e+01 2.100000000000000000e+01 1.400000000000000000e+01 1.100000000000000000e+01 9.000000000000000000e+00 1.950000000000000000e+01 1.375000000000000000e+01 7.051282051282051766e-01
1.700000000000000000e+01 2.200000000000000000e+01 2.100000000000000000e+01 1.600000000000000000e+01 1.900000000000000000e+01 2.100000000000000000e+01 1.400000000000000000e+01 1.100000000000000000e+01 1.900000000000000000e+01 1.625000000000000000e+01 8.552631578947368363e-01
2.200000000000000000e+01 1.700000000000000000e+01 2.200000000000000000e+01 2.100000000000000000e+01 1.600000000000000000e+01 1.900000000000000000e+01 2.100000000000000000e+01 1.400000000000000000e+01 2.050000000000000000e+01 1.750000000000000000e+01 8.536585365853658347e-01
2.600000000000000000e+01 2.200000000000000000e+01 1.700000000000000000e+01 2.200000000000000000e+01 2.100000000000000000e+01 1.600000000000000000e+01 1.900000000000000000e+01 2.100000000000000000e+01 2.175000000000000000e+01 1.925000000000000000e+01 8.850574712643678454e-01
2.300000000000000000e+01 2.600000000000000000e+01 2.200000000000000000e+01 1.700000000000000000e+01 2.200000000000000000e+01 2.100000000000000000e+01 1.600000000000000000e+01 1.900000000000000000e+01 2.200000000000000000e+01 1.950000000000000000e+01 8.863636363636363535e-01
2.000000000000000000e+01 2.300000000000000000e+01 2.600000000000000000e+01 2.200000000000000000e+01 1.700000000000000000e+01 2.200000000000000000e+01 2.100000000000000000e+01 1.600000000000000000e+01 2.275000000000000000e+01 1.900000000000000000e+01 8.351648351648351953e-01
1.700000000000000000e+01 2.000000000000000000e+01 2.300000000000000000e+01 2.600000000000000000e+01 2.200000000000000000e+01 1.700000000000000000e+01 2.200000000000000000e+01 2.100000000000000000e+01 2.150000000000000000e+01 2.050000000000000000e+01 9.534883720930232842e-01
2.400000000000000000e+01 1.700000000000000000e+01 2.000000000000000000e+01 2.300000000000000000e+01 2.600000000000000000e+01 2.200000000000000000e+01 1.700000000000000000e+01 2.200000000000000000e+01 2.100000000000000000e+01 2.175000000000000000e+01 1.035714285714285809e+00
2.000000000000000000e+01 2.400000000000000000e+01 1.700000000000000000e+01 2.000000000000000000e+01 2.300000000000000000e+01 2.600000000000000000e+01 2.200000000000000000e+01 1.700000000000000000e+01 2.025000000000000000e+01 2.200000000000000000e+01 1.086419753086419693e+00
2.500000000000000000e+01 2.000000000000000000e+01 2.400000000000000000e+01 1.700000000000000000e+01 2.000000000000000000e+01 2.300000000000000000e+01 2.600000000000000000e+01 2.200000000000000000e+01 2.150000000000000000e+01 2.275000000000000000e+01 1.058139534883721034e+00
1.800000000000000000e+01 2.500000000000000000e+01 2.000000000000000000e+01 2.400000000000000000e+01 1.700000000000000000e+01 2.000000000000000000e+01 2.300000000000000000e+01 2.600000000000000000e+01 2.175000000000000000e+01 2.150000000000000000e+01 9.885057471264367956e-01
2.600000000000000000e+01 1.800000000000000000e+01 2.500000000000000000e+01 2.000000000000000000e+01 2.400000000000000000e+01 1.700000000000000000e+01 2.000000000000000000e+01 2.300000000000000000e+01 2.225000000000000000e+01 2.100000000000000000e+01 9.438202247191010974e-01
2.600000000000000000e+01 2.600000000000000000e+01 1.800000000000000000e+01 2.500000000000000000e+01 2.000000000000000000e+01 2.400000000000000000e+01 1.700000000000000000e+01 2.000000000000000000e+01 2.375000000000000000e+01 2.025000000000000000e+01 8.526315789473684070e-01
2.200000000000000000e+01 2.600000000000000000e+01 2.600000000000000000e+01 1.800000000000000000e+01 2.500000000000000000e+01 2.000000000000000000e+01 2.400000000000000000e+01 1.700000000000000000e+01 2.300000000000000000e+01 2.150000000000000000e+01 9.347826086956522174e-01
1.900000000000000000e+01 2.200000000000000000e+01 2.600000000000000000e+01 2.600000000000000000e+01 1.800000000000000000e+01 2.500000000000000000e+01 2.000000000000000000e+01 2.400000000000000000e+01 2.325000000000000000e+01 2.175000000000000000e+01 9.354838709677418818e-01
1.900000000000000000e+01 1.900000000000000000e+01 2.200000000000000000e+01 2.600000000000000000e+01 2.600000000000000000e+01 1.800000000000000000e+01 2.500000000000000000e+01 2.000000000000000000e+01 2.150000000000000000e+01 2.225000000000000000e+01 1.034883720930232620e+00
2.500000000000000000e+01 1.900000000000000000e+01 1.900000000000000000e+01 2.200000000000000000e+01 2.600000000000000000e+01 2.600000000000000000e+01 1.800000000000000000e+01 2.500000000000000000e+01 2.125000000000000000e+01 2.375000000000000000e+01 1.117647058823529438e+00
2.100000000000000000e+01 2.500000000000000000e+01 1.900000000000000000e+01 1.900000000000000000e+01 2.200000000000000000e+01 2.600000000000000000e+01 2.600000000000000000e+01 1.800000000000000000e+01 2.100000000000000000e+01 2.300000000000000000e+01 1.095238095238095344e+00
1.800000000000000000e+01 2.100000000000000000e+01 2.500000000000000000e+01 1.900000000000000000e+01 1.900000000000000000e+01 2.200000000000000000e+01 2.600000000000000000e+01 2.600000000000000000e+01 2.075000000000000000e+01 2.325000000000000000e+01 1.120481927710843317e+00
2.600000000000000000e+01 1.800000000000000000e+01 2.100000000000000000e+01 2.500000000000000000e+01 1.900000000000000000e+01 1.900000000000000000e+01 2.200000000000000000e+01 2.600000000000000000e+01 2.250000000000000000e+01 2.150000000000000000e+01 9.555555555555556024e-01
2.500000000000000000e+01 2.600000000000000000e+01 1.800000000000000000e+01 2.100000000000000000e+01 2.500000000000000000e+01 1.900000000000000000e+01 1.900000000000000000e+01 2.200000000000000000e+01 2.250000000000000000e+01 2.125000000000000000e+01 9.444444444444444198e-01
1.800000000000000000e+01 2.500000000000000000e+01 2.600000000000000000e+01 1.800000000000000000e+01 2.100000000000000000e+01 2.500000000000000000e+01 1.900000000000000000e+01 1.900000000000000000e+01 2.175000000000000000e+01 2.100000000000000000e+01 9.655172413793103869e-01
1.900000000000000000e+01 1.800000000000000000e+01 2.500000000000000000e+01 2.600000000000000000e+01 1.800000000000000000e+01 2.100000000000000000e+01 2.500000000000000000e+01 1.900000000000000000e+01 2.200000000000000000e+01 2.075000000000000000e+01 9.431818181818182323e-01
2.600000000000000000e+01 1.900000000000000000e+01 1.800000000000000000e+01 2.500000000000000000e+01 2.600000000000000000e+01 1.800000000000000000e+01 2.100000000000000000e+01 2.500000000000000000e+01 2.200000000000000000e+01 2.250000000000000000e+01 1.022727272727272707e+00
2.600000000000000000e+01 2.600000000000000000e+01 1.900000000000000000e+01 1.800000000000000000e+01 2.500000000000000000e+01 2.600000000000000000e+01 1.800000000000000000e+01 2.100000000000000000e+01 2.225000000000000000e+01 2.250000000000000000e+01 1.011235955056179803e+00
1.800000000000000000e+01 2.600000000000000000e+01 2.600000000000000000e+01 1.900000000000000000e+01 1.800000000000000000e+01 2.500000000000000000e+01 2.600000000000000000e+01 1.800000000000000000e+01 2.225000000000000000e+01 2.175000000000000000e+01 9.775280898876403946e-01
1.700000000000000000e+01 1.800000000000000000e+01 2.600000000000000000e+01 2.600000000000000000e+01 1.900000000000000000e+01 1.800000000000000000e+01 2.500000000000000000e+01 2.600000000000000000e+01 2.175000000000000000e+01 2.200000000000000000e+01 1.011494252873563315e+00
2.000000000000000000e+01 1.700000000000000000e+01 1.800000000000000000e+01 2.600000000000000000e+01 2.600000000000000000e+01 1.900000000000000000e+01 1.800000000000000000e+01 2.500000000000000000e+01 2.025000000000000000e+01 2.200000000000000000e+01 1.086419753086419693e+00
1.700000000000000000e+01 2.000000000000000000e+01 1.700000000000000000e+01 1.800000000000000000e+01 2.600000000000000000e+01 2.600000000000000000e+01 1.900000000000000000e+01 1.800000000000000000e+01 1.800000000000000000e+01 2.225000000000000000e+01 1.236111111111111160e+00
2.500000000000000000e+01 1.700000000000000000e+01 2.000000000000000000e+01 1.700000000000000000e+01 1.800000000000000000e+01 2.600000000000000000e+01 2.600000000000000000e+01 1.900000000000000000e+01 1.975000000000000000e+01 2.225000000000000000e+01 1.126582278481012667e+00
2.100000000000000000e+01 2.500000000000000000e+01 1.700000000000000000e+01 2.000000000000000000e+01 1.700000000000000000e+01 1.800000000000000000e+01 2.600000000000000000e+01 2.600000000000000000e+01 2.075000000000000000e+01 2.175000000000000000e+01 1.048192771084337283e+00
2.200000000000000000e+01 2.100000000000000000e+01 2.500000000000000000e+01 1.700000000000000000e+01 2.000000000000000000e+01 1.700000000000000000e+01 1.800000000000000000e+01 2.600000000000000000e+01 2.125000000000000000e+01 2.025000000000000000e+01 9.529411764705881804e-01
2.200000000000000000e+01 2.200000000000000000e+01 2.100000000000000000e+01 2.500000000000000000e+01 1.700000000000000000e+01 2.000000000000000000e+01 1.700000000000000000e+01 1.800000000000000000e+01 2.250000000000000000e+01 1.800000000000000000e+01 8.000000000000000444e-01
2.000000000000000000e+01 2.200000000000000000e+01 2.200000000000000000e+01 2.100000000000000000e+01 2.500000000000000000e+01 1.700000000000000000e+01 2.000000000000000000e+01 1.700000000000000000e+01 2.125000000000000000e+01 1.975000000000000000e+01 9.294117647058823817e-01
2.000000000000000000e+01 2.000000000000000000e+01 2.200000000000000000e+01 2.200000000000000000e+01 2.100000000000000000e+01 2.500000000000000000e+01 1.700000000000000000e+01 2.000000000000000000e+01 2.100000000000000000e+01 2.075000000000000000e+01 9.880952380952381375e-01
2.000000000000000000e+01 2.000000000000000000e+01 2.000000000000000000e+01 2.200000000000000000e+01 2.200000000000000000e+01 2.100000000000000000e+01 2.500000000000000000e+01 1.700000000000000000e+01 2.050000000000000000e+01 2.125000000000000000e+01 1.036585365853658569e+00
2.400000000000000000e+01 2.000000000000000000e+01 2.000000000000000000e+01 2.000000000000000000e+01 2.200000000000000000e+01 2.200000000000000000e+01 2.100000000000000000e+01 2.500000000000000000e+01 2.100000000000000000e+01 2.250000000000000000e+01 1.071428571428571397e+00
1.900000000000000000e+01 2.400000000000000000e+01 2.000000000000000000e+01 2.000000000000000000e+01 2.000000000000000000e+01 2.200000000000000000e+01 2.200000000000000000e+01 2.100000000000000000e+01 2.075000000000000000e+01 2.125000000000000000e+01 1.024096385542168752e+00
2.200000000000000000e+01 1.900000000000000000e+01 2.400000000000000000e+01 2.000000000000000000e+01 2.000000000000000000e+01 2.000000000000000000e+01 2.200000000000000000e+01 2.200000000000000000e+01 2.125000000000000000e+01 2.100000000000000000e+01 9.882352941176471006e-01
2.100000000000000000e+01 2.200000000000000000e+01 1.900000000000000000e+01 2.400000000000000000e+01 2.000000000000000000e+01 2.000000000000000000e+01 2.000000000000000000e+01 2.200000000000000000e+01 2.150000000000000000e+01 2.050000000000000000e+01 9.534883720930232842e-01
2.300000000000000000e+01 2.100000000000000000e+01 2.200000000000000000e+01 1.900000000000000000e+01 2.400000000000000000e+01 2.000000000000000000e+01 2.000000000000000000e+01 2.000000000000000000e+01 2.125000000000000000e+01 2.100000000000000000e+01 9.882352941176471006e-01
1.700000000000000000e+01 2.300000000000000000e+01 2.100000000000000000e+01 2.200000000000000000e+01 1.900000000000000000e+01 2.400000000000000000e+01 2.000000000000000000e+01 2.000000000000000000e+01 2.075000000000000000e+01 2.075000000000000000e+01 1.000000000000000000e+00
2.200000000000000000e+01 1.700000000000000000e+01 2.300000000000000000e+01 2.100000000000000000e+01 2.200000000000000000e+01 1.900000000000000000e+01 2.400000000000000000e+01 2.000000000000000000e+01 2.075000000000000000e+01 2.125000000000000000e+01 1.024096385542168752e+00
2.300000000000000000e+01 2.200000000000000000e+01 1.700000000000000000e+01 2.300000000000000000e+01 2.100000000000000000e+01 2.200000000000000000e+01 1.900000000000000000e+01 2.400000000000000000e+01 2.125000000000000000e+01 2.150000000000000000e+01 1.011764705882352899e+00
2.200000000000000000e+01 2.300000000000000000e+01 2.200000000000000000e+01 1.700000000000000000e+01 2.300000000000000000e+01 2.100000000000000000e+01 2.200000000000000000e+01 1.900000000000000000e+01 2.100000000000000000e+01 2.125000000000000000e+01 1.011904761904761862e+00
2.200000000000000000e+01 2.200000000000000000e+01 2.300000000000000000e+01 2.200000000000000000e+01 1.700000000000000000e+01 2.300000000000000000e+01 2.100000000000000000e+01 2.200000000000000000e+01 2.225000000000000000e+01 2.075000000000000000e+01 9.325842696629212947e-01
1.900000000000000000e+01 2.200000000000000000e+01 2.200000000000000000e+01 2.300000000000000000e+01 2.200000000000000000e+01 1.700000000000000000e+01 2.300000000000000000e+01 2.100000000000000000e+01 2.150000000000000000e+01 2.075000000000000000e+01 9.651162790697674909e-01
1.800000000000000000e+01 1.900000000000000000e+01 2.200000000000000000e+01 2.200000000000000000e+01 2.300000000000000000e+01 2.200000000000000000e+01 1.700000000000000000e+01 2.300000000000000000e+01 2.025000000000000000e+01 2.125000000000000000e+01 1.049382716049382713e+00
2.000000000000000000e+01 1.800000000000000000e+01 1.900000000000000000e+01 2.200000000000000000e+01 2.200000000000000000e+01 2.300000000000000000e+01 2.200000000000000000e+01 1.700000000000000000e+01 1.975000000000000000e+01 2.100000000000000000e+01 1.063291139240506222e+00
2.100000000000000000e+01 2.000000000000000000e+01 1.800000000000000000e+01 1.900000000000000000e+01 2.200000000000000000e+01 2.200000000000000000e+01 2.300000000000000000e+01 2.200000000000000000e+01 1.950000000000000000e+01 2.225000000000000000e+01 1.141025641025640969e+00
1.900000000000000000e+01 2.100000000000000000e+01 2.000000000000000000e+01 1.800000000000000000e+01 1.900000000000000000e+01 2.200000000000000000e+01 2.200000000000000000e+01 2.300000000000000000e+01 1.950000000000000000e+01 2.150000000000000000e+01 1.102564102564102644e+00
2.000000000000000000e+01 1.900000000000000000e+01 2.100000000000000000e+01 2.000000000000000000e+01 1.800000000000000000e+01 1.900000000000000000e+01 2.200000000000000000e+01 2.200000000000000000e+01 2.000000000000000000e+01 2.025000000000000000e+01 1.012499999999999956e+00
1.300000000000000000e+01 2.000000000000000000e+01 1.900000000000000000e+01 2.100000000000000000e+01 2.000000000000000000e+01 1.800000000000000000e+01 1.900000000000000000e+01 2.200000000000000000e+01 1.825000000000000000e+01 1.975000000000000000e+01 1.082191780821917915e+00
1.200000000000000000e+01 1.300000000000000000e+01 2.000000000000000000e+01 1.900000000000000000e+01 2.100000000000000000e+01 2.000000000000000000e+01 1.800000000000000000e+01 1.900000000000000000e+01 1.600000000000000000e+01 1.950000000000000000e+01 1.218750000000000000e+00
9.000000000000000000e+00 1.200000000000000000e+01 1.300000000000000000e+01 2.000000000000000000e+01 1.900000000000000000e+01 2.100000000000000000e+01 2.000000000000000000e+01 1.800000000000000000e+01 1.350000000000000000e+01 1.950000000000000000e+01 1.444444444444444420e+00
8.000000000000000000e+00 9.000000000000000000e+00 1.200000000000000000e+01 1.300000000000000000e+01 2.000000000000000000e+01 1.900000000000000000e+01 2.100000000000000000e+01 2.000000000000000000e+01 1.050000000000000000e+01 2.000000000000000000e+01 1.904761904761904656e+00
4.000000000000000000e+00 8.000000000000000000e+00 9.000000000000000000e+00 1.200000000000000000e+01 1.300000000000000000e+01 2.000000000000000000e+01 1.900000000000000000e+01 2.100000000000000000e+01 8.250000000000000000e+00 1.825000000000000000e+01 2.212121212121211933e+00
3.000000000000000000e+00 4.000000000000000000e+00 8.000000000000000000e+00 9.000000000000000000e+00 1.200000000000000000e+01 1.300000000000000000e+01 2.000000000000000000e+01 1.900000000000000000e+01 6.000000000000000000e+00 1.600000000000000000e+01 2.666666666666666519e+00
5.000000000000000000e+00 3.000000000000000000e+00 4.000000000000000000e+00 8.000000000000000000e+00 9.000000000000000000e+00 1.200000000000000000e+01 1.300000000000000000e+01 2.000000000000000000e+01 5.000000000000000000e+00 1.350000000000000000e+01 2.700000000000000178e+00
4.000000000000000000e+00 5.000000000000000000e+00 3.000000000000000000e+00 4.000000000000000000e+00 8.000000000000000000e+00 9.000000000000000000e+00 1.200000000000000000e+01 1.300000000000000000e+01 4.000000000000000000e+00 1.050000000000000000e+01 2.625000000000000000e+00
1.200000000000000000e+01 4.000000000000000000e+00 5.000000000000000000e+00 3.000000000000000000e+00 4.000000000000000000e+00 8.000000000000000000e+00 9.000000000000000000e+00 1.200000000000000000e+01 6.000000000000000000e+00 8.250000000000000000e+00 1.375000000000000000e+00
6.000000000000000000e+00 1.200000000000000000e+01 4.000000000000000000e+00 5.000000000000000000e+00 3.000000000000000000e+00 4.000000000000000000e+00 8.000000000000000000e+00 9.000000000000000000e+00 6.750000000000000000e+00 6.000000000000000000e+00 8.888888888888888395e-01
5.000000000000000000e+00 6.000000000000000000e+00 1.200000000000000000e+01 4.000000000000000000e+00 5.000000000000000000e+00 3.000000000000000000e+00 4.000000000000000000e+00 8.000000000000000000e+00 6.750000000000000000e+00 5.000000000000000000e+00 7.407407407407406996e-01
1.200000000000000000e+01 5.000000000000000000e+00 6.000000000000000000e+00 1.200000000000000000e+01 4.000000000000000000e+00 5.000000000000000000e+00 3.000000000000000000e+00 4.000000000000000000e+00 8.750000000000000000e+00 4.000000000000000000e+00 4.571428571428571286e-01
1.600000000000000000e+01 1.200000000000000000e+01 5.000000000000000000e+00 6.000000000000000000e+00 1.200000000000000000e+01 4.000000000000000000e+00 5.000000000000000000e+00 3.000000000000000000e+00 9.750000000000000000e+00 6.000000000000000000e+00 6.153846153846154188e-01
1.300000000000000000e+01 1.600000000000000000e+01 1.200000000000000000e+01 5.000000000000000000e+00 6.000000000000000000e+00 1.200000000000000000e+01 4.000000000000000000e+00 5.000000000000000000e+00 1.150000000000000000e+01 6.750000000000000000e+00 5.869565217391304879e-01
1.100000000000000000e+01 1.300000000000000000e+01 1.600000000000000000e+01 1.200000000000000000e+01 5.000000000000000000e+00 6.000000000000000000e+00 1.200000000000000000e+01 4.000000000000000000e+00 1.300000000000000000e+01 6.750000000000000000e+00 5.192307692307692735e-01
1.700000000000000000e+01 1.100000000000000000e+01 1.300000000000000000e+01 1.600000000000000000e+01 1.200000000000000000e+01 5.000000000000000000e+00 6.000000000000000000e+00 1.200000000000000000e+01 1.425000000000000000e+01 8.750000000000000000e+00 6.140350877192982670e-01
1.900000000000000000e+01 1.700000000000000000e+01 1.100000000000000000e+01 1.300000000000000000e+01 1.600000000000000000e+01 1.200000000000000000e+01 5.000000000000000000e+00 6.000000000000000000e+00 1.500000000000000000e+01 9.750000000000000000e+00 6.500000000000000222e-01
1.500000000000000000e+01 1.900000000000000000e+01 1.700000000000000000e+01 1.100000000000000000e+01 1.300000000000000000e+01 1.600000000000000000e+01 1.200000000000000000e+01 5.000000000000000000e+00 1.550000000000000000e+01 1.150000000000000000e+01 7.419354838709677491e-01
1.900000000000000000e+01 1.500000000000000000e+01 1.900000000000000000e+01 1.700000000000000000e+01 1.100000000000000000e+01 1.300000000000000000e+01 1.600000000000000000e+01 1.200000000000000000e+01 1.750000000000000000e+01 1.300000000000000000e+01 7.428571428571428825e-01
1.900000000000000000e+01 1.900000000000000000e+01 1.500000000000000000e+01 1.900000000000000000e+01 1.700000000000000000e+01 1.100000000000000000e+01 1.300000000000000000e+01 1.600000000000000000e+01 1.800000000000000000e+01 1.425000000000000000e+01 7.916666666666666297e-01
2.000000000000000000e+01 1.900000000000000000e+01 1.900000000000000000e+01 1.500000000000000000e+01 1.900000000000000000e+01 1.700000000000000000e+01 1.100000000000000000e+01 1.300000000000000000e+01 1.825000000000000000e+01 1.500000000000000000e+01 8.219178082191780366e-01
2.400000000000000000e+01 2.000000000000000000e+01 1.900000000000000000e+01 1.900000000000000000e+01 1.500000000000000000e+01 1.900000000000000000e+01 1.700000000000000000e+01 1.100000000000000000e+01 2.050000000000000000e+01 1.550000000000000000e+01 7.560975609756097615e-01
1.700000000000000000e+01 2.400000000000000000e+01 2.000000000000000000e+01 1.900000000000000000e+01 1.900000000000000000e+01 1.500000000000000000e+01 1.900000000000000000e+01 1.700000000000000000e+01 2.000000000000000000e+01 1.750000000000000000e+01 8.750000000000000000e-01
2.000000000000000000e+01 1.700000000000000000e+01 2.400000000000000000e+01 2.000000000000000000e+01 1.900000000000000000e+01 1.900000000000000000e+01 1.500000000000000000e+01 1.900000000000000000e+01 2.025000000000000000e+01 1.800000000000000000e+01 8.888888888888888395e-01
2.600000000000000000e+01 2.000000000000000000e+01 1.700000000000000000e+01 2.400000000000000000e+01 2.000000000000000000e+01 1.900000000000000000e+01 1.900000000000000000e+01 1.500000000000000000e+01 2.175000000000000000e+01 1.825000000000000000e+01 8.390804597701149170e-01
2.600000000000000000e+01 2.600000000000000000e+01 2.000000000000000000e+01 1.700000000000000000e+01 2.400000000000000000e+01 2.000000000000000000e+01 1.900000000000000000e+01 1.900000000000000000e+01 2.225000000000000000e+01 2.050000000000000000e+01 9.213483146067416030e-01
2.000000000000000000e+01 2.600000000000000000e+01 2.600000000000000000e+01 2.000000000000000000e+01 1.700000000000000000e+01 2.400000000000000000e+01 2.000000000000000000e+01 1.900000000000000000e+01 2.300000000000000000e+01 2.000000000000000000e+01 8.695652173913043237e-01
3.100000000000000000e+01 2.000000000000000000e+01 2.600000000000000000e+01 2.600000000000000000e+01 2.000000000000000000e+01 1.700000000000000000e+01 2.400000000000000000e+01 2.000000000000000000e+01 2.575000000000000000e+01 2.025000000000000000e+01 7.864077669902912460e-01
3.000000000000000000e+01 3.100000000000000000e+01 2.000000000000000000e+01 2.600000000000000000e+01 2.600000000000000000e+01 2.000000000000000000e+01 1.700000000000000000e+01 2.400000000000000000e+01 2.675000000000000000e+01 2.175000000000000000e+01 8.130841121495326895e-01
2.000000000000000000e+01 3.000000000000000000e+01 3.100000000000000000e+01 2.000000000000000000e+01 2.600000000000000000e+01 2.600000000000000000e+01 2.000000000000000000e+01 1.700000000000000000e+01 2.525000000000000000e+01 2.225000000000000000e+01 8.811881188118811936e-01
2.100000000000000000e+01 2.000000000000000000e+01 3.000000000000000000e+01 3.100000000000000000e+01 2.000000000000000000e+01 2.600000000000000000e+01 2.600000000000000000e+01 2.000000000000000000e+01 2.550000000000000000e+01 2.300000000000000000e+01 9.019607843137255054e-01
2.800000000000000000e+01 2.100000000000000000e+01 2.000000000000000000e+01 3.000000000000000000e+01 3.100000000000000000e+01 2.000000000000000000e+01 2.600000000000000000e+01 2.600000000000000000e+01 2.475000000000000000e+01 2.575000000000000000e+01 1.040404040404040442e+00
3.000000000000000000e+01 2.800000000000000000e+01 2.100000000000000000e+01 2.000000000000000000e+01 3.000000000000000000e+01 3.100000000000000000e+01 2.000000000000000000e+01 2.600000000000000000e+01 2.475000000000000000e+01 2.675000000000000000e+01 1.080808080808080884e+00
3.300000000000000000e+01 3.000000000000000000e+01 2.800000000000000000e+01 2.100000000000000000e+01 2.000000000000000000e+01 3.000000000000000000e+01 3.100000000000000000e+01 2.000000000000000000e+01 2.800000000000000000e+01 2.525000000000000000e+01 9.017857142857143016e-01
2.300000000000000000e+01 3.300000000000000000e+01 3.000000000000000000e+01 2.800000000000000000e+01 2.100000000000000000e+01 2.000000000000000000e+01 3.000000000000000000e+01 3.100000000000000000e+01 2.850000000000000000e+01 2.550000000000000000e+01 8.947368421052631637e-01
3.100000000000000000e+01 2.300000000000000000e+01 3.300000000000000000e+01 3.000000000000000000e+01 2.800000000000000000e+01 2.100000000000000000e+01 2.000000000000000000e+01 3.000000000000000000e+01 2.925000000000000000e+01 2.475000000000000000e+01 8.461538461538461453e-01
2.800000000000000000e+01 3.100000000000000000e+01 2.300000000000000000e+01 3.300000000000000000e+01 3.000000000000000000e+01 2.800000000000000000e+01 2.100000000000000000e+01 2.000000000000000000e+01 2.875000000000000000e+01 2.475000000000000000e+01 8.608695652173913304e-01
