2.177615384615384286e+01
2.165015384615384164e+01
2.076796874999999787e+01
2.197951612903226248e+01
3.208984615384613903e+01
2.621861538461537933e+01
1.776984126984126533e+01
2.177781249999999602e+01
1.890328124999999915e+01
2.177615384615384286e+01
2.165015384615384164e+01
2.076796874999999787e+01
2.197951612903226248e+01
3.208984615384613903e+01
2.621861538461537933e+01
1.776984126984126533e+01
2.121904761904762182e+01
1.890328124999999915e+01
2.177615384615384286e+01
2.165015384615384164e+01
2.076796874999999787e+01
2.197951612903226248e+01
3.208984615384613903e+01
2.621861538461537933e+01
2.167181818181818898e+01
2.121904761904762182e+01
1.890328124999999915e+01
2.177615384615384286e+01
2.165015384615384164e+01
2.076796874999999787e+01
2.197951612903226248e+01
3.208984615384613903e+01
2.048390625000000043e+01
2.167181818181818898e+01
2.121904761904762182e+01
1.890328124999999915e+01
2.177615384615384286e+01
2.165015384615384164e+01
2.076796874999999787e+01
2.197951612903226248e+01
1.982950819672131004e+01
2.048390625000000043e+01
2.167181818181818898e+01
2.121904761904762182e+01
1.890328124999999915e+01
2.177615384615384286e+01
2.165015384615384164e+01
2.076796874999999787e+01
1.974370967741934990e+01
1.982950819672131004e+01
2.048390625000000043e+01
2.167181818181818898e+01
2.121904761904762182e+01
1.890328124999999915e+01
2.177615384615384286e+01
2.165015384615384164e+01
1.780499999999999972e+01
1.974370967741934990e+01
1.982950819672131004e+01
2.048390625000000043e+01
2.167181818181818898e+01
2.121904761904762182e+01
1.890328124999999915e+01
2.177615384615384286e+01
1.642571428571428882e+01
1.780499999999999972e+01
1.974370967741934990e+01
1.982950819672131004e+01
2.048390625000000043e+01
2.167181818181818898e+01
2.121904761904762182e+01
1.890328124999999915e+01
1.482634920634920661e+01
1.642571428571428882e+01
1.780499999999999972e+01
1.974370967741934990e+01
1.982950819672131004e+01
2.048390625000000043e+01
2.167181818181818898e+01
2.121904761904762182e+01
1.783158730158730165e+01
1.482634920634920661e+01
1.642571428571428882e+01
1.780499999999999972e+01
1.974370967741934990e+01
1.982950819672131004e+01
2.048390625000000043e+01
2.167181818181818898e+01
1.847296875000000327e+01
1.783158730158730165e+01
1.482634920634920661e+01
1.642571428571428882e+01
1.780499999999999972e+01
1.974370967741934990e+01
1.982950819672131004e+01
2.048390625000000043e+01
1.764161290322580555e+01
1.847296875000000327e+01
1.783158730158730165e+01
1.482634920634920661e+01
1.642571428571428882e+01
1.780499999999999972e+01
1.974370967741934990e+01
1.982950819672131004e+01
1.838190476190476375e+01
1.764161290322580555e+01
1.847296875000000327e+01
1.783158730158730165e+01
1.482634920634920661e+01
1.642571428571428882e+01
1.780499999999999972e+01
1.974370967741934990e+01
1.933587301587301255e+01
1.838190476190476375e+01
1.764161290322580555e+01
1.847296875000000327e+01
1.783158730158730165e+01
1.482634920634920661e+01
1.642571428571428882e+01
1.780499999999999972e+01
1.786507936507936378e+01
1.933587301587301255e+01
1.838190476190476375e+01
1.764161290322580555e+01
1.847296875000000327e+01
1.783158730158730165e+01
1.482634920634920661e+01
1.642571428571428882e+01
1.812758064516128442e+01
1.786507936507936378e+01
1.933587301587301255e+01
1.838190476190476375e+01
1.764161290322580555e+01
1.847296875000000327e+01
1.783158730158730165e+01
1.482634920634920661e+01
1.975634920634920633e+01
1.812758064516128442e+01
1.786507936507936378e+01
1.933587301587301255e+01
1.838190476190476375e+01
1.764161290322580555e+01
1.847296875000000327e+01
1.783158730158730165e+01
2.170714285714286618e+01
1.975634920634920633e+01
1.812758064516128442e+01
1.786507936507936378e+01
1.933587301587301255e+01
1.838190476190476375e+01
1.764161290322580555e+01
1.847296875000000327e+01
2.234296875000000071e+01
2.170714285714286618e+01
1.975634920634920633e+01
1.812758064516128442e+01
1.786507936507936378e+01
1.933587301587301255e+01
1.838190476190476375e+01
1.764161290322580555e+01
2.462687499999999829e+01
2.234296875000000071e+01
2.170714285714286618e+01
1.975634920634920633e+01
1.812758064516128442e+01
1.786507936507936378e+01
1.933587301587301255e+01
1.838190476190476375e+01
2.284508196721311890e+01
2.462687499999999829e+01
2.234296875000000071e+01
2.170714285714286618e+01
1.975634920634920633e+01
1.812758064516128442e+01
1.786507936507936378e+01
1.933587301587301255e+01
1.992125000000000057e+01
2.284508196721311890e+01
2.462687499999999829e+01
2.234296875000000071e+01
2.170714285714286618e+01
1.975634920634920633e+01
1.812758064516128442e+01
1.786507936507936378e+01
1.980437500000000028e+01
1.992125000000000057e+01
2.284508196721311890e+01
2.462687499999999829e+01
2.234296875000000071e+01
2.170714285714286618e+01
1.975634920634920633e+01
1.812758064516128442e+01
1.995698412698412838e+01
1.980437500000000028e+01
1.992125000000000057e+01
2.284508196721311890e+01
2.462687499999999829e+01
2.234296875000000071e+01
2.170714285714286618e+01
1.975634920634920633e+01
1.593704918032786821e+01
1.995698412698412838e+01
1.980437500000000028e+01
1.992125000000000057e+01
2.284508196721311890e+01
2.462687499999999829e+01
2.234296875000000071e+01
2.170714285714286618e+01
1.464428571428570791e+01
1.593704918032786821e+01
1.995698412698412838e+01
1.980437500000000028e+01
1.992125000000000057e+01
2.284508196721311890e+01
2.462687499999999829e+01
2.234296875000000071e+01
1.422453125000000362e+01
1.464428571428570791e+01
1.593704918032786821e+01
1.995698412698412838e+01
1.980437500000000028e+01
1.992125000000000057e+01
2.284508196721311890e+01
2.462687499999999829e+01
1.293365079365079495e+01
1.422453125000000362e+01
1.464428571428570791e+01
1.593704918032786821e+01
1.995698412698412838e+01
1.980437500000000028e+01
1.992125000000000057e+01
2.284508196721311890e+01
1.317377049180327830e+01
1.293365079365079495e+01
1.422453125000000362e+01
1.464428571428570791e+01
1.593704918032786821e+01
1.995698412698412838e+01
1.980437500000000028e+01
1.992125000000000057e+01
1.765460317460317086e+01
1.317377049180327830e+01
1.293365079365079495e+01
1.422453125000000362e+01
1.464428571428570791e+01
1.593704918032786821e+01
1.995698412698412838e+01
1.980437500000000028e+01
2.171921874999999247e+01
1.765460317460317086e+01
1.317377049180327830e+01
1.293365079365079495e+01
1.422453125000000362e+01
1.464428571428570791e+01
1.593704918032786821e+01
1.995698412698412838e+01
2.459873015873015589e+01
2.171921874999999247e+01
1.765460317460317086e+01
1.317377049180327830e+01
1.293365079365079495e+01
1.422453125000000362e+01
1.464428571428570791e+01
1.593704918032786821e+01
2.889693548387095134e+01
2.459873015873015589e+01
2.171921874999999247e+01
1.765460317460317086e+01
1.317377049180327830e+01
1.293365079365079495e+01
1.422453125000000362e+01
1.464428571428570791e+01
2.892301587301586707e+01
2.889693548387095134e+01
2.459873015873015589e+01
2.171921874999999247e+01
1.765460317460317086e+01
1.317377049180327830e+01
1.293365079365079495e+01
1.422453125000000362e+01
3.162887096774193196e+01
2.892301587301586707e+01
2.889693548387095134e+01
2.459873015873015589e+01
2.171921874999999247e+01
1.765460317460317086e+01
1.317377049180327830e+01
1.293365079365079495e+01
3.206158730158728076e+01
3.162887096774193196e+01
2.892301587301586707e+01
2.889693548387095134e+01
2.459873015873015589e+01
2.171921874999999247e+01
1.765460317460317086e+01
1.317377049180327830e+01
2.876225806451613209e+01
3.206158730158728076e+01
3.162887096774193196e+01
2.892301587301586707e+01
2.889693548387095134e+01
2.459873015873015589e+01
2.171921874999999247e+01
1.765460317460317086e+01
2.792412698412698191e+01
2.876225806451613209e+01
3.206158730158728076e+01
3.162887096774193196e+01
2.892301587301586707e+01
2.889693548387095134e+01
2.459873015873015589e+01
2.171921874999999247e+01
2.670333333333334025e+01
2.792412698412698191e+01
2.876225806451613209e+01
3.206158730158728076e+01
3.162887096774193196e+01
2.892301587301586707e+01
2.889693548387095134e+01
2.459873015873015589e+01
2.049983870967742661e+01
2.670333333333334025e+01
2.792412698412698191e+01
2.876225806451613209e+01
3.206158730158728076e+01
3.162887096774193196e+01
2.892301587301586707e+01
2.889693548387095134e+01
2.163966666666666328e+01
2.049983870967742661e+01
2.670333333333334025e+01
2.792412698412698191e+01
2.876225806451613209e+01
3.206158730158728076e+01
3.162887096774193196e+01
2.892301587301586707e+01
2.626906249999999332e+01
2.163966666666666328e+01
2.049983870967742661e+01
2.670333333333334025e+01
2.792412698412698191e+01
2.876225806451613209e+01
3.206158730158728076e+01
3.162887096774193196e+01
2.831793650793649775e+01
2.626906249999999332e+01
2.163966666666666328e+01
2.049983870967742661e+01
2.670333333333334025e+01
2.792412698412698191e+01
2.876225806451613209e+01
3.206158730158728076e+01
2.829539682539682488e+01
2.831793650793649775e+01
2.626906249999999332e+01
2.163966666666666328e+01
2.049983870967742661e+01
2.670333333333334025e+01
2.792412698412698191e+01
2.876225806451613209e+01
3.403950819672130734e+01
2.829539682539682488e+01
2.831793650793649775e+01
2.626906249999999332e+01
2.163966666666666328e+01
2.049983870967742661e+01
2.670333333333334025e+01
2.792412698412698191e+01
2.898047619047619960e+01
3.403950819672130734e+01
2.829539682539682488e+01
2.831793650793649775e+01
2.626906249999999332e+01
2.163966666666666328e+01
2.049983870967742661e+01
2.670333333333334025e+01
3.022171875000000441e+01
2.898047619047619960e+01
3.403950819672130734e+01
2.829539682539682488e+01
2.831793650793649775e+01
2.626906249999999332e+01
2.163966666666666328e+01
2.049983870967742661e+01
3.116838709677418962e+01
3.022171875000000441e+01
2.898047619047619960e+01
3.403950819672130734e+01
2.829539682539682488e+01
2.831793650793649775e+01
2.626906249999999332e+01
2.163966666666666328e+01
3.534344262295080341e+01
3.116838709677418962e+01
3.022171875000000441e+01
2.898047619047619960e+01
3.403950819672130734e+01
2.829539682539682488e+01
2.831793650793649775e+01
2.626906249999999332e+01
3.831903225806451019e+01
3.534344262295080341e+01
3.116838709677418962e+01
3.022171875000000441e+01
2.898047619047619960e+01
3.403950819672130734e+01
2.829539682539682488e+01
2.831793650793649775e+01
4.388843750000001620e+01
3.831903225806451019e+01
3.534344262295080341e+01
3.116838709677418962e+01
3.022171875000000441e+01
2.898047619047619960e+01
3.403950819672130734e+01
2.829539682539682488e+01
4.829693548387098900e+01
4.388843750000001620e+01
3.831903225806451019e+01
3.534344262295080341e+01
3.116838709677418962e+01
3.022171875000000441e+01
2.898047619047619960e+01
3.403950819672130734e+01
4.989639344262295850e+01
4.829693548387098900e+01
4.388843750000001620e+01
3.831903225806451019e+01
3.534344262295080341e+01
3.116838709677418962e+01
3.022171875000000441e+01
2.898047619047619960e+01
5.310656250000003098e+01
4.989639344262295850e+01
4.829693548387098900e+01
4.388843750000001620e+01
3.831903225806451019e+01
3.534344262295080341e+01
3.116838709677418962e+01
3.022171875000000441e+01
6.331078124999999801e+01
5.310656250000003098e+01
4.989639344262295850e+01
4.829693548387098900e+01
4.388843750000001620e+01
3.831903225806451019e+01
3.534344262295080341e+01
3.116838709677418962e+01
6.002516129032257908e+01
6.331078124999999801e+01
5.310656250000003098e+01
4.989639344262295850e+01
4.829693548387098900e+01
4.388843750000001620e+01
3.831903225806451019e+01
3.534344262295080341e+01
6.326532258064518288e+01
6.002516129032257908e+01
6.331078124999999801e+01
5.310656250000003098e+01
4.989639344262295850e+01
4.829693548387098900e+01
4.388843750000001620e+01
3.831903225806451019e+01
7.045904761904762381e+01
6.326532258064518288e+01
6.002516129032257908e+01
6.331078124999999801e+01
5.310656250000003098e+01
4.989639344262295850e+01
4.829693548387098900e+01
4.388843750000001620e+01
7.047999999999997556e+01
7.045904761904762381e+01
6.326532258064518288e+01
6.002516129032257908e+01
6.331078124999999801e+01
5.310656250000003098e+01
4.989639344262295850e+01
4.829693548387098900e+01
5.994322580645161480e+01
7.047999999999997556e+01
7.045904761904762381e+01
6.326532258064518288e+01
6.002516129032257908e+01
6.331078124999999801e+01
5.310656250000003098e+01
4.989639344262295850e+01
5.807500000000000995e+01
5.994322580645161480e+01
7.047999999999997556e+01
7.045904761904762381e+01
6.326532258064518288e+01
6.002516129032257908e+01
6.331078124999999801e+01
5.310656250000003098e+01
6.496523809523809234e+01
5.807500000000000995e+01
5.994322580645161480e+01
7.047999999999997556e+01
7.045904761904762381e+01
6.326532258064518288e+01
6.002516129032257908e+01
6.331078124999999801e+01
7.522285714285715130e+01
6.496523809523809234e+01
5.807500000000000995e+01
5.994322580645161480e+01
7.047999999999997556e+01
7.045904761904762381e+01
6.326532258064518288e+01
6.002516129032257908e+01
9.058328124999998465e+01
7.522285714285715130e+01
6.496523809523809234e+01
5.807500000000000995e+01
5.994322580645161480e+01
7.047999999999997556e+01
7.045904761904762381e+01
6.326532258064518288e+01
9.785540983606556154e+01
9.058328124999998465e+01
7.522285714285715130e+01
6.496523809523809234e+01
5.807500000000000995e+01
5.994322580645161480e+01
7.047999999999997556e+01
7.045904761904762381e+01
1.237749999999999915e+02
9.785540983606556154e+01
9.058328124999998465e+01
7.522285714285715130e+01
6.496523809523809234e+01
5.807500000000000995e+01
5.994322580645161480e+01
7.047999999999997556e+01
1.182898437500000171e+02
1.237749999999999915e+02
9.785540983606556154e+01
9.058328124999998465e+01
7.522285714285715130e+01
6.496523809523809234e+01
5.807500000000000995e+01
5.994322580645161480e+01
5.868062500000000625e+01
1.182898437500000171e+02
1.237749999999999915e+02
9.785540983606556154e+01
9.058328124999998465e+01
7.522285714285715130e+01
6.496523809523809234e+01
5.807500000000000995e+01
4.313967213114753463e+01
5.868062500000000625e+01
1.182898437500000171e+02
1.237749999999999915e+02
9.785540983606556154e+01
9.058328124999998465e+01
7.522285714285715130e+01
6.496523809523809234e+01
5.960714285714285410e+01
4.313967213114753463e+01
5.868062500000000625e+01
1.182898437500000171e+02
1.237749999999999915e+02
9.785540983606556154e+01
9.058328124999998465e+01
7.522285714285715130e+01
6.813843749999998067e+01
5.960714285714285410e+01
4.313967213114753463e+01
5.868062500000000625e+01
1.182898437500000171e+02
1.237749999999999915e+02
9.785540983606556154e+01
9.058328124999998465e+01
7.599812499999998749e+01
6.813843749999998067e+01
5.960714285714285410e+01
4.313967213114753463e+01
5.868062500000000625e+01
1.182898437500000171e+02
1.237749999999999915e+02
9.785540983606556154e+01
7.880704918032787987e+01
7.599812499999998749e+01
6.813843749999998067e+01
5.960714285714285410e+01
4.313967213114753463e+01
5.868062500000000625e+01
1.182898437500000171e+02
1.237749999999999915e+02
7.781603174603174011e+01
7.880704918032787987e+01
7.599812499999998749e+01
6.813843749999998067e+01
5.960714285714285410e+01
4.313967213114753463e+01
5.868062500000000625e+01
1.182898437500000171e+02
7.606203124999998977e+01
7.781603174603174011e+01
7.880704918032787987e+01
7.599812499999998749e+01
6.813843749999998067e+01
5.960714285714285410e+01
4.313967213114753463e+01
5.868062500000000625e+01
8.516046875000002103e+01
7.606203124999998977e+01
7.781603174603174011e+01
7.880704918032787987e+01
7.599812499999998749e+01
6.813843749999998067e+01
5.960714285714285410e+01
4.313967213114753463e+01
9.406612903225807543e+01
8.516046875000002103e+01
7.606203124999998977e+01
7.781603174603174011e+01
7.880704918032787987e+01
7.599812499999998749e+01
6.813843749999998067e+01
5.960714285714285410e+01
1.020217460317460336e+02
9.406612903225807543e+01
8.516046875000002103e+01
7.606203124999998977e+01
7.781603174603174011e+01
7.880704918032787987e+01
7.599812499999998749e+01
6.813843749999998067e+01
8.949296874999998863e+01
1.020217460317460336e+02
9.406612903225807543e+01
8.516046875000002103e+01
7.606203124999998977e+01
7.781603174603174011e+01
7.880704918032787987e+01
7.599812499999998749e+01
9.401523809523808950e+01
8.949296874999998863e+01
1.020217460317460336e+02
9.406612903225807543e+01
8.516046875000002103e+01
7.606203124999998977e+01
7.781603174603174011e+01
7.880704918032787987e+01
1.029841935483870543e+02
9.401523809523808950e+01
8.949296874999998863e+01
1.020217460317460336e+02
9.406612903225807543e+01
8.516046875000002103e+01
7.606203124999998977e+01
7.781603174603174011e+01
9.328873015873020336e+01
1.029841935483870543e+02
9.401523809523808950e+01
8.949296874999998863e+01
1.020217460317460336e+02
9.406612903225807543e+01
8.516046875000002103e+01
7.606203124999998977e+01
9.216793650793653114e+01
9.328873015873020336e+01
1.029841935483870543e+02
9.401523809523808950e+01
8.949296874999998863e+01
1.020217460317460336e+02
9.406612903225807543e+01
8.516046875000002103e+01
8.801015625000000853e+01
9.216793650793653114e+01
9.328873015873020336e+01
1.029841935483870543e+02
9.401523809523808950e+01
8.949296874999998863e+01
1.020217460317460336e+02
9.406612903225807543e+01
9.432549999999997681e+01
8.801015625000000853e+01
9.216793650793653114e+01
9.328873015873020336e+01
1.029841935483870543e+02
9.401523809523808950e+01
8.949296874999998863e+01
1.020217460317460336e+02
9.404890624999997328e+01
9.432549999999997681e+01
8.801015625000000853e+01
9.216793650793653114e+01
9.328873015873020336e+01
1.029841935483870543e+02
9.401523809523808950e+01
8.949296874999998863e+01
1.058304687499999659e+02
9.404890624999997328e+01
9.432549999999997681e+01
8.801015625000000853e+01
9.216793650793653114e+01
9.328873015873020336e+01
1.029841935483870543e+02
9.401523809523808950e+01
9.749671874999999943e+01
1.058304687499999659e+02
9.404890624999997328e+01
9.432549999999997681e+01
8.801015625000000853e+01
9.216793650793653114e+01
9.328873015873020336e+01
1.029841935483870543e+02
9.867819672131143705e+01
9.749671874999999943e+01
1.058304687499999659e+02
9.404890624999997328e+01
9.432549999999997681e+01
8.801015625000000853e+01
9.216793650793653114e+01
9.328873015873020336e+01
1.033468253968254089e+02
9.867819672131143705e+01
9.749671874999999943e+01
1.058304687499999659e+02
9.404890624999997328e+01
9.432549999999997681e+01
8.801015625000000853e+01
9.216793650793653114e+01
9.786968750000001194e+01
1.033468253968254089e+02
9.867819672131143705e+01
9.749671874999999943e+01
1.058304687499999659e+02
9.404890624999997328e+01
9.432549999999997681e+01
8.801015625000000853e+01
7.321124999999999261e+01
9.786968750000001194e+01
1.033468253968254089e+02
9.867819672131143705e+01
9.749671874999999943e+01
1.058304687499999659e+02
9.404890624999997328e+01
9.432549999999997681e+01
4.856532258064515872e+01
7.321124999999999261e+01
9.786968750000001194e+01
1.033468253968254089e+02
9.867819672131143705e+01
9.749671874999999943e+01
1.058304687499999659e+02
9.404890624999997328e+01
5.773615384615387569e+01
4.856532258064515872e+01
7.321124999999999261e+01
9.786968750000001194e+01
1.033468253968254089e+02
9.867819672131143705e+01
9.749671874999999943e+01
1.058304687499999659e+02
4.663727272727273032e+01
5.773615384615387569e+01
4.856532258064515872e+01
7.321124999999999261e+01
9.786968750000001194e+01
1.033468253968254089e+02
9.867819672131143705e+01
9.749671874999999943e+01
4.186000000000001364e+01
4.663727272727273032e+01
5.773615384615387569e+01
4.856532258064515872e+01
7.321124999999999261e+01
9.786968750000001194e+01
1.033468253968254089e+02
9.867819672131143705e+01
3.341274193548387927e+01
4.186000000000001364e+01
4.663727272727273032e+01
5.773615384615387569e+01
4.856532258064515872e+01
7.321124999999999261e+01
9.786968750000001194e+01
1.033468253968254089e+02
4.546062499999998607e+01
3.341274193548387927e+01
4.186000000000001364e+01
4.663727272727273032e+01
5.773615384615387569e+01
4.856532258064515872e+01
7.321124999999999261e+01
9.786968750000001194e+01
4.484476923076922361e+01
4.546062499999998607e+01
3.341274193548387927e+01
4.186000000000001364e+01
4.663727272727273032e+01
5.773615384615387569e+01
4.856532258064515872e+01
7.321124999999999261e+01
4.909781250000000341e+01
4.484476923076922361e+01
4.546062499999998607e+01
3.341274193548387927e+01
4.186000000000001364e+01
4.663727272727273032e+01
5.773615384615387569e+01
4.856532258064515872e+01
5.162129032258064143e+01
4.909781250000000341e+01
4.484476923076922361e+01
4.546062499999998607e+01
3.341274193548387927e+01
4.186000000000001364e+01
4.663727272727273032e+01
5.773615384615387569e+01
4.810380952380950959e+01
5.162129032258064143e+01
4.909781250000000341e+01
4.484476923076922361e+01
4.546062499999998607e+01
3.341274193548387927e+01
4.186000000000001364e+01
4.663727272727273032e+01
