-1.000000000000000000e+08 -1.000000000000000000e+08 -1.000000000000000000e+08
3.435766666666666424e+04 -1.000000000000000000e+08 -1.000000000000000000e+08
3.447616666666666424e+04 -1.000000000000000000e+08 -1.000000000000000000e+08
3.452511111111110949e+04 -1.000000000000000000e+08 -1.000000000000000000e+08
3.453891666666666424e+04 -1.000000000000000000e+08 -1.000000000000000000e+08
3.462708333333333576e+04 3.435766666666666424e+04 1.007841529789566870e+00
3.488075000000000000e+04 3.447616666666666424e+04 1.011735160038093939e+00
3.518850000000000000e+04 3.452511111111110949e+04 1.019214677883408582e+00
3.562650000000000000e+04 3.453891666666666424e+04 1.031488634800840742e+00
3.625266666666666424e+04 3.462708333333333576e+04 1.046945430479513828e+00
3.665991666666666424e+04 3.488075000000000000e+04 1.051007121884324880e+00
3.710000000000000000e+04 3.518850000000000000e+04 1.054321724427014439e+00
3.750108333333333576e+04 3.562650000000000000e+04 1.052617667560196368e+00
3.780100000000000000e+04 3.625266666666666424e+04 1.042709501829750529e+00
3.828050000000000000e+04 3.665991666666666424e+04 1.044205865170633851e+00
3.880158333333333576e+04 3.710000000000000000e+04 1.045864779874214001e+00
3.935733333333333576e+04 3.750108333333333576e+04 1.049498570041309975e+00
3.981833333333333576e+04 3.780100000000000000e+04 1.053367194871387857e+00
4.004908333333333576e+04 3.828050000000000000e+04 1.046200633046416195e+00
4.025266666666666424e+04 3.880158333333333576e+04 1.037397528880908970e+00
4.046941666666666424e+04 3.935733333333333576e+04 1.028256064096483291e+00
4.066475000000000000e+04 3.981833333333333576e+04 1.021256958687371652e+00
4.090725000000000000e+04 4.004908333333333576e+04 1.021427872880985577e+00
4.110508333333333576e+04 4.025266666666666424e+04 1.021176650822305909e+00
4.132116666666666424e+04 4.046941666666666424e+04 1.021046757530892579e+00
4.156208333333333576e+04 4.066475000000000000e+04 1.022066613795322487e+00
4.189166666666666424e+04 4.090725000000000000e+04 1.024064601425582532e+00
4.219816666666666424e+04 4.110508333333333576e+04 1.026592412536162291e+00
4.241933333333333576e+04 4.132116666666666424e+04 1.026576371270575772e+00
4.263308333333333576e+04 4.156208333333333576e+04 1.025768679385256954e+00
4.281291666666666424e+04 4.189166666666666424e+04 1.021991247264770308e+00
4.311050000000000000e+04 4.219816666666666424e+04 1.021620212568476571e+00
4.354350000000000000e+04 4.241933333333333576e+04 1.026501280862499810e+00
4.421641666666666424e+04 4.263308333333333576e+04 1.037138607145858815e+00
4.490641666666666424e+04 4.281291666666666424e+04 1.048898794172319571e+00
4.556825000000000000e+04 4.311050000000000000e+04 1.057010473086603008e+00
4.617541666666666424e+04 4.354350000000000000e+04 1.060443388029594924e+00
4.659191666666666424e+04 4.421641666666666424e+04 1.053724389696888641e+00
4.686908333333333576e+04 4.490641666666666424e+04 1.043705706497030095e+00
4.686316666666666424e+04 4.556825000000000000e+04 1.028417081337700267e+00
4.641883333333333576e+04 4.617541666666666424e+04 1.005271564053744404e+00
4.572475000000000000e+04 4.659191666666666424e+04 9.813880447788690953e-01
4.508600000000000000e+04 4.686908333333333576e+04 9.619560869016355875e-01
4.463566666666666424e+04 4.686316666666666424e+04 9.524680008108713514e-01
4.458341666666666424e+04 4.641883333333333576e+04 9.604596553841291406e-01
4.489775000000000000e+04 4.572475000000000000e+04 9.819135151094320335e-01
4.524000000000000000e+04 4.508600000000000000e+04 1.003415694450605411e+00
4.541200000000000000e+04 4.463566666666666424e+04 1.017392668045733251e+00
4.532991666666666424e+04 4.458341666666666424e+04 1.016743893936646881e+00
4.519450000000000000e+04 4.489775000000000000e+04 1.006609462612269024e+00
4.524566666666666424e+04 4.524000000000000000e+04 1.000125257883878627e+00
4.560250000000000000e+04 4.541200000000000000e+04 1.004194926451158265e+00
4.635416666666666424e+04 4.532991666666666424e+04 1.022595452966124308e+00
4.725175000000000000e+04 4.519450000000000000e+04 1.045519919459226177e+00
4.816166666666666424e+04 4.524566666666666424e+04 1.064448160781511277e+00
4.904416666666666424e+04 4.560250000000000000e+04 1.075471008533888773e+00
4.979216666666666424e+04 4.635416666666666424e+04 1.074168089887640454e+00
5.030425000000000000e+04 4.725175000000000000e+04 1.064600781981619670e+00
5.074766666666666424e+04 4.816166666666666424e+04 1.053694155102605778e+00
5.120641666666666424e+04 4.904416666666666424e+04 1.044087812006184945e+00
5.151333333333333576e+04 4.979216666666666424e+04 1.034567016900248770e+00
5.181316666666666424e+04 5.030425000000000000e+04 1.029995808836562832e+00
5.197500000000000000e+04 5.074766666666666424e+04 1.024185020000919710e+00
5.209908333333333576e+04 5.120641666666666424e+04 1.017432711069738982e+00
5.235800000000000000e+04 5.151333333333333576e+04 1.016397049307622646e+00
5.242108333333333576e+04 5.181316666666666424e+04 1.011732860694997127e+00
5.223650000000000000e+04 5.197500000000000000e+04 1.005031265031264942e+00
5.195475000000000000e+04 5.209908333333333576e+04 9.972296377575420312e-01
5.140133333333333576e+04 5.235800000000000000e+04 9.817283573347594938e-01
5.064833333333333576e+04 5.242108333333333576e+04 9.661824997257782988e-01
4.956100000000000000e+04 5.223650000000000000e+04 9.487810247623787996e-01
4.793575000000000000e+04 5.195475000000000000e+04 9.226442240603601741e-01
4.617566666666666424e+04 5.140133333333333576e+04 8.983359705325412170e-01
4.475750000000000000e+04 5.064833333333333576e+04 8.836914673072493454e-01
4.409233333333333576e+04 4.956100000000000000e+04 8.896578627011830775e-01
4.411600000000000000e+04 4.793575000000000000e+04 9.203152135931950140e-01
4.455050000000000000e+04 4.617566666666666424e+04 9.648046951135880178e-01
4.518975000000000000e+04 4.475750000000000000e+04 1.009657599285036067e+00
4.569983333333333576e+04 4.409233333333333576e+04 1.036457585218896638e+00
4.606408333333333576e+04 4.411600000000000000e+04 1.044158204128509793e+00
4.643850000000000000e+04 4.455050000000000000e+04 1.042378873413317475e+00
4.654608333333333576e+04 4.518975000000000000e+04 1.030014180944425206e+00
4.679083333333333576e+04 4.569983333333333576e+04 1.023873172403984011e+00
4.721658333333333576e+04 4.606408333333333576e+04 1.025019492771845009e+00
4.765333333333333576e+04 4.643850000000000000e+04 1.026160046800248304e+00
4.820100000000000000e+04 4.654608333333333576e+04 1.035554369952359055e+00
4.850750000000000000e+04 4.679083333333333576e+04 1.036688097739941972e+00
4.861850000000000000e+04 4.721658333333333576e+04 1.029691192536520417e+00
4.873441666666666424e+04 4.765333333333333576e+04 1.022686415780637903e+00
4.902441666666666424e+04 4.820100000000000000e+04 1.017082978914683578e+00
4.950250000000000000e+04 4.850750000000000000e+04 1.020512291913621583e+00
5.007533333333333576e+04 4.861850000000000000e+04 1.029964588239730361e+00
5.064666666666666424e+04 4.873441666666666424e+04 1.039238183829702900e+00
5.117741666666666424e+04 4.902441666666666424e+04 1.043916891752919129e+00
5.187400000000000000e+04 4.950250000000000000e+04 1.047906671380233412e+00
5.237166666666666424e+04 5.007533333333333576e+04 1.045857574587621297e+00
5.280416666666666424e+04 5.064666666666666424e+04 1.042599052257469960e+00
5.311716666666666424e+04 5.117741666666666424e+04 1.037902460232296376e+00
5.313058333333333576e+04 5.187400000000000000e+04 1.024223760136741657e+00
5.342200000000000000e+04 5.237166666666666424e+04 1.020055373452566583e+00
5.374425000000000000e+04 5.280416666666666424e+04 1.017803203661327371e+00
5.415491666666666424e+04 5.311716666666666424e+04 1.019536998396626259e+00
5.464525000000000000e+04 5.313058333333333576e+04 1.028508376374561273e+00
5.511608333333333576e+04 5.342200000000000000e+04 1.031711342393271336e+00
