-1.000000000000000000e+08 -1.000000000000000000e+08 -1.000000000000000000e+08
1.927033333333333212e+04 -1.000000000000000000e+08 -1.000000000000000000e+08
2.017300000000000000e+04 -1.000000000000000000e+08 -1.000000000000000000e+08
2.060977777777777737e+04 -1.000000000000000000e+08 -1.000000000000000000e+08
2.074408333333333212e+04 -1.000000000000000000e+08 -1.000000000000000000e+08
2.122650000000000000e+04 1.927033333333333212e+04 1.101511823009462043e+00
2.161700000000000000e+04 2.017300000000000000e+04 1.071580825856342623e+00
2.199533333333333212e+04 2.060977777777777737e+04 1.067228068662123608e+00
2.258108333333333212e+04 2.074408333333333212e+04 1.088555371210264688e+00
2.297708333333333212e+04 2.122650000000000000e+04 1.082471596039541684e+00
2.346883333333333212e+04 2.161700000000000000e+04 1.085665602689241505e+00
2.391375000000000000e+04 2.199533333333333212e+04 1.087219258630618635e+00
2.425058333333333212e+04 2.258108333333333212e+04 1.073933565336767870e+00
2.463333333333333212e+04 2.297708333333333212e+04 1.072082691087133943e+00
2.482783333333333212e+04 2.346883333333333212e+04 1.057906585329479565e+00
2.509775000000000000e+04 2.391375000000000000e+04 1.049511264439914271e+00
2.527658333333333212e+04 2.425058333333333212e+04 1.042308260626032990e+00
2.533125000000000000e+04 2.463333333333333212e+04 1.028332205683355927e+00
2.581908333333333212e+04 2.482783333333333212e+04 1.039924949821101396e+00
2.627941666666666788e+04 2.509775000000000000e+04 1.047082573803096661e+00
2.663966666666666788e+04 2.527658333333333212e+04 1.053926724010035842e+00
2.711933333333333212e+04 2.533125000000000000e+04 1.070588041779751531e+00
2.747266666666666788e+04 2.581908333333333212e+04 1.064045005470759753e+00
2.785058333333333212e+04 2.627941666666666788e+04 1.059786968888832392e+00
2.824700000000000000e+04 2.663966666666666788e+04 1.060336090291420064e+00
2.874933333333333212e+04 2.711933333333333212e+04 1.060104722338307326e+00
2.915450000000000000e+04 2.747266666666666788e+04 1.061218423159989266e+00
2.949116666666666788e+04 2.785058333333333212e+04 1.058906605786234412e+00
2.986950000000000000e+04 2.824700000000000000e+04 1.057439728112719912e+00
3.017900000000000000e+04 2.874933333333333212e+04 1.049728689360912792e+00
3.054483333333333212e+04 2.915450000000000000e+04 1.047688464330835068e+00
3.090425000000000000e+04 2.949116666666666788e+04 1.047915477515866334e+00
3.120108333333333212e+04 2.986950000000000000e+04 1.044580034260142787e+00
3.147350000000000000e+04 3.017900000000000000e+04 1.042894065409722071e+00
3.171200000000000000e+04 3.054483333333333212e+04 1.038211590612705848e+00
3.181858333333333212e+04 3.090425000000000000e+04 1.029586006239702645e+00
3.178216666666666788e+04 3.120108333333333212e+04 1.018623819151578624e+00
3.150316666666666788e+04 3.147350000000000000e+04 1.000942591915950475e+00
3.129458333333333212e+04 3.171200000000000000e+04 9.868372645475950167e-01
3.109291666666666788e+04 3.181858333333333212e+04 9.771936211281143647e-01
3.087158333333333212e+04 3.178216666666666788e+04 9.713492367312905884e-01
3.091716666666666788e+04 3.150316666666666788e+04 9.813986953692486193e-01
3.120475000000000000e+04 3.129458333333333212e+04 9.971294286817473651e-01
3.156891666666666788e+04 3.109291666666666788e+04 1.015308953003765557e+00
3.209475000000000000e+04 3.087158333333333212e+04 1.039621118666303135e+00
3.227708333333333212e+04 3.091716666666666788e+04 1.043985811550217413e+00
3.220950000000000000e+04 3.120475000000000000e+04 1.032198623606982890e+00
3.245991666666666788e+04 3.156891666666666788e+04 1.028223965028891795e+00
3.279166666666666424e+04 3.209475000000000000e+04 1.021714350997177556e+00
3.317900000000000000e+04 3.227708333333333212e+04 1.027942941973794655e+00
3.381925000000000000e+04 3.220950000000000000e+04 1.049977491112870531e+00
3.423858333333333576e+04 3.245991666666666788e+04 1.054795786598343055e+00
3.476766666666666424e+04 3.279166666666666424e+04 1.060259212198221057e+00
3.547675000000000000e+04 3.317900000000000000e+04 1.069253142047680738e+00
3.623950000000000000e+04 3.381925000000000000e+04 1.071564271827435633e+00
3.697591666666666424e+04 3.423858333333333576e+04 1.079948790716126705e+00
3.782458333333333576e+04 3.476766666666666424e+04 1.087924124905323975e+00
3.874400000000000000e+04 3.547675000000000000e+04 1.092095527352420881e+00
3.932225000000000000e+04 3.623950000000000000e+04 1.085066019122780334e+00
3.963475000000000000e+04 3.697591666666666424e+04 1.071907164798709067e+00
3.956358333333333576e+04 3.782458333333333576e+04 1.045975390784212200e+00
3.907166666666666424e+04 3.874400000000000000e+04 1.008457223484066301e+00
3.887783333333333576e+04 3.932225000000000000e+04 9.886980865370963434e-01
3.879958333333333576e+04 3.963475000000000000e+04 9.789284235004216406e-01
3.863783333333333576e+04 3.956358333333333576e+04 9.766009566878631754e-01
3.835983333333333576e+04 3.907166666666666424e+04 9.817813419784158224e-01
3.802333333333333576e+04 3.887783333333333576e+04 9.780208945114396979e-01
3.749183333333333576e+04 3.879958333333333576e+04 9.662947411376839879e-01
3.626575000000000000e+04 3.863783333333333576e+04 9.386072372933264019e-01
3.452191666666666424e+04 3.835983333333333576e+04 8.999496000590894162e-01
3.245308333333333212e+04 3.802333333333333576e+04 8.535044271061628107e-01
3.074675000000000000e+04 3.749183333333333576e+04 8.200919311316686722e-01
2.968758333333333212e+04 3.626575000000000000e+04 8.186121432297231992e-01
2.961291666666666788e+04 3.452191666666666424e+04 8.578004794055951177e-01
3.000241666666666788e+04 3.245308333333333212e+04 9.244858603573877787e-01
3.015625000000000000e+04 3.074675000000000000e+04 9.807947181409417681e-01
3.038133333333333212e+04 2.968758333333333212e+04 1.023368355457247914e+00
3.060833333333333212e+04 2.961291666666666788e+04 1.033614273050892596e+00
3.062991666666666788e+04 3.000241666666666788e+04 1.020914981848684455e+00
3.082400000000000000e+04 3.015625000000000000e+04 1.022143005181347153e+00
3.107041666666666788e+04 3.038133333333333212e+04 1.022681141929254967e+00
3.146408333333333212e+04 3.060833333333333212e+04 1.027958072420364743e+00
3.189200000000000000e+04 3.062991666666666788e+04 1.041204269246569947e+00
3.229991666666666788e+04 3.082400000000000000e+04 1.047882061597023906e+00
3.275408333333333212e+04 3.107041666666666788e+04 1.054188737947404420e+00
3.317733333333333576e+04 3.146408333333333212e+04 1.054450974523861939e+00
3.379366666666666424e+04 3.189200000000000000e+04 1.059628328943517550e+00
3.446108333333333576e+04 3.229991666666666788e+04 1.066909357351283116e+00
3.490900000000000000e+04 3.275408333333333212e+04 1.065790779266707178e+00
3.502291666666666424e+04 3.317733333333333576e+04 1.055627838283164976e+00
3.525466666666666424e+04 3.379366666666666424e+04 1.043232952920172485e+00
3.551675000000000000e+04 3.446108333333333576e+04 1.030633589096879632e+00
3.579175000000000000e+04 3.490900000000000000e+04 1.025287175227018732e+00
3.606958333333333576e+04 3.502291666666666424e+04 1.029885194218071565e+00
3.632575000000000000e+04 3.525466666666666424e+04 1.030381320676222678e+00
3.653525000000000000e+04 3.551675000000000000e+04 1.028676610331744845e+00
3.678683333333333576e+04 3.579175000000000000e+04 1.027802030728682814e+00
3.722008333333333576e+04 3.606958333333333576e+04 1.031896681183360753e+00
3.742491666666666424e+04 3.632575000000000000e+04 1.030258609021607707e+00
3.757591666666666424e+04 3.653525000000000000e+04 1.028483907094290162e+00
3.767058333333333576e+04 3.678683333333333576e+04 1.024023541031437778e+00
3.782091666666666424e+04 3.722008333333333576e+04 1.016142718648757937e+00
3.808333333333333576e+04 3.742491666666666424e+04 1.017593002879098041e+00
3.839308333333333576e+04 3.757591666666666424e+04 1.021747085345001693e+00
