1.194000273972602599e+02 1.094181369863013629e+02 1.091227018535405824e+00
1.274456557377049251e+02 1.156354794520548097e+02 1.102132808560255972e+00
1.328456830601093088e+02 1.166200821917808241e+02 1.139132133706145078e+00
1.425893442622951000e+02 1.143356986301369886e+02 1.247111321928905614e+00
1.403248360655737770e+02 1.194000273972602599e+02 1.175249613626082379e+00
1.328633150684931650e+02 1.274456557377049251e+02 1.042509564562469571e+00
1.400364931506849189e+02 1.328456830601093088e+02 1.054129046009887549e+00
1.355006301369863024e+02 1.425893442622951000e+02 9.502858073863569288e-01
1.204099452054794597e+02 1.403248360655737770e+02 8.580800703676710883e-01
1.114476712328767007e+02 1.328633150684931650e+02 8.388144701599808961e-01
1.030855068493150668e+02 1.400364931506849189e+02 7.361331645058470929e-01
9.286610958904110191e+01 1.355006301369863024e+02 6.853555551376903088e-01
9.445008219178082243e+01 1.204099452054794597e+02 7.844043283185774262e-01
1.032038904109589055e+02 1.114476712328767007e+02 9.260300306796728220e-01
9.675536986301369780e+01 1.030855068493150668e+02 9.385933369318887332e-01
8.930071232876713339e+01 9.286610958904110191e+01 9.616071215209524015e-01
8.902523287671232310e+01 9.445008219178082243e+01 9.425638475988475928e-01
8.257322404371585378e+01 1.032038904109589055e+02 8.000979780404446906e-01
8.137191256830600139e+01 9.675536986301369780e+01 8.410066819393321458e-01
8.279934426229507949e+01 8.930071232876713339e+01 9.271969069794562257e-01
7.536887978142077316e+01 8.902523287671232310e+01 8.466013212882721461e-01
6.822161643835616474e+01 8.257322404371585378e+01 8.261953826852919125e-01
6.836594520547944853e+01 8.137191256830600139e+01 8.401663798683733919e-01
6.578539726027398160e+01 8.279934426229507949e+01 7.945159209458998451e-01
6.767391780821918701e+01 7.536887978142077316e+01 8.979026622723073059e-01
7.308065753424658340e+01 6.822161643835616474e+01 1.071224361860158458e+00
7.248849315068494548e+01 6.836594520547944853e+01 1.060301191372617469e+00
8.641243835616438673e+01 6.578539726027398160e+01 1.313550452759012499e+00
9.257241095890408644e+01 6.767391780821918701e+01 1.367918600800453577e+00
8.800665753424657112e+01 7.308065753424658340e+01 1.204240089014052106e+00
8.324673972602738559e+01 7.248849315068494548e+01 1.148413163355165967e+00
6.982958904109588616e+01 8.641243835616438673e+01 8.080965005672063883e-01
6.067438356164382895e+01 9.257241095890408644e+01 6.554262002377703178e-01
5.753000000000000114e+01 8.800665753424657112e+01 6.537005450708430754e-01
6.209352459016393055e+01 8.324673972602738559e+01 7.458973744139336670e-01
6.094431693989071874e+01 6.982958904109588616e+01 8.727577775665265047e-01
7.314499999999999602e+01 6.067438356164382895e+01 1.205533467442422291e+00
8.933150684931506191e+01 5.753000000000000114e+01 1.552781276713281144e+00
9.493473972602740218e+01 6.209352459016393055e+01 1.528899194442986387e+00
1.146756164383561867e+02 6.094431693989071874e+01 1.881645774313305708e+00
1.305926027397260327e+02 7.314499999999999602e+01 1.785393434133926371e+00
1.268830684931507022e+02 8.933150684931506191e+01 1.420361896583451244e+00
1.251545753424657477e+02 9.493473972602740218e+01 1.318322204323200353e+00
1.231307123287671459e+02 1.146756164383561867e+02 1.073730546676032072e+00
1.134292602739726021e+02 1.305926027397260327e+02 8.685733946205179690e-01
1.352093698630136771e+02 1.268830684931507022e+02 1.065621847491120766e+00
1.426943287671232952e+02 1.251545753424657477e+02 1.140144724047545077e+00
1.333018904109589187e+02 1.231307123287671459e+02 1.082604720543109078e+00
1.162897260273972648e+02 1.134292602739726021e+02 1.025218058784088004e+00
8.744931693989070709e+01 1.352093698630136771e+02 6.467696508643543396e-01
7.705494535519126487e+01 1.426943287671232952e+02 5.400000548090786445e-01
7.186030054644808729e+01 1.333018904109589187e+02 5.390793808317991820e-01
7.301273224043717391e+01 1.162897260273972648e+02 6.278519585060828856e-01
6.864309589041096160e+01 8.744931693989070709e+01 7.849471933279202895e-01
6.725904109589041013e+01 7.705494535519126487e+01 8.728711802448784196e-01
6.602569863013698637e+01 7.186030054644808729e+01 9.188063246056170641e-01
6.243857534246576080e+01 7.301273224043717391e+01 8.551737953984545060e-01
6.143753424657534623e+01 6.864309589041096160e+01 8.950286033814772724e-01
6.191241095890410406e+01 6.725904109589041013e+01 9.205068932017083094e-01
6.142542465753424352e+01 6.602569863013698637e+01 9.303260083869376862e-01
5.798739726027396557e+01 6.243857534246576080e+01 9.287110883331692879e-01
5.763731506849315878e+01 6.143753424657534623e+01 9.381449919062463394e-01
5.314846575342465229e+01 6.191241095890410406e+01 8.584460680864659521e-01
5.435975342465752647e+01 6.142542465753424352e+01 8.849715525408246020e-01
6.256282191780820767e+01 5.798739726027396557e+01 1.078903776918933577e+00
8.356442622950818588e+01 5.763731506849315878e+01 1.449832042491996820e+00
9.452221311475410914e+01 5.314846575342465229e+01 1.778456099810623803e+00
1.091942076502732277e+02 5.435975342465752647e+01 2.008732578259688317e+00
1.427308469945355398e+02 6.256282191780820767e+01 2.281400400737164880e+00
1.606616438356164451e+02 8.356442622950818588e+01 1.922608113102603600e+00
1.678032054794520604e+02 9.452221311475410914e+01 1.775278000269964185e+00
1.621424657534246592e+02 1.091942076502732277e+02 1.484899879238410714e+00
1.364132328767123283e+02 1.427308469945355398e+02 9.557375700428297760e-01
1.179783287671232728e+02 1.606616438356164451e+02 7.343279077104097885e-01
1.150936164383561646e+02 1.678032054794520604e+02 6.858844925489202549e-01
1.355387671232876698e+02 1.621424657534246592e+02 8.359239295731810682e-01
1.552314520547945165e+02 1.364132328767123283e+02 1.137950100450223490e+00
1.538390958904109596e+02 1.179783287671232728e+02 1.303960629871889765e+00
1.538487945205479264e+02 1.150936164383561646e+02 1.336727433557958644e+00
1.643066027397260314e+02 1.355387671232876698e+02 1.212248024878895380e+00
1.556405479452054976e+02 1.552314520547945165e+02 1.002635393053378010e+00
1.521994262295082194e+02 1.538390958904109596e+02 9.893416582344530807e-01
1.563310655737704735e+02 1.538487945205479264e+02 1.016134484907458946e+00
1.389407923497267916e+02 1.643066027397260314e+02 8.456190441099887822e-01
1.495940983606557779e+02 1.556405479452054976e+02 9.611511931538662123e-01
1.602933424657534260e+02 1.521994262295082194e+02 1.053179676407189902e+00
1.490334794520547916e+02 1.563310655737704735e+02 9.533196674958244188e-01
1.350995342465753595e+02 1.389407923497267916e+02 9.723532733750169799e-01
1.158530410958904184e+02 1.495940983606557779e+02 7.744492755093907999e-01
9.640205479452055215e+01 1.602933424657534260e+02 6.014102227303469439e-01
9.241676712328765575e+01 1.490334794520547916e+02 6.201074246073603469e-01
8.247783561643836947e+01 1.350995342465753595e+02 6.104968168573023934e-01
6.893095890410960180e+01 1.158530410958904184e+02 5.949861846704233015e-01
6.561589041095889741e+01 9.640205479452055215e+01 6.806482553802211122e-01
6.517799999999999727e+01 9.241676712328765575e+01 7.052616319401212586e-01
6.964090410958904442e+01 8.247783561643836947e+01 8.443590158385431144e-01
6.978734246575342581e+01 6.893095890410960180e+01 1.012423787152521015e+00
7.069030054644808558e+01 6.561589041095889741e+01 1.077335080019605762e+00
7.438650273224043019e+01 6.517799999999999727e+01 1.141282376449728853e+00
7.270718579234971912e+01 6.964090410958904442e+01 1.044029894814913373e+00
8.324715846994534729e+01 6.978734246575342581e+01 1.192869015048065862e+00
9.596093150684930606e+01 7.069030054644808558e+01 1.357483710849365810e+00
9.995331506849315417e+01 7.438650273224043019e+01 1.343702303471401294e+00
1.033861917808219317e+02 7.270718579234971912e+01 1.421952873765336633e+00
