9.311252500000000000e+05 8.868287500000000000e+05 1.049949327871925631e+00
9.386735000000000000e+05 8.990767500000000000e+05 1.044041568197598302e+00
9.453772500000000000e+05 9.108305000000000000e+05 1.037928846256246374e+00
9.519812500000000000e+05 9.216622500000000000e+05 1.032895998507045388e+00
9.597247500000000000e+05 9.311252500000000000e+05 1.030714987054641707e+00
9.693132500000000000e+05 9.386735000000000000e+05 1.032641541494460080e+00
9.801032500000000000e+05 9.453772500000000000e+05 1.036732426129357343e+00
9.916737500000000000e+05 9.519812500000000000e+05 1.041694623712389189e+00
1.003598250000000000e+06 9.597247500000000000e+05 1.045714669752968229e+00
1.015444750000000000e+06 9.693132500000000000e+05 1.047591942026997014e+00
1.027701000000000000e+06 9.801032500000000000e+05 1.048564016087080608e+00
1.040984750000000000e+06 9.916737500000000000e+05 1.049725022972525013e+00
1.055572500000000000e+06 1.003598250000000000e+06 1.051787904173806520e+00
1.072160500000000000e+06 1.015444750000000000e+06 1.055853112638575286e+00
1.089488500000000000e+06 1.027701000000000000e+06 1.060122058847855486e+00
1.106695250000000000e+06 1.040984750000000000e+06 1.063123403104608400e+00
1.122783750000000000e+06 1.055572500000000000e+06 1.063672793673575256e+00
1.136906750000000000e+06 1.072160500000000000e+06 1.060388579881463622e+00
1.149973500000000000e+06 1.089488500000000000e+06 1.055516877874342008e+00
1.162743000000000000e+06 1.106695250000000000e+06 1.050644249173383615e+00
1.176019750000000000e+06 1.122783750000000000e+06 1.047414295050137722e+00
1.190576500000000000e+06 1.136906750000000000e+06 1.047206817973417747e+00
1.206404750000000000e+06 1.149973500000000000e+06 1.049071782958476806e+00
1.222937000000000000e+06 1.162743000000000000e+06 1.051768963562885295e+00
1.239954500000000000e+06 1.176019750000000000e+06 1.054365370989730488e+00
1.256881250000000000e+06 1.190576500000000000e+06 1.055691297451276656e+00
1.274002250000000000e+06 1.206404750000000000e+06 1.056032189859995141e+00
1.291721500000000000e+06 1.222937000000000000e+06 1.056245333978774070e+00
1.310271000000000000e+06 1.239954500000000000e+06 1.056708935690785500e+00
1.329833500000000000e+06 1.256881250000000000e+06 1.058042277263663511e+00
1.351068750000000000e+06 1.274002250000000000e+06 1.060491651407994063e+00
1.374426500000000000e+06 1.291721500000000000e+06 1.064026959371660253e+00
1.400861250000000000e+06 1.310271000000000000e+06 1.069138559885703055e+00
1.431104750000000000e+06 1.329833500000000000e+06 1.076153330473326175e+00
1.462063500000000000e+06 1.351068750000000000e+06 1.082153295307881180e+00
1.490905000000000000e+06 1.374426500000000000e+06 1.084746983560052058e+00
1.514239750000000000e+06 1.400861250000000000e+06 1.080934853469606605e+00
1.536649500000000000e+06 1.431104750000000000e+06 1.073750541321311314e+00
1.559101250000000000e+06 1.462063500000000000e+06 1.066370407304470636e+00
1.581054500000000000e+06 1.490905000000000000e+06 1.060466293962391893e+00
1.603978750000000000e+06 1.514239750000000000e+06 1.059263402641490659e+00
1.621318250000000000e+06 1.536649500000000000e+06 1.055099585168901566e+00
1.634765000000000000e+06 1.559101250000000000e+06 1.048530363246132913e+00
1.648095750000000000e+06 1.581054500000000000e+06 1.042402870995275732e+00
1.662068750000000000e+06 1.603978750000000000e+06 1.036216190519980485e+00
1.677517750000000000e+06 1.621318250000000000e+06 1.034662843029121593e+00
1.693512000000000000e+06 1.634765000000000000e+06 1.035936051970772542e+00
1.709944250000000000e+06 1.648095750000000000e+06 1.037527249251143369e+00
1.727220250000000000e+06 1.662068750000000000e+06 1.039199040352572601e+00
1.747543000000000000e+06 1.677517750000000000e+06 1.041743373505287895e+00
1.771713250000000000e+06 1.693512000000000000e+06 1.046176968335624347e+00
1.799482250000000000e+06 1.709944250000000000e+06 1.052363110668666613e+00
1.831699000000000000e+06 1.727220250000000000e+06 1.060489535136008188e+00
1.866391500000000000e+06 1.747543000000000000e+06 1.068008913085400469e+00
1.902931500000000000e+06 1.771713250000000000e+06 1.074062916219653552e+00
1.941643250000000000e+06 1.799482250000000000e+06 1.079001057109621353e+00
1.981956250000000000e+06 1.831699000000000000e+06 1.082031627467176627e+00
2.022003250000000000e+06 1.866391500000000000e+06 1.083375727975614877e+00
2.061938250000000000e+06 1.902931500000000000e+06 1.083558840662420142e+00
2.099894250000000000e+06 1.941643250000000000e+06 1.081503643885147303e+00
2.136019000000000000e+06 1.981956250000000000e+06 1.077732669426986645e+00
2.172325500000000000e+06 2.022003250000000000e+06 1.074343228676808426e+00
2.205974500000000000e+06 2.061938250000000000e+06 1.069854783478603188e+00
2.236904000000000000e+06 2.099894250000000000e+06 1.065246023698574351e+00
2.264350250000000000e+06 2.136019000000000000e+06 1.060079638804710900e+00
2.289426500000000000e+06 2.172325500000000000e+06 1.053905825807412322e+00
2.314260500000000000e+06 2.205974500000000000e+06 1.049087602780539807e+00
2.340067750000000000e+06 2.236904000000000000e+06 1.046118988566340002e+00
2.363373500000000000e+06 2.264350250000000000e+06 1.043731419200717658e+00
2.377846750000000000e+06 2.289426500000000000e+06 1.038621135030978193e+00
2.381333750000000000e+06 2.314260500000000000e+06 1.028982584285563329e+00
2.375200500000000000e+06 2.340067750000000000e+06 1.015013561038991208e+00
2.368381250000000000e+06 2.363373500000000000e+06 1.002118899107568017e+00
2.364429000000000000e+06 2.377846750000000000e+06 9.943571847092332883e-01
2.366428000000000000e+06 2.381333750000000000e+06 9.937405876013809536e-01
2.373252250000000000e+06 2.375200500000000000e+06 9.991797534566029260e-01
2.381591250000000000e+06 2.368381250000000000e+06 1.005577649291050646e+00
2.393980250000000000e+06 2.364429000000000000e+06 1.012498260679428386e+00
2.410971500000000000e+06 2.366428000000000000e+06 1.018823095399479683e+00
2.430993250000000000e+06 2.373252250000000000e+06 1.024329904248484358e+00
2.450643000000000000e+06 2.381591250000000000e+06 1.028993955196971788e+00
2.471108750000000000e+06 2.393980250000000000e+06 1.032217684335532848e+00
2.491479250000000000e+06 2.410971500000000000e+06 1.033392244578585917e+00
2.512465000000000000e+06 2.430993250000000000e+06 1.033513770554484346e+00
2.534206000000000000e+06 2.450643000000000000e+06 1.034098397849054329e+00
2.555504750000000000e+06 2.471108750000000000e+06 1.034153090186743063e+00
2.578150000000000000e+06 2.491479250000000000e+06 1.034786864068805601e+00
2.601699500000000000e+06 2.512465000000000000e+06 1.035516713665663113e+00
2.628893250000000000e+06 2.534206000000000000e+06 1.037363675249762585e+00
2.658810000000000000e+06 2.555504750000000000e+06 1.040424597136827778e+00
2.688041750000000000e+06 2.578150000000000000e+06 1.042624265461668198e+00
2.718526500000000000e+06 2.601699500000000000e+06 1.044904109794386304e+00
2.748039750000000000e+06 2.628893250000000000e+06 1.045321923969335876e+00
2.774445250000000000e+06 2.658810000000000000e+06 1.043491355155125699e+00
2.798875250000000000e+06 2.688041750000000000e+06 1.041232060476739330e+00
2.821808500000000000e+06 2.718526500000000000e+06 1.037991904805783516e+00
2.841546000000000000e+06 2.748039750000000000e+06 1.034026527454706468e+00
2.858850250000000000e+06 2.774445250000000000e+06 1.030422297935055687e+00
2.878530500000000000e+06 2.798875250000000000e+06 1.028459735745635761e+00
2.896843750000000000e+06 2.821808500000000000e+06 1.026591191429184535e+00
2.916715750000000000e+06 2.841546000000000000e+06 1.026453821264903032e+00
2.943018500000000000e+06 2.858850250000000000e+06 1.029441293750870567e+00
2.971104250000000000e+06 2.878530500000000000e+06 1.032160072648179439e+00
3.002600750000000000e+06 2.896843750000000000e+06 1.036507664591850952e+00
