-1.000000000000000000e+08 -1.000000000000000000e+08 -1.000000000000000000e+08
-1.000000000000000000e+08 -1.000000000000000000e+08 -1.000000000000000000e+08
-1.000000000000000000e+08 -1.000000000000000000e+08 -1.000000000000000000e+08
-1.000000000000000000e+08 -1.000000000000000000e+08 -1.000000000000000000e+08
-1.000000000000000000e+08 -1.000000000000000000e+08 -1.000000000000000000e+08
-1.000000000000000000e+08 -1.000000000000000000e+08 -1.000000000000000000e+08
-1.000000000000000000e+08 -1.000000000000000000e+08 -1.000000000000000000e+08
-1.000000000000000000e+08 -1.000000000000000000e+08 -1.000000000000000000e+08
-1.000000000000000000e+08 -1.000000000000000000e+08 -1.000000000000000000e+08
-1.000000000000000000e+08 -1.000000000000000000e+08 -1.000000000000000000e+08
-1.000000000000000000e+08 -1.000000000000000000e+08 -1.000000000000000000e+08
-1.000000000000000000e+08 -1.000000000000000000e+08 -1.000000000000000000e+08
-1.000000000000000000e+08 -1.000000000000000000e+08 -1.000000000000000000e+08
-1.000000000000000000e+08 -1.000000000000000000e+08 -1.000000000000000000e+08
-1.000000000000000000e+08 -1.000000000000000000e+08 -1.000000000000000000e+08
-1.000000000000000000e+08 -1.000000000000000000e+08 -1.000000000000000000e+08
-1.000000000000000000e+08 -1.000000000000000000e+08 -1.000000000000000000e+08
-1.000000000000000000e+08 -1.000000000000000000e+08 -1.000000000000000000e+08
-1.000000000000000000e+08 -1.000000000000000000e+08 -1.000000000000000000e+08
-1.000000000000000000e+08 -1.000000000000000000e+08 -1.000000000000000000e+08
5.196999999999999886e+01 -1.000000000000000000e+08 -1.000000000000000000e+08
5.196999999999999886e+01 -1.000000000000000000e+08 -1.000000000000000000e+08
5.196999999999999886e+01 -1.000000000000000000e+08 -1.000000000000000000e+08
5.196999999999999886e+01 -1.000000000000000000e+08 -1.000000000000000000e+08
-1.000000000000000000e+08 5.196999999999999886e+01 -1.000000000000000000e+08
-1.000000000000000000e+08 5.196999999999999886e+01 -1.000000000000000000e+08
-1.000000000000000000e+08 5.196999999999999886e+01 -1.000000000000000000e+08
-1.000000000000000000e+08 5.196999999999999886e+01 -1.000000000000000000e+08
-1.000000000000000000e+08 -1.000000000000000000e+08 -1.000000000000000000e+08
-1.000000000000000000e+08 -1.000000000000000000e+08 -1.000000000000000000e+08
3.160999999999999943e+01 -1.000000000000000000e+08 -1.000000000000000000e+08
3.160999999999999943e+01 -1.000000000000000000e+08 -1.000000000000000000e+08
3.321999999999999886e+01 -1.000000000000000000e+08 -1.000000000000000000e+08
3.321999999999999886e+01 -1.000000000000000000e+08 -1.000000000000000000e+08
3.125499999999999901e+01 3.160999999999999943e+01 9.887693767795001643e-01
3.125499999999999901e+01 3.160999999999999943e+01 9.887693767795001643e-01
4.172500000000000142e+01 3.321999999999999886e+01 1.256020469596628608e+00
4.172500000000000142e+01 3.321999999999999886e+01 1.256020469596628608e+00
5.776500000000000057e+01 3.125499999999999901e+01 1.848184290513517958e+00
5.762400000000000233e+01 3.125499999999999901e+01 1.843673012318029159e+00
5.917857142857143771e+01 4.172500000000000142e+01 1.418300094153899016e+00
5.930800000000000693e+01 4.172500000000000142e+01 1.421402037147992958e+00
5.870250000000001478e+01 5.776500000000000057e+01 1.016229550766035050e+00
6.046333333333333115e+01 5.762400000000000233e+01 1.049273450876949232e+00
6.426999999999999602e+01 5.917857142857143771e+01 1.086035003017501221e+00
6.851000000000000512e+01 5.930800000000000693e+01 1.155156134079719399e+00
7.242999999999999261e+01 5.870250000000001478e+01 1.233848643584174010e+00
7.309166666666668277e+01 6.046333333333333115e+01 1.208859363801753517e+00
7.098583333333333201e+01 6.426999999999999602e+01 1.104494061511332337e+00
6.883083333333333087e+01 6.851000000000000512e+01 1.004683014645063821e+00
6.604583333333333428e+01 7.242999999999999261e+01 9.118574255603112411e-01
6.505416666666667425e+01 7.309166666666668277e+01 8.900353437464370021e-01
6.423000000000000398e+01 7.098583333333333201e+01 9.048284282075063079e-01
6.256250000000000000e+01 6.883083333333333087e+01 9.089313171180551931e-01
6.335083333333332689e+01 6.604583333333333428e+01 9.591950034698125682e-01
6.392666666666666941e+01 6.505416666666667425e+01 9.826682892461409136e-01
6.415083333333332405e+01 6.423000000000000398e+01 9.987674503087858868e-01
6.559333333333334792e+01 6.256250000000000000e+01 1.048444888444888701e+00
6.678916666666664526e+01 6.335083333333332689e+01 1.054274476789307968e+00
6.756083333333333485e+01 6.392666666666666941e+01 1.056848993638544121e+00
6.952249999999999375e+01 6.415083333333332405e+01 1.083734947584468866e+00
7.179166666666667140e+01 6.559333333333334792e+01 1.094496391909746791e+00
7.136083333333333201e+01 6.678916666666664526e+01 1.068449224549889998e+00
7.048166666666666913e+01 6.756083333333333485e+01 1.043232642186671333e+00
6.782000000000000739e+01 6.952249999999999375e+01 9.755115250458487042e-01
6.406666666666666288e+01 7.179166666666667140e+01 8.923969820081252280e-01
6.335416666666665719e+01 7.136083333333333201e+01 8.878002639169477739e-01
6.409250000000000114e+01 7.048166666666666913e+01 9.093499491593558526e-01
6.595166666666665378e+01 6.782000000000000739e+01 9.724515875356332106e-01
6.948499999999999943e+01 6.406666666666666288e+01 1.084573361082206144e+00
7.309083333333333599e+01 6.335416666666665719e+01 1.153686287405458977e+00
7.474750000000000227e+01 6.409250000000000114e+01 1.166244100323750921e+00
7.461666666666666003e+01 6.595166666666665378e+01 1.131384094412575037e+00
7.207500000000000284e+01 6.948499999999999943e+01 1.037274231848600570e+00
6.835500000000000398e+01 7.309083333333333599e+01 9.352061932070825367e-01
6.626500000000000057e+01 7.474750000000000227e+01 8.865179437439378862e-01
6.593166666666665776e+01 7.461666666666666003e+01 8.836050926960017371e-01
6.659499999999999886e+01 7.207500000000000284e+01 9.239680887963925837e-01
6.648333333333333428e+01 6.835500000000000398e+01 9.726184380562260534e-01
6.574666666666666970e+01 6.626500000000000057e+01 9.921778716768531181e-01
6.616500000000000625e+01 6.593166666666665776e+01 1.003539017669809796e+00
6.708750000000000568e+01 6.659499999999999886e+01 1.007395450108867108e+00
6.885249999999999204e+01 6.648333333333333428e+01 1.035635497618450529e+00
7.012083333333332291e+01 6.574666666666666970e+01 1.066530622591766120e+00
6.802500000000001990e+01 6.616500000000000625e+01 1.028111539333484759e+00
6.547083333333333144e+01 6.708750000000000568e+01 9.759021178808768848e-01
6.319333333333332803e+01 6.885249999999999204e+01 9.178073901940138057e-01
6.048833333333332263e+01 7.012083333333332291e+01 8.626299839562659999e-01
5.848083333333332945e+01 6.802500000000001990e+01 8.596961901261788164e-01
5.526416666666666089e+01 6.547083333333333144e+01 8.441036084770571213e-01
5.216500000000001336e+01 6.319333333333332803e+01 8.254826458487185548e-01
4.947666666666665947e+01 6.048833333333332263e+01 8.179538754029702652e-01
4.758416666666666828e+01 5.848083333333332945e+01 8.136711458170056144e-01
4.735666666666667624e+01 5.526416666666666089e+01 8.569145166397759139e-01
4.722250000000000369e+01 5.216500000000001336e+01 9.052525639796796808e-01
4.770333333333334025e+01 4.947666666666665947e+01 9.641581890453415626e-01
4.831749999999999545e+01 4.758416666666666828e+01 1.015411288769023201e+00
4.874750000000000227e+01 4.735666666666667624e+01 1.029369324980643263e+00
4.910166666666666657e+01 4.722250000000000369e+01 1.039793883565390598e+00
4.957583333333332831e+01 4.770333333333334025e+01 1.039253022150792738e+00
4.863916666666666089e+01 4.831749999999999545e+01 1.006657353270899113e+00
4.639666666666666828e+01 4.874750000000000227e+01 9.517753047164811964e-01
4.330333333333333456e+01 4.910166666666666657e+01 8.819116798479346153e-01
4.039583333333333570e+01 4.957583333333332831e+01 8.148291338185609245e-01
