5.000000000000000000e+00 5.007500000000000284e+00 9.985022466300548238e-01
5.000000000000000000e+00 5.004999999999999893e+00 9.990009990009990348e-01
5.000000000000000000e+00 5.002499999999999503e+00 9.995002498750625852e-01
5.000000000000000000e+00 5.000000000000000000e+00 1.000000000000000000e+00
5.000000000000000000e+00 5.000000000000000000e+00 1.000000000000000000e+00
5.000000000000000000e+00 5.000000000000000000e+00 1.000000000000000000e+00
5.000000000000000000e+00 5.000000000000000000e+00 1.000000000000000000e+00
5.000000000000000000e+00 5.000000000000000000e+00 1.000000000000000000e+00
5.000000000000000000e+00 5.000000000000000000e+00 1.000000000000000000e+00
5.000000000000000000e+00 5.000000000000000000e+00 1.000000000000000000e+00
5.000000000000000000e+00 5.000000000000000000e+00 1.000000000000000000e+00
5.000000000000000000e+00 5.000000000000000000e+00 1.000000000000000000e+00
5.000000000000000000e+00 5.000000000000000000e+00 1.000000000000000000e+00
5.000000000000000000e+00 5.000000000000000000e+00 1.000000000000000000e+00
5.000000000000000000e+00 5.000000000000000000e+00 1.000000000000000000e+00
5.000000000000000000e+00 5.000000000000000000e+00 1.000000000000000000e+00
4.995000000000000107e+00 5.000000000000000000e+00 9.989999999999999991e-01
4.987499999999999822e+00 5.000000000000000000e+00 9.974999999999999423e-01
4.979999999999999538e+00 5.000000000000000000e+00 9.959999999999998854e-01
4.969999999999999751e+00 5.000000000000000000e+00 9.939999999999999947e-01
4.962499999999999467e+00 4.995000000000000107e+00 9.934934934934933626e-01
4.957499999999999574e+00 4.987499999999999822e+00 9.939849624060149713e-01
4.950000000000000178e+00 4.979999999999999538e+00 9.939759036144579785e-01
4.945000000000000284e+00 4.969999999999999751e+00 9.949698189134810189e-01
4.940000000000000391e+00 4.962499999999999467e+00 9.954659949622167714e-01
4.935000000000000497e+00 4.957499999999999574e+00 9.954614220877460173e-01
4.932500000000000107e+00 4.950000000000000178e+00 9.964646464646464974e-01
4.927500000000000213e+00 4.945000000000000284e+00 9.964610717896865699e-01
4.924999999999999822e+00 4.940000000000000391e+00 9.969635627530363253e-01
4.922499999999999432e+00 4.935000000000000497e+00 9.974670719351568238e-01
4.932500000000000107e+00 4.932500000000000107e+00 1.000000000000000000e+00
4.952499999999999680e+00 4.927500000000000213e+00 1.005073566717402223e+00
4.977500000000000036e+00 4.924999999999999822e+00 1.010659898477157315e+00
5.012499999999999289e+00 4.922499999999999432e+00 1.018283392585068503e+00
5.039999999999999147e+00 4.932500000000000107e+00 1.021794221996958685e+00
5.064999999999999503e+00 4.952499999999999680e+00 1.022715800100959083e+00
5.087500000000000355e+00 4.977500000000000036e+00 1.022099447513812320e+00
5.104999999999999538e+00 5.012499999999999289e+00 1.018453865336658382e+00
5.120000000000000107e+00 5.039999999999999147e+00 1.015873015873016039e+00
5.132500000000000284e+00 5.064999999999999503e+00 1.013326752221125560e+00
5.142500000000000071e+00 5.087500000000000355e+00 1.010810810810810700e+00
5.142500000000000071e+00 5.104999999999999538e+00 1.007345739471106949e+00
5.137500000000000178e+00 5.120000000000000107e+00 1.003417968750000000e+00
5.125000000000000000e+00 5.132500000000000284e+00 9.985387238188017101e-01
5.105000000000000426e+00 5.142500000000000071e+00 9.927078269324259852e-01
5.084999999999999964e+00 5.142500000000000071e+00 9.888186679630529552e-01
5.062500000000000000e+00 5.137500000000000178e+00 9.854014598540146164e-01
5.037500000000000533e+00 5.125000000000000000e+00 9.829268292682927788e-01
5.015000000000000568e+00 5.105000000000000426e+00 9.823702252693438108e-01
4.990000000000000213e+00 5.084999999999999964e+00 9.813176007866273309e-01
4.964999999999999858e+00 5.062500000000000000e+00 9.807407407407406907e-01
4.945000000000000284e+00 5.037500000000000533e+00 9.816377171215880937e-01
4.919999999999999929e+00 5.015000000000000568e+00 9.810568295114654447e-01
4.890000000000000568e+00 4.990000000000000213e+00 9.799599198396794497e-01
4.855000000000000426e+00 4.964999999999999858e+00 9.778449144008057869e-01
4.817499999999999893e+00 4.945000000000000284e+00 9.742163801820019620e-01
4.787499999999999645e+00 4.919999999999999929e+00 9.730691056910568681e-01
4.767500000000000071e+00 4.890000000000000568e+00 9.749488752556235704e-01
4.757500000000000284e+00 4.855000000000000426e+00 9.799176107106075673e-01
4.750000000000000000e+00 4.817499999999999893e+00 9.859885832900882052e-01
4.745000000000000107e+00 4.787499999999999645e+00 9.911227154046998722e-01
4.742499999999999716e+00 4.767500000000000071e+00 9.947561615102253896e-01
4.740000000000000213e+00 4.757500000000000284e+00 9.963215974776667982e-01
4.740000000000000213e+00 4.750000000000000000e+00 9.978947368421052788e-01
4.740000000000000213e+00 4.745000000000000107e+00 9.989462592202318358e-01
4.737500000000000711e+00 4.742499999999999716e+00 9.989457037427519337e-01
4.735000000000000320e+00 4.740000000000000213e+00 9.989451476793249629e-01
4.732499999999999929e+00 4.740000000000000213e+00 9.984177215189873333e-01
4.730000000000000426e+00 4.740000000000000213e+00 9.978902953586498148e-01
4.730000000000000426e+00 4.737500000000000711e+00 9.984168865435355533e-01
4.730000000000000426e+00 4.735000000000000320e+00 9.989440337909186729e-01
4.730000000000000426e+00 4.732499999999999929e+00 9.994717379820391434e-01
4.727500000000000036e+00 4.730000000000000426e+00 9.994714587737842937e-01
4.724999999999999645e+00 4.730000000000000426e+00 9.989429175475685874e-01
4.722499999999999254e+00 4.730000000000000426e+00 9.984143763213527700e-01
4.719999999999999751e+00 4.730000000000000426e+00 9.978858350951372858e-01
4.719999999999999751e+00 4.727500000000000036e+00 9.984135378106820946e-01
4.719999999999999751e+00 4.724999999999999645e+00 9.989417989417990196e-01
4.717500000000000249e+00 4.722499999999999254e+00 9.989412387506619861e-01
4.714999999999999858e+00 4.719999999999999751e+00 9.989406779661017532e-01
4.712500000000000355e+00 4.719999999999999751e+00 9.984110169491526854e-01
4.709999999999999964e+00 4.719999999999999751e+00 9.978813559322033955e-01
4.709999999999999964e+00 4.717500000000000249e+00 9.984101748807630017e-01
4.709999999999999964e+00 4.714999999999999858e+00 9.989395546129374859e-01
4.709999999999999964e+00 4.712500000000000355e+00 9.994694960212200385e-01
4.707499999999999574e+00 4.709999999999999964e+00 9.994692144373672482e-01
4.705000000000000071e+00 4.709999999999999964e+00 9.989384288747346075e-01
4.702499999999999680e+00 4.709999999999999964e+00 9.984076433121018557e-01
4.700000000000000178e+00 4.709999999999999964e+00 9.978768577494692149e-01
4.700000000000000178e+00 4.707499999999999574e+00 9.984067976633033137e-01
4.700000000000000178e+00 4.705000000000000071e+00 9.989373007438895335e-01
4.697500000000000675e+00 4.702499999999999680e+00 9.989367357788412338e-01
4.695000000000000284e+00 4.700000000000000178e+00 9.989361702127659282e-01
4.692500000000000782e+00 4.700000000000000178e+00 9.984042553191491143e-01
4.690000000000000391e+00 4.700000000000000178e+00 9.978723404255319673e-01
4.690000000000000391e+00 4.697500000000000675e+00 9.984034060670569088e-01
4.690000000000000391e+00 4.695000000000000284e+00 9.989350372736954808e-01
4.690000000000000391e+00 4.692500000000000782e+00 9.994672349493872732e-01
4.687500000000000000e+00 4.690000000000000391e+00 9.994669509594882317e-01
4.685000000000000497e+00 4.690000000000000391e+00 9.989339019189765745e-01
4.682500000000000107e+00 4.690000000000000391e+00 9.984008528784648062e-01
4.677500000000000213e+00 4.690000000000000391e+00 9.973347547974413807e-01
4.674999999999999822e+00 4.687500000000000000e+00 9.973333333333332940e-01
4.669999999999999929e+00 4.685000000000000497e+00 9.967982924226252983e-01
