3.960154833333333489e+06 3.825627250000000000e+06 1.035164843447132332e+00
4.017017000000000000e+06 3.859557750000000000e+06 1.040797226055239166e+00
4.074433500000000000e+06 3.895439833333333489e+06 1.045949539544935414e+00
4.138375666666666511e+06 3.926999333333333489e+06 1.053826424552486873e+00
4.215655416666666977e+06 3.960154833333333489e+06 1.064517826723020866e+00
4.278360583333333023e+06 4.017017000000000000e+06 1.065059118080240452e+00
4.344385000000000000e+06 4.074433500000000000e+06 1.066254977532459458e+00
4.409540833333333023e+06 4.138375666666666511e+06 1.065524541150485227e+00
4.470999083333333023e+06 4.215655416666666977e+06 1.060570336384031975e+00
4.539090250000000000e+06 4.278360583333333023e+06 1.060941489523430592e+00
4.605446750000000000e+06 4.344385000000000000e+06 1.060091762125134007e+00
4.672217000000000000e+06 4.409540833333333023e+06 1.059569959003668016e+00
4.741017666666666977e+06 4.470999083333333023e+06 1.060393343478841066e+00
4.801642250000000000e+06 4.539090250000000000e+06 1.057842427786052530e+00
4.864661250000000000e+06 4.605446750000000000e+06 1.056284333327705882e+00
4.926498916666666977e+06 4.672217000000000000e+06 1.054424252269675621e+00
4.984176750000000000e+06 4.741017666666666977e+06 1.051288373178388635e+00
5.051786500000000000e+06 4.801642250000000000e+06 1.052095561679964764e+00
5.124081000000000000e+06 4.864661250000000000e+06 1.053327402807338276e+00
5.193536500000000000e+06 4.926498916666666977e+06 1.054204332092701257e+00
5.268069250000000000e+06 4.984176750000000000e+06 1.056958754522499655e+00
5.343803250000000000e+06 5.051786500000000000e+06 1.057804649899594995e+00
5.406538750000000000e+06 5.124081000000000000e+06 1.055123591918238679e+00
5.482832500000000000e+06 5.193536500000000000e+06 1.055703084016065052e+00
5.560719166666666977e+06 5.268069250000000000e+06 1.055551645731814814e+00
5.633018916666666977e+06 5.343803250000000000e+06 1.054121690701592895e+00
5.723707416666666977e+06 5.406538750000000000e+06 1.058663903346048762e+00
5.811046000000000000e+06 5.482832500000000000e+06 1.059862032991159220e+00
5.903028833333333023e+06 5.560719166666666977e+06 1.061558524429468964e+00
5.998798333333333023e+06 5.633018916666666977e+06 1.064934881646574683e+00
6.097585083333333023e+06 5.723707416666666977e+06 1.065320890718135738e+00
6.198686666666666977e+06 5.811046000000000000e+06 1.066707554314088480e+00
6.307022583333333023e+06 5.903028833333333023e+06 1.068438383312431128e+00
6.435457833333333023e+06 5.998798333333333023e+06 1.072791161785457525e+00
6.556531750000000000e+06 6.097585083333333023e+06 1.075266955752879339e+00
6.678511666666666977e+06 6.198686666666666977e+06 1.077407526110369718e+00
6.792390333333333023e+06 6.307022583333333023e+06 1.076956716673666659e+00
6.886799666666666977e+06 6.435457833333333023e+06 1.070133601217235331e+00
6.970506000000000000e+06 6.556531750000000000e+06 1.063139212282469215e+00
7.035060583333333023e+06 6.678511666666666977e+06 1.053387481292613170e+00
7.103108166666666977e+06 6.792390333333333023e+06 1.045744990803679331e+00
7.160851583333333023e+06 6.886799666666666977e+06 1.039793798270788328e+00
7.228951333333333023e+06 6.970506000000000000e+06 1.037076983124802343e+00
7.311391166666666977e+06 7.035060583333333023e+06 1.039279062356333494e+00
7.384051833333333023e+06 7.103108166666666977e+06 1.039552215744802055e+00
7.469595833333333023e+06 7.160851583333333023e+06 1.043115577303486141e+00
7.554615916666666977e+06 7.228951333333333023e+06 1.045050045064166655e+00
7.657722583333333023e+06 7.311391166666666977e+06 1.047368744028581711e+00
7.765528416666666977e+06 7.384051833333333023e+06 1.051662229889998912e+00
7.886345166666666977e+06 7.469595833333333023e+06 1.055792755409010963e+00
8.011786500000000000e+06 7.554615916666666977e+06 1.060515397258614101e+00
8.128569250000000000e+06 7.657722583333333023e+06 1.061486513978900481e+00
8.260016250000000000e+06 7.765528416666666977e+06 1.063677293649720523e+00
8.384096666666666977e+06 7.886345166666666977e+06 1.063115611792374127e+00
8.518492583333333954e+06 8.011786500000000000e+06 1.063245080648783425e+00
8.662336500000000000e+06 8.128569250000000000e+06 1.065665584383131081e+00
8.794108750000000000e+06 8.260016250000000000e+06 1.064659981752457130e+00
8.934399500000000000e+06 8.384096666666666977e+06 1.065636508643944547e+00
9.066853666666666046e+06 8.518492583333333954e+06 1.064373018813940863e+00
9.188420333333333954e+06 8.662336500000000000e+06 1.060732324740944144e+00
9.303995083333333954e+06 8.794108750000000000e+06 1.057980444389357233e+00
9.418386916666666046e+06 8.934399500000000000e+06 1.054171230720840846e+00
9.530180666666666046e+06 9.066853666666666046e+06 1.051101188685042098e+00
9.636408666666666046e+06 9.188420333333333954e+06 1.048755750943188847e+00
9.750505833333333954e+06 9.303995083333333954e+06 1.047991292557737264e+00
9.846136083333333954e+06 9.418386916666666046e+06 1.045416393534409627e+00
9.944849000000000000e+06 9.530180666666666046e+06 1.043511067401240666e+00
1.002625633333333395e+07 9.636408666666666046e+06 1.040455700889397761e+00
1.001364808333333395e+07 9.750505833333333954e+06 1.026987548594701094e+00
9.962611083333333954e+06 9.846136083333333954e+06 1.011829513528373692e+00
9.881106916666666046e+06 9.944849000000000000e+06 9.935904423150785370e-01
9.822594333333333954e+06 1.002625633333333395e+07 9.796871341377035858e-01
9.846969500000000000e+06 1.001364808333333395e+07 9.833548590936850298e-01
9.915544500000000000e+06 9.962611083333333954e+06 9.952756779382794239e-01
1.000751850000000000e+07 9.881106916666666046e+06 1.012793261362258113e+00
1.009317191666666605e+07 9.822594333333333954e+06 1.027546447929251983e+00
1.020219525000000000e+07 9.846969500000000000e+06 1.036074626817926170e+00
1.032195016666666605e+07 9.915544500000000000e+06 1.040986722077306581e+00
1.045037691666666605e+07 1.000751850000000000e+07 1.044252570371632771e+00
1.058063525000000000e+07 1.009317191666666605e+07 1.048296347011428153e+00
1.068930100000000000e+07 1.020219525000000000e+07 1.047745189938410482e+00
1.079747275000000000e+07 1.032195016666666605e+07 1.046069064048475106e+00
1.088672025000000000e+07 1.045037691666666605e+07 1.041753836901082142e+00
1.096650691666666605e+07 1.058063525000000000e+07 1.036469612414497199e+00
1.105062700000000000e+07 1.068930100000000000e+07 1.033802584472081065e+00
1.112573316666666605e+07 1.079747275000000000e+07 1.030401597139170011e+00
1.119478183333333395e+07 1.088672025000000000e+07 1.028297005549796639e+00
1.127115683333333395e+07 1.096650691666666605e+07 1.027780032327674675e+00
1.136117425000000000e+07 1.105062700000000000e+07 1.028102228950447783e+00
1.145705233333333395e+07 1.112573316666666605e+07 1.029779535577872718e+00
1.158390308333333395e+07 1.119478183333333395e+07 1.034759163313157204e+00
1.172441316666666605e+07 1.127115683333333395e+07 1.040213825433860650e+00
1.186366891666666605e+07 1.136117425000000000e+07 1.044229113611796489e+00
1.198916800000000000e+07 1.145705233333333395e+07 1.046444377767091094e+00
1.211223166666666605e+07 1.158390308333333395e+07 1.045608857354260790e+00
1.222888975000000000e+07 1.172441316666666605e+07 1.043027874927471510e+00
1.233225675000000000e+07 1.186366891666666605e+07 1.039497716652817205e+00
1.243958158333333395e+07 1.198916800000000000e+07 1.037568376999415953e+00
1.255728025000000000e+07 1.211223166666666605e+07 1.036743731096072541e+00
1.268019083333333395e+07 1.222888975000000000e+07 1.036904501762585085e+00
1.282069358333333395e+07 1.233225675000000000e+07 1.039606443754370835e+00
1.297571841666666605e+07 1.243958158333333395e+07 1.043099265818687504e+00
1.311372533333333395e+07 1.255728025000000000e+07 1.044312547960640991e+00
1.324754891666666605e+07 1.268019083333333395e+07 1.044743654948936395e+00
