1.165333333333333599e+02 1.162916666666666714e+02 1.002078108204944584e+00
1.161416666666666515e+02 1.170333333333333456e+02 9.923810880091139541e-01
1.163583333333333343e+02 1.175250000000000199e+02 9.900730341062183859e-01
1.167916666666666856e+02 1.174416666666666629e+02 9.944653374015470781e-01
1.171916666666666487e+02 1.165333333333333599e+02 1.005649313501143727e+00
1.178083333333333371e+02 1.161416666666666515e+02 1.014350290593384774e+00
1.183916666666666657e+02 1.163583333333333343e+02 1.017474754708873386e+00
1.186416666666666657e+02 1.167916666666666856e+02 1.015840171245094403e+00
1.189083333333333172e+02 1.171916666666666487e+02 1.014648368058024719e+00
1.191583333333333172e+02 1.178083333333333371e+02 1.011459291221616930e+00
1.192916666666666856e+02 1.183916666666666657e+02 1.007601886394031254e+00
1.198166666666666771e+02 1.186416666666666657e+02 1.009903771862049604e+00
1.204500000000000028e+02 1.189083333333333172e+02 1.012965169248020381e+00
1.214666666666666970e+02 1.191583333333333172e+02 1.019371984054829428e+00
1.226916666666666629e+02 1.192916666666666856e+02 1.028501571777855172e+00
1.237500000000000000e+02 1.198166666666666771e+02 1.032827931562108725e+00
1.247583333333333400e+02 1.204500000000000028e+02 1.035768645357686424e+00
1.254750000000000085e+02 1.214666666666666970e+02 1.032999451152579296e+00
1.262000000000000028e+02 1.226916666666666629e+02 1.028594715750866140e+00
1.269416666666666629e+02 1.237500000000000000e+02 1.025791245791245698e+00
1.276833333333333371e+02 1.247583333333333400e+02 1.023445327633424551e+00
1.282333333333333201e+02 1.254750000000000085e+02 1.021983130769741566e+00
1.280750000000000171e+02 1.262000000000000028e+02 1.014857369255150576e+00
1.278333333333333570e+02 1.269416666666666629e+02 1.007024223724808154e+00
1.276000000000000085e+02 1.276833333333333371e+02 9.993473436888135053e-01
1.267333333333333485e+02 1.282333333333333201e+02 9.883025734338447554e-01
1.261666666666666714e+02 1.280750000000000171e+02 9.850998763745200115e-01
1.254416666666666629e+02 1.278333333333333570e+02 9.812907431551497472e-01
1.244333333333333229e+02 1.276000000000000085e+02 9.751828631138974579e-01
1.238249999999999886e+02 1.267333333333333485e+02 9.770515518148340517e-01
1.237166666666666544e+02 1.261666666666666714e+02 9.805812417437250739e-01
1.243583333333333485e+02 1.254416666666666629e+02 9.913638477379925762e-01
1.254750000000000085e+02 1.244333333333333229e+02 1.008371283150281350e+00
1.272333333333333343e+02 1.238249999999999886e+02 1.027525405478161513e+00
1.291166666666666458e+02 1.237166666666666544e+02 1.043648120705914062e+00
1.308416666666666686e+02 1.243583333333333485e+02 1.052134289352006924e+00
1.327416666666666742e+02 1.254750000000000085e+02 1.057913262934183418e+00
1.347750000000000057e+02 1.272333333333333343e+02 1.059274299187843882e+00
1.358250000000000171e+02 1.291166666666666458e+02 1.051955595714470393e+00
1.357249999999999943e+02 1.308416666666666686e+02 1.037322463537354356e+00
1.341916666666666629e+02 1.327416666666666742e+02 1.010923472911042564e+00
1.319749999999999943e+02 1.347750000000000057e+02 9.792246336486736258e-01
1.306250000000000000e+02 1.358250000000000171e+02 9.617154426651940424e-01
1.302000000000000171e+02 1.357249999999999943e+02 9.592926874194144249e-01
1.311166666666666742e+02 1.341916666666666629e+02 9.770850152145563738e-01
1.334000000000000057e+02 1.319749999999999943e+02 1.010797499526425502e+00
1.349833333333333201e+02 1.306250000000000000e+02 1.033365231259967931e+00
1.365833333333333428e+02 1.302000000000000171e+02 1.049027137736814996e+00
1.381250000000000000e+02 1.311166666666666742e+02 1.053451124952332396e+00
1.391666666666666572e+02 1.334000000000000057e+02 1.043228385807096315e+00
1.414416666666666629e+02 1.349833333333333201e+02 1.047845413013952509e+00
1.438500000000000227e+02 1.365833333333333428e+02 1.053203172666260068e+00
1.466750000000000114e+02 1.381250000000000000e+02 1.061900452488687918e+00
1.491416666666666799e+02 1.391666666666666572e+02 1.071676646706587022e+00
1.512083333333333144e+02 1.414416666666666629e+02 1.069050845460437049e+00
1.539583333333333144e+02 1.438500000000000227e+02 1.070269957131270600e+00
1.574000000000000057e+02 1.466750000000000114e+02 1.073120845406510870e+00
1.600749999999999886e+02 1.491416666666666799e+02 1.073308375705425366e+00
1.627916666666666572e+02 1.512083333333333144e+02 1.076605125378892414e+00
1.647916666666666856e+02 1.539583333333333144e+02 1.070365358592693106e+00
1.647500000000000000e+02 1.574000000000000057e+02 1.046696315120711596e+00
1.657333333333333201e+02 1.600749999999999886e+02 1.035348013951793433e+00
1.675916666666666686e+02 1.627916666666666572e+02 1.029485538776554909e+00
1.693333333333333428e+02 1.647916666666666856e+02 1.027560050568899985e+00
1.726583333333333314e+02 1.647500000000000000e+02 1.048002023267577076e+00
1.769499999999999602e+02 1.657333333333333201e+02 1.067679002413515432e+00
1.827416666666666742e+02 1.675916666666666686e+02 1.090398289493312189e+00
1.894416666666666913e+02 1.693333333333333428e+02 1.118750000000000133e+00
1.895916666666666970e+02 1.726583333333333314e+02 1.098074231381823695e+00
1.860083333333333258e+02 1.769499999999999602e+02 1.051191485353678345e+00
1.798416666666666686e+02 1.827416666666666742e+02 9.841306033106844708e-01
1.731916666666666345e+02 1.894416666666666913e+02 9.142216161527292329e-01
1.729083333333333314e+02 1.895916666666666970e+02 9.120038679618476252e-01
1.760416666666666572e+02 1.860083333333333258e+02 9.464181712288876058e-01
1.792666666666666515e+02 1.798416666666666686e+02 9.968027431536998773e-01
1.819583333333333428e+02 1.731916666666666345e+02 1.050618293797815683e+00
1.847333333333333485e+02 1.729083333333333314e+02 1.068388838016290032e+00
1.881916666666666913e+02 1.760416666666666572e+02 1.069017751479290235e+00
1.930583333333333655e+02 1.792666666666666515e+02 1.076933804388248594e+00
1.978583333333333201e+02 1.819583333333333428e+02 1.087382642546370404e+00
2.010499999999999829e+02 1.847333333333333485e+02 1.088325514254781412e+00
2.026166666666666458e+02 1.881916666666666913e+02 1.076650577868307757e+00
2.021416666666666799e+02 1.930583333333333655e+02 1.047049682738377729e+00
2.017833333333333314e+02 1.978583333333333201e+02 1.019837425767594619e+00
2.021583333333333314e+02 2.010499999999999829e+02 1.005512724861145735e+00
2.025166666666666799e+02 2.026166666666666458e+02 9.995064571851609569e-01
2.030583333333333655e+02 2.021416666666666799e+02 1.004534773467452791e+00
2.035000000000000000e+02 2.017833333333333314e+02 1.008507475014454480e+00
2.034083333333333314e+02 2.021583333333333314e+02 1.006183272187641808e+00
2.038833333333333258e+02 2.025166666666666799e+02 1.006748415768249361e+00
2.049416666666666913e+02 2.030583333333333655e+02 1.009274838921492057e+00
2.056833333333333655e+02 2.035000000000000000e+02 1.010728910728910801e+00
2.053166666666666913e+02 2.034083333333333314e+02 1.009381785407022170e+00
2.018250000000000171e+02 2.038833333333333258e+02 9.899043570669501246e-01
1.980333333333333314e+02 2.049416666666666913e+02 9.662912210791687606e-01
1.941583333333333314e+02 2.056833333333333655e+02 9.439672635929015065e-01
1.904416666666666345e+02 2.053166666666666913e+02 9.275509375761017417e-01
1.880583333333333087e+02 2.018250000000000171e+02 9.317890912093809153e-01
1.861416666666666515e+02 1.980333333333333314e+02 9.399511866689108652e-01
1.849999999999999716e+02 1.941583333333333314e+02 9.528305935877074972e-01
1.853750000000000000e+02 1.904416666666666345e+02 9.733951778759901696e-01
1.876916666666666913e+02 1.880583333333333087e+02 9.980502503655783730e-01
1.896333333333333258e+02 1.861416666666666515e+02 1.018758114339436860e+00
1.913333333333333428e+02 1.849999999999999716e+02 1.034234234234234551e+00
