7.907500000000000284e+01 9.256666666666666288e+01 8.542491897731365746e-01
8.356666666666666288e+01 8.239166666666666572e+01 1.014261151006371930e+00
8.588333333333333997e+01 7.881666666666667709e+01 1.089659547473038614e+00
8.892499999999999716e+01 7.728333333333333144e+01 1.150636187189993498e+00
9.122500000000000853e+01 7.907500000000000284e+01 1.153651596585520078e+00
9.131666666666666288e+01 8.356666666666666288e+01 1.092740327084164242e+00
9.270000000000000284e+01 8.588333333333333997e+01 1.079371240054337155e+00
9.558333333333332860e+01 8.892499999999999716e+01 1.074875831693374639e+00
9.993333333333332291e+01 9.122500000000000853e+01 1.095459943363478406e+00
1.040583333333333371e+02 9.131666666666666288e+01 1.139532761452819898e+00
1.099750000000000085e+02 9.270000000000000284e+01 1.186353829557713180e+00
1.137749999999999915e+02 9.558333333333332860e+01 1.190322580645161166e+00
1.143166666666666629e+02 9.993333333333332291e+01 1.143929286190793926e+00
1.127416666666666742e+02 1.040583333333333371e+02 1.083446784656042272e+00
1.097416666666666600e+02 1.099750000000000085e+02 9.978783056755321512e-01
1.097166666666666401e+02 1.137749999999999915e+02 9.643301838423787853e-01
1.110250000000000199e+02 1.143166666666666629e+02 9.712057151188221438e-01
1.139250000000000114e+02 1.127416666666666742e+02 1.010495971616527600e+00
1.181083333333333343e+02 1.097416666666666600e+02 1.076239653732250057e+00
1.191166666666666600e+02 1.097166666666666401e+02 1.085675224061978028e+00
1.187999999999999972e+02 1.110250000000000199e+02 1.070029272686331634e+00
1.185999999999999801e+02 1.139250000000000114e+02 1.041035769146367862e+00
1.177999999999999972e+02 1.181083333333333343e+02 9.973894023848162149e-01
1.185333333333333456e+02 1.191166666666666600e+02 9.951028403525956634e-01
1.200916666666666828e+02 1.187999999999999972e+02 1.010872615039281941e+00
1.236083333333333485e+02 1.185999999999999801e+02 1.042228780213603434e+00
1.265666666666666771e+02 1.177999999999999972e+02 1.074419920769666303e+00
1.300333333333333314e+02 1.185333333333333456e+02 1.097019122609673714e+00
1.343583333333333485e+02 1.200916666666666828e+02 1.118798140309485767e+00
1.369000000000000057e+02 1.236083333333333485e+02 1.107530506303512352e+00
1.392583333333332973e+02 1.265666666666666771e+02 1.100276534105872672e+00
1.394749999999999943e+02 1.300333333333333314e+02 1.072609587285311417e+00
1.386333333333332973e+02 1.343583333333333485e+02 1.031817899894560187e+00
1.392833333333333314e+02 1.369000000000000057e+02 1.017409301193084925e+00
1.373416666666666686e+02 1.392583333333332973e+02 9.862366106157622880e-01
1.348166666666666345e+02 1.394749999999999943e+02 9.666009440162511845e-01
1.327000000000000171e+02 1.386333333333332973e+02 9.572012503005533635e-01
1.323833333333333542e+02 1.392833333333333314e+02 9.504606916357546398e-01
1.340000000000000000e+02 1.373416666666666686e+02 9.756689521266913578e-01
1.347666666666666799e+02 1.348166666666666345e+02 9.996291259735446966e-01
1.363916666666666799e+02 1.327000000000000171e+02 1.027819643305702080e+00
1.365916666666666686e+02 1.323833333333333542e+02 1.031788996600780495e+00
1.379166666666666572e+02 1.340000000000000000e+02 1.029228855721392888e+00
1.416916666666666629e+02 1.347666666666666799e+02 1.051385110066781925e+00
1.456333333333333258e+02 1.363916666666666799e+02 1.067758294128428931e+00
1.474583333333333428e+02 1.365916666666666686e+02 1.079555853822219635e+00
1.503499999999999943e+02 1.379166666666666572e+02 1.090151057401812729e+00
1.544749999999999943e+02 1.416916666666666629e+02 1.090219373051814378e+00
1.574499999999999886e+02 1.456333333333333258e+02 1.081139848935683156e+00
1.621583333333333314e+02 1.474583333333333428e+02 1.099689177733823131e+00
1.675833333333333428e+02 1.503499999999999943e+02 1.114621438864870973e+00
1.704166666666666856e+02 1.544749999999999943e+02 1.103199007390624375e+00
1.724916666666666742e+02 1.574499999999999886e+02 1.095532973430718870e+00
1.741416666666666799e+02 1.621583333333333314e+02 1.073898967058944498e+00
1.758250000000000171e+02 1.675833333333333428e+02 1.049179512680258552e+00
1.792583333333333258e+02 1.704166666666666856e+02 1.051882640586796924e+00
1.796000000000000227e+02 1.724916666666666742e+02 1.041209720276341955e+00
1.811166666666666458e+02 1.741416666666666799e+02 1.040053596209982167e+00
1.760333333333333314e+02 1.758250000000000171e+02 1.001184890279160022e+00
1.642500000000000000e+02 1.792583333333333258e+02 9.162753939844731077e-01
1.532416666666666458e+02 1.796000000000000227e+02 8.532386785449144195e-01
1.422249999999999943e+02 1.811166666666666458e+02 7.852673230882488697e-01
1.318333333333333428e+02 1.760333333333333314e+02 7.489111910622988644e-01
1.237666666666666515e+02 1.642500000000000000e+02 7.535261288685944914e-01
1.165166666666666515e+02 1.532416666666666458e+02 7.603458589374082477e-01
1.053416666666666544e+02 1.422249999999999943e+02 7.406691275561023691e-01
9.550000000000000000e+01 1.318333333333333428e+02 7.243994943109987039e-01
8.584166666666665435e+01 1.237666666666666515e+02 6.935766226770805343e-01
7.545000000000000284e+01 1.165166666666666515e+02 6.475468459447862868e-01
6.634166666666668277e+01 1.053416666666666544e+02 6.297761253065424780e-01
5.502499999999999858e+01 9.550000000000000000e+01 5.761780104712042050e-01
4.918333333333333002e+01 8.584166666666665435e+01 5.729540821279487384e-01
4.858333333333333570e+01 7.545000000000000284e+01 6.439142920256240021e-01
5.088333333333333286e+01 6.634166666666668277e+01 7.669890717246574674e-01
5.176666666666667282e+01 5.502499999999999858e+01 9.407844918976224768e-01
5.100000000000000000e+01 4.918333333333333002e+01 1.036936631650288154e+00
5.039999999999999858e+01 4.858333333333333570e+01 1.037392795883361751e+00
4.861666666666667425e+01 5.088333333333333286e+01 9.554536521454308762e-01
4.883333333333332149e+01 5.176666666666667282e+01 9.433354797166770833e-01
5.005000000000000426e+01 5.100000000000000000e+01 9.813725490196079093e-01
5.200833333333332575e+01 5.039999999999999858e+01 1.031911375661375585e+00
5.554166666666666430e+01 4.861666666666667425e+01 1.142440863901268200e+00
5.936666666666667425e+01 4.883333333333332149e+01 1.215699658703072172e+00
6.431666666666667709e+01 5.005000000000000426e+01 1.285048285048285166e+00
6.914166666666667993e+01 5.200833333333332575e+01 1.329434385515142258e+00
7.249166666666667425e+01 5.554166666666666430e+01 1.305176294073518539e+00
7.732500000000000284e+01 5.936666666666667425e+01 1.302498596294216604e+00
8.004166666666667140e+01 6.431666666666667709e+01 1.244493392070484372e+00
8.257500000000000284e+01 6.914166666666667993e+01 1.194287091719898664e+00
8.392499999999998295e+01 7.249166666666667425e+01 1.157719278077939729e+00
8.499999999999998579e+01 7.732500000000000284e+01 1.099256385386356172e+00
8.664166666666666572e+01 8.004166666666667140e+01 1.082457053617907228e+00
8.767499999999999716e+01 8.257500000000000284e+01 1.061762034514078135e+00
8.891666666666667140e+01 8.392499999999998295e+01 1.059477708271274299e+00
9.425833333333332575e+01 8.499999999999998579e+01 1.108921568627451171e+00
9.590833333333334565e+01 8.664166666666666572e+01 1.106953929017986171e+00
9.854166666666667140e+01 8.767499999999999716e+01 1.123942591008459280e+00
1.002250000000000085e+02 8.891666666666667140e+01 1.127179006560449892e+00
9.831666666666666288e+01 9.425833333333332575e+01 1.043055432764565582e+00
1.000916666666666544e+02 9.590833333333334565e+01 1.043618038057172459e+00
1.005499999999999972e+02 9.854166666666667140e+01 1.020380549682875282e+00
1.024083333333333172e+02 1.002250000000000085e+02 1.021784318616446141e+00
1.035499999999999972e+02 9.831666666666666288e+01 1.053229360908628509e+00
1.036166666666666742e+02 1.000916666666666544e+02 1.035217717092665302e+00
