-1.000000000000000000e+08 -1.000000000000000000e+08 -1.000000000000000000e+08
1.509303333333333430e+05 -1.000000000000000000e+08 -1.000000000000000000e+08
1.591985000000000000e+05 -1.000000000000000000e+08 -1.000000000000000000e+08
1.622291111111111240e+05 -1.000000000000000000e+08 -1.000000000000000000e+08
1.678418333333333430e+05 -1.000000000000000000e+08 -1.000000000000000000e+08
1.695881666666666570e+05 1.509303333333333430e+05 1.123618844014125484e+00
1.727400000000000000e+05 1.591985000000000000e+05 1.085060474816031517e+00
1.760345833333333430e+05 1.622291111111111240e+05 1.085098612250712691e+00
1.794245833333333430e+05 1.678418333333333430e+05 1.069009911116715950e+00
1.829880833333333430e+05 1.695881666666666570e+05 1.079014455607653522e+00
1.865064166666666570e+05 1.727400000000000000e+05 1.079694434796032443e+00
1.902806666666666570e+05 1.760345833333333430e+05 1.080927753306050176e+00
1.941862500000000000e+05 1.794245833333333430e+05 1.082272263880599716e+00
1.968739166666666570e+05 1.829880833333333430e+05 1.075883812106161574e+00
1.998671666666666570e+05 1.865064166666666570e+05 1.071636945467023594e+00
2.023741666666666570e+05 1.902806666666666570e+05 1.063556115352409348e+00
2.042190000000000000e+05 1.941862500000000000e+05 1.051665604542031174e+00
2.076146666666666570e+05 1.968739166666666570e+05 1.054556490681218595e+00
2.107650000000000000e+05 1.998671666666666570e+05 1.054525380606953222e+00
2.135685000000000000e+05 2.023741666666666570e+05 1.055315031151044636e+00
2.169828333333333430e+05 2.042190000000000000e+05 1.062500714102670774e+00
2.197802500000000000e+05 2.076146666666666570e+05 1.058596935990392618e+00
2.219235000000000000e+05 2.107650000000000000e+05 1.052942851042630412e+00
2.249365833333333430e+05 2.135685000000000000e+05 1.053229213733922975e+00
2.271775833333333430e+05 2.169828333333333430e+05 1.046984131617170855e+00
2.287568333333333430e+05 2.197802500000000000e+05 1.040843448550692552e+00
2.322329166666666570e+05 2.219235000000000000e+05 1.046454821894331477e+00
2.341959166666666570e+05 2.249365833333333430e+05 1.041164194797125964e+00
2.377463333333333430e+05 2.271775833333333430e+05 1.046521975649739478e+00
2.419377500000000000e+05 2.287568333333333430e+05 1.057619772378384226e+00
2.461225000000000000e+05 2.322329166666666570e+05 1.059808848515947588e+00
2.517815833333333430e+05 2.341959166666666570e+05 1.075089552870797993e+00
2.572491666666666570e+05 2.377463333333333430e+05 1.082032109853779733e+00
2.634317500000000000e+05 2.419377500000000000e+05 1.088841034522310069e+00
2.680648333333333139e+05 2.461225000000000000e+05 1.089152082127124999e+00
2.716648333333333139e+05 2.517815833333333430e+05 1.078970231804748714e+00
2.739614166666666861e+05 2.572491666666666570e+05 1.064965225025024553e+00
2.749989166666666861e+05 2.634317500000000000e+05 1.043909538871706566e+00
2.774495833333333139e+05 2.680648333333333139e+05 1.035009254601965134e+00
2.784112500000000000e+05 2.716648333333333139e+05 1.024833603171555252e+00
2.815755000000000000e+05 2.739614166666666861e+05 1.027792538912869924e+00
2.828236666666666861e+05 2.749989166666666861e+05 1.028453748454160488e+00
2.840890000000000000e+05 2.774495833333333139e+05 1.023930173499990381e+00
2.874300833333333139e+05 2.784112500000000000e+05 1.032393925652549393e+00
2.882564166666666861e+05 2.815755000000000000e+05 1.023726910426037362e+00
2.905170000000000000e+05 2.828236666666666861e+05 1.027201872544848182e+00
2.933199166666666861e+05 2.840890000000000000e+05 1.032493045019929223e+00
2.970691666666666861e+05 2.874300833333333139e+05 1.033535401797712749e+00
3.010380833333333139e+05 2.882564166666666861e+05 1.044341308389492129e+00
3.061971666666666861e+05 2.905170000000000000e+05 1.053973318830452977e+00
3.109475833333333139e+05 2.933199166666666861e+05 1.060097066939709398e+00
3.148619166666666861e+05 2.970691666666666861e+05 1.059894300709991688e+00
3.205504166666666861e+05 3.010380833333333139e+05 1.064816826885413681e+00
3.242573333333333139e+05 3.061971666666666861e+05 1.058982148212779917e+00
3.298641666666666861e+05 3.109475833333333139e+05 1.060835280115539403e+00
3.359455000000000000e+05 3.148619166666666861e+05 1.066961363751252723e+00
3.404788333333333139e+05 3.205504166666666861e+05 1.062169367533188247e+00
3.460726666666666861e+05 3.242573333333333139e+05 1.067277841056280430e+00
3.510657500000000000e+05 3.298641666666666861e+05 1.064273678306979720e+00
3.546820000000000000e+05 3.359455000000000000e+05 1.055772439279585528e+00
3.578632500000000000e+05 3.404788333333333139e+05 1.051058729544127379e+00
3.604958333333333139e+05 3.460726666666666861e+05 1.041676699883839374e+00
3.633995000000000000e+05 3.510657500000000000e+05 1.035132307836922338e+00
3.659073333333333139e+05 3.546820000000000000e+05 1.031649007655683903e+00
3.699777500000000000e+05 3.578632500000000000e+05 1.033852316492403167e+00
3.727580000000000000e+05 3.604958333333333139e+05 1.034014725089286824e+00
3.743115833333333139e+05 3.633995000000000000e+05 1.030027788517412057e+00
3.745398333333333139e+05 3.659073333333333139e+05 1.023592038785776426e+00
3.659650000000000000e+05 3.699777500000000000e+05 9.891540775087150905e-01
3.558590000000000000e+05 3.727580000000000000e+05 9.546649568889198356e-01
3.455796666666666861e+05 3.743115833333333139e+05 9.232406424326971006e-01
3.380050833333333139e+05 3.745398333333333139e+05 9.024543005884109181e-01
3.387063333333333139e+05 3.659650000000000000e+05 9.255156458495574778e-01
3.427059166666666861e+05 3.558590000000000000e+05 9.630384974573262813e-01
3.475904166666666861e+05 3.455796666666666861e+05 1.005818484690939485e+00
3.512906666666666861e+05 3.380050833333333139e+05 1.039305868427521373e+00
3.570806666666666861e+05 3.387063333333333139e+05 1.054248567342998433e+00
3.632392500000000000e+05 3.427059166666666861e+05 1.059915316120162210e+00
3.699909166666666861e+05 3.475904166666666861e+05 1.064445102413400734e+00
3.769715000000000000e+05 3.512906666666666861e+05 1.073104228976573982e+00
3.831918333333333139e+05 3.570806666666666861e+05 1.073123999992531941e+00
3.899992500000000000e+05 3.632392500000000000e+05 1.073670452738794134e+00
3.942494166666666861e+05 3.699909166666666861e+05 1.065565123107751866e+00
3.980138333333333139e+05 3.769715000000000000e+05 1.055819427551773382e+00
4.021991666666666861e+05 3.831918333333333139e+05 1.049602657676681705e+00
4.046509166666666861e+05 3.899992500000000000e+05 1.037568448315392189e+00
4.086374166666666861e+05 3.942494166666666861e+05 1.036494664016623934e+00
4.131593333333333139e+05 3.980138333333333139e+05 1.038052697498369925e+00
4.168135833333333139e+05 4.021991666666666861e+05 1.036336267893808838e+00
4.189187500000000000e+05 4.046509166666666861e+05 1.035259609568823791e+00
4.242107500000000000e+05 4.086374166666666861e+05 1.038110394932426850e+00
4.294033333333333139e+05 4.131593333333333139e+05 1.039316550999695110e+00
4.346380000000000000e+05 4.168135833333333139e+05 1.042763521582290132e+00
4.376215833333333139e+05 4.189187500000000000e+05 1.044645491120493652e+00
4.401253333333333139e+05 4.242107500000000000e+05 1.037515747381067888e+00
4.430047500000000000e+05 4.294033333333333139e+05 1.031675153895715846e+00
4.458756666666666861e+05 4.346380000000000000e+05 1.025855232783757343e+00
4.499005000000000000e+05 4.376215833333333139e+05 1.028058297703552615e+00
4.528958333333333139e+05 4.401253333333333139e+05 1.029015598587069036e+00
4.558743333333333139e+05 4.430047500000000000e+05 1.029050666687734816e+00
4.602440833333333139e+05 4.458756666666666861e+05 1.032225164414294794e+00
4.641915833333333139e+05 4.499005000000000000e+05 1.031764986554434493e+00
4.690300833333333139e+05 4.528958333333333139e+05 1.035624637747826426e+00
4.734095833333333139e+05 4.558743333333333139e+05 1.038465096009645983e+00
