3.761775000000000091e+02 3.345874999999999773e+02 1.124302312549034344e+00
3.908416666666666970e+02 3.388499999999999659e+02 1.153435640155427988e+00
3.987191666666667516e+02 3.461116666666666788e+02 1.151995743185003196e+00
4.066050000000000182e+02 3.586650000000000205e+02 1.133662331144661417e+00
4.157441666666666720e+02 3.761775000000000091e+02 1.105180843263264379e+00
4.233349999999999795e+02 3.908416666666666970e+02 1.083136820110445209e+00
4.321600000000000250e+02 3.987191666666667516e+02 1.083870644125041860e+00
4.412599999999999909e+02 4.066050000000000182e+02 1.085230137356894220e+00
4.514066666666666947e+02 4.157441666666666720e+02 1.085779916735652773e+00
4.581808333333333394e+02 4.233349999999999795e+02 1.082312668060362082e+00
4.595616666666666674e+02 4.321600000000000250e+02 1.063406300135752103e+00
4.613899999999999295e+02 4.412599999999999909e+02 1.045619362733988922e+00
4.603291666666666515e+02 4.514066666666666947e+02 1.019765990754825546e+00
4.629908333333332848e+02 4.581808333333333394e+02 1.010498038438243817e+00
4.811666666666666856e+02 4.595616666666666674e+02 1.047012189151256489e+00
5.072208333333333030e+02 4.613899999999999295e+02 1.099332090711401255e+00
5.416383333333332075e+02 4.603291666666666515e+02 1.176632663221064412e+00
5.808641666666666197e+02 4.629908333333332848e+02 1.254591073617368213e+00
6.146833333333332803e+02 4.811666666666666856e+02 1.277485278836161919e+00
6.385483333333332894e+02 5.072208333333333030e+02 1.258915823975421677e+00
6.708283333333333758e+02 5.416383333333332075e+02 1.238517091663256631e+00
7.079733333333333576e+02 5.808641666666666197e+02 1.218827694943023232e+00
7.493408333333333076e+02 6.146833333333332803e+02 1.219068083837206107e+00
8.166675000000000182e+02 6.385483333333332894e+02 1.278943906621529569e+00
8.726733333333332894e+02 6.708283333333333758e+02 1.300889199174155131e+00
9.316033333333333530e+02 7.079733333333333576e+02 1.315873479227089415e+00
1.002911666666666747e+03 7.493408333333333076e+02 1.338391853284386812e+00
1.041435833333333221e+03 8.166675000000000182e+02 1.275226249769132680e+00
1.084310833333333221e+03 8.726733333333332894e+02 1.242516290937425882e+00
1.143734166666666624e+03 9.316033333333333530e+02 1.227705103388065710e+00
1.198764999999999873e+03 1.002911666666666747e+03 1.195284729296531401e+00
1.263332499999999754e+03 1.041435833333333221e+03 1.213068015872317273e+00
1.326060833333333449e+03 1.084310833333333221e+03 1.222952674240858295e+00
1.366032500000000027e+03 1.143734166666666624e+03 1.194361889162764534e+00
1.395400833333333139e+03 1.198764999999999873e+03 1.164032010722146016e+00
1.428722499999999854e+03 1.263332499999999754e+03 1.130915653638294049e+00
1.427007499999999936e+03 1.326060833333333449e+03 1.076125215472140795e+00
1.391220833333333530e+03 1.366032500000000027e+03 1.018439043971013591e+00
1.337647500000000036e+03 1.395400833333333139e+03 9.586116534018601643e-01
1.254404166666666470e+03 1.428722499999999854e+03 8.779900692168469689e-01
1.192078333333333148e+03 1.427007499999999936e+03 8.353693539335520502e-01
1.156031666666666524e+03 1.391220833333333530e+03 8.309476389142627095e-01
1.114888333333333321e+03 1.337647500000000036e+03 8.334694553933926775e-01
1.052918333333333294e+03 1.254404166666666470e+03 8.393772607845026990e-01
9.956299999999999955e+02 1.192078333333333148e+03 8.352051808675885480e-01
9.276991666666667697e+02 1.156031666666666524e+03 8.024859468959185671e-01
8.950983333333333576e+02 1.114888333333333321e+03 8.028591802168528746e-01
9.215616666666668380e+02 1.052918333333333294e+03 8.752451519665186419e-01
9.636891666666665515e+02 9.956299999999999955e+02 9.679189725768272412e-01
1.032052500000000009e+03 9.276991666666667697e+02 1.112486177721046410e+00
1.078295000000000073e+03 8.950983333333333576e+02 1.204666526396541260e+00
1.104206666666666706e+03 9.215616666666668380e+02 1.198190752291852235e+00
1.130547499999999900e+03 9.636891666666665515e+02 1.173145386608925644e+00
1.145220833333333303e+03 1.032052500000000009e+03 1.109653659414935989e+00
1.159892500000000155e+03 1.078295000000000073e+03 1.075672705521216521e+00
1.189890833333333376e+03 1.104206666666666706e+03 1.077597943621664944e+00
1.207060833333333221e+03 1.130547499999999900e+03 1.067678123505056975e+00
1.229825833333333321e+03 1.145220833333333303e+03 1.073876581299822108e+00
1.254858333333333348e+03 1.159892500000000155e+03 1.081874685225857835e+00
1.270916666666666742e+03 1.189890833333333376e+03 1.068095182401186616e+00
1.310669999999999845e+03 1.207060833333333221e+03 1.085835911335592652e+00
1.346235833333333403e+03 1.229825833333333321e+03 1.094655679564382922e+00
1.399870833333333394e+03 1.254858333333333348e+03 1.115560853482796988e+00
1.450480833333333294e+03 1.270916666666666742e+03 1.141287128712871191e+00
1.476633333333333212e+03 1.310669999999999845e+03 1.126624805125114204e+00
1.457854999999999791e+03 1.346235833333333403e+03 1.082912045499704767e+00
1.426685833333332994e+03 1.399870833333333394e+03 1.019155338736609240e+00
1.366960833333333312e+03 1.450480833333333294e+03 9.424190943577905877e-01
1.220888333333333549e+03 1.476633333333333212e+03 8.268053454931264534e-01
1.085669166666666570e+03 1.457854999999999791e+03 7.447031197661404534e-01
9.658141666666666652e+02 1.426685833333332994e+03 6.769634520096986519e-01
9.020099999999998772e+02 1.366960833333333312e+03 6.598652850941228998e-01
9.467358333333335167e+02 1.220888333333333549e+03 7.754483415764205079e-01
1.024806666666666615e+03 1.085669166666666570e+03 9.439401045284667724e-01
1.085561666666666724e+03 9.658141666666666652e+02 1.123986067022900492e+00
1.110483333333333348e+03 9.020099999999998772e+02 1.231120867100512717e+00
1.139307500000000118e+03 9.467358333333335167e+02 1.203405913124305116e+00
1.184594166666666524e+03 1.024806666666666615e+03 1.155919653137827519e+00
1.230541666666666742e+03 1.085561666666666724e+03 1.133552984092720095e+00
1.263476666666666688e+03 1.110483333333333348e+03 1.137771841090216007e+00
1.268890000000000100e+03 1.139307500000000118e+03 1.113737950465524040e+00
1.280063333333333276e+03 1.184594166666666524e+03 1.080592298487597525e+00
1.287902499999999918e+03 1.230541666666666742e+03 1.046614295872413836e+00
1.331425000000000182e+03 1.263476666666666688e+03 1.053778858862978840e+00
1.379563333333333276e+03 1.268890000000000100e+03 1.087220589123827352e+00
1.421332499999999754e+03 1.280063333333333276e+03 1.110361075884265913e+00
1.486176666666666506e+03 1.287902499999999918e+03 1.153951224309811119e+00
1.554450833333333549e+03 1.331425000000000182e+03 1.167509122431479973e+00
1.642511666666666542e+03 1.379563333333333276e+03 1.190602581976422547e+00
1.722460000000000036e+03 1.421332499999999754e+03 1.211862811833262388e+00
1.795110833333333176e+03 1.486176666666666506e+03 1.207871764909062007e+00
1.870270833333333030e+03 1.554450833333333549e+03 1.203171430853661183e+00
1.930667499999999791e+03 1.642511666666666542e+03 1.175436095329612129e+00
1.987954999999999927e+03 1.722460000000000036e+03 1.154137106231784671e+00
2.038369166666667070e+03 1.795110833333333176e+03 1.135511595616427005e+00
2.050915833333333012e+03 1.870270833333333030e+03 1.096587615430029139e+00
2.061199166666666770e+03 1.930667499999999791e+03 1.067609604795578315e+00
2.032415833333332785e+03 1.987954999999999927e+03 1.022365110544923184e+00
2.025656666666666752e+03 2.038369166666667070e+03 9.937633966369354699e-01
2.058916666666666515e+03 2.050915833333333012e+03 1.003901102718744776e+00
2.091844166666666752e+03 2.061199166666666770e+03 1.014867558892699639e+00
2.185750833333333048e+03 2.032415833333332785e+03 1.075444698611955685e+00
2.266056666666666843e+03 2.025656666666666752e+03 1.118677564641589406e+00
2.343191666666666606e+03 2.058916666666666515e+03 1.138070182539361319e+00
