-1.000000000000000000e+08 -1.000000000000000000e+08 -1.000000000000000000e+08
3.338000000000000000e+03 -1.000000000000000000e+08 -1.000000000000000000e+08
3.414000000000000000e+03 -1.000000000000000000e+08 -1.000000000000000000e+08
3.450222222222222172e+03 -1.000000000000000000e+08 -1.000000000000000000e+08
3.426750000000000000e+03 -1.000000000000000000e+08 -1.000000000000000000e+08
3.485916666666666515e+03 3.338000000000000000e+03 1.044312961853405275e+00
3.495333333333333485e+03 3.414000000000000000e+03 1.023823471978129396e+00
3.500500000000000000e+03 3.450222222222222172e+03 1.014572330284683854e+00
3.533916666666666515e+03 3.426750000000000000e+03 1.031273558522409539e+00
3.574083333333333485e+03 3.485916666666666515e+03 1.025292247376347721e+00
3.657333333333333485e+03 3.495333333333333485e+03 1.046347510967003513e+00
3.738416666666666515e+03 3.500500000000000000e+03 1.067966480978907784e+00
3.824583333333333485e+03 3.533916666666666515e+03 1.082250571839554976e+00
3.894750000000000000e+03 3.574083333333333485e+03 1.089719974818718073e+00
3.961500000000000000e+03 3.657333333333333485e+03 1.083166241341596781e+00
4.014750000000000000e+03 3.738416666666666515e+03 1.073917210940460665e+00
4.054666666666666515e+03 3.824583333333333485e+03 1.060159058720993475e+00
4.079250000000000000e+03 3.894750000000000000e+03 1.047371461582899954e+00
4.071083333333333485e+03 3.961500000000000000e+03 1.027662080861626581e+00
4.062833333333333485e+03 4.014750000000000000e+03 1.011976669365049819e+00
4.053916666666666515e+03 4.054666666666666515e+03 9.998150279513318139e-01
4.065750000000000000e+03 4.079250000000000000e+03 9.966905681191395860e-01
4.140916666666666970e+03 4.071083333333333485e+03 1.017153501320287479e+00
4.243000000000000000e+03 4.062833333333333485e+03 1.044345079378102170e+00
4.350916666666666970e+03 4.053916666666666515e+03 1.073262482784138827e+00
4.447750000000000000e+03 4.065750000000000000e+03 1.093955604746971622e+00
4.490000000000000000e+03 4.140916666666666970e+03 1.084300980056750685e+00
4.473666666666666970e+03 4.243000000000000000e+03 1.054364050593133761e+00
4.408416666666666970e+03 4.350916666666666970e+03 1.013215605906801153e+00
4.313416666666666970e+03 4.447750000000000000e+03 9.697974631367920484e-01
4.272833333333333030e+03 4.490000000000000000e+03 9.516332590942835346e-01
4.268166666666666970e+03 4.473666666666666970e+03 9.540645257432381898e-01
4.309500000000000000e+03 4.408416666666666970e+03 9.775618608343886740e-01
4.386500000000000000e+03 4.313416666666666970e+03 1.016943258437819964e+00
4.480083333333333030e+03 4.272833333333333030e+03 1.048504115146077886e+00
4.598333333333333030e+03 4.268166666666666970e+03 1.077355617165840052e+00
4.716000000000000000e+03 4.309500000000000000e+03 1.094326487991646335e+00
4.808083333333333030e+03 4.386500000000000000e+03 1.096109274668490396e+00
4.831666666666666970e+03 4.480083333333333030e+03 1.078476962854113763e+00
4.791083333333333030e+03 4.598333333333333030e+03 1.041917361362812544e+00
4.714416666666666970e+03 4.716000000000000000e+03 9.996642635001414812e-01
4.571500000000000000e+03 4.808083333333333030e+03 9.507946687002790664e-01
4.396750000000000000e+03 4.831666666666666970e+03 9.099862021386684319e-01
4.211916666666666970e+03 4.791083333333333030e+03 8.791157184352879073e-01
3.984416666666666515e+03 4.714416666666666970e+03 8.451558163788378542e-01
3.806750000000000000e+03 4.571500000000000000e+03 8.327135513507601949e-01
3.660916666666666515e+03 4.396750000000000000e+03 8.326415344667462692e-01
3.536166666666666515e+03 4.211916666666666970e+03 8.395623528480699038e-01
3.465166666666666515e+03 3.984416666666666515e+03 8.696797941982306046e-01
3.401166666666666515e+03 3.806750000000000000e+03 8.934567982312120460e-01
3.352583333333333485e+03 3.660916666666666515e+03 9.157770139537001475e-01
3.341916666666666515e+03 3.536166666666666515e+03 9.450676344440778198e-01
3.356000000000000000e+03 3.465166666666666515e+03 9.684959838391612452e-01
3.399500000000000000e+03 3.401166666666666515e+03 9.995099720684079703e-01
3.426500000000000000e+03 3.352583333333333485e+03 1.022047674678730367e+00
3.428666666666666515e+03 3.341916666666666515e+03 1.025958157743809718e+00
3.433166666666666515e+03 3.356000000000000000e+03 1.022993643226062677e+00
3.415666666666666515e+03 3.399500000000000000e+03 1.004755601313918723e+00
3.396250000000000000e+03 3.426500000000000000e+03 9.911717495987159010e-01
3.403666666666666515e+03 3.428666666666666515e+03 9.927085358740035392e-01
3.382166666666666515e+03 3.433166666666666515e+03 9.851449099470848125e-01
3.332083333333333485e+03 3.415666666666666515e+03 9.755294232458281423e-01
3.283333333333333485e+03 3.396250000000000000e+03 9.667525456999142008e-01
3.234000000000000000e+03 3.403666666666666515e+03 9.501517970815787084e-01
3.217666666666666515e+03 3.382166666666666515e+03 9.513625388064850252e-01
3.234000000000000000e+03 3.332083333333333485e+03 9.705639614855570141e-01
3.246083333333333485e+03 3.283333333333333485e+03 9.886548223350253295e-01
3.272583333333333485e+03 3.234000000000000000e+03 1.011930529787672617e+00
3.298916666666666515e+03 3.217666666666666515e+03 1.025251217238164259e+00
3.220833333333333485e+03 3.234000000000000000e+03 9.959286745001031393e-01
3.089750000000000000e+03 3.246083333333333485e+03 9.518393961954149107e-01
2.914666666666666515e+03 3.272583333333333485e+03 8.906317638970231432e-01
2.729750000000000000e+03 3.298916666666666515e+03 8.274686134337030374e-01
2.640083333333333485e+03 3.220833333333333485e+03 8.196895213454075124e-01
2.634166666666666515e+03 3.089750000000000000e+03 8.525500984437791585e-01
2.686416666666666515e+03 2.914666666666666515e+03 9.216891582799634497e-01
2.772750000000000000e+03 2.729750000000000000e+03 1.015752358274567335e+00
2.879250000000000000e+03 2.640083333333333485e+03 1.090590574792462242e+00
2.966750000000000000e+03 2.634166666666666515e+03 1.126257513445112268e+00
3.013333333333333485e+03 2.686416666666666515e+03 1.121692465179762399e+00
3.018166666666666515e+03 2.772750000000000000e+03 1.088510203468277426e+00
2.981416666666666515e+03 2.879250000000000000e+03 1.035483777604121469e+00
2.936833333333333485e+03 2.966750000000000000e+03 9.899160135951238226e-01
2.892083333333333485e+03 3.013333333333333485e+03 9.597621681415928752e-01
2.874416666666666515e+03 3.018166666666666515e+03 9.523717488541608711e-01
2.891083333333333485e+03 2.981416666666666515e+03 9.697012046845739919e-01
2.921916666666666515e+03 2.936833333333333485e+03 9.949208330968729586e-01
2.973166666666666515e+03 2.892083333333333485e+03 1.028036306007779732e+00
3.036416666666666515e+03 2.874416666666666515e+03 1.056359261299394170e+00
3.102666666666666515e+03 2.891083333333333485e+03 1.073184792321217440e+00
3.171916666666666515e+03 2.921916666666666515e+03 1.085560277215298131e+00
3.229416666666666515e+03 2.973166666666666515e+03 1.086187566567632823e+00
3.268333333333333485e+03 3.036416666666666515e+03 1.076378406564755696e+00
3.294416666666666515e+03 3.102666666666666515e+03 1.061801675977653625e+00
3.289083333333333485e+03 3.171916666666666515e+03 1.036938759425163559e+00
3.297750000000000000e+03 3.229416666666666515e+03 1.021159652155962272e+00
3.315833333333333485e+03 3.268333333333333485e+03 1.014533401325854234e+00
3.331083333333333485e+03 3.294416666666666515e+03 1.011129942073710763e+00
3.345500000000000000e+03 3.289083333333333485e+03 1.017152702120651675e+00
3.338083333333333485e+03 3.297750000000000000e+03 1.012230561241250326e+00
3.331416666666666515e+03 3.315833333333333485e+03 1.004699673284744854e+00
3.336083333333333485e+03 3.331083333333333485e+03 1.001501013183899058e+00
3.355833333333333485e+03 3.345500000000000000e+03 1.003088726149554244e+00
3.386000000000000000e+03 3.338083333333333485e+03 1.014354544773697464e+00
