8.628166666666666060e+03 7.046583333333333030e+03 1.224446835937037958e+00
8.927916666666666060e+03 7.491750000000000000e+03 1.191699758623374628e+00
9.197666666666666060e+03 7.959750000000000000e+03 1.155522053665839488e+00
9.490916666666666060e+03 8.322500000000000000e+03 1.140392510263342318e+00
9.612833333333333940e+03 8.628166666666666060e+03 1.114122351214047235e+00
9.541166666666666060e+03 8.927916666666666060e+03 1.068689037196061120e+00
9.393250000000000000e+03 9.197666666666666060e+03 1.021264451128909512e+00
9.156583333333333940e+03 9.490916666666666060e+03 9.647733359088954685e-01
8.940333333333333940e+03 9.612833333333333940e+03 9.300414376614595247e-01
8.772666666666666060e+03 9.541166666666666060e+03 9.194542945481859464e-01
8.511833333333333940e+03 9.393250000000000000e+03 9.061648879070964835e-01
8.290833333333333940e+03 9.156583333333333940e+03 9.054505410497001305e-01
7.996583333333333030e+03 8.940333333333333940e+03 8.944390589463478980e-01
7.633083333333333030e+03 8.772666666666666060e+03 8.700984117334144008e-01
7.491833333333333030e+03 8.511833333333333940e+03 8.801668265747684128e-01
7.407500000000000000e+03 8.290833333333333940e+03 8.934566288069152318e-01
7.404333333333333030e+03 7.996583333333333030e+03 9.259371189778967670e-01
7.451166666666666970e+03 7.633083333333333030e+03 9.761673417251657270e-01
7.399250000000000000e+03 7.491833333333333030e+03 9.876420991746568401e-01
7.294666666666666970e+03 7.407500000000000000e+03 9.847676904038700219e-01
7.235750000000000000e+03 7.404333333333333030e+03 9.772318011974969743e-01
7.165000000000000000e+03 7.451166666666666970e+03 9.615943811931016993e-01
7.029666666666666970e+03 7.399250000000000000e+03 9.500512439323806069e-01
6.922750000000000000e+03 7.294666666666666970e+03 9.490152622920855485e-01
6.738833333333333030e+03 7.235750000000000000e+03 9.313247878013105607e-01
6.548000000000000000e+03 7.165000000000000000e+03 9.138869504535938049e-01
6.372833333333333030e+03 7.029666666666666970e+03 9.065626629996680341e-01
6.272916666666666970e+03 6.922750000000000000e+03 9.061307524707186145e-01
6.209666666666666970e+03 6.738833333333333030e+03 9.214750327702619925e-01
6.092750000000000000e+03 6.548000000000000000e+03 9.304749541844837823e-01
6.053166666666666970e+03 6.372833333333333030e+03 9.498391610220467962e-01
5.972083333333333030e+03 6.272916666666666970e+03 9.520425107937561249e-01
5.879583333333333030e+03 6.209666666666666970e+03 9.468436308980621163e-01
5.828166666666666970e+03 6.092750000000000000e+03 9.565740702747801416e-01
5.758583333333333030e+03 6.053166666666666970e+03 9.513340125003441061e-01
5.712250000000000000e+03 5.972083333333333030e+03 9.564920114421265884e-01
5.691916666666666970e+03 5.879583333333333030e+03 9.680816384380980244e-01
5.776083333333333030e+03 5.828166666666666970e+03 9.910635133975805866e-01
5.950250000000000000e+03 5.758583333333333030e+03 1.033283649045627639e+00
6.232833333333333030e+03 5.712250000000000000e+03 1.091134550016776839e+00
6.800500000000000000e+03 5.691916666666666970e+03 1.194764505219390038e+00
7.381416666666666970e+03 5.776083333333333030e+03 1.277927661477644916e+00
7.903166666666666970e+03 5.950250000000000000e+03 1.328207498284385890e+00
8.245916666666666060e+03 6.232833333333333030e+03 1.322980452977511545e+00
8.377833333333333940e+03 6.800500000000000000e+03 1.231943729627723583e+00
8.463083333333333940e+03 7.381416666666666970e+03 1.146539169310317519e+00
8.602083333333333940e+03 7.903166666666666970e+03 1.088435015500116121e+00
8.754666666666666060e+03 8.245916666666666060e+03 1.061697203666461142e+00
8.774250000000000000e+03 8.377833333333333940e+03 1.047317325481926353e+00
8.697166666666666060e+03 8.463083333333333940e+03 1.027659344013706511e+00
8.496750000000000000e+03 8.602083333333333940e+03 9.877549043351900870e-01
8.281583333333333940e+03 8.754666666666666060e+03 9.459621535181238494e-01
8.149250000000000000e+03 8.774250000000000000e+03 9.287688406416503284e-01
8.001833333333333030e+03 8.697166666666666060e+03 9.200505911887013610e-01
7.855750000000000000e+03 8.496750000000000000e+03 9.245593903551357906e-01
7.724250000000000000e+03 8.281583333333333940e+03 9.327020799162800690e-01
7.590583333333333030e+03 8.149250000000000000e+03 9.314456340563037617e-01
7.388583333333333030e+03 8.001833333333333030e+03 9.233613130324300755e-01
7.247583333333333030e+03 7.855750000000000000e+03 9.225832458178191420e-01
7.154916666666666970e+03 7.724250000000000000e+03 9.262927360800941035e-01
7.000583333333333030e+03 7.590583333333333030e+03 9.222721134739315652e-01
6.951166666666666970e+03 7.388583333333333030e+03 9.407983036892504369e-01
6.910583333333333030e+03 7.247583333333333030e+03 9.535017419599636224e-01
6.934166666666666970e+03 7.154916666666666970e+03 9.691470899963894325e-01
7.077666666666666970e+03 7.000583333333333030e+03 1.011010987179639775e+00
7.264250000000000000e+03 6.951166666666666970e+03 1.045040400891936505e+00
7.596166666666666970e+03 6.910583333333333030e+03 1.099207736925247536e+00
8.139083333333333030e+03 6.934166666666666970e+03 1.173765172455233596e+00
8.924250000000000000e+03 7.077666666666666970e+03 1.260902839918993878e+00
1.029108333333333394e+04 7.264250000000000000e+03 1.416675270445446388e+00
1.179275000000000000e+04 7.596166666666666970e+03 1.552460670952453992e+00
1.316366666666666606e+04 8.139083333333333030e+03 1.617340200063479783e+00
1.426458333333333394e+04 8.924250000000000000e+03 1.598406962303088097e+00
1.486566666666666606e+04 1.029108333333333394e+04 1.444519122541358502e+00
1.499458333333333394e+04 1.179275000000000000e+04 1.271508624649325458e+00
1.495075000000000000e+04 1.316366666666666606e+04 1.135758780481628705e+00
1.482475000000000000e+04 1.426458333333333394e+04 1.039269753176573552e+00
1.446833333333333394e+04 1.486566666666666606e+04 9.732717447361930452e-01
1.423533333333333394e+04 1.499458333333333394e+04 9.493650484897323549e-01
1.406200000000000000e+04 1.495075000000000000e+04 9.405548216644650239e-01
1.374741666666666606e+04 1.482475000000000000e+04 9.273287351669785572e-01
1.344208333333333394e+04 1.446833333333333394e+04 9.290692316553392782e-01
1.313358333333333394e+04 1.423533333333333394e+04 9.226045520535756106e-01
1.279041666666666606e+04 1.406200000000000000e+04 9.095730811169582264e-01
1.250558333333333394e+04 1.374741666666666606e+04 9.096678769950719001e-01
1.230733333333333394e+04 1.344208333333333394e+04 9.155822820123369343e-01
1.207391666666666606e+04 1.313358333333333394e+04 9.193162566702409721e-01
1.178991666666666606e+04 1.279041666666666606e+04 9.217773723816659048e-01
1.145983333333333394e+04 1.250558333333333394e+04 9.163773514496857953e-01
1.102558333333333394e+04 1.230733333333333394e+04 8.958547749309354602e-01
1.051316666666666606e+04 1.207391666666666606e+04 8.707337442282606643e-01
1.006533333333333394e+04 1.178991666666666606e+04 8.537238742145478732e-01
9.616416666666666060e+03 1.145983333333333394e+04 8.391410578978750756e-01
9.198916666666666060e+03 1.102558333333333394e+04 8.343247144897850687e-01
8.912166666666666060e+03 1.051316666666666606e+04 8.477147703673171275e-01
8.540416666666666060e+03 1.006533333333333394e+04 8.484981454497283471e-01
8.296333333333333940e+03 9.616416666666666060e+03 8.627260674020990061e-01
8.077083333333333030e+03 9.198916666666666060e+03 8.780472338228233475e-01
7.892916666666666970e+03 8.912166666666666060e+03 8.856338712995344142e-01
7.836750000000000000e+03 8.540416666666666060e+03 9.176074547494755818e-01
7.751000000000000000e+03 8.296333333333333940e+03 9.342681505886133442e-01
7.640666666666666970e+03 8.077083333333333030e+03 9.459685323703895810e-01
7.441750000000000000e+03 7.892916666666666970e+03 9.428390434461277891e-01
7.222000000000000000e+03 7.836750000000000000e+03 9.215554917535968560e-01
